0.08406538418770157,0.07950628266429448,0.08121131250231664,0.07895029467363507,0.07928388746803068,0.07724526483561288,0.0788390970755032,0.07995107305682199,0.07998813892286594,0.07865376774528338,0.07539197153341488,0.07639274991660182,0.07605915712220614,0.07987694132473402,0.08195262982319583,0.07943215093220655,0.07613328885429409,0.0788020312094592,0.07698580377330518,0.08973646169242748
0.05864308532018869,0.04888510440246249,0.05116989993441791,0.053597495187120515,0.053861939114430164,0.05460238211089722,0.05472931519600585,0.051756965453045346,0.04948803655672849,0.04769510672956906,0.04835621654784318,0.04884279337409295,0.049138970572679755,0.04839852757621274,0.048906259916647266,0.047324885231335545,0.048112928134718305,0.04469102371533141,0.04352218155662275,0.051164611055871737
0.061489715002202724,0.051655427157816264,0.05243823918126673,0.05528821715408859,0.05540682503642956,0.055488156155749105,0.054017418414720936,0.05105899894947304,0.05020502219661798,0.04926293673116676,0.04799213799179911,0.04845301433460978,0.04773120065064896,0.04635534921549357,0.046819614354942564,0.04616896540038633,0.046077467891151844,0.0440950218577383,0.04110271442610729,0.04920532718831544
0.06490005204289699,0.05334539135974154,0.05517115856589114,0.05688885855423126,0.05618926551262256,0.054767328436182046,0.052927341859268055,0.051684568854459045,0.05108451140820118,0.049801924165251844,0.04776002252348329,0.04773442765610735,0.0473419730230098,0.046153233627105536,0.04510100019053957,0.044586258968868114,0.04491046062229654,0.04251591858557077,0.039686263803454185,0.04753535646540568
0.0676942835545061,0.054964946921068,0.057447609994362166,0.05800633559436016,0.056570334957261284,0.055566651413373504,0.052360931681258445,0.0515898397898585,0.051344607286691955,0.049653261465883614,0.048834134341904686,0.04715037303150354,0.046346414928339,0.04570425971386171,0.04418988580255495,0.04427584358717005,0.04263253299894071,0.040835004032431364,0.038976798982664346,0.045876175283091854
0.07124262048401318,0.05841068650846768,0.05945616602122349,0.058835340438593654,0.057782937220455396,0.05470650412883631,0.053266373409278686,0.05185624541304519,0.05134619911653521,0.04933832455561351,0.04802282053294069,0.04679963258203436,0.04577723208722021,0.04380397605321097,0.04363088341864878,0.04241231127133077,0.0420453548860589,0.04007209885204964,0.037371853752879096,0.043824747169358434
0.07450198093417819,0.06021654213958033,0.06074364847578416,0.05954587432156488,0.05805669178635481,0.055384734057711694,0.05374127649727127,0.05209996164551457,0.050891473947876464,0.05003439047437426,0.04820665996713083,0.047116021247099314,0.04486617712915607,0.042834889296955864,0.04218993398314545,0.04197780582345365,0.04036863160195331,0.03846590629077843,0.03677102372192783,0.04198637665818866
0.07784077391153567,0.06217261388701828,0.061634279216249234,0.060462846842778036,0.05845669329440656,0.05609366620024436,0.05364998971720293,0.05225878775903576,0.0503675595898172,0.05049659861202403,0.04809324682342219,0.04651251880138878,0.04411319948223091,0.042316734344945484,0.041304584514510835,0.040641243290978964,0.03986297668829415,0.03802215438712514,0.03484255223056047,0.04085698040623099
0.08112693553056112,0.06512699687707882,0.0624680087495471,0.0609899410881722,0.059561717472446804,0.05633910821334018,0.054011774697245336,0.05201609579258742,0.050192953969023825,0.04959099126387247,0.04711987684686569,0.04582393165997928,0.04352727140274563,0.04224282868793217,0.04093154687161516,0.039773631349604224,0.03864447200777567,0.03650501220220579,0.03439239149813949,0.03961451381926165
0.08446754667943367,0.06593256275220574,0.06455542472230799,0.06208212179076006,0.05913375245158297,0.056980241304158935,0.05454760553591002,0.05212236379735184,0.050181431003536184,0.04857692656064861,0.04759167210435934,0.04533649304868783,0.042970403547655446,0.041297504330128625,0.04062279912084988,0.03900720363342619,0.03737682008662106,0.035068034315691776,0.032910826153422425,0.03923826706126138
0.086739911702641,0.06787769447385289,0.06558023464338959,0.06273361709482966,0.05978437007108443,0.05754092575387652,0.05475912682122305,0.05209976305194852,0.05042888317524792,0.04886243329084112,0.04626788813747307,0.04481126979668562,0.042717268399484316,0.04069888872084061,0.040023694805148044,0.03846444698917528,0.036717945393917144,0.03416121109982787,0.03162608301104076,0.038104343567472575
0.0893609054428305,0.07038270785056235,0.06624618493189396,0.06370987113547731,0.06093158311196519,0.05827516531961791,0.05448305827163285,0.052559628101509076,0.05033063923585599,0.048264144011756056,0.04589738879782964,0.043919205335443384,0.04237374950545414,0.040713488385237105,0.03857634375176625,0.03783275871813711,0.03554195161928447,0.03311691064262701,0.03092677895212795,0.0365575368789917
0.09250073765239723,0.07224104909011231,0.06727564455106214,0.064141713064566,0.06196803913660622,0.05875379519975977,0.0559655564343367,0.05277226357149468,0.05066493471121563,0.04851570370292775,0.045259557618072405,0.04295668540041867,0.04150582352561183,0.039855926447762854,0.03824443967225538,0.03651946791255719,0.033989625726522144,0.03200101961893488,0.03030049077890855,0.0345675261844777
0.09458855059775134,0.07399578992448455,0.06999466401421549,0.06629228423362984,0.0621840932364222,0.058495528305764086,0.05603993873114059,0.05388827585492334,0.05067286953428414,0.0471863467838166,0.04516419812567023,0.0426343537326861,0.04115271107795548,0.03918064125079652,0.037357081060358795,0.03505863540366128,0.03275500917824094,0.030853740456960703,0.029076805385028503,0.03342848311220939
0.09717284752061714,0.07586358499833415,0.07163882792186603,0.0678760463143288,0.06244912259008522,0.05920155526016606,0.0565293105402537,0.053371047018454965,0.05060434634764599,0.047239997114800036,0.044062842402821996,0.042596199092535904,0.04030864769991173,0.038857460817954194,0.03636382371428277,0.033961207799657216,0.03198621973545463,0.02967634239080034,0.02788683146654026,0.03235373925348886
0.10066602519513324,0.07761235863841685,0.07291582993370513,0.06822271937215546,0.06415854715243038,0.05987903191349365,0.056730922061208694,0.05309230866516381,0.050256958912210145,0.047038777125102314,0.044314517024916546,0.04191839866829142,0.039505189595855854,0.03748506698706059,0.03517611128106879,0.033026099232114144,0.03090172325687517,0.02867993020151663,0.027252855431344033,0.03116662935193714
0.10321669516687508,0.0799060769250402,0.0745582467692674,0.06983827195154113,0.06504853542958747,0.06036769522642777,0.05612073879346283,0.053337076644291895,0.04988472303752672,0.04675905838714343,0.04421020392537197,0.04158137872948623,0.03886917978952384,0.03636796746722476,0.03425980279557269,0.031753485958330135,0.03031060973431,0.02773453119284006,0.02568932220549076,0.030186399870685623
0.1057886569758953,0.08178583191571,0.07711701249885401,0.0712343000336155,0.06563850774344922,0.06149259610128111,0.05643499135843969,0.05304797509057509,0.04896997354901581,0.046360527933122134,0.043297782395664605,0.040999025490056254,0.03820452485000355,0.036190990366952225,0.0334270492721735,0.030753089060701455,0.028849908491139435,0.026355910046280736,0.024938286696071746,0.029113060130998583
0.10846937323385306,0.08390934287476198,0.07833390934287476,0.07231460963494549,0.06712713547066756,0.061800741358162735,0.05715708796682187,0.053211422608035686,0.04910311926108142,0.045789370252156666,0.04323629266705971,0.04014786503757614,0.037174639316378336,0.034990885496079746,0.03224806359145338,0.029952496154289236,0.027873779368015883,0.025371526154221474,0.023758699438221287,0.028029640773343637
0.11103542234332421,0.08613532024800373,0.07972393695782991,0.07307928952474965,0.06800325893672118,0.06227645519638138,0.057634836816519174,0.052999979716161494,0.04846316116861954,0.04530564364000243,0.04225123562382946,0.04012988417928208,0.03676614762577672,0.03423911941095733,0.03136726594140675,0.02905997931048472,0.026735789480801343,0.024413289970994113,0.023304440132250626,0.027075543775904157
0.11477759175615089,0.08817087912921649,0.081802869903443,0.07481778591552145,0.06849361260181314,0.06294668372895247,0.05739132487300231,0.052527224630387385,0.04905407159753237,0.044658678414691094,0.04180428614060199,0.03877792221148804,0.03599265579873247,0.033278201243928295,0.030514852787205306,0.028186491457898134,0.025662554520915634,0.0235651747282595,0.021970221927734814,0.025606916632525237
0.11767665295340013,0.09055130696684421,0.08332786485281375,0.07595803572179739,0.06970209400738665,0.0632728435257397,0.05775388472443067,0.052017869311728596,0.04794931980515383,0.04442761835053802,0.04136190404078645,0.03850651590486527,0.035370132000706676,0.032073900204437046,0.029878094949647913,0.027374372176371106,0.025067514701799548,0.022393848380067808,0.020731430302112518,0.024604797119372725
0.12019076404800373,0.09215779555567509,0.08503692397175187,0.07709402542736156,0.07090444819128852,0.06413155121026243,0.05758055107746048,0.0525441650374619,0.047684287854005324,0.04379436886316532,0.04103074448073615,0.037534188084475444,0.03476215851840147,0.0317060337451313,0.028812969534571346,0.02662425971345048,0.02378330764148866,0.021360933715040737,0.02005308713990092,0.023213436190367327
0.12260080320206306,0.09393804061677324,0.08669176113469083,0.0795327862246817,0.07173413743082793,0.06419572341911566,0.0575891178208779,0.05172963788749796,0.047305646591092244,0.04386886853274594,0.04015506635147479,0.037146416483103226,0.03377511685381185,0.03096793907484017,0.027866947832160305,0.025511403320260043,0.023142427335733084,0.02044102240369634,0.01925233707623704,0.022554800408316766
0.12510001459332434,0.09477106093467726,0.08872573440485235,0.08102985257387661,0.07278043085531978,0.06494532535564937,0.05718067038712568,0.051799591722398064,0.04726895161222684,0.042800375065208694,0.039484167920518384,0.03669969454662566,0.03311678181973723,0.030171278660366372,0.02727106512816126,0.02436414202156122,0.02187488992104508,0.020207560683906913,0.01850836096839287,0.02190005082502604
0.12827298400274867,0.09739133349534494,0.0899633797859771,0.08230414051435897,0.07259685082919225,0.06491917575188759,0.05794206129067398,0.05211299472903553,0.04668113598082675,0.04253978363068053,0.03870010810086063,0.03586099402512298,0.03234813505065657,0.0291051092321487,0.026782197715636082,0.02339503741630563,0.021506205324595885,0.01927212087184601,0.0176061944307107,0.020700057821390568
0.13148786609757693,0.0996699658914521,0.09208135817993973,0.08220880057467124,0.07432548965106137,0.06482800886118975,0.05826751349188143,0.05163334231954872,0.046499478408803585,0.04189808961991657,0.03788443280515598,0.03496754078541756,0.03142272998990306,0.028512535770439603,0.025709506355375236,0.022678751730962766,0.02066103939813567,0.018502673259534738,0.017154740954202108,0.01960613585483188
0.13449426084921035,0.10200055176103735,0.09335127950040552,0.08394626181897219,0.07422690754658619,0.06537532290560706,0.05813387729168934,0.05094927978464599,0.04606034259344407,0.042172935285118326,0.037765534999205805,0.03430616049558172,0.030559201451298736,0.027698404072999665,0.024429637927719308,0.02211725758044426,0.01962262889054231,0.017741625354255663,0.016343830726401765,0.01870469916483443
0.13729996637879557,0.10360349058355371,0.09566821725654318,0.08509510117306222,0.07498364938938204,0.06597115936283636,0.05848918685193455,0.0511711386213968,0.045423752628224776,0.04124368347894159,0.03695823443513869,0.03385036389517544,0.029840909813209953,0.02645871700814771,0.02353818850288624,0.021067615420256695,0.01898678067767636,0.016892564361188758,0.015594551692183652,0.017862728469465756
0.13989715188552093,0.10522641449560502,0.09719798178529492,0.08600794659513956,0.07625257412563237,0.06703666156156106,0.05825331901454204,0.05124368055288793,0.04565701373034019,0.04037097471887125,0.036484525183424724,0.032756740326047556,0.029127494584524027,0.025023924963298354,0.022754184989653394,0.020355843119046948,0.018390071265492774,0.016544550536370113,0.014934521592592532,0.016484424974154362
0.14253662399366498,0.10764087854148884,0.09791123369691423,0.08787252561465998,0.07703693556282089,0.0679471351508479,0.05825925560866246,0.05063124078030953,0.044996266181966414,0.039807345013139345,0.03559072008393153,0.031838525317291,0.02828513339002276,0.02437423047430348,0.022050409049371607,0.019457619077053644,0.017705146988805237,0.01581234348452931,0.014347216676718191,0.01589921531349872
0.14459674795391406,0.10992216113396128,0.09945187422307132,0.08895322159465387,0.07826602037325947,0.06788583632980986,0.05856018954973594,0.05113337727238597,0.04439234793055405,0.03922311305407005,0.03453442680393449,0.031200620708642372,0.027446334565295376,0.024230997054971087,0.02083712238138542,0.018547842119753386,0.016864253355914672,0.01510224172597048,0.01359719012539316,0.015254081743323633
0.14651536570426213,0.11135775311728607,0.10189615778115658,0.09055025460687394,0.07830141915585011,0.06841589628128761,0.058987681066294574,0.05035558174040614,0.04409347101520631,0.038974629438930236,0.0340760966621548,0.030577859967053807,0.02682426534525893,0.02311907189911192,0.020512084438354426,0.018160454904290847,0.01617767570878515,0.014291698864575177,0.012489172323206356,0.014323409979654807
0.14890614679449973,0.11306485725532582,0.10318048077500452,0.09115943769473522,0.07944363270017277,0.06868690912244885,0.05886591541402293,0.05074458077300294,0.04383419066872161,0.0384383152192043,0.033394380950474714,0.029346223387575636,0.02627049098296672,0.022894524395695313,0.019728721736287636,0.017351867790209693,0.015573814241775253,0.01326367900295564,0.011994355597365948,0.013857475497554759
0.15145657278364466,0.11511099482896249,0.10367072006239243,0.09260873260419981,0.0805901948596254,0.06864998091898818,0.05929778543610528,0.050800485940877195,0.04384133263786239,0.03733879044716226,0.03261769818005474,0.028619851251431065,0.02560855095963324,0.022025653545485295,0.019202663675919426,0.01652465616683304,0.014583225707538922,0.012901763618759715,0.011551927848778398,0.012998418525746035
0.15384294896899736,0.1162075637408403,0.10520842534001502,0.09335602044506514,0.08105698386959685,0.06986619381481786,0.060320274911798595,0.04989275840059196,0.04355158845890405,0.03721375158945884,0.03181584109244777,0.028126130119807278,0.02466306805966866,0.02137499229227044,0.018515216308055867,0.01584709197779507,0.014000569955353495,0.012265705853041512,0.010597503195583016,0.012277371605890874
0.1563824752712826,0.11756972031887379,0.10666508918335242,0.09415075852507536,0.08174974004852431,0.06975531234169624,0.06008545071586638,0.05056056202842136,0.042951982296637964,0.03685145439517956,0.031304156557442606,0.02762984242941318,0.023725571226704344,0.020664475964486635,0.01783667048817554,0.015295478177406889,0.013370837443677182,0.011544511691150987,0.010288079558482415,0.01161783133815021
0.15904071526318153,0.11897384268943756,0.10771451478213906,0.09516007247306846,0.0827356416483456,0.07034954754336639,0.05948025408911128,0.050887828424844204,0.04245375008125715,0.03629987315546206,0.03125109384662313,0.026377329997483122,0.023267055256547667,0.019751744737451813,0.016978166404699076,0.01455461899134424,0.012727790954867679,0.011172653584399957,0.010002550225269897,0.01082095585110018
0.16109177059764682,0.12094452741163997,0.10864762361418422,0.0960127464250573,0.08313978945756104,0.07086619416987575,0.05960984884431413,0.050035046009333395,0.0424681048017195,0.03593173270466953,0.030798865874510313,0.02590740860983053,0.022629233199975354,0.019231185454157987,0.01643749406881671,0.013995095223586872,0.012251951671469889,0.010505478332242829,0.00920852625287402,0.010287377276533822
0.1644281447792054,0.12229354713048576,0.11076022067808236,0.09659493852111063,0.08347344904393918,0.07096957852084422,0.05930307277915212,0.04959097310777199,0.041863244846793865,0.03578028080853145,0.030003629135633127,0.02535400719834059,0.0218730335245566,0.018516915434480783,0.015811711120803602,0.013424472360303245,0.01161489876709273,0.00983861999620439,0.0088447695498873,0.00966049269678072
0.16551382413387156,0.12426921976947579,0.11175367302281962,0.09775993827858441,0.08451776818553672,0.07115587982946799,0.059985500788145206,0.049520129295724066,0.041191396247497555,0.035015929179996394,0.029690129229213925,0.02513252146614967,0.020970649072516008,0.017505470459518595,0.014956469109362627,0.012676833851003967,0.011388199769874898,0.009502637127293767,0.008347023338410274,0.009146807845536838
0.16849857659766934,0.12639180812004472,0.11340991326557757,0.09833947480444846,0.08443137072314158,0.07102877401160008,0.05934057893896664,0.04906082051827809,0.04063680625764912,0.03477192305645719,0.02913152503591762,0.024252713776406115,0.02087213324110041,0.0173485473314532,0.01443522854254244,0.012207005267918904,0.01034294684190922,0.009193915287607091,0.00770566168254137,0.00860027669877082
0.1702297081187473,0.12861028084302784,0.11458309090244138,0.09989593480797813,0.08470175181947849,0.0712464217200347,0.05922074122344759,0.04858148836497958,0.040149880474643664,0.03376134160978546,0.028662812154016483,0.024031412394064627,0.020404092122630682,0.0166437811904659,0.013894199279855574,0.01153029028536471,0.00986291987645168,0.008533013269143176,0.007118325115618753,0.008338514427824305
0.17276184489928945,0.12972727590180538,0.1156595613068009,0.10129419648573189,0.08561185412810933,0.07099373604244923,0.058951373265023435,0.048468764186192684,0.039723833801425724,0.033198808733955566,0.02771472803249875,0.023249974641531022,0.01977461725340344,0.016247711502102673,0.013545579561572856,0.01127911443237769,0.009321939482221632,0.007856968257848238,0.006907480665206681,0.007710637420453393
0.17532194301737483,0.13154634100097964,0.11649489165451188,0.10132702225785047,0.08656828618044111,0.07224862000661932,0.058466149207262626,0.04726654037863126,0.03930174580180984,0.032820475293170635,0.026858105579680373,0.02298963362610204,0.01929412860424002,0.015613591874545751,0.012939257007239663,0.010868643257366478,0.008821313517532028,0.007407641479465998,0.006529501672290863,0.007316168582885255
0.17655149958635535,0.13261878577859884,0.11849838695208696,0.1017781735181057,0.08672084469887008,0.07223497672626025,0.058627895927676976,0.047115617825591476,0.038816145762385255,0.03242541937584515,0.026747357824196037,0.022665731951638474,0.018519318366818062,0.015409508178202752,0.012369469372024332,0.010351082951528826,0.008719761581218875,0.006998734147775789,0.0059720980919188114,0.006859191382902026
0.178224813530484,0.13383601316626817,0.11968941963076624,0.10202860888507098,0.08708280093911845,0.07141088759323475,0.05852542448919233,0.04717525060605709,0.03844869325951538,0.0322277810916837,0.026759559418517515,0.022007473734757192,0.018303837724581735,0.014910915009113705,0.01182538245151128,0.010120613251672789,0.008540461683401432,0.006742644651992805,0.005680902431040758,0.00645851645201972
0.18124699689589185,0.13458894259145646,0.1207193816390423,0.10318541019284709,0.08688676406284032,0.07164886833892804,0.058130119824893065,0.047013854597388674,0.03854447753054643,0.03154984279945001,0.02646056851566436,0.02148601488708329,0.01758218737374493,0.014251963136429466,0.011453776720352613,0.009285722598805245,0.007757776480935589,0.006444308109752755,0.005466688613226792,0.00629633509072076
0.18314472801652287,0.1361428220402579,0.12156741643921132,0.10393215521420655,0.08748729902576058,0.0717613345818474,0.05824683388785953,0.04713306636383561,0.037990025169512345,0.030978755337729705,0.025229281639538043,0.020884386269001652,0.017069113222959377,0.013723693210872698,0.011067280298049528,0.008972034613060254,0.007265289316571368,0.006141294602833065,0.005302864277223254,0.005960326473146985
0.18521691061121429,0.13682143325514495,0.12181954909684906,0.10441225051503096,0.0883993950772837,0.07250772338896165,0.0584686690206195,0.04723510145403897,0.03771138679030729,0.030581466190563934,0.024905750583923067,0.020028519682398976,0.01639466725100475,0.012903579236741585,0.010577847278594798,0.008648867595963419,0.007134900753829326,0.0056923161202607625,0.004953593264175594,0.005586072833093455
0.1867657970350525,0.13823972219594013,0.12247381062647006,0.10529862774488372,0.08963729107843282,0.07217660211241303,0.05855862585257593,0.04710020433604065,0.037391337546208006,0.029715871648415854,0.02445724795373474,0.019464211314340535,0.015661336666450875,0.012484251517581028,0.010472429573782574,0.008322834345054021,0.006667895006797372,0.005504291720821528,0.004584696541890548,0.005022915183113977
0.18834167051161618,0.13953681359352854,0.12420791274011572,0.10610566917058632,0.0883851544010011,0.07234424635117058,0.05798958378283283,0.04642652052539158,0.03780110933708645,0.029326729978324445,0.02389622287650908,0.019041628355479134,0.015365414042972704,0.01232652085732969,0.00999797517766986,0.008046179226650647,0.0064628345520993434,0.0052695171296649745,0.0043749439854478345,0.00475335340452299
0.19015061730854135,0.14120248184923664,0.12430160642970248,0.10705381655694872,0.08862751346990802,0.07176647511677238,0.0580309865981469,0.04608484631191761,0.03686920495174736,0.029660355811398052,0.02333124188734742,0.018303472132312173,0.015245977286232646,0.012090549651923634,0.009775020167514862,0.007741669903428312,0.0061432076141912885,0.004850162834008904,0.004212769771634017,0.00455802434708708
0.19046323875735524,0.1422387772566554,0.12576537550665698,0.10736651121445115,0.08892121027178707,0.07276623126778689,0.05815029553611115,0.04575834367101621,0.036719781349714424,0.028702825338490008,0.02301765256098127,0.018360719900758257,0.014518087075353413,0.011639014746953424,0.009290646995217028,0.007307138639936847,0.005854334861320259,0.004761415123753675,0.003995210391195613,0.004403189534505749
0.19315999249664256,0.1428841777100484,0.12607134497681763,0.10737603274916706,0.08951571803976448,0.07285062840618396,0.0577957725553082,0.045463373821582755,0.03607753690672431,0.028535998685252407,0.022661135430621336,0.017968216973192102,0.01420491801918004,0.011258356200313081,0.009037229601077031,0.00714312986286452,0.00550467548809174,0.004540195253296414,0.003859580974008835,0.004091985849863129
0.19457117242753258,0.14350698940797554,0.12738984626622837,0.10845535743932001,0.08919879138028357,0.0718331839160607,0.057650164358999896,0.046145034365972705,0.035958096755985,0.027929408639638744,0.022195105754225196,0.017672742969087225,0.013904107314805595,0.010983829730716875,0.00857489125742936,0.006670651127270312,0.0053109539462761896,0.00442939203771956,0.00366902413919049,0.003951256765282067
0.19510492872406202,0.14510318806271022,0.1281872752681862,0.10841336231120043,0.08964405962013795,0.07223247278351645,0.058151351333429475,0.0458042601443257,0.03576810412138874,0.027873790447582054,0.021875968760930946,0.01678163320452439,0.013333465955150616,0.010647874155157583,0.0081446373539295,0.0063923715930698476,0.005092677783690501,0.004134485153816441,0.003439878385793551,0.003874214837397363
0.19661127068233686,0.14524001703811862,0.12874221227042879,0.10971355077375931,0.08958271525955784,0.07205234746491689,0.05843179697457377,0.04538470845425482,0.03577341954046802,0.027496341279483156,0.021393777771884784,0.01698342429721904,0.012796820435134993,0.010012380811896187,0.007718532931799462,0.006019693280716264,0.0050103339172921976,0.004165057603094705,0.00327834617545616,0.003593253037608166
0.19784342781473657,0.14604819265112684,0.1296249894212468,0.10939841326998805,0.08993018852582793,0.07326305169235163,0.05766789518488342,0.045496106189109965,0.03525089483806625,0.027360389497247874,0.021184057030680884,0.016361804975913635,0.012498693212837876,0.00972249648619452,0.007540369351982913,0.005724972329300409,0.00482059264249788,0.003725380544718671,0.003088166233283496,0.0034499181080045065
0.19910234701958673,0.146982805753727,0.12955992140151829,0.11088118441152203,0.0908206781604244,0.07305815028480353,0.05698886963321813,0.045248801306882004,0.03488387505094655,0.02666284498669591,0.020792810823527852,0.015993067958527046,0.012515449638321064,0.009369190853151394,0.007265057805670885,0.00563476889329229,0.0044816377113659645,0.0036018781458445875,0.0029391590757719857,0.003217501085202476
0.20022010222820358,0.14773533370017045,0.12922553185847158,0.11013066912403287,0.09140540576376134,0.07349723877776969,0.057712196447868264,0.04497676330392008,0.03489316423471383,0.026654247243749964,0.020644528271866032,0.015483396203899519,0.012152029647504954,0.009181975483793977,0.00703233248695629,0.0055804533310350795,0.004183268252905418,0.0034026345971532577,0.002797684948852752,0.003091044093371079
0.20150397111315388,0.14801030253339625,0.13041649067885744,0.11001184294433818,0.09154678791191498,0.07335171888328487,0.057727314136169015,0.045440466429807785,0.03477519110205636,0.02672861437551243,0.019851424880121246,0.01539085857205562,0.011672339685458026,0.008924445327834233,0.006915285679975487,0.00515457940984041,0.0038179002376870644,0.003108979933248858,0.002711454528890988,0.0029400316363967635
0.20242693590642233,0.14905953333764171,0.1313637470856387,0.11075815648317995,0.09104406630244403,0.07346427452910385,0.057490177753253185,0.04430160552929109,0.034398991179448425,0.026072244675439157,0.020492910251757725,0.014878777484477437,0.011816523247779109,0.008540507757545019,0.006500661997060363,0.0050043332223100425,0.0038742155873380405,0.0030340841490230754,0.0025833627462189925,0.002894890774627698
0.2021825051579706,0.15076023101079652,0.13252628700688554,0.11115033102156821,0.09123269283352803,0.07361356235551467,0.05745606403340873,0.04434280411311906,0.03385120186929827,0.02573268040468318,0.019915981008725058,0.014907985118529747,0.01093406912094923,0.00843835707242702,0.0060321327069195515,0.004969880765948278,0.003816483962647178,0.002956407898116616,0.0024708543587958934,0.002709488180168535
0.20397025209527278,0.15122072415278104,0.1331897836817173,0.11197369728691155,0.09198496041342297,0.07266869844635103,0.05715705436114883,0.04441812700831485,0.03275913472686917,0.025669990393215634,0.01902640209361646,0.014174975983039056,0.011039520323317984,0.008280054328021993,0.006300725477854703,0.004768609003875841,0.003599231457249808,0.0028654718918739853,0.002385132673004936,0.002547454202139994
0.20692500534362407,0.1519942073458675,0.13303718333849748,0.11191454178216906,0.0912144193344744,0.07253244698213654,0.057351583949576096,0.04373155621243931,0.03322325744006443,0.02508935036444344,0.01879133023927837,0.014022663593599584,0.010644167662210059,0.00791519130173995,0.0060975306657741314,0.004409111168919827,0.003426547124136115,0.0027240055474273563,0.0023661070083493088,0.002589793595273088
0.20702814938545952,0.1523765491938972,0.1338003078916712,0.11250142926031424,0.09177094052785688,0.07242911283119481,0.05738086597432465,0.043550597472239175,0.03303621289930216,0.024840129983975695,0.01879166604524913,0.013682785408785023,0.010549183954502295,0.007773518996319552,0.0054933309470900265,0.004296895066607674,0.0032943414548461457,0.0028369781542739443,0.0022304746469934164,0.0023365299050971153
0.20807075787395057,0.15287358606842533,0.13388697824516763,0.11304826087244628,0.09221120012722898,0.07337700203433856,0.05714867900522833,0.043292646561835305,0.032512971393356266,0.02470197271203175,0.018121848266173655,0.013637357612866031,0.009875156551299124,0.007448197257950157,0.005673949201174217,0.003982532519597903,0.0031790681801615534,0.0026307244763400447,0.00208403740002253,0.0022430736404058073
0.20837308844186478,0.15369821897113775,0.13441367840767537,0.1133385014974424,0.09240081100421403,0.07302847790941133,0.05749748217645969,0.043160796162306864,0.03249483183589092,0.024202578781373406,0.017800349844955078,0.013183787866740881,0.00964392674458668,0.007311627044075164,0.005463014497362909,0.004093119715883492,0.0031439664996952108,0.002545983408868039,0.0019827860380058834,0.002222973152050039
0.20774341192328455,0.15413301009779865,0.13456831828102286,0.11476020626136371,0.09287888271782796,0.0743160223482929,0.057054714900297065,0.04344139865605553,0.0320536385524612,0.023969438345140048,0.017481544774414052,0.012884711555339184,0.009370849851132816,0.007052562204625316,0.005201243926914325,0.003924529801587697,0.0028167194905066124,0.00238949219565023,0.0018645656356910316,0.0020947384805942754
0.2092319716255218,0.1535559996887021,0.13465623928878348,0.11460401408788869,0.09310789620531096,0.07380079910849562,0.05738645489574002,0.04339129326089583,0.0325024878999475,0.024281241151603766,0.017563497333269305,0.012488347024372308,0.009309133780299806,0.006651510209082947,0.005013884220339348,0.0037339197215539043,0.0027453831034751123,0.0021641831822931065,0.001814800893491389,0.0019969433189330438
0.21044655485956756,0.1539307493813951,0.13618581664121582,0.11436819493257454,0.09296297645823466,0.0736479301995104,0.056585367469500374,0.043082059962436525,0.03207470295373464,0.024313572207003246,0.01748324715375519,0.0128606872062248,0.009009934114856788,0.006568639466823898,0.0046606534189718735,0.0035609114608349418,0.0027013239965682748,0.0020537349820629433,0.0016678315539817618,0.0018351115807465658
0.21064521734812944,0.15612819939922049,0.13522007894540855,0.11448242761268748,0.09342535355792227,0.07406469551401407,0.05665532964259413,0.043016144915303325,0.031871105483975065,0.02364886671135274,0.017068427629237933,0.012588234320564698,0.009000107577600688,0.006383489320854331,0.004519914268927452,0.0034755840222437375,0.002497455375983714,0.002020803852933144,0.0015987686502321194,0.001689795850814693
0.21088807090923248,0.15684345955719817,0.1348159628564379,0.11410153876213516,0.09356097674056633,0.07392946498500644,0.05698205246660607,0.043139319818454876,0.031912797407633704,0.02366180018445938,0.017151079517888752,0.01241540782246861,0.009039171952901595,0.00624413215504523,0.004598237866497108,0.003382859186623549,0.0024688414328221794,0.001890957019639791,0.0014637530694934983,0.0015101162888892202
0.21127243399185522,0.15667401424580218,0.13700944144597707,0.1139978834997441,0.09335289743585497,0.07427955358074415,0.056739761554219996,0.04271753333322292,0.03174584773453324,0.023240100227383015,0.016893911666752227,0.012379373562295163,0.008668045648836503,0.006243510144461906,0.004681804556603132,0.0033039264557563684,0.002345042537018053,0.0017952161794686221,0.0013414438241416832,0.001318258375329357
0.21189762775837243,0.15620871753273627,0.13668945651993977,0.11536245799327896,0.09295611435760757,0.07410565000744948,0.05728640720446304,0.04276325591404969,0.03211548330491499,0.022648037479100103,0.01662886751535418,0.01213766616451736,0.008705944675285975,0.0062244441869319786,0.004380287052825003,0.0032430016388829115,0.0023308556955319746,0.0017282765242438794,0.0012465442746701543,0.0013409041998443886
0.21297577740107002,0.15728300312549665,0.13713613127085872,0.11535863749536471,0.09251503151983897,0.07393421889071357,0.05662148381628435,0.04292425968109339,0.03174663611802723,0.022630052444774076,0.016526394554219427,0.011876225035757798,0.008611670286592151,0.005984465222228109,0.004372053292366372,0.0031552948031996625,0.002224929808761986,0.0016339328283095842,0.0012697330084229497,0.0012200693966202265
0.21266917374161895,0.15797718462437763,0.13749335558900525,0.11552250323319935,0.09282801035286169,0.07395539923595484,0.05666916711790702,0.04280904997756217,0.03116125261015647,0.02279384855876309,0.016779518158078197,0.011904466203338017,0.008327661780023216,0.005774220844490148,0.004242487468765059,0.0030286922640012847,0.002136147086146341,0.001531733375725089,0.0012137952047637736,0.0011823325732623934
0.2139146070094572,0.15790815650745713,0.13761457257145884,0.11556431958462478,0.09258523404593497,0.07371221754218653,0.057393904474290706,0.04286537391718986,0.031058769768735593,0.02255026623221807,0.016255397493973346,0.011758589631513418,0.008276709316803094,0.0058710164507669105,0.004081233939971919,0.002794776020556837,0.0020563458634665827,0.0014702376221886672,0.0010530080267026943,0.0012152639805027945
0.21354127838494685,0.15830794488594668,0.1386333477463508,0.1151815460363374,0.09388175693025921,0.07333906540693579,0.056961238923099095,0.042452134700416325,0.03126299449489001,0.02289350436780695,0.016071342779658097,0.011533727289143352,0.00817565989254847,0.00550013998850272,0.004080374937253674,0.002758353337607538,0.0019416156826883096,0.0012739782081802984,0.0010917446543443658,0.001118251353084138
0.21425201347559406,0.159012010495733,0.13805034309789666,0.11593977369610385,0.09291041378682405,0.07439885440895287,0.056628949350638606,0.04225443047404622,0.03139780318017399,0.02272475188517603,0.016064762314689885,0.011162890796367876,0.008118466033722096,0.0055259868720563534,0.003767868819892229,0.002567646985787718,0.001832614579798197,0.0013326601054539733,0.0010528842572282322,0.0010048753838640524
0.2160398482538276,0.15939136158122946,0.13781350567394413,0.11524671982854134,0.09338276880537923,0.07386711295299771,0.05640373478155893,0.04244460834736248,0.031683793786609425,0.022436141254915706,0.015652544923548107,0.01116597816416237,0.007813869494322747,0.0054573056785746175,0.003646472430683949,0.002563279939936563,0.0017347617141893258,0.001273371325000744,0.0009790075641564163,0.0010038134990590281
0.21539414147802435,0.15963669415521953,0.13896150554048037,0.11665389091884397,0.09399363254521043,0.07392605077076664,0.055777314576438426,0.04246294343296211,0.03104589501149817,0.022103975271891643,0.015479901789542873,0.010857454110783118,0.007516444291393009,0.005269789026322456,0.0036340518104862663,0.0024751286818573883,0.0017830860136190025,0.0012450145610413096,0.0008576031151853697,0.0009254828984336331
0.2152321003956454,0.15979375472631627,0.13877540214022496,0.11683205671083138,0.09430624709388426,0.0745537612790384,0.055938073466605114,0.042122751018071274,0.030988087614527846,0.022098889843115258,0.015352564579889438,0.010783861108766914,0.007467786586445461,0.005066776540592954,0.0036089613439037353,0.0026442550332683016,0.0016447994387163284,0.0011417621858292415,0.0008571490032747061,0.0007909598910527208
0.2154690376133087,0.1594881692474857,0.14003734373268634,0.11648995374206364,0.09473863521722377,0.07424423595020613,0.05654648203184305,0.04225894852088719,0.030589445516684764,0.021855510515948823,0.01528645355269882,0.01054985256006338,0.007323208517943349,0.005219522602219786,0.0034631433235260568,0.0023087622156840364,0.0015959566892085211,0.001035304546574647,0.0007657284425943476,0.0007343054611487917
0.2156979573191924,0.15908481544373937,0.1394706441180657,0.11666219799207551,0.0949626451905476,0.07411379562599511,0.05716262334369405,0.04202209180312674,0.030663383018374527,0.022032220798866606,0.015056123242735094,0.010761230441273343,0.007426275144569899,0.0051191150038232,0.0034077781418920036,0.0023501918219944844,0.0015325898782865448,0.0009086305001936423,0.0007911209090939183,0.0007745702624601544
0.21686962424563525,0.15967946223830062,0.1395796253218209,0.11696813662590962,0.09347914269394107,0.07468728528026354,0.05676796609187315,0.0421384637035688,0.03045771004246794,0.021593251488033635,0.015298393172015866,0.010702252539384255,0.007304817172611905,0.004953765408081326,0.00332458587547704,0.0022434331978443177,0.0015861321059297828,0.0009404207058122299,0.0007814763611679094,0.000644055729860841
0.21739843078690788,0.16057198959597485,0.13973082647761492,0.11803866575496239,0.09402364581281032,0.07380665798008933,0.05583968132292044,0.041809810313627384,0.030539886787517154,0.02125010554688185,0.015091134558615363,0.010215282526237712,0.007389109548557361,0.004981812823573628,0.003245049230376972,0.002168884944792772,0.0015165638239925032,0.001011594428449148,0.000725169164747507,0.0006456985713505197
0.21777851294351175,0.16025804317260772,0.1387742949301133,0.11665867173931024,0.09538003473658098,0.07413282606897695,0.05690844429741131,0.0416971300967662,0.030296915060789013,0.021634273426515586,0.014867256637168143,0.010177818211893145,0.007412124720866759,0.004922669754362749,0.003180878339260607,0.002120585559507071,0.001475477627987759,0.0009676618972789676,0.0006798445124472746,0.0006765362666446116
0.21902440073236937,0.16041170136930566,0.14065360817580827,0.1162330283999848,0.093778995820467,0.07339074746986916,0.056713964139044316,0.04198222664745877,0.030186251370711525,0.021064714122918302,0.015092298710083971,0.010429812127757756,0.00716987560637962,0.0047336064556997605,0.003289707631162414,0.0021319422506628207,0.001389318456599511,0.0009427518098353824,0.0006896973766690428,0.0006913513272126137
0.2196076615630369,0.16098509590182777,0.14030820213218062,0.11752790074297251,0.093555337644878,0.07328358134912435,0.05625953933388785,0.04202185096563276,0.02996694408937498,0.021141561647867728,0.014654401198545478,0.009984571703545199,0.007103961583045741,0.004772354080230448,0.0031336143388900556,0.002159630779203383,0.0013361268526771318,0.0009177604000443166,0.0006614489369688772,0.0006184547560659
0.22043017866771644,0.16140135563840383,0.1406731217725849,0.1163804653101461,0.09420496008839108,0.07375791037172545,0.055737314459812184,0.04150278041502779,0.02993453371397949,0.02108219508887073,0.014593457341056531,0.010061430466467958,0.006895627751883106,0.004704045412894114,0.0031873050318730507,0.0019616729464459978,0.0012835229396644977,0.000894827204070223,0.0006979982996629097,0.0006152970793237023
0.22019264187478277,0.16118034523277552,0.14122105820631214,0.11753305860351193,0.09422074375651653,0.07398341691077902,0.05568409380533903,0.04114161825794813,0.0300680204557867,0.020867881435877075,0.014511030567830128,0.009829038611124899,0.006762325604488356,0.004518147063204407,0.0030766430001820484,0.0018900087714942987,0.0012395941942637731,0.0008672194363073662,0.0006123496019727587,0.000600764609503004
0.22012232051549366,0.16289379362384454,0.1417607402774055,0.11770701986053611,0.0939246815397294,0.07325661824812928,0.05555555555555556,0.04092243436359245,0.02943171927176931,0.020881528476917623,0.014470953841876905,0.009837600982270805,0.006799445321471952,0.004395066141112072,0.002933905221457719,0.0018483768372071464,0.0012741720363916775,0.0008207653637016516,0.0006006811028703621,0.0005626214186664549
0.22126814412684753,0.16268226882272127,0.14194706963041423,0.11753918469355668,0.09363776295536172,0.0728280838808984,0.05530545027226537,0.041200615700359156,0.029376520630927373,0.020961949055760605,0.014235588142802765,0.009733693043579008,0.006456578228702891,0.004619407802181434,0.002959333984342675,0.0018901338982770318,0.0013356725533358713,0.0008854830434134956,0.0005428755854946291,0.000594183948757841
0.2209994853472913,0.16315483765272032,0.14193658353343008,0.11764365181675716,0.09442636080960998,0.07287217582257555,0.054920559796521884,0.040900824271749854,0.029556951865905675,0.020784688171758308,0.014006496869885542,0.009665872898984096,0.006576301814854107,0.004542513457920109,0.0029919360043422793,0.0019311887815638502,0.0012163014176944551,0.0007810806383017451,0.0005444396822060892,0.0005477493459277068
0.2215978702127801,0.1626727637565314,0.14210833040840787,0.11791809325766052,0.09438348090409997,0.07277766372408132,0.05485559698280143,0.04080933238852723,0.02960576420023709,0.020966748564579047,0.013888980867676379,0.00954132754087721,0.00657114853544016,0.004365865126721017,0.002862563824080635,0.0019105833736200424,0.00122681306746313,0.0008410540327547498,0.0005910556883729247,0.0005049635432877927
0.2212175610724597,0.16307442857024676,0.14229862426684092,0.11817572654097834,0.09434402428834968,0.07351031179424397,0.055064071276710126,0.04086167387761518,0.02890445975794376,0.020550789619543187,0.013849984695692461,0.009511833952399469,0.006409609450616721,0.004232261480298807,0.0029433906072914686,0.001949024246986706,0.0012541259585873714,0.0008206417882049289,0.0005178646768309332,0.0005095920781595124
0.22194496395918187,0.16367938802541954,0.14240381260428187,0.11787885853379433,0.09471318652425623,0.07261410445305432,0.05528077773423225,0.04049569147273748,0.029315513840037975,0.01998243847264321,0.013862361942748097,0.00950339903196628,0.006416075908131051,0.004076192555036868,0.0027797483509196656,0.0019099401221369496,0.0012914833206830807,0.0007325571204386742,0.0005886915008491378,0.0005308145274510482
0.2226121212622798,0.16286818561769112,0.14228703374189966,0.11877115593110923,0.09445083547823781,0.073186072879855,0.05475506707826764,0.04000364150990243,0.029194978026798196,0.0207003285635071,0.013667248756507128,0.009428200183730726,0.006291535972324521,0.004101664335548585,0.0027228562679489188,0.0018819985268437214,0.0012728732340746018,0.0007978217149856411,0.0005346398629468093,0.0004717410555413024
0.22317193855767414,0.16399183152013821,0.14233609256727905,0.11810701767741127,0.09431317581097316,0.07295531497300894,0.05472351946302505,0.0404535028811433,0.028930584469958998,0.020070365430251834,0.01409459946977696,0.009254080102734855,0.006353078239341754,0.004009770402168553,0.002581610329089121,0.0016648076865792667,0.0011997868516600084,0.000835713600121799,0.0004865342543283344,0.0004666757133353413
0.2235319806392489,0.163792219307155,0.14284509083209543,0.11790472472465854,0.09506684620245416,0.07263259236222999,0.05437519230069374,0.0406370653177221,0.028624268430263902,0.020017468346892255,0.013893621737505002,0.009404124250234066,0.006122192409870938,0.003953536843985827,0.0026020558391588724,0.0016757041100241184,0.0011595938609347551,0.0007989783663787257,0.0005061850519914908,0.0004565590665021288
0.2243203016471522,0.1643199708936959,0.14263081299199581,0.11718098829132764,0.09447476351127869,0.07236554871998412,0.05497122444929549,0.04067606006482767,0.02861348151088178,0.0204438711384534,0.013455050605278828,0.009419858437520676,0.0059899450949262405,0.0038648541377257397,0.002680756763908182,0.0017083416021697424,0.001121254217106569,0.0007822319243236092,0.0005308592974796586,0.0004498247006681219
0.22358912238721004,0.16537837153537968,0.14196565539222258,0.11848178100803097,0.09381965853973359,0.07260291881175666,0.0548514199378772,0.040287148325216314,0.02858079025363777,0.020055040072018755,0.013847724673871851,0.009459081529140954,0.005841595136085999,0.0040014099260781725,0.0026907744167920214,0.0017127623132716743,0.0011468060706253818,0.0007595728519726554,0.0004633559881314672,0.0004650108309462225
0.22349566882963287,0.16513858587328867,0.14321725653397202,0.11794148247269548,0.09365318548193681,0.07263332181001071,0.0542252274753503,0.04043362979699655,0.02855082364188821,0.02006215977941384,0.013755208238569166,0.00942155677331529,0.006037338873349863,0.0040772713213171,0.0027937165361884716,0.0017681959604413705,0.001051985622863154,0.0007889892171473655,0.0004945655679812628,0.0004598301936414416
0.22369950896157523,0.1640240342552639,0.14304285050369067,0.11791703121046185,0.09471302616280515,0.07330844787864453,0.054563316502298065,0.04011497807775575,0.02883217533826081,0.01956049662855564,0.013548625042794265,0.009288217558634354,0.006190491154196648,0.0039842087070424085,0.0026114842459194526,0.0018010806483890335,0.0011477961156859408,0.0007425943169207313,0.0004829343887324131,0.00042670230237315933
0.22437028479116525,0.16419437170825044,0.14182950930379595,0.11818022318517217,0.09561177300128113,0.07340084282030318,0.05481807859481398,0.03989658402878698,0.028341736156858605,0.019731462753367474,0.013577484184705427,0.009050552666337834,0.006076184864324468,0.003912857809660323,0.002592020021120163,0.0016866337174466452,0.0010493874159579713,0.0006935225982435175,0.0005164177819856265,0.0004700725964228139
0.22482553744721465,0.16388976646249984,0.14261186858119226,0.11856837327625708,0.09475975526447679,0.07304022190942007,0.055029103281500444,0.04002507563214246,0.027980171063448297,0.019744579214021184,0.01336815692449687,0.009075857095361836,0.006164701912595871,0.004024341227084991,0.0025356823268069414,0.0016871467536484549,0.0010420612301946335,0.000688091225017409,0.0004879493062022492,0.00045155986641767456
0.2236454538087386,0.1643333570385463,0.14361720601539074,0.1186456936172887,0.09468137712954126,0.07330203142649704,0.05502696605799396,0.03993556592337043,0.028231254827180724,0.019520415976872527,0.01338627865091979,0.00889607028209755,0.006089483320074955,0.003989091191749262,0.0024526626191393695,0.0015645440577922072,0.0010617730286496794,0.0006880024609318794,0.0004779632480993107,0.0004548093191256416
0.22509878775147663,0.16427464400847533,0.14344361944427447,0.11873220869398378,0.09451701101096797,0.07305083372065521,0.05498371594117559,0.03979628799544808,0.027728386199322153,0.01939862284333396,0.013672324046981448,0.008883867947778535,0.005780882233752743,0.003948201971950729,0.0023834767664771676,0.0015548009441280631,0.0010949768351199765,0.0006996604248576288,0.0004598241090080868,0.000497867110832497
0.22459844405339968,0.16457839933316573,0.14310805625752504,0.11941162461465187,0.09523061351397838,0.072979650970482,0.05424809145155527,0.03936505206334926,0.028145301067728657,0.019447678649396012,0.013344954419761582,0.008977123880340299,0.005957185006813881,0.003876635662401928,0.002533705560921395,0.0016307008375120735,0.0010204284145486292,0.0006416956642542437,0.0004366176684616504,0.000468040909752451
0.22432068632509153,0.165193276977418,0.14299321347779503,0.11971497929647713,0.09455490733023773,0.07300306914844361,0.054383127621013085,0.03965749890860022,0.028211030413673593,0.019717955841303855,0.013470518977126906,0.008668359989945893,0.005776150599939145,0.00373060284954558,0.0025565212789882383,0.0015659933060814123,0.0009855670648622188,0.0006928734902303189,0.0003869508274794619,0.0004167162757471129
0.22493574540294328,0.16553704273385533,0.14270640032019793,0.11860885903021039,0.09530519693165694,0.07319069970527235,0.05486035995805672,0.03960134033270154,0.027861851789370614,0.019605508198456575,0.013204857217519591,0.008641705781755996,0.005724199753235884,0.0038188896937941794,0.002436216768713221,0.00158114272293947,0.0009741559244888572,0.0006036789684863037,0.0004167865755028728,0.0003853621908419419
0.22495363852774833,0.16511301280916604,0.14383884570273406,0.11862250595130765,0.09494631002383831,0.07341407370522872,0.05482978184880121,0.03965332702497482,0.027806957612131897,0.01955535998173664,0.012948126434062488,0.008754501736177166,0.00572549707273416,0.0038677296030200712,0.0023242771994196744,0.0013879491603652015,0.000870156446188434,0.0005591499597180432,0.00042184390452100875,0.00040695529612614967
0.2257622881292876,0.16523890071115477,0.14337184250427007,0.11884270764611245,0.09449049341012021,0.07309797930194065,0.05475775929205296,0.0396649421039665,0.02788731975178202,0.019517486205978592,0.013116927996613707,0.008698872833755792,0.005792083546216792,0.0036971449641281058,0.002380987812318636,0.0014236322961155182,0.0008994842846537067,0.0005605242141500119,0.00041997979467287027,0.00037864320070900515
0.22564582417182746,0.16588910968347753,0.14355597583676924,0.11813961639052648,0.09453682181435842,0.07260376335375589,0.05452762999970241,0.03952149661258487,0.028142492965616658,0.01994425395859716,0.013389299801946156,0.008629725270546847,0.005796133486309817,0.0038370866576511943,0.002240091521377582,0.0014267151165674198,0.0008712385474287713,0.0005323317120912039,0.00036535810053464607,0.0004050349983302641
0.22535269510502692,0.16655280956862772,0.14323994845829774,0.1175071415693092,0.0948509574747874,0.07293746350645677,0.05407412676016731,0.03998120944357787,0.028471993635029832,0.019787977682906056,0.013396541942142952,0.008677399559017397,0.005604084961103879,0.0037796145620195886,0.002175139233722432,0.001427486812701489,0.0008865966762549227,0.0006136704606167469,0.0003473606380849509,0.0003357819501487861
0.22555643747726306,0.16642193339286307,0.1434021232265106,0.11767040380990178,0.09405364288785265,0.07359691768363262,0.05442008135727751,0.039886562820385635,0.02832291563316467,0.019844892019710958,0.013078347719681185,0.00864834474319542,0.00549823064457453,0.0036379270430267553,0.0023464629427522566,0.0014303667691900656,0.0009359394119787015,0.0005324602308430066,0.00038859675232331243,0.0003274134338724079
0.22479784544827808,0.16564025665485668,0.14323503494202777,0.1187516429448847,0.09460055979988723,0.0727971312322376,0.05508060556261874,0.03979439836391623,0.028750502183153427,0.019677313225065676,0.013123719742948356,0.008511074481821385,0.005640984097120154,0.0035925728144906516,0.002374107023289727,0.0014747238612635343,0.0008679708824701293,0.0005555013647808829,0.0004067063563574322,0.00032734901853159146
0.22533926765524212,0.16475522577292123,0.1435856523588598,0.11917360870882154,0.09438087687385481,0.0727279949815366,0.05495813257548799,0.03963957104717389,0.028341407784907867,0.01963357934617633,0.013239673005400802,0.008795552237867219,0.0057020469438187,0.0036943305598268043,0.0024198527233274137,0.0014515806007921622,0.0009351688021066952,0.0005428944550283116,0.00037075718879982255,0.00031282637804985037
0.2249565395572653,0.16574788316246603,0.14276838062754893,0.11899237872388246,0.09413730194927523,0.07278384791819523,0.055229464527685776,0.04024800544660148,0.028371571912986573,0.01957537660208742,0.013292616021204734,0.008556584504947548,0.005732481971352464,0.003680091481753224,0.002404370501100557,0.0014607996721463176,0.0009039111093484572,0.0005651510043823991,0.0003222352217969818,0.0002710080839728463
0.22438483259378778,0.16582241649528168,0.143229356099432,0.11862431308235073,0.09498971690065404,0.07267770584384237,0.054802967881020265,0.04029751552384291,0.028577758085954807,0.019666840807041445,0.013224198017444897,0.008500915890198983,0.005701995119660889,0.0036569478703073026,0.002301298117300075,0.0014250854720636954,0.0009191966617951451,0.000519114661517402,0.0003455253638762325,0.0003322995126273815
0.22385875442756653,0.16535203907833856,0.1432018044297162,0.11909037692605347,0.09418851924978588,0.07367536801304375,0.05530530778821762,0.040173034755776924,0.028743216025558335,0.019307662542539364,0.01307186300092272,0.008757569443755437,0.005587580655296377,0.003727258596341532,0.0023067993531040087,0.0014485707765728405,0.0009772891883042794,0.0005473480902347151,0.0003373384000238121,0.0003422992588476917
0.2244747292329136,0.16497797612051965,0.14363608373874595,0.11852670923016569,0.09431782254099785,0.07290806251106992,0.055277371767389435,0.04021075387714629,0.028411714949256508,0.019847148813888705,0.013515593833644805,0.008892317216698089,0.005480726415578438,0.003683061393736643,0.0023141212712107086,0.001416944068781378,0.0008806241175136604,0.0005545283446749553,0.00033602762378810724,0.00033768293227967426
0.2242073698191038,0.16528090426578848,0.14437951640834204,0.11881885739520771,0.09481625071741527,0.07215337057001225,0.05431185194864052,0.04004789935841986,0.02872638318494345,0.020036354554491313,0.01358251144142998,0.008852119000795564,0.005661585078423623,0.003397281843728344,0.0023106147690791115,0.0014422734993822374,0.0008121058350879344,0.0005391985788974878,0.00033410464091194043,0.00028944708989895815
0.22365644390934467,0.1667471521373854,0.1442288609872591,0.11854186788034343,0.09412665546485324,0.0725576518529299,0.054822182236746356,0.039817154651178174,0.02832978315229615,0.02003095934270933,0.013483521426775866,0.008783390444941322,0.005657687575248403,0.0036168847492160936,0.002173107709405554,0.0013892012754190758,0.0008054059775346303,0.0005639495653784578,0.00034895412989693425,0.0003191855311379542
0.22398637194340384,0.16631025329330917,0.14399100283642202,0.11903875892067116,0.09470507000090968,0.07272982873965281,0.054661076517237665,0.03968509927476909,0.02850645430714397,0.01951425240020839,0.01327577794867978,0.008785465611484614,0.005523993814450039,0.0035724031853928404,0.002327023741596169,0.001333035633067884,0.0008848313445301711,0.0004994748898095543,0.00036385587999371527,0.0003059697172674423
0.2250410423517392,0.1656854527388846,0.14346719835731395,0.11924022464591155,0.09455364272570814,0.07256684571547609,0.054774386927287665,0.040005753368944706,0.028196467629859997,0.019617665487887338,0.013419567736826354,0.008754048437414752,0.005584735717013602,0.0034487148329456424,0.0022649757052423452,0.0013457592876403419,0.0008795380110868079,0.0004976333483780625,0.0003455327900698174,0.00031081418436902246
0.22426447494139937,0.1656373668880653,0.14297899633353284,0.11891057324503837,0.0949231496573225,0.07373764757613124,0.05488460050715607,0.0398848154037908,0.02814980609711345,0.019950672957076886,0.01325912236214381,0.008823986431757094,0.005357538408640829,0.00352099870731409,0.002228312796929293,0.0014100525339619347,0.0008463621305844205,0.0005736087095953004,0.00036201817694919534,0.00029589613549728746
0.22364266894114457,0.1661889601867188,0.1441896676551389,0.11834558179359776,0.09458257710248709,0.07309074439562692,0.05492798037601613,0.04004965502649701,0.028797931811945645,0.019486787861957698,0.013324539566989655,0.008762360035307303,0.005577099181121833,0.0033687398136118237,0.002241418639478722,0.0013074942063625874,0.0009471481419036192,0.0005322542786962744,0.00035869310086053286,0.00027769788453718664
0.22362677337213538,0.16524852012301997,0.1439465590793346,0.11920202387645093,0.09400277786963855,0.07370118059459639,0.054955521015906596,0.040381626376533634,0.02846489632593671,0.01976586527332254,0.013251099573398588,0.008677535632792088,0.005659909388537977,0.0034293462085386427,0.002192532821852575,0.0013823208439432523,0.0008697377558781706,0.0005373854955521013,0.00038526406296504503,0.00031912430966632487
0.22314378728537665,0.16572141523309047,0.14449457141440677,0.11834647100623008,0.09492175235073458,0.07331317237618362,0.05473204104903078,0.040460727446994846,0.028435212268438186,0.020046932064184557,0.013122800059491343,0.00863616082494671,0.005646720539388229,0.0035116421264852183,0.0021615190124436062,0.001364995951283195,0.0008312263480574421,0.000513939153570307,0.00031232958207327345,0.00028258390759010446
0.22384151314189674,0.1649399437898356,0.144182876577499,0.11897597586172101,0.09452174215117191,0.07347022498953708,0.05477761584868581,0.0401361748304845,0.028551719802751608,0.019642127516678598,0.013195658682882371,0.00876732995101875,0.005759970356499486,0.0036508485286600714,0.0022298793913157118,0.0013581090358087535,0.0008585366499205151,0.0005012265990865435,0.0003540016244373607,0.00028452467010853293
0.22450656670960145,0.16497545441167474,0.143518526173418,0.1185331179428333,0.09545745403799318,0.07364172535065716,0.054696400255955326,0.04009140317430923,0.028140206649217174,0.019395065749768927,0.013130112286352517,0.008898912520482211,0.005830093932965495,0.003680598155071239,0.002161069985929069,0.0013144993410968708,0.000770511563460556,0.0005754034851593849,0.0003885626983116535,0.00029431557574244397
0.22355294374571916,0.16479549462803222,0.14347306736550225,0.11952173438291026,0.09587647286552382,0.07342737172296727,0.05492245638068013,0.0397909449170629,0.02836703428331299,0.019466145187067567,0.01337118692859766,0.00867919408901551,0.0057293269405758115,0.0034958324647521477,0.0021292647336185588,0.0013136256398548064,0.0008024035709440568,0.0005261120320829075,0.00040533788635318353,0.0003540502354268623
0.22323149914857776,0.16535298858316383,0.14307865685448706,0.11885490738610881,0.09583754631521983,0.07386108826493544,0.05535485856792266,0.03972641957493427,0.028288070324665758,0.019444531783948917,0.013323227692984907,0.008828644856797227,0.005639741644229609,0.0035943423859350664,0.002138071069349957,0.0013602897979920004,0.0008009492241218104,0.0005212789371867153,0.0003773066592970511,0.00038558092814128464
0.22409407826846234,0.16642301484401878,0.14241228534384667,0.11838005715344113,0.09525077395284842,0.07444169555208635,0.05457525203079936,0.03959727991956184,0.028565144338898736,0.019487735824094403,0.013186965840234965,0.00866066467335221,0.005702114148122666,0.003649816103511232,0.002186251422221046,0.0013428412669012776,0.0007971052840473103,0.0005606196914772579,0.00035555526155637304,0.00033074908051755614
0.2246138015689466,0.1641421911653283,0.14318209640651006,0.11857259604090772,0.09595984661247149,0.07426027574022054,0.05470799792218794,0.03964551467206632,0.028227474101792945,0.019366995212429818,0.013462766467818722,0.008824084091833998,0.005796698661002311,0.003560072921939776,0.0022366257390625363,0.0014475203562719816,0.0008503148149986268,0.00047478667685721003,0.00033913334061229275,0.0003292074867407137
0.22449769310909365,0.1651287393957434,0.14242529476939364,0.11935142464983219,0.09540110135436819,0.07384531428287938,0.05448066015114683,0.04020108812488631,0.0279522415703395,0.019579633212614307,0.013204676621851794,0.008776107555687848,0.005723404607167073,0.003618263299763522,0.0022771245721089446,0.0014155545633444129,0.0008962973987531217,0.0005523308693423293,0.00034727389988589556,0.0003257759917977211
0.2251920828944954,0.16474239315363162,0.14272250945327264,0.11838787600216265,0.09487993889060659,0.07361400225192084,0.05503152193142719,0.039967461232075153,0.028521023714611193,0.019586089676712125,0.013207300720713865,0.008708419240861283,0.005795141340273174,0.0037730420937242175,0.0023147497507510534,0.0013987702065252792,0.0009424338270915,0.0005555399401802526,0.0003290251431424713,0.00033067853582157905
0.2257724359292204,0.16472958544478494,0.14336549681505503,0.11803303615995132,0.09455997514189286,0.07348843205505805,0.055053104453634004,0.04000271059147089,0.027973634539546544,0.01947493859849199,0.013498414965109397,0.008769755088143805,0.005669102893391116,0.003732021671509371,0.0023106139489681575,0.0014362829196375745,0.000920609420297041,0.0005470766932106293,0.00038344952515065246,0.00027932314547612203
0.22627756542679792,0.1649881658664223,0.14351802079698048,0.11794603767405933,0.09390562795336475,0.07304745065803075,0.05504567429751887,0.039943302012712394,0.028375457115117752,0.01945065141488603,0.01357741475040812,0.008613859912306673,0.005719417737472442,0.003658574908990469,0.0023006680372539517,0.0014306814178466345,0.0009179516611617136,0.000552424963654076,0.0003919901688204071,0.00033906322619486694
0.22505859910935963,0.16528254854055976,0.14375708726886824,0.11845450427963591,0.0945288763848069,0.07328277334955483,0.054698012093401506,0.04008873343273417,0.028286261194992057,0.019450937089847554,0.013093470951702437,0.008686553446685556,0.005722711328720342,0.0037126544322085174,0.002267926037840645,0.001401750204146404,0.0008793998922239232,0.000628142780159945,0.00037357965346354626,0.00034547852908796975
0.22548312375909982,0.16582892124420914,0.14368464592984784,0.1187574454003971,0.09481965585704834,0.07265718067504964,0.05454003970880211,0.039404367968232955,0.028031105228325602,0.01936465916611515,0.013227994705493051,0.008759099933818662,0.00574123097286565,0.003742554599602912,0.002332892124420913,0.0014262078093977494,0.0008719391131700862,0.0006055592322964922,0.00037723362011912644,0.000344142951687624
0.22613900348046054,0.1655773348434619,0.14329907986871804,0.11827944544109256,0.09523400104165804,0.07293425153561893,0.0542869189242814,0.0394457717776804,0.02827853605707624,0.019510420714114463,0.01299427088069708,0.008735046833276841,0.005854779639718587,0.0035284099833830735,0.0023511710385992184,0.0014037582361256932,0.0008812757831036448,0.00054893726077,0.00039186183976653617,0.0003257248203966567
0.22493593889836408,0.16537772476803186,0.143172633295892,0.11935464126610212,0.09477734528148007,0.0734093078423361,0.054752597597026324,0.03947057159541507,0.02823154965831322,0.01950865259114542,0.013136454695691151,0.00845490743605056,0.005687335504821331,0.003756817606587913,0.0023374651158558878,0.0014325865465896663,0.0009396179658925295,0.0005740271728251894,0.00035070248022749356,0.0003391226813520573
0.224349238807106,0.16527365554573936,0.14366213028128236,0.11948296456589999,0.09462714618013848,0.0731132309585968,0.05443993342664192,0.03984971362206054,0.028263897850262877,0.0196957213713053,0.013197208683654125,0.008791521492407924,0.005631603153962469,0.0036711302581206593,0.0023062440648130692,0.0015137828689411462,0.0008867624237731737,0.0005509176998441549,0.00034411676146421687,0.0003490799839853352
0.2244171139801666,0.1658183562572887,0.14393211311173054,0.11937274103236371,0.09503502692151818,0.07265749708453605,0.054393872976750725,0.0397148221360219,0.02804469550977198,0.019512517885647652,0.012942178699330892,0.008765414740254907,0.0056704740006782075,0.0037102897268148256,0.002357183620468625,0.0015168683368208618,0.0009312943005781299,0.0005392574458054539,0.0003175994772841937,0.0003506827561679639
0.22508331059346914,0.16504180000496146,0.14377713279253798,0.11981675803957562,0.09440268578469072,0.07238718960085334,0.054526059884398806,0.039836934500921996,0.02817923974432124,0.019786162585894673,0.013132891766515343,0.008738723094606103,0.005685792959738035,0.003537495968842252,0.0023484077960523593,0.0015297726840481918,0.0009294402685784692,0.0005738714825564572,0.00034564593617953754,0.00034068451125830013
0.22462049414325458,0.16562300488585877,0.14484073820463714,0.11975977585254431,0.09364011366154927,0.07238480851866187,0.05475337494748611,0.03944743814939416,0.028124286720851065,0.019680715578182007,0.013468364312390622,0.008541156000145553,0.005603686392039721,0.0035924459396429386,0.0021270190968604133,0.001468734804052914,0.0009758485747648865,0.0006351285639147738,0.0003638757397428389,0.00034898991402608633
0.22481080499888345,0.1663576137030941,0.1446483660995641,0.11803783072940359,0.09384568304564665,0.0727368969538571,0.05527719652294737,0.03985708023522213,0.028188607772916378,0.019467855459154547,0.013163836667852149,0.00845939441058003,0.005687015640120088,0.003501865069847073,0.002256279619873124,0.001382881057341593,0.0009081360053594909,0.0006451239382335186,0.0003854201989959224,0.0003821118711075456
0.22568434902337398,0.16500576041627066,0.1439938775948733,0.1193125186986253,0.09469231773695808,0.07256471583874798,0.054083449175277,0.040033653393190975,0.02854257336059544,0.019357312753412858,0.013013416728513316,0.00859847501863664,0.005644712070096909,0.0034975726911640006,0.002119039787368738,0.001441343755526941,0.0009223277701651757,0.0006281085173167861,0.0004165351220100793,0.00044794054787591843
0.22450230873219704,0.16510988375359859,0.14402225108826064,0.12000284253355678,0.09514554763392136,0.07238379491450914,0.05462952863522031,0.03936082658231616,0.028673230936019846,0.01914743824926375,0.013145065064271004,0.008663116804992274,0.005799098982967929,0.0034044297249683493,0.002173216062297757,0.0014063930562854684,0.0008957285975402161,0.0006544437723725566,0.0004594327492918454,0.0004214221261489948
0.22372944699752115,0.1656543474054806,0.144687514986349,0.11918633013459187,0.09468726693643476,0.07317472470593682,0.054688391429379375,0.03928779908618411,0.028092479622699548,0.01948514759796732,0.01351045199655376,0.008845459942419346,0.0055712010742214975,0.0036033384211126853,0.002275444546788002,0.0013295475404197336,0.0008797503625662913,0.0005142901555603696,0.0004084555254772067,0.00038861153233661356
0.22448462821734985,0.16547671062387456,0.14343687109416375,0.11934646753521873,0.09525109893019806,0.0730970633407478,0.05457247643258129,0.03969719839000106,0.028160086325601102,0.019252793665925225,0.013367559050947993,0.008925497828619846,0.005613812096176251,0.003569868128376232,0.002171380150407796,0.0013951779472513505,0.000756342018853935,0.0005825654062069699,0.0003740334710306113,0.0004683693464675353
0.2246965873836608,0.1647238883143744,0.14326204756980354,0.11922399172699065,0.0948947259565667,0.07386473629782835,0.05509162357807652,0.03937456049638055,0.027698035160289555,0.019542502585315414,0.01332119958634954,0.008911685625646324,0.006050879007238882,0.0035937952430196473,0.0021145811789038253,0.0013667011375387802,0.0007511892450879008,0.0006188210961737331,0.0004434332988624609,0.0004550155118924506
0.22459464063898169,0.16550140839945282,0.14312414921260302,0.11822450697749044,0.09545193661127349,0.07406543640534778,0.055072305557347434,0.039587354673520946,0.027610583753868344,0.01942152246078729,0.013410807708402596,0.008744812574534347,0.005665024223147369,0.0036537338712211813,0.002269317732600932,0.0013215633151225543,0.0008650533339287811,0.000545827151427338,0.0004085433527350077,0.00046147204620674935
0.22413385429670768,0.16569909239273323,0.14381168596027954,0.11794099312639204,0.09448441326307051,0.07346013489269596,0.055385704152108944,0.03972538638208794,0.02819055618847939,0.019739507289463727,0.013203213746554513,0.008963634529752282,0.005678125986934024,0.0037253400840309724,0.002257030277275755,0.0014220117497854572,0.0008862770905639596,0.0005357346592214982,0.00040676150052002625,0.00035054243134246166
0.22434664592264028,0.16532216686803822,0.14274483192373266,0.11844949436435558,0.09591684734934376,0.07372184246677371,0.05515980072493751,0.03993114748671775,0.028027607209652593,0.01943428391731079,0.01291977689137523,0.008823383372780085,0.00575481222794154,0.0037935086644929577,0.0021400552806236446,0.0013836706996143595,0.0008987239113523892,0.0005197040666015654,0.0003641238683195682,0.00034757278339595145
0.22505146031562331,0.1654368546793754,0.14242892689741832,0.11810659105375848,0.09527226433655459,0.07415906817561814,0.05536055287805764,0.0399679251366075,0.02848214802384123,0.01933419858308464,0.012891119065530265,0.00858085262922946,0.005756941975910788,0.0036357022989741026,0.0021758000115734057,0.0014003819223424576,0.0008630452933444662,0.0004910430117304722,0.00029264179486967535,0.00031248191655575505
0.22535346432264736,0.16447900723888317,0.14308004136504654,0.11861178903826265,0.09571871768355741,0.07391768355739399,0.05568893485005171,0.039822957600827304,0.027954498448810757,0.019200000000000002,0.013101137538779731,0.00851127197518097,0.005450258531540849,0.0036467425025853172,0.002157600827300931,0.0014477766287487068,0.0008339193381592558,0.0004616339193381589,0.00025149948293691813,0.00031106514994829355
0.2263717949565826,0.16407474521682194,0.14219910453881104,0.11881063707368043,0.09565364037379222,0.07364573068707136,0.0556472253268698,0.03994524063039409,0.028122044614336632,0.01927655465686113,0.012916068700523123,0.008622286005277532,0.0056693803858287,0.003609290575171786,0.0022866004880726424,0.0012664757583974288,0.0008498283809611984,0.0004778217939645649,0.0003042187200328026,0.0002513111165488369
0.22699131735338116,0.16468737177875137,0.1424182362050481,0.11821502786123649,0.0949681018622689,0.07374458989054046,0.055236059454952156,0.04037066694902916,0.027914179450187294,0.019185207734967496,0.013043823541090356,0.008712427037973345,0.005633462602411553,0.003494235834447341,0.0022484216377906888,0.0013649358728309927,0.0007511283469882068,0.00045332415655235405,0.00028953185181263496,0.00027795057774012945
0.2267132506374155,0.1654320701868098,0.14296131193513076,0.11828977522627836,0.09483685138214182,0.07350533907861623,0.05450522994910595,0.040462246149877805,0.028229820134725338,0.01891247482580615,0.01306412516162742,0.00851706223358345,0.005623476733919105,0.00353182778701888,0.0022222736637422164,0.001402148859265922,0.0007887087333370817,0.0005208453899395818,0.00022487293025962892,0.0002562890013988419
0.2244352856731752,0.16650513857786925,0.1431078224800791,0.11884718560735114,0.09525305883481464,0.07336241941512497,0.05493664019370141,0.0397871798518793,0.028234889405631763,0.019380062913261067,0.012977927434746515,0.008586899355321,0.005512352764114965,0.0036616708730124606,0.002244303240595262,0.0013264047155176113,0.0008037814111490766,0.00047796878152692006,0.0002943890765113901,0.00026461939461697994
0.22402609216275843,0.16584301700555387,0.14290321620307428,0.11964751763900329,0.0954507414500865,0.07323866323975484,0.05479751118873485,0.039579839437933535,0.02811159295167591,0.01978082318656492,0.013042773549268473,0.008838521664632351,0.005801933757397137,0.0034715675475417863,0.0022096304161580878,0.0013744033501701873,0.0008302653210414368,0.0005176753894142825,0.0002877812068948407,0.00024643333234098443
0.22467968323772036,0.165984426405674,0.14271496354588584,0.11924545770165496,0.09514937093921008,0.07332154016565544,0.05485145568469257,0.039545687503099836,0.028191181576206453,0.01946864615537223,0.013197877229817972,0.008823383536958355,0.005680559459057317,0.0034900061170168805,0.0022880949625539372,0.0014796567857556168,0.0008448096285152184,0.0004943210937887481,0.0003124638352042588,0.00023641443615983593
0.22477291822409803,0.16508001614215684,0.14377766163657646,0.1193361868785435,0.09592013601751823,0.07288613825360389,0.05468982581025027,0.03961278670521379,0.028081729592410537,0.019402012477093354,0.012905455916695887,0.00874091176723539,0.00549428739654796,0.00362702355828708,0.0023683984201856353,0.001424016089231726,0.0008534173078322537,0.0005110580389925703,0.00029108807398929587,0.00022493169353718313
0.2248914333774277,0.16573814541884446,0.14368873208423086,0.11932477603736377,0.09570418885873837,0.07317464863817803,0.05434705226926178,0.039386960747143644,0.028108945757251164,0.019180241288594337,0.01309753032663529,0.008448577582710136,0.005552915777466155,0.003554594565957017,0.002279774903270989,0.0014602479772585415,0.0009354196226202674,0.0005794634830391043,0.00031291028084111616,0.00023344100316718174
0.22384722576203417,0.16594620000728186,0.14424283146707095,0.120455846868287,0.09500230041804722,0.07292987200407787,0.05421042701716875,0.03922461017016472,0.02776554933651972,0.019503904090772194,0.01325967582310282,0.008645599912617215,0.00558720239375875,0.0036095048639774394,0.0022358739437109217,0.0014447949317983968,0.0008721728855186202,0.0006322012187250721,0.00034920014960992203,0.00023500673575644043
0.22486943982325172,0.16563365095534657,0.14364265373688195,0.1198706139553036,0.09564049730280369,0.07317653984938038,0.0538562796220287,0.03932019407906705,0.02768801823046724,0.019311991691775464,0.013315649691914365,0.008652195626936907,0.005663946869697802,0.0036166574610303898,0.0022341583126895556,0.001369269491418914,0.0009624575410698163,0.0005539918836054784,0.0003208191803566053,0.00030097469497372253
0.22490541191106814,0.166200412597628,0.14382352600572743,0.11984356362589604,0.09517042399617513,0.07274225221394856,0.05395202022290859,0.039079315028380565,0.02810097557666888,0.01935436908462553,0.012971844430511054,0.008425660462261546,0.006028491404767541,0.0035221345227085857,0.0024037865014070337,0.0013681565290183184,0.0009280965088020276,0.0005029257373900466,0.00036230505423822453,0.0003143285858687792
0.22479864889230006,0.16545279807324897,0.14396211340504614,0.11923260787936633,0.09551047819750855,0.07257737688593496,0.053913630341035586,0.03947788487464044,0.028042763021862857,0.01968766386398937,0.0131058108548469,0.008891042956557123,0.0057084631149913745,0.0036143123460608976,0.002208286948279769,0.0014705371513263777,0.0009345933526427484,0.0005839140769608678,0.00042511591438794074,0.0004019578490127222
0.2252415349215972,0.1656890744781541,0.1447722906711111,0.11821129536058037,0.09502823757554936,0.0727536715455427,0.05409985811010592,0.039408720529766315,0.028384586033343293,0.01976382517975748,0.013044289798959028,0.00856790315147531,0.005578139375849645,0.0034390542435649863,0.002206809063113747,0.0015064445101495047,0.0008853665103510246,0.00062603340937134,0.0004013881754016771,0.0003914773562559567
0.2246989664680716,0.16661321571920726,0.1441786958850485,0.11950254250176884,0.09498839508295369,0.0727125749690866,0.053407415244430614,0.03955425216063056,0.027742694853500328,0.019649009118621424,0.013317551527815436,0.008584662994531471,0.0057164961746754926,0.0035079250672820687,0.0021821211540114667,0.0013820100642072625,0.00086788909534547,0.0005703271197984515,0.00042815862037043145,0.000395096178642985
0.22626433369114143,0.16613932686852784,0.14382400468403445,0.11940814446408989,0.09534788713991071,0.07265049858833918,0.0532875074221767,0.03903692812025001,0.028100898600247767,0.019407648274002782,0.013225119788556866,0.008572510738380468,0.0056433352574482235,0.003446867138488308,0.002130309440677994,0.0012950561273686872,0.0008501390159227401,0.000580542401923894,0.00041183777230498463,0.00037710446620697397
0.22639229184645857,0.16570116356350004,0.1452404334183108,0.1189023684584685,0.09449200318748284,0.072888871254129,0.05352590491117037,0.03897061497918546,0.027538330803847457,0.019706844160524813,0.01294832243835824,0.00875400501929353,0.005584708017974226,0.003546239993651487,0.002175688499601564,0.0014234557736754923,0.0008431619565325212,0.0005554949360684842,0.0004414200831258491,0.00036867669864069057
0.22615186232207513,0.16556068045429745,0.14454032964671265,0.1201590371803138,0.09429152407875811,0.07237348939476598,0.05385276661872402,0.03916745193340937,0.027499214733257272,0.019195225578204304,0.013247036651291969,0.008819785415530097,0.005748152556663192,0.0035659376084907993,0.002167336209889401,0.001340739638611979,0.0009059498421200549,0.0006149878490304025,0.00041991105820893054,0.0003785812296450594
0.22570488877136155,0.16650580107757904,0.14485836115426565,0.11995504578058377,0.09481704293789046,0.07228374045549203,0.05337983009949427,0.038705252371665624,0.027613790367897392,0.019426172610980733,0.013035070902059298,0.008473539814233298,0.00564737381416719,0.0035748520807853774,0.0023237364889432443,0.0013519320397977056,0.000870988001189964,0.0006065514163884571,0.00045945856609261906,0.0004065712491323176
0.22550389902193996,0.16681370605339674,0.14432494052339423,0.12001387787470243,0.094870142743854,0.07142149088025379,0.05413692836373242,0.03917690985989955,0.027549233412635446,0.019471979910124237,0.012977464974887642,0.008556370605339678,0.005582540311921751,0.003517380385937085,0.0023592386994448836,0.0014158736452550883,0.0008524980174464704,0.0006228522336769757,0.0004279011366640233,0.0004047713454929949
0.22565478188821286,0.16603684341960118,0.1446614417522372,0.11926068397977725,0.09463059832932838,0.07284836116407874,0.05432246178475095,0.03887098187928231,0.02775246540657916,0.01932137854389276,0.012893046916732674,0.008589851935032011,0.005550162320748445,0.0036565580724597178,0.0022243648156754035,0.0013280036780575085,0.0009079377574764288,0.0006085994439914862,0.0004514881744828146,0.00042998873760268056
0.22471166634684736,0.1658522302434376,0.14539592528138584,0.11954349652940903,0.09497806480642108,0.07219424722253469,0.054096885401020325,0.039612378992502986,0.02808895829335591,0.019030351955639964,0.012792221112044842,0.008429995963659703,0.0055797441886625155,0.003538414710806143,0.0022960821031318035,0.0014424953846764647,0.0008717833345464415,0.0006203391849239383,0.00046814930488926553,0.0004565696401040186
0.22522281286364124,0.1655393790331112,0.1451027451602666,0.1192627340526817,0.09477976568285203,0.07308195810853696,0.054017243203215895,0.03906993811488418,0.027694581085369714,0.019282899608589865,0.013041494763567122,0.008426557706548184,0.005648008568708349,0.0035950888606791475,0.002319038929440389,0.00147605257590183,0.0008694329842378084,0.0006330662223632711,0.000434716492118904,0.0005024859832857294
0.22537161346244827,0.16600443984212426,0.14352070878671885,0.11968219729176242,0.09533254152840409,0.0728603897929948,0.05416971313061805,0.03890651518710527,0.027851572967912044,0.01919024161078266,0.012945679755709438,0.008684489997121713,0.0055994283124299014,0.003525075844545975,0.002317518187803337,0.0014308731138114815,0.0009131120911259399,0.0006120497712257204,0.0005111442684020207,0.0005706950569537124
0.2260221362141974,0.16568390174778752,0.1432861319233609,0.1196368680865716,0.09527412022950678,0.07338290750532217,0.053688430964213225,0.039094289148090135,0.027572598240624552,0.019088594519250823,0.012986733501302812,0.008780323070861708,0.005608547240588136,0.0036088054853843374,0.0023523452269408923,0.0014418667787934665,0.0008227414340532183,0.0006174699293799806,0.0004883475312790733,0.0005628412224911352
0.22392299717076444,0.16581536054977455,0.1437221892429521,0.11929254229384696,0.09603526705767773,0.07332201198167199,0.05454091478064743,0.03911323060336633,0.027897155386378335,0.019459055455331654,0.012914277966191379,0.008732433026819038,0.005569179025625169,0.003586564520956351,0.0021711199705005484,0.0014286730041983805,0.0008929206276239877,0.0006349657796437247,0.00048779923175754883,0.0004613423242723937
0.225263906813594,0.1663274760912009,0.14366127270922263,0.11914854892617234,0.0951752208875211,0.07311956054138127,0.05475528640921272,0.03900857076673615,0.027557166021377286,0.019466229855388987,0.013029881862404447,0.008550911678083327,0.005417121678414242,0.003532545749362985,0.002112909096925776,0.0014394917105132537,0.0009083689069790531,0.0006072338594923722,0.0004500479830570172,0.0004682484529600584
0.22492316289466333,0.1665038166424458,0.14373953254603203,0.11929549591552303,0.09519699893031504,0.07306923523314006,0.054591957358093156,0.03921792309180277,0.027537360440835833,0.019075772380305233,0.013085867428507186,0.008767448512112903,0.00546911553423901,0.003551287837831134,0.002243527744849558,0.0013821585812042961,0.0008415295667858696,0.0006216407015942768,0.00044143103012146765,0.00044473762959803306
0.22590379874097355,0.16473502405114152,0.14402408917359646,0.12026397554042724,0.0949544690146225,0.07303146904604027,0.05412788361529418,0.03923089261235581,0.027684029678232254,0.019232645394069985,0.013359173083887146,0.008543984072836347,0.005511340993761087,0.003409656504391048,0.0022554662812751644,0.001463407374581028,0.0008681230188192534,0.0005589058673541098,0.00041008477841366644,0.000431581157927286
0.22447427588943264,0.16560474804919986,0.14320526385398752,0.1202536040206322,0.09537428911519638,0.07319137680201031,0.05419918000264515,0.03951527575717497,0.027754265308821587,0.019177357492395183,0.013222457346911787,0.008929043777278137,0.0056341753736278265,0.0034816823171538156,0.002273178151038222,0.0014349953709826735,0.000871247189525195,0.0006133447956619495,0.00039346647268879786,0.00039677291363576263
0.22507047566108157,0.1655582466449615,0.14383652293602264,0.12026357235501205,0.09524802138754337,0.07309285581937054,0.05405450117790306,0.039501111728738186,0.027822996903041373,0.018990378252468305,0.012824585086953066,0.00889879298022711,0.005614891871145345,0.003523783054077661,0.0021523200719976705,0.0013085973689086529,0.0008701924349506339,0.0005773710262315042,0.00042020699330315783,0.0003705762460626273
0.22425878062421603,0.16527065800490442,0.14374807642030504,0.12032425348560914,0.09638251188896356,0.07278329157993321,0.05439800642682454,0.039509085914928965,0.02785012459832347,0.01915637172329574,0.012681561102819261,0.00874008425692737,0.005434009219944999,0.0036320494024906424,0.002218942254551231,0.0013700851504611625,0.0008968431782004231,0.0005543218905851322,0.0004219465137289812,0.0003689963629865208
0.22473093391968527,0.16410964339444836,0.14383090581447244,0.12054987022004726,0.09625043397754891,0.07329674144857572,0.054705969877824966,0.039975531932481365,0.02786549175855969,0.018827186006910576,0.012591135285267906,0.008649792517400435,0.005569791856101312,0.0033643592838130515,0.002183940350819185,0.0013804619174368044,0.0008018251855770662,0.0005373055367269,0.00041496519913369824,0.00036371451716897855
0.2238343202702681,0.16494717503427136,0.14548900093098935,0.11977021263929698,0.09583237561039336,0.0737201376475238,0.05456623005524753,0.0395959869892994,0.027718017703680802,0.018890981639831144,0.01267666887700853,0.008443395680407719,0.005518137756662858,0.003408115647732137,0.002157977156860962,0.0013212442515953323,0.0008698053521140731,0.0005093156814660356,0.0003704114047025711,0.00036048967064803816
0.22387452697151003,0.16658042352272107,0.1438833221189692,0.11981735190013207,0.09563896250324451,0.07306750606319608,0.05429515655197156,0.04017828359060241,0.027779109540916443,0.01939396143691548,0.012787681503242799,0.008176841979966242,0.005409346332076334,0.0034486236090193255,0.0020830612403472427,0.0013027398868203392,0.0008795147459243918,0.0005538297742193063,0.00043810414975557066,0.000411652578449574
0.22423586960296477,0.16535446092074343,0.14467502443332061,0.11984316371399703,0.09487239274557761,0.07350501978644204,0.05458015204057503,0.04008387533135881,0.027988761499370775,0.01902574304580565,0.012989761983902948,0.008359420347374845,0.005400962780321709,0.0035289818044110617,0.002053887254488536,0.0013196473664105087,0.000851652122432847,0.000563909463591458,0.00039192534566327155,0.0003753884112470998
0.225095701421495,0.16450714388561838,0.1442381372440308,0.11946748137690884,0.09574114192938699,0.07377243170154064,0.05475461874175595,0.039372880542448745,0.027976425922217454,0.01921972516769471,0.012834665347065571,0.008399216845436203,0.005598926224258261,0.0035996643623298014,0.0019843666990498545,0.0012909141161458599,0.0008672294831543979,0.0005660161893870309,0.0003740340900627747,0.0003392787100126938
0.2249855302541714,0.16536025532900064,0.1438474640736882,0.12004101139389126,0.09548213193100825,0.07349473301251842,0.05429048634882835,0.039546228770815775,0.027778604620396552,0.019326619371268883,0.012837558499115281,0.008117940831142203,0.005422433893932629,0.003692679135453358,0.0021564055497676577,0.0013609829505052012,0.0009144879363661926,0.0006052487969439896,0.0003853086603495889,0.0003538886408361031
0.22414664605137966,0.16660224389470346,0.1436809520033831,0.11966447298868801,0.09572232794164288,0.07364348768368749,0.054571043450681894,0.03964643461253831,0.027822378158367682,0.01881640501110054,0.012894465588328572,0.008378264087112806,0.005408209113014061,0.0033631990696690976,0.0021490775980547634,0.001389219262078444,0.0008820964161116396,0.000569893751982239,0.0003452399830848927,0.00030394333439052757
