0.1065938025462407,0.1028705260629354,0.1064136440067259,0.09908719673312515,0.09944751381215469,0.10064857074225321,0.09818640403555129,0.09962767235166946,0.09716550564496754,0.09842661542157098,0.10226999759788614,0.09998798943069905,0.09692529425894789,0.09602450156137399,0.09812635118904636,0.09620466010088884,0.09890703819361035,0.1007086235887581,0.1011289935142926,0.10106894066778761
0.057697247194148184,0.052805851806354345,0.05419621419398067,0.05582667932324528,0.052392651739348935,0.04981294321290973,0.04766876989223295,0.04488804511698027,0.04603272097827907,0.04608855882517169,0.04736724551901279,0.04720531576302417,0.04792562398793902,0.04850633759562231,0.05090736501200514,0.05274443017477246,0.05403428443799208,0.051985035457032765,0.04498855324138701,0.05006421352392651
0.06290428295431538,0.053573818421404816,0.05532735552192607,0.054812618603964865,0.05322379731719118,0.05042706006293517,0.047331775396261634,0.045478722491601196,0.046346912093229164,0.04643270157955603,0.04616846996166927,0.046734680571426615,0.047208238535950936,0.04922600725435897,0.049860849453177813,0.05080796538222646,0.05087659697128797,0.04865636506514854,0.04405118543912208,0.050869733812381836
0.06710402784456505,0.0556003984337432,0.05691706166563623,0.05612133910375306,0.05334775938265667,0.05151588010350118,0.04878523505301001,0.0471165075221543,0.04654118293604453,0.04541915687756177,0.04576835886515078,0.04571111263767717,0.04716230450413317,0.04869936571179961,0.04865070641844703,0.048825307412241545,0.04848183004739989,0.045699663392182434,0.04280300428201781,0.04980708021341393
0.07011559550197055,0.05679852703230485,0.05815534128316588,0.05688982668283008,0.0548939148782925,0.05212956434850091,0.05033654065624158,0.04854605306538577,0.04732872439171607,0.045982054546468996,0.04528716276191587,0.04537339020963413,0.04636500585839425,0.046651585316987335,0.048071802102935275,0.0478587695850431,0.04653999685523425,0.04376803802123224,0.041064553925124134,0.047863841787850046
0.07266663741278687,0.05840537101233051,0.05913055929568975,0.05808203865669262,0.055278285229947044,0.053262077040862284,0.051271273536863345,0.049541445434200714,0.04777928409597428,0.046753858625236996,0.044933959366360965,0.0448184835250617,0.04542819596712172,0.04668457312045748,0.04575845687323754,0.04592474208470846,0.044878530962537334,0.042388871824125665,0.04046504430808032,0.04655062114455037
0.0750608121684187,0.06076514319181589,0.06105798210476365,0.058595570223626325,0.056092545646532745,0.05412176113749748,0.052681079186207076,0.05008400415532006,0.04815596985255454,0.04679010076223619,0.044977492016398994,0.044710303227213075,0.04480435368100651,0.044522202319626204,0.04479794115006605,0.04412676291163105,0.04323755862122035,0.04048444533744874,0.03883214986512309,0.04610182244129328
0.07771725843363117,0.06236097584436511,0.06115459686501781,0.05948330106970948,0.05707855891818666,0.055168792859519,0.052776074418753774,0.0507320435899594,0.04866596929144273,0.04639148400646074,0.045315361893654295,0.04482639765617799,0.04438753221352507,0.043860492891982995,0.04331141010071862,0.043080955644531016,0.04242365945644811,0.03948987403159027,0.037241440119916466,0.04453382069440939
0.08130801172447483,0.06405334025403027,0.06239313629702003,0.05928263922813872,0.056927821201758655,0.05575804531021006,0.05447377259404008,0.05114763983878848,0.049357672813873966,0.04644563690766976,0.045107932340009774,0.0439057156814851,0.043548867244748414,0.04297447484123107,0.04222452063996092,0.042069949926722035,0.04085628358573522,0.038572071934538356,0.03693095078163166,0.042661516853932574
0.08279399171600677,0.06575557442179271,0.06323619671359951,0.060112241860259985,0.058737701724790606,0.056166870642542395,0.05485664722464174,0.051740042853310096,0.049698446475627635,0.04641645625911919,0.04483058976592391,0.04326309947774825,0.043092200771065556,0.042228519135142306,0.04158535195945476,0.041256417889603096,0.03969995332443926,0.03781087944841983,0.03507282490049286,0.04164599343601956
0.08652588836119385,0.06687953348180346,0.06427504539071792,0.06182618261826185,0.059627751393025494,0.05698390977309114,0.05446170633323494,0.05256200416789647,0.04937079073761033,0.047036410958168996,0.04454461706333236,0.04238017297664725,0.04183458996306133,0.041741572531236865,0.04103857540225567,0.03977389608879587,0.03840904415644818,0.03647535485255842,0.03388159954206803,0.04037135420859159
0.08845683949618979,0.06862612394856424,0.06563595932251062,0.06321534986332433,0.06059258347762649,0.05724556792912201,0.055589639018044715,0.052021129793536264,0.04897295491900537,0.0471377216035439,0.04463624937375298,0.04253733311066774,0.041264623416803634,0.040872614768002954,0.04052103750450457,0.039214927970608146,0.03657809849437037,0.03519991562145676,0.032693169732713384,0.0389881606356517
0.09072997477697675,0.0708466638081731,0.06749458824673082,0.06408696301259761,0.061207059669028105,0.057912269707548356,0.05527192432745838,0.05236945392935818,0.04921701000414887,0.04667908433308277,0.04458729197081558,0.042210807536007484,0.040929693209573285,0.03979266084668117,0.03945068317417774,0.03768177328442648,0.036150685430883185,0.03401723081409781,0.031639010452018106,0.03772517146621626
0.09383023030665708,0.07276163355567823,0.06909543634109391,0.06554273303652956,0.06172693021328256,0.058831115903076214,0.05566704326009539,0.05291395613976262,0.04898637901119289,0.04664255780881093,0.04407002918169172,0.04117593447618262,0.04020951663631564,0.03888542101941606,0.03814771060428628,0.036660252541145855,0.03495612428614911,0.03260370506028075,0.03061928123962863,0.036674009378724025
0.09726065822195923,0.07499153362774645,0.07113292033400265,0.06685355399493043,0.06334727861719339,0.059136327407442874,0.05540770285941032,0.05209298984377404,0.04927941765041923,0.046092983002261126,0.042942466296996905,0.04105591910595109,0.039521709830912,0.038363783767142265,0.03679023579274321,0.03588886646392984,0.03387575128363886,0.031346101876969075,0.029529680193478004,0.03509011982909901
0.09905741537947849,0.07684628528303944,0.07305925182665164,0.06828925916903325,0.06466236118043689,0.059534619073497066,0.055698182121726815,0.05206276628909903,0.049178624300046166,0.04618034320097172,0.043040665890975,0.040798769341894324,0.03911564336127753,0.03723149626151826,0.03565739868450416,0.03473236082268744,0.032560310594664764,0.029853339761466303,0.02826391006519558,0.034176997391836154
0.1019557980474274,0.07881589423310345,0.07400321524303603,0.06932634377297059,0.06506029005091085,0.06108112971485512,0.05627354350678785,0.05218743474873062,0.04881940825268346,0.04606591078464492,0.0426503516565971,0.040232977800563265,0.038447108912538275,0.03639641536050954,0.03516905489849237,0.03335941969446701,0.03095223140243334,0.02912562025840776,0.027648713478387082,0.03242913818245403
0.10508539393908628,0.08155954562606713,0.07635113297358398,0.07112918318620157,0.06555865217516374,0.060769890704557114,0.05655814960903061,0.05272544829068288,0.0486050828557263,0.04504312423536337,0.04288056693520957,0.0396502681198781,0.03714928244724324,0.03573295970841011,0.034281101990466474,0.03214392681824872,0.029561718336218432,0.027982949978594397,0.026116517504361496,0.031115104565906382
0.10835041286566112,0.0838674031282156,0.07772553008504,0.07218686162959857,0.06696246783331275,0.06168062598105229,0.05679585157449916,0.05272548784382239,0.048217505098514975,0.04487031101363713,0.04190328788741531,0.03911705717264322,0.03716382326950403,0.03485069419217051,0.032929563614428926,0.030787089056314294,0.028428339463942052,0.02674544935362489,0.025130145191513225,0.029562093745089453
0.11088383221425623,0.08620965635767781,0.07969570089048772,0.0731531015425572,0.06833418984153193,0.06294745532818305,0.05677554149571606,0.052438520964793296,0.047914472741977625,0.044758591058054416,0.04137187339404712,0.038520964793300694,0.0365142082073143,0.03402893031954777,0.03172899518951298,0.029236977565101647,0.027693577873444602,0.025696930892425387,0.024025476204517306,0.02807100312555287
0.11381063833369813,0.0879742039771675,0.08132987590294499,0.07466702588021351,0.06928555793160349,0.06306218323258517,0.05711327013419994,0.05221168903332268,0.047719274613143854,0.044511609894088124,0.04096549866136827,0.03794978868140564,0.03532809106063412,0.03299095792150061,0.030936705450504295,0.02883193857448349,0.026454393911330386,0.024683022108471273,0.0232601997002812,0.02691407499705332
0.11681117169281882,0.0903564121058056,0.08309669479428837,0.0769516584872955,0.06986006802412284,0.06341744719556011,0.05665874789210965,0.05224205558609859,0.04741177123315998,0.044062684414136785,0.040646346855775735,0.03718293377987823,0.034281064377451494,0.0325661705243372,0.030008961161016767,0.02717434249792784,0.0256544757888932,0.023640316145725634,0.02218601890754537,0.02579065853605227
0.1208421922390947,0.09178834016854591,0.08566016061909891,0.07772997047591218,0.07012894536196398,0.06413511888567562,0.05773487436308245,0.051986242245308546,0.04723854052256627,0.04363283992167216,0.04000866577321874,0.03643151520037081,0.03391239507864692,0.03155953688495683,0.028435827934019206,0.02610648152813185,0.024514397611202363,0.02272078408453495,0.020776023350564107,0.02465714775143339
0.12360129329510046,0.09435953536678873,0.08711453245570024,0.07907925711035457,0.07136277531598313,0.06425703485084656,0.05731740260437553,0.05221670578878753,0.04754218561502827,0.04290961196113403,0.039053887855140204,0.03633575336788607,0.03319144223880322,0.03041458262373803,0.027813898392106004,0.024830661899304853,0.023141056079141336,0.021595746287313523,0.02007392654661014,0.023788710345857444
0.12646495172108796,0.09634172490736212,0.08945837828420564,0.08062678826296427,0.07221232000107213,0.06444614941334924,0.0577303215690479,0.05196097482527791,0.046930385896258954,0.04263855478199106,0.03918934312536436,0.0354335721034328,0.03270469119588306,0.029230351722428077,0.026890114381822202,0.023941783873972274,0.022000241227041552,0.020425564705803517,0.018914545320530426,0.022459242681104552
0.12937136731378038,0.0985728882263279,0.09080919917589318,0.08186127535552166,0.07298872715699908,0.06479958459657292,0.058208405219343055,0.05179477730691277,0.04674461064303779,0.04184687023667947,0.038362841493442316,0.03503626404917841,0.03207148958978912,0.028681261620408377,0.026150315740104846,0.023249191805832407,0.02109009899331669,0.019359809718430182,0.01827105073616857,0.02072997102226094
0.13167173394765752,0.10102863571830382,0.09256884358843855,0.08350968364094184,0.07399681230076878,0.06525910101524202,0.058296054217674295,0.051495405962872706,0.04672390238675631,0.04197081514023198,0.03749564704936915,0.03413550400471459,0.03096622110310466,0.027609426482012266,0.025009375585974134,0.022595162197637356,0.02037013474056414,0.01870429401837615,0.016795692587929602,0.01979755431143017
0.13484484278528575,0.10242333304896345,0.09475036508071924,0.0847890561095192,0.07481436502719077,0.06554892583466736,0.05784752088027527,0.05183393469195217,0.04630043174036029,0.04204157487374814,0.037175504714685025,0.03357738958503746,0.029867199274689584,0.026866260854146694,0.024045980933837176,0.021397995694305744,0.019537882247458654,0.017794862272985035,0.016167263006993823,0.01837531134317922
0.13773482749516225,0.10436350510846934,0.0956655715570053,0.08657994913254617,0.0755007369430732,0.06640675915497195,0.05807144838557664,0.05245998616351781,0.04634720212293079,0.04109167839202697,0.03653633413433419,0.032525759586108705,0.028734095565307198,0.026260907927234806,0.02302905327045644,0.020477325214147968,0.01864917164924852,0.01704159968450147,0.01527861795601068,0.01724547055736959
0.1414137704830468,0.1063808123279691,0.09828023361982192,0.08657420467273028,0.07678440576004056,0.06672252888950464,0.05819797594029644,0.05163805953332788,0.04556721577451248,0.04055296923849887,0.03599608074205508,0.03202007033966346,0.028751796465657255,0.025168045695743393,0.02186805721315388,0.019651372992173174,0.01792543060927101,0.016009200574869018,0.014393424727045717,0.01610434440061894
0.14336436154681687,0.10918716536497222,0.09927137367835326,0.0888350154418058,0.07791146030596634,0.06692283435138574,0.05817998588463779,0.05161784408698135,0.04563466572786716,0.039536362074057294,0.034856268572296185,0.03160439611777484,0.02734476021403294,0.024388209167644122,0.02115135305590918,0.018762086070339884,0.016990157621544787,0.015114783255776707,0.013518045472822926,0.015808871989014713
0.1462853939819595,0.11042305119354853,0.10059372972035154,0.0897350987853481,0.0785544958468948,0.06750735280624458,0.058642279094674794,0.05136704641568421,0.044872554138841655,0.039552508962666266,0.03464118472351278,0.03069243999726408,0.02652014994219518,0.023520638739070888,0.020923175478078367,0.018055455924034625,0.016066903446768685,0.014163431654352215,0.012790462955702995,0.015092646192806177
0.1486700731022181,0.11257241454042295,0.10240978919554221,0.09074344205586443,0.0783535746734573,0.06797756086989139,0.05906192433045203,0.051138210704431974,0.04459151947586459,0.03903341696604957,0.034108811442956105,0.029751019013245086,0.026085071976927374,0.022615842425960035,0.01967674982703865,0.017731247238870044,0.01517725412398203,0.01387358400920238,0.012394868674407554,0.014033625353216247
0.15131228084209963,0.11375044998200076,0.10402083916643332,0.09149967334639951,0.07986847192778954,0.06915890031065425,0.05900097329440154,0.051079623481727406,0.0440632374705012,0.03859012306174418,0.03308867645294187,0.029260496246816783,0.025010666240017063,0.021725797634761276,0.0193375598309401,0.01643434262629495,0.014474421023159075,0.012952815220724499,0.011707865018732583,0.013662786821860461
0.15363153631536314,0.1158661586615866,0.10577105771057711,0.09213925472588061,0.08054080540805407,0.07036903702370358,0.059455594555945554,0.05092884262175955,0.04385043850438504,0.03811538115381154,0.03240865741990754,0.02809361426947603,0.024521911885785525,0.020745207452074522,0.01798351316846502,0.015635156351563515,0.013726803934706013,0.012186788534552018,0.011216778834455014,0.012813461467948014
0.15676382194027486,0.11757036889033191,0.10705728581299899,0.09424144792160975,0.0811259022453108,0.07017324775011034,0.059741751792002806,0.051183429489581,0.04324117318947358,0.037023901695846566,0.03218195592630519,0.027549805606200618,0.023307275406478686,0.020150353405429706,0.016895193852660324,0.014907132212759227,0.012962361697345092,0.011383900696820597,0.010364894228127579,0.012174796240332339
0.15931903103124437,0.1203284955940828,0.10772017930051485,0.09556311151666126,0.08209559141861873,0.06986026282311723,0.05985619992140615,0.05065805686730297,0.0430168044278968,0.03692078673762316,0.031490818508182424,0.026896742352087066,0.022364275771118755,0.019448644256322475,0.015933568226776523,0.014253458461825375,0.012231998348197343,0.010705079959237774,0.009669373047642519,0.011667521430141402
0.16350859559994477,0.12233025541353898,0.10934075717159747,0.09583041432938348,0.08177426628304996,0.07025577962782077,0.05957097714107898,0.05040045128771758,0.04255782955901271,0.03640254465036018,0.030909547763779497,0.025571306621049786,0.021807247560932993,0.01881031105904515,0.015994754945111624,0.013397188104774633,0.011601688668052258,0.010094068195697792,0.00915887757156621,0.010683138446485297
0.16520843627458318,0.12418166905407184,0.11119651422211352,0.09671902321023641,0.08326636953038825,0.07096166675817,0.058765104288844426,0.050338479148054074,0.0424575466126298,0.03533359619745421,0.02959217796233723,0.02511184202864554,0.021087359064070627,0.01792633482566951,0.015746891798140324,0.012810466650362439,0.011181707319102068,0.009612841078674569,0.008666197504121809,0.009835776472330223
0.1676551102477706,0.1253405224171021,0.11268090513269985,0.09808708725689443,0.08415352530094034,0.07088188237798569,0.05959267032773304,0.04937284003179872,0.04214993962899271,0.034887124510628954,0.029084522736419847,0.023997059615953907,0.020393093423718,0.01732298655206708,0.01483829550859663,0.012213902960674025,0.010643924148735532,0.009503028529042945,0.007829936701913578,0.009371642590331993
0.1705294379750876,0.12655536121622435,0.11383149228221616,0.09852726994619829,0.08410921279270055,0.07180764396443368,0.059785391741539046,0.049671802988687695,0.04095313466385577,0.03403838608205259,0.02856843589351387,0.023567338578278477,0.01979157660922941,0.016767309316538862,0.014163679530748104,0.011870955728318049,0.010080336776021333,0.008766883691235444,0.007840816136519315,0.008773534086601448
0.17128129553362925,0.12849215906747127,0.1159872522471574,0.10011244103498983,0.08513749076852448,0.07159633003107098,0.059251102787073934,0.04903659988955498,0.04065009547508002,0.03374229047045595,0.02778757293697315,0.022817546124110945,0.019409385167098035,0.016097697287443195,0.013719136931890011,0.01127238009061816,0.00956247796089181,0.008449710913433708,0.00742177364089394,0.00817526164163911
0.17413332402183546,0.13022462325845888,0.11618754021818833,0.10186778670683913,0.08615297128234294,0.07137928224979091,0.059312578669686235,0.04831836011220356,0.04002946423969126,0.03299928334721745,0.02719955038767425,0.02205827334899661,0.01867287876596049,0.015849499590127818,0.012913052225863687,0.010886138671482038,0.009230022264456518,0.007876529538232844,0.007153225685766875,0.007555615415184724
0.1758188264456768,0.13154554426165224,0.11804491790967904,0.10256222815161374,0.08641165114354923,0.07193743790476127,0.059111344447065776,0.04830220402792498,0.03958976437868209,0.032244666039760894,0.026411451774220888,0.021787744767385826,0.01801135740607213,0.014836400851971597,0.012611771429710684,0.010853998518021329,0.00878720314737713,0.007147390421632904,0.006662258389295197,0.007321838583946116
0.17862874650016844,0.13266083458223588,0.11891377842394306,0.10299587239784308,0.0863709464606683,0.07195670249896687,0.059129104159301865,0.048098929678073596,0.03958315699327335,0.03181091698490862,0.025837760506133307,0.021310177601410057,0.01761077060191293,0.014437479357840042,0.012082405992076727,0.009911556124269532,0.008560583805924693,0.0070087912780961575,0.00617895570171726,0.006912530351236207
0.18013770517938876,0.1337925720245252,0.12009512485136738,0.10356784620596655,0.08699406798238332,0.071798670112064,0.058963125834501355,0.04838281109878505,0.03931871475165903,0.031594802675718583,0.025609642683955665,0.020808561236623068,0.017164987146188034,0.013906695274978582,0.011736161393393072,0.009392914792844383,0.008019516537242843,0.006591315207354906,0.00579417958137094,0.006330585429689315
0.18081202847872385,0.13644341081156408,0.12112581199530223,0.10490415303664681,0.08740022161914686,0.07228334074275591,0.05883689759735648,0.04762986948357432,0.038789985999508995,0.03110132772428985,0.02515277786993477,0.020403559176956916,0.01616525887637765,0.013190983949200114,0.011183804550491342,0.009133495677099576,0.007585811066359672,0.006272020914477571,0.005416066724614984,0.006169173705618112
0.18294349195386658,0.13630364296517414,0.12242275529228555,0.10582910952138246,0.08870586164933698,0.07258537136064577,0.05873768758124578,0.04691378110997296,0.03817783673313533,0.03083147529879354,0.02491288128445942,0.019869209863548603,0.015917946538411092,0.012672265949905283,0.01043100313942813,0.008589847245488004,0.007002701136735291,0.005978361022613512,0.005244554976516546,0.005930215377055114
0.1845938049865542,0.13769795159523257,0.12255071212775141,0.10623153281763553,0.08928820424288704,0.07268350984363071,0.05841107532950431,0.04756980179940907,0.0374306961920255,0.030493675508781244,0.024137644832508885,0.019947876896517384,0.01548587364297334,0.012202450117857975,0.009901729690249328,0.00814381992629727,0.006747783938116266,0.005718601640051791,0.005155871319013313,0.00560738355300289
0.1873873007078386,0.13845569414469633,0.12403350248249483,0.10703343115120412,0.08902808628100216,0.07280768254589672,0.05859616702138779,0.04706040433229766,0.03732948918501513,0.029497977011417976,0.023756637542487725,0.01915162212331687,0.015201859258386814,0.011819428984723494,0.009558392955786211,0.007581023222482296,0.006320284130778456,0.00553895766736726,0.004633216162011608,0.005208843089407966
0.18931002036234018,0.14063456818396802,0.12619340406217897,0.10621773266089482,0.08861849736882718,0.07337910296174964,0.05835046790234705,0.04652305159621164,0.037116878504703917,0.028711397434046437,0.023075659286770446,0.018769198600026887,0.014613754453743303,0.01153534035975127,0.00914894711599896,0.007300239137181098,0.006067213977161651,0.005064862433888775,0.00446079627204883,0.004908867326160879
0.19095204060819426,0.14230943351170997,0.12636166299908297,0.10750027776349806,0.08875331450621941,0.07298629755352545,0.05839666617470744,0.04645698148188071,0.036371264495523456,0.02873815773981768,0.022516255383222425,0.018012340990761672,0.014065611883966163,0.011327775852319366,0.008694412061734807,0.007027831073361073,0.0055934106206811905,0.004961602305685781,0.004235271486872153,0.004739391507235946
0.1922469049810526,0.14336675041667704,0.12771461976666085,0.10816189457449189,0.0893305803626956,0.07240146935661752,0.05795832400474307,0.04618854532036452,0.03637238073915603,0.02856289957461629,0.022320621574334343,0.017569259600155894,0.013791387845468794,0.010769753808137848,0.008409827773493537,0.00656235229732083,0.0053318075905702455,0.004439579757373731,0.004092970803585495,0.004408069852483892
0.1944231269672625,0.14466951648646723,0.12723577976937347,0.10875615145040803,0.09004447111200983,0.07281792369798096,0.05806936034860841,0.04596619002076867,0.03571943584839045,0.028056746663837843,0.02228362392323719,0.01679725117807838,0.013203759905720583,0.01046720359083925,0.008111875593597355,0.006335020130512685,0.005141609744858804,0.004493521604871766,0.0035636560127164517,0.0038437759504602095
0.19507427872301264,0.14555678787004672,0.1282441507888747,0.1090432542386369,0.09080057891150706,0.07298396388600152,0.05766237124938456,0.045535401963856144,0.03591340200032826,0.02751487480955768,0.021588160497081406,0.016652823851419342,0.013068612286783339,0.009950248756218907,0.007935994801069626,0.006142231196566319,0.004950257045329832,0.004205894884126517,0.003471479656035053,0.003705232584163488
0.19667876497787504,0.14592386350453276,0.12935249175491803,0.10950297485871495,0.09157261472679361,0.07314672102620196,0.057761978156747724,0.0456586950396924,0.035022124993785125,0.02702066656722849,0.02102951656474254,0.016055950546081308,0.012545782992757588,0.009648817514377104,0.007737947264621553,0.005830391620676511,0.004781318881652001,0.003934437097068231,0.003289746266925206,0.0035051956446079664
0.19811059869679334,0.14795121668501973,0.12935692463093748,0.10985684597487974,0.09039485340994709,0.0729547355086563,0.05753649227100739,0.04557580374071652,0.03457057932256437,0.026622177696453857,0.020665844227887295,0.016325685756629876,0.012286904180362481,0.00953311420031628,0.0071485937124831315,0.0059927636426862305,0.004696180627426952,0.003835103784598315,0.0031926079864877167,0.0033929739441459195
0.20074072846584687,0.1480694660789447,0.12954462599012362,0.11037848407516654,0.09045669969840588,0.07249527723461374,0.05775527789745798,0.04467901766479965,0.03492360719848871,0.02633977397010573,0.02059788552679548,0.01600768899347098,0.011823484572299738,0.009074337984290595,0.007210088489709341,0.005763430881914295,0.004225632187717495,0.0036638716733503464,0.0030358267325091975,0.0032147946839889987
0.20075003357245763,0.1483305784575901,0.13063084720304127,0.11099303184990042,0.0908943205349046,0.07366543263707095,0.057371599856094364,0.04437201267298104,0.03455061814769559,0.026463386126368393,0.019941210896376325,0.015574304552756836,0.011711399548719855,0.009060418818481597,0.00685872875609485,0.005358330031350876,0.004242563907867229,0.003397035344751839,0.0027504546788400673,0.003083692406656134
0.20156745420389827,0.1488253204650346,0.13185864750337117,0.11111331988191912,0.09092625908218949,0.07357525999993372,0.05783445483671111,0.04470938650286423,0.033706394722804775,0.025693526424077368,0.019726532086261322,0.015298498808920341,0.011503278368071777,0.008841157351727977,0.006574958502718444,0.005142018441027472,0.0041646373584868146,0.0032535194001861996,0.0026819999536158126,0.0030033761061800312
0.2020762048367454,0.14969718560741002,0.13157803166502352,0.1125740466110471,0.09173743382407766,0.07338133072634032,0.05763166833746199,0.04457626697376162,0.03362855320171332,0.02536018757093976,0.01914814293170727,0.014715702438256513,0.011385158366542117,0.008725694070471659,0.00645562174298473,0.0047787507974250435,0.004006594808659415,0.0030538272259550466,0.0026163826314612145,0.0028732156320163045
0.20377646006559114,0.1508877993838408,0.13227382648159802,0.11192897604929274,0.09171000761917379,0.0733875509325206,0.0574204127604598,0.045011097492298015,0.033511114055719354,0.02499089011826283,0.018481465531520188,0.014386987776195062,0.010900387584059366,0.008347964355517276,0.005989333156656838,0.004838175373505152,0.0037102063802299003,0.0030874217378341665,0.002567330307748368,0.002792592837976613
0.20437548667141606,0.15094352126443447,0.13329909375569512,0.11201146473599627,0.09187859308470982,0.07359134511837506,0.05716297486704551,0.044785367550820916,0.033754701038784606,0.024650839145777762,0.018447953080733603,0.014092347454397854,0.0107738696797495,0.007949104524594507,0.0059659702778376055,0.00462068622740602,0.003677993339849898,0.002939081164366541,0.0024685630974668224,0.0026110439205420896
0.20520340398457074,0.15133349239803287,0.1327610317996845,0.11327560610278233,0.09290041224267971,0.07357736509325168,0.057377619596770985,0.04439893426651291,0.03291313741864503,0.024366723664850674,0.018302381993876012,0.014146816717699929,0.01055460558582203,0.007719608700839067,0.005701475325088481,0.004356053074588089,0.0035806126642011636,0.002889675375458968,0.0023031242958073193,0.0023379196988375026
0.2059643213758775,0.1524612885437935,0.13391158338176923,0.11253520916854198,0.09260114822045698,0.07410277682561925,0.057190784429640436,0.04421327689930798,0.03288010584691607,0.02450276622768016,0.01792707624389169,0.013366650604165321,0.010029955737045262,0.007675226158363014,0.005822242755729098,0.004172938493867269,0.0032936407398023813,0.002917745089759576,0.00218913678130656,0.0022421264764667806
0.20652694323093465,0.15330811883615716,0.13483460648320722,0.11306266680582684,0.09263097208347625,0.07353952231615535,0.057403569458319044,0.04374267959530899,0.032840143069906444,0.024198959280740732,0.018186908672826164,0.013195365966392817,0.009651751678619534,0.007319162189519583,0.005689000217023595,0.004082031605924911,0.0031410438006629978,0.002322649477072534,0.001983032399469204,0.0023408728324561274
0.2076141711407172,0.15316331941406514,0.1347434877709286,0.11373367800092794,0.09294922781202355,0.07335620070259163,0.05769205276065487,0.04375289984755087,0.03240372506131106,0.02431232186650758,0.017793464572148202,0.013052628090408967,0.009617551534433624,0.00723304831974548,0.005247895539205939,0.003872539272221115,0.0030075561741896976,0.0023513620998210365,0.0019138993835752624,0.0021889706369722264
0.20702785336776156,0.15430239048377772,0.13528849609701726,0.11364445673759335,0.09265629735875808,0.07392562387270628,0.05737127941315304,0.04397542768840402,0.032683029436754794,0.024126776962712565,0.01768888432496534,0.012900629214153098,0.009381071237509713,0.0069430527238066204,0.0051625704532693795,0.00379449756446588,0.0029365535494535163,0.0023154550829870358,0.0018649516619766832,0.00201070276877415
0.20865222531684965,0.1548879476216813,0.1357246230423537,0.11434078362150904,0.09285262471146553,0.07337799752944958,0.056809413260828556,0.04360885821491139,0.032608947631616425,0.02386763678272072,0.017500836211778493,0.012770030169858618,0.009223167537099649,0.006701285282341523,0.004904671857251199,0.0035485184976668887,0.002752047476958641,0.002170838894279648,0.0017850223707349048,0.0019125239686445413
0.20874563132526136,0.15560101369817633,0.13617345502128433,0.11521706723204082,0.09233266526427376,0.07353121428453117,0.05681016348367647,0.043290875060043414,0.032357179533897606,0.023782154274261665,0.01749457538966095,0.012619879747569287,0.009179600152386001,0.006623821907143921,0.004962483229258114,0.003352492008016829,0.002550809136534543,0.002034021830950922,0.0016431186126248487,0.0016977788084077316
0.20968508802592317,0.1560892534984237,0.13715046825119404,0.11535893736053103,0.09333878922318181,0.0730945663644391,0.05627131897241516,0.04281769099894141,0.03160881932445261,0.023917008626159444,0.01738982056859428,0.01258554509475191,0.008962458728788708,0.0063747765597742985,0.004699906730789938,0.003422632113433915,0.0024037943836363066,0.0018057449194786859,0.0014976086304667273,0.0015257716246237342
0.2113384297780826,0.15688301704227267,0.1370721620788723,0.11510078567428485,0.09384185115597837,0.07299712703667253,0.056407172135900775,0.04203407129058019,0.031655615533221326,0.02344099490024156,0.01675398221877599,0.01224571623605354,0.008907180420108752,0.006431859075681209,0.004731939598182777,0.003222556904224614,0.0024024203142034408,0.0017661931413385284,0.0013950606238339969,0.001371864841489964
0.2118043197195014,0.15713819824622108,0.1380591887985935,0.1163413992156499,0.09326614431842821,0.07331305964404611,0.05587625213759401,0.04224696929314133,0.030943587383518722,0.023027246977570373,0.01699811444756957,0.011995358130803371,0.008535477024899556,0.006191366189512089,0.004471358309591484,0.0031321028958708223,0.002292792024725734,0.0017448395624988626,0.0013044910581111039,0.001317734622152841
0.21345679237131718,0.15760062634385022,0.13723783024161573,0.11599444500538779,0.09446801326180476,0.0728985452071619,0.05610279719469461,0.04189915930221589,0.030934831438356274,0.02239708942117818,0.0168404395662602,0.012025338455757843,0.00848477424971985,0.005952252868121845,0.004368185572573288,0.0029810921622601344,0.002123676426529568,0.00168172661679972,0.001282813118129708,0.0012695711762651437
0.2142050852563317,0.15832420247013304,0.1380454104585073,0.11538155973901733,0.09350059088546753,0.07406426582894444,0.056026535226373686,0.04179231948200696,0.03049432452025727,0.02225172051944956,0.016476932294787295,0.01188225986381497,0.008237638576710839,0.005864165858405969,0.004172611382738199,0.003022288133629493,0.0021202360893643924,0.0016170731142146847,0.001284389699724254,0.0012363906001211567
0.2146473208157542,0.15839594603757917,0.13847840792004543,0.11633972443243366,0.09321202759314173,0.07348964595637424,0.05643495417957375,0.041492252453100426,0.03033029407435463,0.022332186099896963,0.016110332874109186,0.011659772791548076,0.008388420935990331,0.005934080110081487,0.004104901570017349,0.002874423420100788,0.0019929115196901316,0.0014967509753689371,0.0011577079367494532,0.0011279383040901818
0.21528800733548936,0.15921256037048195,0.13780855564346076,0.11629034767439166,0.09382375626048932,0.07356012883449799,0.05667460020589686,0.041694114064212036,0.03020924020086529,0.022039570595809903,0.01577659859712075,0.011213434273551523,0.00819118615790502,0.00584919213619647,0.004045111935728402,0.0028583912900994064,0.0019083527258162236,0.0013687837851257731,0.0010791378813808999,0.0011089300314803725
0.21548938058372022,0.15917369219256014,0.13913687026894572,0.1166364232401968,0.09420054703073569,0.07342861116446021,0.056617018881169816,0.04137333854314988,0.029556878613482385,0.022013682391040883,0.015513553249402314,0.011010152519586478,0.00791075319377206,0.005668986801062273,0.004058027642933303,0.0026308469704696114,0.002003351059954833,0.0014205580243316087,0.0011026709139916688,0.0010546567150340736
0.21578707727968874,0.15941553872262917,0.1401117595926984,0.11638395628958158,0.09384163251790223,0.07377292106461361,0.05610497123225298,0.04146529243760091,0.029772755494846644,0.02153897098389834,0.01548242890848131,0.011113042758392321,0.007801647419181257,0.005578045448901033,0.003768367896022186,0.002716999875822676,0.001831201622583716,0.0014503911585744445,0.0009884515087545016,0.0010745477875739894
0.21624120337062852,0.16025701456250463,0.13923606804104952,0.1176031820850596,0.0938632398058333,0.07347573329363996,0.05653162651847809,0.04174088499673357,0.029743564299122605,0.021029215973273126,0.015405988737006621,0.010803211855086123,0.007683974629321825,0.0052610252466364004,0.0036782521686637387,0.0024775277646844783,0.001814317728877752,0.0012536488956147096,0.0009493330687108752,0.0009509869590744829
0.21681279675776616,0.16056043759560817,0.13954319998410672,0.11701113193428118,0.09419099776831541,0.07390385876151438,0.056149714913878164,0.041759653525995484,0.03015919791797731,0.021100015231082004,0.015040693477785796,0.010819034879177783,0.007277808313521888,0.005163667909434659,0.0035594376419636185,0.0023641288152204854,0.0016919745442264265,0.0011025978928129161,0.0008691650055957669,0.0009204871297357079
0.21762427126789052,0.16083487919139908,0.1407323809413489,0.11662857870968704,0.09466112198681788,0.07302793466191627,0.056144020466554034,0.04122600748300107,0.029983303078091605,0.021073865262955842,0.014755842681568682,0.01061553558397029,0.007489620273273507,0.00497432579351749,0.003410540738669177,0.0022306690517836262,0.001623357818842535,0.0011914552798844293,0.0008588406809166929,0.0009134490479113966
0.21722482020936132,0.16157494282773527,0.14001330434178258,0.11774011523810471,0.09409015842757242,0.07382916828006633,0.055668079839288835,0.04119216169077665,0.03006053144557299,0.02101060044943523,0.015094801709045296,0.010276114735054956,0.006854052694460166,0.005075176150147107,0.003405514351810481,0.0022951644343834495,0.0017308882468385642,0.0011864692858348474,0.0008935751943526048,0.0007843604483761753
0.218133396891919,0.1615050143420611,0.14002750895033994,0.11793096941739623,0.09447553408246394,0.07294340803122314,0.05579583128505861,0.041702045957491884,0.030087707537816522,0.02096274705503611,0.014524129917721429,0.010286890876198135,0.0070013754475169955,0.004771859436215484,0.003232549940662103,0.0022626194413134116,0.0015343439810515966,0.0011900683089278294,0.000815999549793352,0.0008159995497933521
0.21856084743658713,0.16133239541523564,0.14075061033640912,0.11807340588405676,0.09496586253982699,0.0739686349153805,0.054896346257293005,0.0411337774651384,0.029627177556171645,0.021151156535771914,0.014429594074564485,0.010126205155790952,0.006839078081681632,0.004690693921463154,0.0031994041461497077,0.002158315057723341,0.0014614970827988589,0.0010609508834360916,0.0007646791078743745,0.0008093681466462535
0.21952543270344507,0.161746698878115,0.14092067379289805,0.1182844094383956,0.09503590693980214,0.07299864314789692,0.05517920375947315,0.041117582817619215,0.029913624780752556,0.020634080153555945,0.014558030247873718,0.009830558956878578,0.0067974980970976605,0.00462984412747791,0.0030744283019492336,0.0021295959228248996,0.0013899460568554114,0.0009001555415825526,0.0007181387960419625,0.0006155475394645396
0.22029568980216163,0.1615517175733637,0.14148646120788838,0.11854244229645462,0.0949660557642295,0.07269578978908386,0.054547501237420935,0.041045955909740285,0.029458067570632313,0.020964145418066175,0.01459742848203629,0.010023523413328392,0.006648137081408222,0.004530864340591214,0.003100587837021317,0.0019533868914496286,0.0013127422075589448,0.0009419297807074904,0.0006919624751067326,0.0006456109217503008
0.22036131753596871,0.16216413080006023,0.14091483229509313,0.11907288429925822,0.09470638190796717,0.07237607748809322,0.05475220463955156,0.040687539627226786,0.029458652765338943,0.021138383656117622,0.014639104602635136,0.00986811065659935,0.006896585974734591,0.00457399593091495,0.002880475179077817,0.0021090375736466326,0.0013094573946267547,0.0008757306722598656,0.0006108593914251234,0.0006042376094042548
0.22160840652011124,0.16221099281108312,0.1419501156276707,0.11766086627358217,0.09523455308541569,0.07261153235177921,0.05394911060088369,0.040501918311819485,0.029406951545476637,0.020983240186525032,0.01468859873148428,0.009926292525609176,0.00684343897685628,0.00443501129828633,0.002960531209553045,0.001897649262181405,0.0012678545157605724,0.0007769121543774041,0.0005768985997398171,0.000509125411804767
0.22181934873442222,0.16271218401908208,0.14156077453163202,0.11881974241827753,0.09481495204665982,0.07308294157930081,0.05445739447453129,0.03966116722300701,0.028712455297032823,0.02048644768140059,0.014887204613048469,0.009939690279978692,0.006796835972779572,0.004363605085469096,0.0028930800964690868,0.0018575923089392704,0.0011909763690438771,0.0008105255844881944,0.000560751373758159,0.0005723303106794191
0.22294197343968947,0.16247735019660192,0.14224242163250844,0.11857234189857527,0.09452628370969826,0.07302760377502245,0.054533438894391474,0.03977421417190332,0.028523017500389235,0.020208427880044646,0.01457537622689885,0.009941069103846244,0.006741111504940721,0.004228515398553725,0.002832260607726938,0.001788796173301223,0.0011792804401763622,0.0007469880316285665,0.0005614832432862177,0.0005780461708167846
0.2228042368310463,0.16406138838610618,0.14269689318910547,0.11822194720837044,0.09401999291876094,0.07273822247664678,0.0544841780633804,0.03973766325730378,0.028809723136790345,0.020315545305039255,0.014081407776788759,0.009835973356010948,0.0066510702928787215,0.00416436416098899,0.002751425347526695,0.001738874347715308,0.0011697280340958352,0.0006750339998742586,0.0005310929263716593,0.0005112389851988871
0.22253945397518973,0.1634317303474929,0.14269966980312324,0.11899832005097778,0.09436679162839198,0.07258703873813484,0.05497322839858653,0.039943063796684775,0.0282645216283092,0.020099803868020558,0.014288669861052492,0.009629500897903785,0.006627109246340111,0.00437283282438326,0.0027541233231543312,0.0016038134015243677,0.0011039665003268868,0.0007448049852280344,0.0005031571455762719,0.00046839957959896364
0.22196497162612344,0.16403890423382259,0.14238572253675194,0.11855133528505446,0.09453656001707891,0.07263844780249333,0.055382430869188905,0.040570754303247136,0.028415249903599976,0.020135605450034996,0.013990828345080617,0.009565529670518803,0.006540306792022546,0.004321037711025017,0.0027984966562019558,0.001623492146501548,0.0010012362371390796,0.000681833602812067,0.0004071142385722538,0.0004501425727302969
0.22260993931528567,0.1632445299334885,0.14211413228804218,0.11816469295123706,0.09519355874631273,0.0731758995937799,0.05468742240600158,0.04019824335464305,0.028711848582864585,0.02023982546109457,0.014325300526728748,0.009720148450768573,0.006546864292028219,0.004183040724641041,0.0026270224099744083,0.0016454066008283318,0.0010627274021446566,0.0006555140985191341,0.0004634948171347413,0.00043038804448225975
0.22230312738923072,0.1637584936634705,0.14173702658065712,0.1181053627989952,0.09510089793702853,0.07356596510854348,0.05471855482777681,0.04039392725816433,0.028952097889368072,0.020197791068290213,0.01401682018422106,0.00971248142398978,0.0063828660508312455,0.004127266769710428,0.002753717684361729,0.0016234357261771977,0.0010905648761985458,0.0006801550290100183,0.00039882569827594754,0.00038062203569903715
0.2227043545701241,0.16384415292341425,0.1431883463613799,0.11844305059688681,0.09450969951432148,0.0731411675797599,0.05461030789405361,0.04024169823769971,0.02885132151851846,0.020346573047736065,0.013667459869923487,0.009260468877383125,0.00650382573120497,0.003927430997104449,0.002546628941280358,0.0017446061902927123,0.00106826123121241,0.000653193786886845,0.00036876509993864927,0.00037868703087870265
0.2223850891806891,0.1639680567527013,0.14312255665095538,0.11895832058062991,0.09428121903161069,0.07372358535984132,0.05486833419638117,0.0401888006723501,0.02852690144876225,0.02039053879000145,0.013711706733592852,0.00922330659263757,0.005944276338537539,0.003940792162091962,0.002541165726689023,0.0017487058418686828,0.0010555102432471338,0.0006419090507521752,0.0004334540497347162,0.00034577059692578513
0.22354675743520422,0.16405685058106545,0.14276187655236205,0.11804653487136804,0.09441670900068012,0.07289007001246024,0.05541094881693669,0.04080778261883999,0.028403778786439654,0.020487456169817033,0.0137675175941263,0.009140837402638663,0.006029907946273586,0.0037844125886739,0.002445720072610418,0.0015521552287608737,0.0010176710721619803,0.0006288048901163457,0.00041203267799728966,0.00039217568146729983
0.22321456639174062,0.16404397713453725,0.14168148840595296,0.11919821973676586,0.09483210760996351,0.07331011490639555,0.05593434865694361,0.040580405522786876,0.028588446488695497,0.020075942455803634,0.013591879617144132,0.008974115038757122,0.005873545056708664,0.0037276329613421455,0.0024007081344462745,0.0016131567409270271,0.0009662395248219325,0.0005741183477965933,0.0004086663743681803,0.0004103208941024645
0.22291465966847157,0.16506494369331962,0.14279141613792648,0.11822575823007678,0.0946649835564562,0.07314387270371722,0.05517224196923895,0.04058067302262233,0.02861342723316613,0.020096003720559412,0.013737833438527719,0.00915689466166163,0.005906388067634454,0.003605952895060292,0.0023984320499617975,0.0016294057070723855,0.000930139853170781,0.0005680496960435843,0.0004401554662326017,0.00035876822908015836
0.20319977366276443,0.15250851352330477,0.13761372928548507,0.11708294086594694,0.09632961049983954,0.07683735116429118,0.05972232285488539,0.045357153947273084,0.03275679442989582,0.023931022347351748,0.017240962899324783,0.012636587276121073,0.008503172516587136,0.005396210921461669,0.0036745298154454453,0.002516966667011693,0.0016509507198973203,0.0012058668267588577,0.0009401965959707832,0.0008953431803831864
0.18228791486351,0.13810484794829636,0.12701188296298738,0.11252247645127765,0.09685448823342883,0.0805871279815093,0.06407598644356097,0.05111342061803138,0.03858892793055349,0.029317907293459504,0.022196927622619222,0.016672440433967338,0.012152405461433986,0.008407704954992108,0.006089033324718506,0.00422493131049854,0.0030830084443637953,0.0025202952502973953,0.0019832432442340227,0.0022050292262601936
0.16256116748038862,0.12649979065181982,0.11792850436864466,0.1065517680237716,0.0946641114506999,0.08073461844219133,0.06682357020726391,0.054950669453057134,0.04341161910066972,0.034545216440195585,0.027187596258662128,0.0214973836088675,0.016257223434453728,0.012090549082464742,0.009207630971726005,0.0069555241174636935,0.00529180554044109,0.004316077017996565,0.003705555012459445,0.004819619336762832
0.14282715276448932,0.11402392466276408,0.10804183007507344,0.10023166683077177,0.09029804578717492,0.0801749298218562,0.06884053259219763,0.05802445970724893,0.048280333585373945,0.039476250898707536,0.0320710866047526,0.025864199021686025,0.02045987816591209,0.01621296256732179,0.013234919826927965,0.01046494994175818,0.008387936976218391,0.0072045226121317625,0.006832963942088867,0.009047453615544532
0.12667497749925927,0.10144619667603964,0.09849081988413286,0.09249993943900016,0.08576369284206252,0.07744354317253924,0.06782645639887526,0.05963301897515882,0.05062899586135444,0.04336167588125574,0.036662697591908294,0.029686070411013534,0.024921317285600084,0.020849754681365285,0.017624182659429163,0.014952045005208244,0.0131557125793582,0.011685477844922847,0.01129975086136376,0.015393674450152706
0.1121913646443152,0.09109067477820404,0.08971616457568296,0.08601412556346524,0.07989503740271658,0.07349619818311011,0.06564638347156146,0.058997633306042074,0.05149097989335888,0.04473032930429642,0.039049517802424875,0.03352350188645463,0.029209740558868012,0.02542191122193398,0.022810901339261565,0.019884705263609418,0.018236039023407705,0.017027514449142186,0.017725027089227536,0.023842250242917164
0.09941907906064483,0.0811399076215929,0.0801405139952538,0.07824840359033093,0.0739682290146054,0.06939983979757598,0.0625893652540406,0.05593797022031574,0.05038703108975078,0.04514676488422754,0.04091899297055718,0.035779789041854755,0.03197310994827109,0.02970108024344779,0.0276742201360972,0.02539657586033941,0.023987318555782632,0.024402796804934828,0.026190101885747222,0.03759891002462926
0.08802228829490048,0.07258112834492936,0.07306606352463618,0.0711207057960052,0.06802386105764546,0.0643484643095197,0.05904226238176195,0.05330542303573166,0.04843173086284762,0.04357114504617181,0.040320768706514964,0.03696179684398943,0.03332010215468495,0.031678062955445875,0.030818660455502047,0.0298768751451061,0.030163342645087365,0.03248504003055654,0.0378923481347783,0.054969930274184974
0.0789791285434749,0.06556909181463594,0.06620517785226764,0.06502254281455948,0.06186263153084084,0.0591280211755094,0.05541036876201987,0.0505063506009241,0.046566720948495684,0.042110387975175856,0.03876021048665246,0.03607409935999673,0.03368831038014068,0.0325579052810064,0.0328022667793341,0.033328296874970846,0.03517872898444482,0.03981227067792594,0.04944123292500713,0.07699625623261724
0.07092087325153604,0.058387958242291815,0.059325452406297274,0.05930864474200235,0.05723943451547239,0.05509552355874277,0.05245672026444059,0.04783461258333799,0.0440603581900013,0.04025622350458475,0.03673781911218183,0.03494500158739053,0.03330718807776346,0.032752535156031146,0.03271518479093134,0.03479933516350122,0.03880889685696678,0.04809046258427174,0.06259360935253143,0.10036416605972326
0.0634646259530882,0.053076454036394945,0.05371977109100978,0.0538875929313441,0.053365480539192926,0.051970694577303404,0.04891260770898949,0.046275940128626125,0.042382473432870334,0.03788484811191106,0.03567332919372794,0.033803048017557895,0.03174443344279046,0.030890406744200363,0.0321416117982483,0.03533955020017415,0.04271065836507964,0.05404422664898944,0.07491939889946166,0.12379284817903981
0.056907039786859445,0.04825658844681268,0.04897947776835867,0.04986445825221013,0.04956263332929658,0.048627348691626236,0.04634130436807737,0.04425461354299606,0.040409140451060574,0.03762191770613059,0.033904999673954564,0.0315518831453138,0.03010610450222176,0.030119146319878526,0.030750742917827232,0.035265074943873605,0.043986324722628506,0.06050099210970033,0.08571268875702161,0.14727752056415172
0.05121158666790456,0.04414260514344072,0.045245566799740046,0.045678210008355764,0.04575991087178536,0.04500232104725651,0.04427815430322163,0.042931946894438786,0.03915142512301552,0.03620276668832978,0.03309256336459009,0.029867236096926934,0.02868257357719803,0.028673289388171944,0.030234889982360045,0.034852845603936505,0.04560393649614705,0.06601801132671059,0.09694550181041688,0.16642465880605328
0.047201902246490776,0.03979953705077604,0.04115536991423569,0.042283066741846446,0.04309545360121078,0.04316778941745556,0.042114283170608655,0.04019831142238182,0.03811726563195536,0.03541672849215064,0.03258635783600915,0.03002121850609846,0.028363059026026052,0.02782888684452621,0.02911052912722201,0.03465627503932099,0.04672337300056385,0.0699153485473484,0.10498894560346617,0.1832562987803068
0.04308401382696258,0.03621877475892808,0.037725416413858896,0.03924319088890003,0.03970705839349693,0.04016535948803872,0.04016535948803871,0.038881374235314424,0.037152076178177076,0.03460822678296754,0.03216086182871414,0.030207051899351876,0.02796378864712114,0.027126971668828277,0.029121601938595077,0.03456740644256299,0.0475037434107621,0.07261567463962135,0.1134397259841877,0.19834232308557243
0.040090376935687184,0.033074468144358035,0.03452257845323253,0.03606908600104339,0.03736867217567434,0.03815213698380901,0.03761188044549814,0.03690639080784133,0.03602452876077031,0.033622150889381086,0.03188070541537559,0.030016727530619184,0.028074774475384905,0.026905146918217056,0.028910222730504816,0.03447616466128143,0.048561822242603005,0.07579743535951196,0.11926116669420549,0.21267356437500123
0.035088239655939484,0.03063918137327599,0.03192940827524841,0.03413910722230461,0.03533664541005487,0.03615230609520985,0.036104107963814344,0.03550904641850808,0.03492139997033963,0.03319738988580751,0.031595728904048645,0.02981795936526768,0.028179222897819958,0.027020613970043007,0.028987468485837165,0.03539967373572593,0.04998331603144002,0.07781402936378465,0.12559135399673732,0.22259380097879286
0.03256410920294867,0.027604037594457745,0.029222256333245794,0.031075347963263653,0.03326133030526079,0.03389197326517704,0.03443939354709848,0.03393635869344092,0.03394560565766261,0.032586301917080625,0.031069799784730675,0.03019318757651862,0.028373385017698687,0.027922133163682358,0.02927034054719834,0.03600582928624532,0.051457506500615834,0.0819299523966282,0.12978114285080206,0.23147000839624354
0.03003409944779941,0.025274577172385918,0.027076475442674337,0.028438976388855553,0.0308335071845155,0.03181938185289051,0.032253240555265295,0.03281079514299797,0.03323542280915204,0.0323769364406232,0.031032897566883478,0.029694397314876185,0.02940085036305666,0.02900022339107654,0.03016333395488977,0.03680229520484593,0.05306738102578968,0.08388796475959613,0.1337558686312773,0.23904137535054848
0.02694537332317664,0.0233966774320279,0.02517840312373771,0.025811044854852073,0.028302878612098396,0.029787650021856585,0.03129455467002108,0.031491909379144215,0.03199175167982056,0.031923507528067704,0.030676668431177608,0.02968805044902805,0.029819005442932207,0.029708339250900537,0.03156015353089708,0.03789579302470992,0.05486276469969807,0.08671249476641134,0.13689592397970385,0.24605705579973844
0.024609867191578774,0.021493970213574534,0.022599015974275865,0.024192938407073764,0.025995325232124184,0.028308726540837815,0.02934735886683923,0.030183061253479797,0.030849040418109465,0.0305796970440487,0.030644265661118053,0.03016276825954371,0.029943234961507883,0.030238405782396387,0.032465100662474,0.03894778981623772,0.05642005759520643,0.0898832045958097,0.14246050706657395,0.2506756644571901
0.02244784745784578,0.01947507422718033,0.020241765897333345,0.022348324981431685,0.024399593800855532,0.02601959855581828,0.027053526505231382,0.028931552495341795,0.029853056906583415,0.02942916487741227,0.03026220486517469,0.03038752946510355,0.0303820004386361,0.031021524500037784,0.03343402304866834,0.04034162011533551,0.05783361684952385,0.09219651634472371,0.14578199785842372,0.2581594608093389
0.01999204516578095,0.01767925077246596,0.019045567205459375,0.02049106370128125,0.022181465972828343,0.023678521579329214,0.02575193438734887,0.02718822389912092,0.028663182743902223,0.029541529022255125,0.02978643479798036,0.030211797461082088,0.030580076823074908,0.031335049515160224,0.03407688936519685,0.042020675203382284,0.06035546324019549,0.094809838951435,0.14881248319725413,0.2637985069954665
0.018367271857697334,0.01570185604179313,0.017416257380939236,0.018600886632452227,0.020425657156521896,0.022701101852362814,0.024356639626216366,0.026654158159041996,0.027371557861045188,0.028418225631403712,0.029363721648915625,0.029871419899564048,0.030167577212442273,0.03217261740522046,0.03504957415889485,0.04261906075823631,0.061751558964737024,0.09761050714640469,0.15257620072475758,0.2688041498813532
0.016456862820845356,0.014219936240234134,0.015895791597912445,0.017236843799611105,0.018761853779320558,0.020895764004245743,0.022963449429087034,0.024815904253655707,0.026116485744191998,0.027148488878832533,0.028441712058248383,0.029633758459758318,0.030759580061184365,0.032021530418338384,0.035211358289045494,0.04436509732286245,0.0641442376145827,0.09989827134876002,0.15723791075472351,0.27377516312455963
0.014925181309097589,0.012777012760488392,0.014238501790140457,0.015576976039658496,0.017174332139906358,0.0192123381988433,0.021193426971449544,0.023157991370604966,0.025195997429541907,0.025987331313687682,0.02735334618562379,0.029115946020380055,0.029879739282107774,0.03253465528320941,0.03613146057100891,0.045805563205728456,0.06565684384467088,0.10402460295602681,0.16099146240705045,0.2790672909207749
0.013601956830727535,0.011794973501250564,0.012654392401855466,0.014454030270643495,0.016253668139431538,0.01746016005758841,0.01952423451117796,0.021931709251975004,0.02326491036701595,0.02483500258927489,0.026114949114321082,0.02778971415139729,0.0298354249532645,0.031961935822709966,0.036822794433609904,0.047108275763285176,0.06813098425500504,0.1058737976399035,0.16491293792718445,0.28567414801837837
0.012431316290429258,0.010626622621148076,0.011562864717597507,0.013442677615752316,0.014785662853907753,0.0161084941526093,0.01822832214789694,0.02051487818775776,0.021874353012739118,0.02440458850236076,0.02522723566734273,0.027436840302015944,0.029243366147611114,0.03198796626596972,0.03811842821258376,0.04828700675523406,0.07019067458899704,0.10827612362792899,0.16707982242547162,0.29017275590464636
0.0109473182097548,0.009626374836028729,0.010529019474741545,0.011941695027198588,0.013387394163998785,0.015166998431379744,0.01660719363745608,0.018838120224193452,0.02046544907488098,0.02242851769972389,0.024890609376863316,0.0261381670076046,0.028504857218863804,0.032337427646244025,0.03851650720556265,0.04901066845238642,0.07134195004265546,0.11105464485887008,0.17095392292662343,0.2973131644849696
0.00996969563880715,0.008534996413251936,0.0097171592955334,0.010996310773420004,0.012418200184461325,0.013884008959550262,0.01582378087165298,0.017106592296543544,0.019192762088804945,0.02143081968173101,0.023460260295430923,0.02515115581126386,0.028126692725489337,0.03246372992519069,0.03846787298519918,0.05073418536899586,0.07278536606789933,0.11350593643404037,0.1751888532654047,0.301041620917329
0.009035505900589326,0.007715733442522262,0.00847798429434216,0.009823347908105814,0.011208926195106973,0.012448269306699036,0.014360294225172932,0.015988988491291694,0.018546276121258195,0.020110992498135503,0.022028501235687236,0.0242183729874384,0.02717597941008729,0.0322613076349385,0.03930253133088632,0.0510196247605399,0.0749436994574675,0.11592245148648057,0.17786767178977236,0.30754354152347807
0.007948274065556812,0.0072481386085401925,0.007836764240810036,0.008803792065253356,0.010141909962214625,0.011951659576957315,0.013013744956922476,0.014951456665636877,0.01726939859643863,0.01864224906176365,0.020949222813082116,0.023702235863387655,0.026500949661540266,0.03164136977937506,0.0390430629006813,0.05214455329347011,0.07618131863109806,0.11800847109062093,0.18007191469681205,0.3139495134698383
0.007175156295050019,0.006310195948189969,0.007133185645307863,0.008023693344184875,0.009364929325075457,0.010582078167597927,0.012335721402476631,0.014231699884306993,0.01592329955000164,0.017501760942478312,0.019561972401560577,0.022231670687333262,0.026105744139619937,0.031368498655114395,0.03887942014810164,0.0534176882566122,0.07724789325586404,0.11965467279316498,0.18359422045904944,0.31935649869891003
0.0065563710942565115,0.005765588731077383,0.006452272723122075,0.007281407117771783,0.008585376187771547,0.009801683471552835,0.011432557952658986,0.013079869018681089,0.014343659769997385,0.01637814372515109,0.0182646984160611,0.02130181405108856,0.02509866516667611,0.030703540623019616,0.039497113553060036,0.053477342167693336,0.07899240081890715,0.1234150109851176,0.1867579566768147,0.3228145277495211
0.006070518553056479,0.005263665952095176,0.00591570484858309,0.006445714119191983,0.007471127244115715,0.008975552184057102,0.010119352259460482,0.01224849603039449,0.0138184891275246,0.015246417884079141,0.017934712328817024,0.020502798485375572,0.024391354474207122,0.030203243073908058,0.03913872582857208,0.053525472318398964,0.07943764377184469,0.12501661970650968,0.19028425617479017,0.3279901356350185
0.005262889804947444,0.004638910820123048,0.005399328358480473,0.006045137511870154,0.006889237363061169,0.008124461067713546,0.00948338906090253,0.011124290064726448,0.012706977285709607,0.014515242915200706,0.016419925122521824,0.019796324527285893,0.02404047313252003,0.02993098028371943,0.03855025850557942,0.053878675199836995,0.08100811718434492,0.12678234230431984,0.19379004471546188,0.33161299477167466
0.004727478514356213,0.004228891480894474,0.004825740192483707,0.0056573251351553005,0.0063415175606356435,0.007436953305686624,0.008459602622495012,0.010217394864553555,0.011556665144217207,0.013469128546291257,0.015701852232632704,0.018662440201400045,0.02260200563003022,0.028756098137941194,0.038019990792516827,0.053428877651473104,0.08222318866424165,0.12954164566474935,0.19624676782767086,0.33789643583057516
0.004316269463211711,0.003958095459735423,0.004379904438448616,0.005212613542977242,0.006007141662363731,0.006656218409780149,0.007834374522737686,0.009421612619361032,0.010761583383635262,0.012490636567929429,0.014670589005330791,0.01783779262997898,0.021666799997090976,0.02801938866788361,0.03734282161116484,0.053807916918176324,0.08250910889216963,0.13085714493501957,0.20042835429045186,0.3418216329825531
0.00389846534293403,0.0033984289766528473,0.004016655756782311,0.0046112444541421185,0.005238562804567604,0.006187722743472251,0.007065968434067932,0.008715179285766237,0.010080733144228674,0.011809949814531968,0.01393192232162339,0.016583024219943274,0.020959706160448028,0.026856498654447586,0.03658629718524983,0.053747545276020076,0.08374790893883188,0.13252963851916502,0.20284929813077318,0.34718524983635174
0.003461850516457888,0.002967040563501217,0.003345424645173966,0.004120384350907577,0.004824397041327547,0.005361047541776877,0.006450720930824841,0.007405776906200772,0.009204920448385142,0.010714818466598509,0.012919633404037794,0.016215940884763858,0.020374527474686464,0.025886564818284687,0.036192073581150654,0.05301561198167746,0.08417044747555966,0.13526503258105238,0.20530065162104835,0.3528031347665843
0.0031036149482306847,0.0027111203177752827,0.0029618807761217897,0.0036396608555656095,0.0043047212016150424,0.00476444870858364,0.005603951112613251,0.006877741556822681,0.008122458324702089,0.010135810410556653,0.012240017734942559,0.015129214320239273,0.019114125082223987,0.025328623397767872,0.035344504893463156,0.05279597911056357,0.08477157175928451,0.13658631429370957,0.2088180460308981,0.3576461951643207
0.0027711682432824554,0.0024193314375253903,0.002642403226742498,0.0032154982299344194,0.003946375718182345,0.004535793047414543,0.005121583193082237,0.006071905286982764,0.007609831118333235,0.009120553072949915,0.011681344669491032,0.014320120712669034,0.018397075039173583,0.02448167546863212,0.03452353316696652,0.05250348209622192,0.08499941965062971,0.13767337937438337,0.21161351633683473,0.3623520109105681
0.0025440040269501464,0.002323101186175828,0.0023683681617443354,0.003014780572862629,0.0035253920572753976,0.004046867615824612,0.004664309162579059,0.005770634045473395,0.006974735595595704,0.008617021469221173,0.010954608087578924,0.013590956744688822,0.01738795065537527,0.023479074887873708,0.03370760068733375,0.052247143201171846,0.08557450129373016,0.1384246006094745,0.21315313455699023,0.3676312153820803
0.002272698416729091,0.002011510410337241,0.00237789914152581,0.0025901143967191884,0.002969199767107361,0.003634866422286591,0.004302346883065767,0.004977082566244715,0.006283022598203972,0.00800069650135038,0.009796364045294353,0.012651294059605281,0.016625342129081292,0.022416823409700602,0.03366785954614956,0.05335671933353526,0.08652940995090025,0.1410687305355987,0.21486341136929638,0.36960460851726845
0.00196303761491836,0.0017020243032394643,0.002066355384124589,0.002301992401612481,0.0026083205243467404,0.0032010382529508987,0.003786505611786199,0.004542356660189667,0.0056752269365737615,0.007487819378788313,0.00919346886691221,0.01216430787970187,0.015832994982744125,0.02184173892868537,0.03333901278965227,0.05283163191322755,0.08746664829906323,0.14187342304457534,0.2184391403961602,0.37168295583074734
0.001800913864137899,0.0015382051012606396,0.001681336082414457,0.002040069427584782,0.002396990988183542,0.0028445017773606647,0.0035094267151258643,0.004020349964307845,0.005640085371289012,0.006761580021089174,0.008542564254939832,0.011280170742578024,0.015291461784028028,0.021797580180526206,0.032719017577933926,0.05246384583887438,0.08673556279464147,0.14325780607382657,0.2209000221037718,0.3747785093361261
0.0015985574964743027,0.0013668300224667024,0.0014501070834381836,0.0018664923882955897,0.0022376184208858863,0.0025743474065531807,0.0032514261196691365,0.003937556687238514,0.004973088836709978,0.006352591455411471,0.008079685285124363,0.01044946078103021,0.01458615826624401,0.02071245336031993,0.03206709958669233,0.05185807416365391,0.08842032467191549,0.14346646197406465,0.22146810217009164,0.3792835638237205
0.0014425918929228032,0.0013359340963282607,0.001435360855865546,0.001708332504777004,0.00184572220886489,0.0023573180806658344,0.0029574941564181776,0.0035920176581924934,0.004485050734763753,0.005938489183272441,0.007578126836005502,0.009736591397596764,0.013655813482630145,0.020478296946152275,0.031905143255882916,0.052128546145766855,0.08725692416992213,0.1448521343309754,0.22246466282578084,0.382845449237216
0.00136912470067353,0.0011484731637089714,0.001206348976683282,0.0014649815159122315,0.0017019106252758153,0.002054591360588019,0.0027273976864143766,0.003407438488862521,0.0042936618750316485,0.005255847265729561,0.006930628603673666,0.009455460944677958,0.013544748855144078,0.01979895389468049,0.03162732317130517,0.051596287266597686,0.08798027881672901,0.14442366541992516,0.22443878547606477,0.38557409189232206
0.0011798000854088412,0.0010241822827322146,0.001069420016068443,0.0012503709494133567,0.0014729405974276012,0.001845699520118125,0.0023396955681497396,0.003096070469531481,0.004022539248257443,0.005048531040323105,0.0063966154937427164,0.008636788048552755,0.012795040496818883,0.019586129025253505,0.030937181073979976,0.05142806476595806,0.08751329989360083,0.14583559522000009,0.22754941769989645,0.3869726185047662
0.0010540862141099042,0.0008910831913094034,0.0009961295837808367,0.0010631419375988207,0.0013474916551508057,0.0016952314371252062,0.0020846275471486245,0.002669627284532643,0.0035407878841664303,0.004607552111160817,0.005976777502685022,0.008269686690078729,0.012333895391904546,0.01871636930689304,0.030461642672017997,0.05150171062616707,0.0878604404341676,0.14687477926673992,0.22722078034980442,0.39083415891345796
0.0009383033883780552,0.0007032755646995438,0.0008587555095945586,0.0008894899173063641,0.0012112972451123255,0.0015457599172702063,0.0019597704682115837,0.002491294930992215,0.0032361523414194964,0.004597505812418872,0.005778068649819388,0.00770348889764719,0.011820091624693111,0.01867928826343365,0.030347515755903717,0.05076962572723033,0.08741769506405411,0.14635363371094467,0.22954986748046557,0.39314911973040506
0.0007525448135009434,0.0006060156551029234,0.000716364774390321,0.0008827929542991836,0.0011704242652286305,0.0013223804294932447,0.001760158902731775,0.002409590604767444,0.003039123285292271,0.004052164380389694,0.005405297843126969,0.0074368070391884105,0.011469072398067263,0.017894647344113786,0.02957537297097818,0.051042799177265896,0.08760815570441635,0.14763445859284968,0.23099326870372344,0.3942285601610736
0.0006687899240471551,0.0005422621005787744,0.0007338613761166081,0.0008730419819318268,0.0010592186364638727,0.0012472028313311812,0.001532794204302669,0.0022033916686850868,0.00282880062468594,0.0038627136964561365,0.005151489955498359,0.007074712872217743,0.010859702334257587,0.017804272302336426,0.029594857909254257,0.05149501661129569,0.0880904782390219,0.1475079441397735,0.2304216268586033,0.3964478217331419
0.0005984018512492317,0.0005025852406262427,0.0005857468272046859,0.000737607115739234,0.0009635896879632638,0.0011190656976533967,0.0014860613949452216,0.001907292909570814,0.0025997035108652417,0.0036446469248291574,0.004747441877282424,0.006833712984054668,0.010302997432837984,0.016905304262935246,0.029168022562100007,0.05078822721191742,0.08860143905701993,0.14869291680225616,0.23162490508731964,0.39819033156163
0.0005186768859868685,0.0004680742629637594,0.0005259058321330269,0.0007174729050062258,0.0008783169567582516,0.0009939800950967861,0.001498199088791338,0.0018289233749780875,0.002407239066670764,0.0032204955081135884,0.004574115673981757,0.006464485091202191,0.010136789733450679,0.016968143841570416,0.028993495755704993,0.05041467042330903,0.08925218359354525,0.148504240680533,0.233364839490287,0.39826975173991674
0.00045217605203280275,0.0003725930668750295,0.0005353764456068386,0.0006583683317597609,0.0007542296547907151,0.000958613230309542,0.0011521445805795817,0.0016911384346026818,0.0021216100361379103,0.0029282921129644307,0.004261307114357133,0.0062725861937990395,0.010087143368747765,0.016710618178924254,0.02870775319145857,0.05074500526332924,0.08903346464525885,0.14898839173639222,0.23358329625489704,0.3999858921071765
0.0003908356282863666,0.0003781696588511603,0.0004487372028473098,0.0005772063214044026,0.0006532021380156403,0.0008051937712381164,0.0011580314912188639,0.001389637789462637,0.0020120797159927767,0.002746705943234744,0.004215958397718678,0.005985575270237505,0.009499477076404745,0.016606895353760524,0.028594330712080798,0.050238663052643365,0.08880834940705172,0.14989089172043674,0.235055060778559,0.40054499857055503
0.00032907940939286664,0.00035258508149235707,0.000439375255398168,0.00046107279887462073,0.0005822174166181486,0.0007196351919690158,0.0010017032571629017,0.0012855794509798247,0.0018370586810063315,0.002504258142907254,0.0037952619797561923,0.005977673227762729,0.009937474912215359,0.016488324913481046,0.028101935059252372,0.05038169595232326,0.08840483276618365,0.15097512376640426,0.2346462757974751,0.4017788369393446
0.0003327203322863493,0.00035441948439198065,0.0003923930005768359,0.0004394078301390374,0.0005515201160181334,0.000632891936414251,0.0007884025265046103,0.0011988781538361394,0.0015948876797639137,0.0023706323675402384,0.003960095259277743,0.005804523188256421,0.009229372695595255,0.016590810047430727,0.02842408099570176,0.0501829057696237,0.0884439357198784,0.15066263785742573,0.2352386997144752,0.4028067853248633
0.0003433743213839069,0.00032710922194993246,0.0004228925852833381,0.0004301215183651046,0.0005656640136482258,0.0005801218798117587,0.0008873515357868333,0.001209039057925441,0.001525304880252723,0.002284342853838202,0.0035186831775498245,0.005618688237802984,0.009459058937491419,0.01601750847592405,0.02835910447976984,0.05094590589374913,0.08925202229402965,0.1505172301620004,0.23463670996797575,0.40309976650546137
0.0002913404919854222,0.0002877213554390193,0.0003347701305422552,0.00043610595384153256,0.0004560112048467477,0.0005754427108780386,0.0007383038554661626,0.0010929792370136333,0.0014874651205715342,0.0021515766768364407,0.0035449442472015023,0.0055318502111766175,0.00913651021139376,0.016239065683709187,0.02842831757199367,0.05055752798497335,0.0897473480776956,0.15002225768976035,0.2345942405061001,0.4043462210785751
0.00026189925728983034,0.0003052480998757333,0.0003124729069733837,0.0003612403548825245,0.0004316822240846169,0.000512961303933185,0.0006827442707279715,0.0009338063173713262,0.0014413490159812736,0.002163829725746322,0.0033071554489495143,0.005340938646938129,0.009049070889807241,0.015858451579342837,0.028155073259543965,0.050474308585960755,0.08960747623038463,0.1515981273300003,0.23574184319278677,0.4034603213594195
0.00028736307330288607,0.00026025334940638745,0.0003361605763165837,0.0003397752061694502,0.0003361605763165838,0.0004735165107255104,0.0006289455943987696,0.0008440160706443262,0.0012777716529883045,0.0020657609609132,0.0032278644586097765,0.005073132998498121,0.008825118785773538,0.01567845698680841,0.02762661596545861,0.049999367439775746,0.08919641356425997,0.15138069823804867,0.23710706714355684,0.40503554084802834
0.000257024739536197,0.00022444413874991859,0.00023168427225798044,0.00028598527356844453,0.000360196642026079,0.00042897791035266693,0.0005194795792034405,0.0007638340851005298,0.001234442763124552,0.0018245136440315955,0.0030082754725997145,0.004917860685351038,0.008512586972103766,0.015186180033159812,0.027436485928800526,0.04943020149291553,0.08804545355816364,0.15208624447034802,0.23663290351074076,0.4086132248278661
0.00023852375479758013,0.00020419079009186783,0.00020780478637667967,0.0002294887640855506,0.0003650136247659937,0.0004065745820413296,0.0004987314873040311,0.000639677342411692,0.0009721650006143796,0.0017256832259976438,0.002752058170884201,0.004568091304002139,0.008342910423488085,0.014802928782589212,0.026996552247544294,0.04929671632297562,0.08845617306705408,0.15142644433361524,0.23783167450903858,0.4100385974803218
0.00021692522948881573,0.00016450163236235188,0.00021511751924307556,0.00022777149096325658,0.0003398495261991447,0.00033081097497044407,0.0004284273282404111,0.0005947366708485033,0.000979778953191151,0.0017317864154190454,0.002669988032958173,0.004439736363537761,0.007926809427570475,0.01439298897658292,0.026739649954988017,0.049637915637778245,0.08830664550440542,0.1511209611233834,0.23818209426847392,0.41135350496939554
0.00020225660584521592,0.00013363382886201765,0.00017336280501018507,0.0002130917811583525,0.0002654617951718459,0.00037923113595977984,0.0004117366618991895,0.000539952903104639,0.000924601626720987,0.0014627486672734366,0.002511954810095495,0.0044875684421907275,0.007564758231121511,0.01410559239515162,0.026694260246464117,0.04870411303254886,0.08810442219621781,0.1521385024343027,0.23976256519163813,0.41122018520926334
0.00011909616835145639,0.00013353206754557233,0.00017864425252718454,0.00019849361391909403,0.0002598461854940866,0.00032119875706907927,0.000492625059999206,0.0006008943039550754,0.0009563783216101802,0.0014453944068108574,0.0025028240227798495,0.004208064615084793,0.0077195970940534915,0.014065979277266707,0.02637077885285126,0.048387329611277334,0.08891070313656,0.15197392876605542,0.2398308112614449,0.4113238802253445
0.00010119701613369573,0.00010300410570751169,0.0001355317180361996,0.00014456716590527955,0.0001933585843983114,0.0003072052275487192,0.0004788787370612387,0.0005963395593592784,0.0008005406812004859,0.0014257936737408206,0.002329338460648818,0.004291837737812988,0.0077198866593419305,0.013652561730179844,0.026141357774822183,0.04913657260163071,0.08858172381888625,0.15180455964841263,0.2405904845891401,0.41146526051003274
0.00011026354795560538,0.00008134196160659414,0.00012110914283648459,0.00014099273345142985,0.00017533711724088065,0.0002693322728751673,0.0003759806225371461,0.0004916669679331912,0.0007591916416615449,0.0012870105925310003,0.0022432305411951847,0.004132171649614981,0.00750153645927479,0.013528072014750005,0.025722135859151885,0.0483713531687213,0.0887025053324175,0.15250714001662985,0.24054806406131382,0.4129315642963016
0.00005965983049376645,0.0000741228197043765,0.00011208816638222786,0.0001138960400335541,0.00017355587052732063,0.0002802204159555697,0.00028564403690954854,0.0004610077810881955,0.0007574990599057012,0.0012962454080009255,0.0022363397066905784,0.004015287379595615,0.00724234184721298,0.013826617685343203,0.025980952243209624,0.04917958693702814,0.0892782245234445,0.15366383674177778,0.24077622863093343,0.4101866448757629
0.00006141086033002919,0.00005237985145796607,0.00010656590469034478,0.00014088373840418465,0.00019326358986215063,0.00023661243244805363,0.00030163569632690805,0.00044974424182874303,0.0007387365257347629,0.0011938993728867438,0.0021024188654162937,0.003874302806115076,0.007174233447966938,0.013999869953472242,0.026728173857757994,0.049269572002427535,0.0893708637979366,0.15411958500708028,0.23997377395023553,0.4099120740976217
0.00007932372915273243,0.000054084360785953934,0.00010456309751951093,0.0001460277741220756,0.00021273181909141882,0.00021994306719621268,0.0002487880596153881,0.0004470973824972192,0.0007391529307413703,0.0011051237720596586,0.0019794876047659143,0.003885059916457692,0.0071373328117197215,0.013906891970094957,0.02713051818226069,0.05009113214792435,0.08964663081474486,0.15410617481147096,0.23965681670269284,0.40910311904508656
0.0000721533258173619,0.00007756482525366403,0.00012085682074408115,0.00012446448703494926,0.00020563697857948134,0.00017857948139797072,0.00029943630214205176,0.00040225479143179255,0.0006764374295377678,0.0010985343855693351,0.001964374295377677,0.003723111612175874,0.007215332581736187,0.013923788049605403,0.026709357384441947,0.05032153325817362,0.09032874859075536,0.15390124013528753,0.23988635851183776,0.4087702367531005
0.00006863393189346568,0.00007224624409838494,0.00009392011732790042,0.00009030780512298117,0.00013907401988939104,0.0001625540492213661,0.00028537266418862054,0.0004118035913607942,0.0005562960795575641,0.0008976595829224326,0.0019958024932178833,0.003827244781111942,0.007230042878145873,0.014254183960611348,0.026386134500832638,0.04996550241844302,0.09070696562162475,0.15357203492383448,0.24002550292416672,0.4092587174124284
0.00006489128906545728,0.00006489128906545729,0.00010274454102030738,0.00011355975586455023,0.00012437497070879317,0.00014420286458990508,0.0002307245833438481,0.00036771730470425785,0.0005353531347900225,0.001011222587936709,0.0019629614942300823,0.0036681603680057103,0.007262416767909096,0.013800214141253915,0.026792892240804368,0.04948862059144803,0.09048549499435807,0.15474409399142705,0.2408259940083709,0.40820946908110334
0.00006492148107538828,0.00007574172792128631,0.00006131473212675559,0.0001244328387278275,0.00009918559608739873,0.00012262946425351114,0.0002164049369179609,0.0003660850182862171,0.0005031414783342588,0.001063990939846641,0.0019061668193523721,0.0035977320762611005,0.0071792337822533525,0.014154686248908956,0.026637644360126667,0.05024020947997894,0.09052398848725732,0.15448066421888645,0.23974420936456298,0.40883761694883464
0.00004863051078246492,0.00006484068104328655,0.00006484068104328655,0.00008645424139104875,0.0000828519813330884,0.00014228927228943441,0.00023594803379640392,0.00029358419472376966,0.0005277310984911932,0.0010176384663738026,0.0018119368091540633,0.00364728830868487,0.0071018557042688574,0.014266750959552021,0.026541452107051968,0.049590513087911355,0.09081837945126774,0.15497643221357082,0.2401356611137827,0.4085449210834876
0.000036044738729711316,0.00006488052971348037,0.00007028724052293707,0.00009551855763373501,0.00007749618826887933,0.0001549923765377587,0.00016760803509315757,0.0003045780422660607,0.0005118352899619009,0.001048901897034599,0.0018454906229612195,0.0035413955801941372,0.007497305655779955,0.014365630620726441,0.02658119257622562,0.04980481773977862,0.0901010334026594,0.15382813147678892,0.2392757891094426,0.4106270703196808
0.000039648783863665854,0.000039648783863665854,0.00006307761069219568,0.00006848426303724101,0.0000829020026240286,0.00013696852607448205,0.00018202396228319325,0.0003225969232543722,0.0005442696694012312,0.0009713952046598135,0.001841866232212114,0.003840525382430543,0.007439553626782392,0.014383497455268963,0.026743104716042625,0.04960783748323939,0.09026225868308367,0.15328580285182883,0.241331334073444,0.40881320376591346
0.00005583985849099086,0.000045032143944347475,0.00003602571515547798,0.000055839858490990866,0.00012428871728639902,0.000142301574864138,0.00022516071972173733,0.00034944943700813627,0.0005998281573387083,0.0009907071667756445,0.0019129654747558804,0.00377909751980964,0.007559996325377052,0.013992387766387643,0.027165190512988165,0.049704679200012966,0.09002105703050833,0.1534515337047585,0.23991865393517892,0.40986996518114627
0.00004506518227964929,0.000032446931241347484,0.000036052145823719426,0.00007390689893862484,0.00007570950622981081,0.0001225772958006461,0.0002091024457775727,0.00034610059990770653,0.0005840447623442547,0.001112208698661744,0.0021288792108906324,0.003844961352099677,0.007587174088601751,0.014426266151361326,0.027212159667743426,0.05001694450853715,0.09071080410706045,0.15345595869866174,0.23878057221965857,0.4091990655283803
0.00004323747824614376,0.00003062654709101849,0.00002882498549742917,0.00005044372462050105,0.00008467339489869818,0.00009007807967946618,0.00019997333688841478,0.0003350904564076141,0.000625141872975495,0.0012106493908920252,0.002145659857964884,0.003958030821115743,0.007699874251000766,0.01459084734647993,0.027821515689799917,0.05036445591038311,0.08958805492600985,0.1530750854840976,0.2394095201720852,0.4086482162738662
0.00006670861496688908,0.00003425577525326737,0.000028846968634330414,0.00005589100172901518,0.00006310274388759778,0.00009014677698228255,0.0001622641985681086,0.000329937203755154,0.0006833125695257015,0.0012458284578951441,0.002255472360096709,0.00421165742061224,0.008010442602645627,0.01475522445646001,0.02720990316433217,0.049932299770486306,0.08975914584125873,0.15173325208103838,0.23843101337597883,0.41094129461589335
0.0000558514279948977,0.00004684313315701098,0.00003963649728670159,0.00004504147418943363,0.0000792729945734032,0.00009548792528159928,0.0001909758505631986,0.00039456331389943846,0.0007675067201879491,0.0011963015544713576,0.0025223225546082842,0.004208675348260678,0.008179531712801148,0.014912331274637683,0.027999582015119515,0.05062301367098826,0.08952623575788586,0.15233567068556722,0.23815589394714656,0.40862526214137973
0.000055908641672498,0.000048694623392175674,0.000048694623392175674,0.000055908641672498,0.000111817283344996,0.00013165583361588238,0.00021281353926950845,0.00043644810595950043,0.0007863279925551329,0.0013490214184202745,0.0025176923798324916,0.004425800214977746,0.008249229903548573,0.014835628593482857,0.027671170618746344,0.05019153218534256,0.08970451381123798,0.15356300362865122,0.2376694392543591,0.4079346987065265
0.0000937088897298661,0.0000324376925987998,0.00005045863293146636,0.00007929213746373285,0.00013335495846173253,0.00016218846299399903,0.0002613036348236651,0.0004775549188156637,0.0008595988538681952,0.001380404029482259,0.0024598583554089858,0.004480005766700905,0.007970661909138418,0.014580742823160513,0.02719359896199383,0.050819051738119694,0.09010109747526626,0.1517092861905534,0.23940819231947522,0.4077472022490133
0.00006666330347297793,0.00004504277261687698,0.00007387014709167826,0.00011891291970855525,0.00015314542689738177,0.0002216104412750348,0.00030268743198541337,0.00043241061712201916,0.0008810366323861138,0.0014683943873101896,0.0025205935556404367,0.004560130299732625,0.008131121312798636,0.014820873901857207,0.027607616192336253,0.05069473972484273,0.09028013001145888,0.15285895486353843,0.23777539151177957,0.4069866745461492
0.00004145137483396922,0.00004145137483396922,0.00010092508655227289,0.00013516752663250833,0.00013336529294407488,0.0001982457057276789,0.00036044673768668897,0.0005749125466102686,0.0009623927896234593,0.0015823611784445636,0.0026637013915046305,0.004712841095253458,0.00803796225041316,0.014895461434902417,0.027646264780569033,0.05034720032007669,0.08992605435176358,0.15274831626317656,0.23782095529198882,0.40707052320646214
0.00007027736131934032,0.00006487141044862184,0.00010631703379079691,0.00013514877176796217,0.00019101026409871987,0.00023065390381732203,0.00038021854457386694,0.0006234863337561988,0.0009946949602122018,0.001551507899896206,0.0027966785837850302,0.004649117748817897,0.008290926652058588,0.014709592319225003,0.027793795409987318,0.05009694671894822,0.08904321877522776,0.1523451014877177,0.23813213585514934,0.40779429996540195
0.00007034226018700219,0.00008116414636961792,0.00010461156643195198,0.00015872099734503062,0.00017315017892185154,0.0003174419946900612,0.00043828639039593685,0.0006962080110816117,0.0009974171764977491,0.001655748585940206,0.002792046635114857,0.004799506521990074,0.008213811612605332,0.014661852129747199,0.027788800069260076,0.049212527415445004,0.0892733464157913,0.1525002164377236,0.2376666570472123,0.40839814440724925
0.00007212054227435737,0.00008654465072922883,0.0001496501252192915,0.000164074233674163,0.0002073465590387774,0.0003461786029169153,0.0005391010535008214,0.0007392355583121635,0.001177367852628884,0.0017164689061297048,0.002819913202927372,0.004761758803664441,0.00832090756490398,0.014833392532278443,0.027207474573001312,0.04968744759991849,0.09060684027283196,0.15286309537761414,0.23680419453073873,0.4068968874576969
0.00009000981106940657,0.00009000981106940655,0.0001440156977110505,0.00019982178057408257,0.000246626882330174,0.00048425278355340744,0.0005796631832869785,0.0008676945787090796,0.001180928721230614,0.0019082079946714187,0.0028695127768926815,0.0048731311712976715,0.00827370183349985,0.014891223143322621,0.02729817550112962,0.050117462803445575,0.0893419382712716,0.15192395971160855,0.23684821645559365,0.4077714470877325
0.0001405663743606933,0.00014957703938381467,0.00020003676351329432,0.00022706875858265844,0.0003153732758092478,0.0005136079063179179,0.0006361529506323685,0.0008686281082288998,0.001245273906195373,0.0019408972459803416,0.0029807279896485483,0.004656711683949122,0.008183485973998827,0.014732437312803428,0.027455496325450815,0.05034078335117446,0.08916773893580442,0.1510493820485926,0.23799869525570463,0.4071973587938684
0.00017325142391014025,0.00013535267492979707,0.00020393136356089425,0.0003049946941751427,0.0003988392154598021,0.0004962931414092559,0.0007814361099280285,0.0009727345571621419,0.0014852700195629738,0.001961711435315859,0.0031257444397121146,0.004665155529247006,0.008157254542435774,0.014785926209331036,0.027292513372844284,0.05001732514239103,0.08900611433150216,0.1515173937210797,0.2382838724580768,0.4062348856179662
0.00018402118769439494,0.00021649551493458226,0.00023994919571916203,0.0003229391431107518,0.00043299102986916457,0.0005845378903233722,0.000840724249662628,0.0010626321524705746,0.0013440763218855313,0.0019845422202336704,0.003153618000880415,0.004878365603192588,0.00819435524027394,0.014806489092234303,0.027166578865707815,0.04969834958252448,0.08917630673084556,0.15187160372660952,0.23806748886852236,0.4057739353833052
0.00022528164711522344,0.00023429291299983238,0.0002811514955997988,0.00036946190126896643,0.000526257927661162,0.0007064832453533407,0.0009155446138762681,0.0011264082355761176,0.001382328186699011,0.002032941583567777,0.003267485009759202,0.004887710615811889,0.008149788866040321,0.015508388587411975,0.027495174467118796,0.04959620517571066,0.08933588772683608,0.1511585784547842,0.23631323881116179,0.40648739053564764
