0.09416286331972137,0.09332212346865239,0.10587316838818157,0.10046841220273843,0.10329089598846984,0.1043117943790536,0.10311073744895508,0.10401153014652895,0.092841700696613,0.09470333893826567,0.10251020898390582,0.10190968051885665,0.1021498919048763,0.0989670910401153,0.10040835935623345,0.09932740811914487,0.09692529425894789,0.10130915205380736,0.0984866682680759,0.10172952197934182
0.09341113406667043,0.08186945111396503,0.08308671617622422,0.07800547210899549,0.06864704896979172,0.06261656150538836,0.060595231447875375,0.05520129543804791,0.048645932212853904,0.045440839801217256,0.04380479088726338,0.04192863923167122,0.03823217376737953,0.035088502987324806,0.03349712435088503,0.029789491317214804,0.028566642470266343,0.026232620470154667,0.02393768496286783,0.024540733709308156
0.10121786754789627,0.08014796970601659,0.07753310616277354,0.07372748454931351,0.06740308361729652,0.06196746176362594,0.058378029655709616,0.053048786765084344,0.04701950166603183,0.04403745912130976,0.04309377477171417,0.04063676388331256,0.03737676340289146,0.034672678793868456,0.03333779438662232,0.03293973117006564,0.03045869922549251,0.028300235749508428,0.02586724591727834,0.02915469903332407
0.10104531611366814,0.07900265622495478,0.07477216001465503,0.06980032515857205,0.06459378076984727,0.059295642417164715,0.05466156030317602,0.05038812942227107,0.04539339607519866,0.0413546747269355,0.03994069290833734,0.039571454741132564,0.03633704288887362,0.034616793753291644,0.035143459046048875,0.03519211833940143,0.03448798974147604,0.034344874172792014,0.03162567836779556,0.038509537221497095
0.09939488620513,0.07741703144258519,0.07204303256861419,0.06554300467149878,0.06071680370067917,0.05512216400460555,0.05107201006325036,0.047163877800489966,0.043362261796675676,0.03891647603637783,0.03803898495077426,0.03707019421464549,0.03479277515432176,0.03557643048799663,0.036694851206930654,0.03835853372761257,0.039826936440226626,0.03898495077427177,0.039005239585499576,0.05091984397904166
0.09913831927222505,0.07518401075311035,0.06920005265698363,0.06324380876276875,0.057225207914252285,0.051315154356557056,0.046370478832123536,0.043153321893526636,0.03972830844059115,0.037063126023404634,0.03590836761041223,0.0348159661517214,0.03460118108690482,0.03576286805037518,0.03812550376335766,0.041478922194687656,0.043070179287791194,0.04474919802028219,0.04702176257705125,0.06284657186869935
0.09841738736389402,0.07457345981694366,0.06733157487484878,0.05996571433457166,0.053679296502605625,0.04819017001757033,0.04165793849955326,0.03899887566957511,0.03577978513746328,0.03466186724350944,0.033355848441968726,0.03358456204551187,0.03334302338008781,0.03534373303351189,0.03967646643895057,0.043487647327898366,0.04712782739176716,0.05009255419657399,0.055246091562391804,0.07548617672080266
0.0986345072482936,0.0724929561094478,0.06560537379712794,0.057771926238542416,0.05074406730071702,0.044752251439839366,0.039473842417246795,0.03543788350627438,0.03260830357464921,0.03141795620964542,0.031271667728761124,0.03140392854709487,0.03189088883277825,0.03487677700425238,0.039798482607702405,0.04537748439923528,0.050483553567635384,0.05593630639621331,0.06343108610179272,0.0865907569727503
0.0995473558866634,0.07300126709819249,0.06452086895456763,0.054882144601856364,0.04852947911577919,0.04182950659501707,0.03685080300439667,0.03205338605276014,0.03018517953102102,0.028883732291157788,0.029011587078651684,0.029398968001954073,0.031021006350757205,0.03473261174890084,0.03978573827552516,0.04604871458231558,0.052687622129946286,0.060669959086467995,0.06884694064484616,0.09751312896922325
0.10025138648466872,0.07322366414177607,0.06382423527422809,0.05457916652884513,0.045865170108529855,0.03965033757088623,0.03406397124491439,0.03005612093012999,0.02783811298425894,0.02674289116508815,0.026766780231613697,0.027630461867536957,0.02974005020379212,0.03349982175081131,0.03915234241485384,0.04627495948046793,0.05501284496730873,0.06479082365826137,0.07477094060443015,0.10626591838759829
0.10132997039541354,0.07411163880615705,0.06392086363107857,0.05363349343064388,0.04496498430330838,0.0371389984526908,0.032357544697559186,0.028407881438550355,0.025746151850957463,0.02513259456026903,0.025075353063761664,0.02602341534966504,0.028533097212160248,0.03222696253365174,0.03857361345890687,0.04699884622608602,0.055992916364807216,0.06718899532229643,0.07969626230915774,0.1129464165928788
0.10323538976734378,0.07496154623680487,0.06493280479551389,0.05320946094416072,0.04331783463563413,0.03604018528121788,0.030420222724196425,0.026697019503748694,0.02426762061297496,0.02345020347534125,0.02319355207298744,0.02403557961906603,0.027090786038866867,0.03176852152971267,0.03776642964499484,0.04544311919348176,0.05752507185360325,0.07035939985761122,0.08339764267444823,0.11888760953829115
0.10559992778542554,0.07652835376809054,0.06564408977521477,0.05349086294680598,0.04278713539017569,0.03452064972285922,0.029118444053667928,0.025240382528933562,0.022808348421434536,0.021537649658629893,0.02176852798575151,0.02264690718517657,0.02601981387387793,0.030467259543694156,0.03662459357602752,0.04542227298845087,0.05709985574444372,0.07185176569842432,0.08715222867022765,0.12367093068268813
0.10889052824536699,0.07743551912286398,0.06585914030082764,0.052962105071286215,0.042498310488384934,0.03374896178866401,0.027790531512615884,0.02369959193780533,0.02165154274335417,0.02027929819493094,0.020165804284910986,0.021667019185629605,0.024385714212016955,0.0284697753680384,0.03580732861129882,0.04469596529149881,0.058162189675837334,0.07286309023281726,0.09012448218403556,0.12884310154781625
0.1108650066875789,0.07892198280727798,0.06638148960261074,0.053392877300886314,0.04188545254897668,0.03322067642038361,0.026319300250057298,0.022570151163228244,0.020632292625191135,0.019128870158346814,0.01861404631020104,0.020050764025956694,0.02322864678294958,0.027916793519718947,0.03457358560272018,0.045210427834011205,0.05745331522612913,0.07449039280546497,0.09232792739786476,0.1328160009304458
0.11310845089377738,0.08036585843683934,0.06756864956397157,0.053357478581881175,0.04174595359819285,0.03274770316335692,0.025611453433798458,0.021316756473135575,0.019110634868987033,0.01767282279647634,0.017483726658977888,0.018790363933404084,0.021887452023243492,0.02650241991948933,0.03399130839195031,0.043710168431847884,0.05843070648701967,0.07524152346751208,0.09322780292434618,0.13812876595179244
0.11436521018760115,0.08196832629114757,0.06832306571895652,0.05380524183075327,0.04115646893657619,0.031587131558442214,0.025003862026350045,0.02051542349028721,0.0177500428642485,0.016475149770230655,0.016230696234227224,0.017544633990245626,0.02044242694828619,0.02566762128035935,0.03311836134646365,0.0440848185866172,0.057972835100811616,0.07612011496106567,0.09716688537336035,0.14070168350396983
0.115779730509487,0.08372379506808332,0.06948780557966858,0.054079161780607045,0.04072139391878057,0.031018652479749283,0.02390319594833552,0.019278572238382172,0.016606680237644406,0.015567705134127623,0.015280041017518743,0.016425621058367045,0.019276880096519764,0.024891406795980144,0.032088086136789366,0.04349650657312507,0.05780695030348565,0.07678939771594692,0.09843189213610913,0.1453465252712926
0.11740186097908384,0.08521405314621036,0.06978587081959788,0.05392006947835473,0.040946946720307395,0.030302159877939775,0.023085670258296602,0.018709480111989918,0.015930007992038375,0.014674599004121052,0.01450394448490215,0.015440009867548435,0.018459412103629537,0.02370070238696672,0.031040536362084967,0.04233245865852032,0.05732809091661752,0.07745518629221798,0.10140595668754507,0.1483629838520273
0.11926469473205334,0.08646745128434107,0.07045552195047979,0.05390609861919645,0.04030531007000901,0.02990084162461352,0.022229336388680607,0.017654740141028982,0.015064996335268194,0.013804665582692362,0.013433980067228873,0.014581420231004472,0.017356506794497004,0.022387720199833185,0.030158636551276763,0.04127751708102006,0.05713948727453474,0.07916494662971044,0.10308764185039469,0.15235848659213644
0.12155281281045316,0.08671807910555827,0.0705820943272323,0.0544073818383876,0.040089915640943614,0.029429692367273396,0.02179864958157235,0.017109228981797977,0.014396605431982349,0.0130461870043274,0.012812136927713883,0.013674249440132015,0.016262270790887195,0.02152587179444004,0.02889087204701208,0.04097728535587399,0.057391099361834695,0.07971846638266344,0.10525349812254799,0.15436360268736637
0.12252580326804968,0.08759745052447171,0.07118322632059434,0.053893061236841976,0.040015871174483714,0.02932636615673794,0.021441216969379062,0.016521825386817852,0.013646856280126225,0.012132033376541933,0.01201266331421731,0.012759146520867065,0.015876218289174817,0.020461037443530398,0.02785357496523978,0.04037230009297414,0.0574237250520773,0.08054284796793482,0.10624608054284797,0.15816869511709192
0.12392895409491377,0.08811042479082909,0.07111476103626527,0.05439452108167659,0.03999858929273186,0.02908744033883845,0.021390688660264744,0.015816715537597028,0.012698044826902859,0.01149726423554781,0.011223519848987146,0.012300023847670491,0.014810746902321955,0.019810360637236627,0.027822842037733057,0.03990622155493531,0.05722433268507975,0.0807545940353953,0.10757818509151128,0.16053176946356176
0.12465834559569933,0.0880608459438554,0.07156747433292446,0.05442980417686665,0.03965456201960747,0.02837765961909204,0.021068897997808714,0.01587088525613384,0.012635969644142502,0.011015156116557637,0.010770188440545843,0.011575561621954472,0.014090674953061847,0.018711503581393868,0.027261882190682166,0.03980389163032699,0.057901298160896786,0.0813829599813422,0.10886799765770637,0.16229444107940139
0.1250276405985111,0.08861408363877592,0.07238988990665852,0.05445365425464194,0.03965337014279299,0.028556926231430548,0.020306626372816397,0.01533801939197384,0.011851953603999009,0.010642468020665118,0.010034374853421065,0.010751355226920938,0.013667857166788401,0.018145634125585477,0.026265269336692643,0.03943057016691571,0.05771021931558526,0.08219978959641376,0.10952880317883637,0.16543149487057496
0.12633289224636104,0.08869030669503024,0.07219309559303866,0.055166580124286026,0.04002780522939313,0.027967705733572296,0.019979564831409863,0.014741796619822113,0.011596120667995516,0.010215909281251571,0.009726805246143277,0.010634662735967571,0.013138808395169262,0.017472069144570442,0.02578683774141137,0.039029496993350205,0.05749652434632588,0.08232692919716587,0.11090768998844241,0.16656839918929328
0.12648837427339207,0.08974947094907716,0.07234101684926734,0.05491749484342772,0.039774249283437355,0.028064812086469697,0.020041989231469826,0.014568990919075299,0.011310974793067426,0.009429160751118375,0.009404047574401971,0.010261244006321826,0.01261853419410142,0.017107095979212988,0.025310733706570943,0.03860899788379631,0.057519219951246946,0.08226741849937051,0.1123965337119284,0.16781964051324644
0.12666670012194453,0.0901469188525509,0.07242900371855414,0.0550506596544404,0.0402600813297804,0.027709333855235663,0.019511118025201862,0.014076308143181896,0.011199154250576682,0.009379187137114784,0.008616406802796192,0.010001455304585214,0.012294814599214136,0.01694342545244081,0.024982728712824913,0.038226000438264136,0.05778897414408853,0.08291723331543478,0.11174230068600045,0.17005819545576967
0.1279206173611088,0.09004742504403278,0.07294065352312262,0.0547978169105876,0.03962614760919624,0.02761113469180406,0.019197283504172675,0.01399022088239324,0.010821866989295107,0.009020450588050491,0.008652814587796494,0.009568562442974642,0.011782733808140801,0.01666895046606218,0.024726863162538554,0.03800520706262178,0.05756177120340629,0.08390121954887719,0.11287762065980636,0.1702806399540121
0.12745767351646572,0.09014794030309152,0.0733291826143854,0.055462173652504686,0.039634914779508375,0.027394745056276745,0.01940767126305932,0.01375579417552867,0.010570979797794334,0.008608012445480082,0.008302550689125065,0.009370832241404923,0.011445635318723474,0.016232872024877602,0.024692326566993775,0.03778879072197471,0.05825973596753758,0.08399697542785506,0.11315271585546816,0.1709884775819447
0.12806437673000784,0.09100904818077006,0.07297442049430461,0.055437000602322206,0.040143689715640536,0.027117846589705133,0.019177538220763596,0.01379334509057358,0.01009598780005573,0.00827567335783778,0.008150537167951121,0.008661092822688694,0.011015321675089723,0.015590300777346008,0.024354839517007676,0.03789290678021245,0.05880900379913472,0.08460374374110491,0.1134651545765642,0.17136817236091942
0.12785958684152138,0.09152846616207705,0.07341462153275355,0.055299108654707545,0.04009969454365891,0.027474388211487233,0.01900302119843652,0.013396037241984484,0.009804297742359006,0.00803595409646815,0.007568844454157359,0.008294532648461627,0.010835275452887821,0.015671528499527052,0.023809245768070062,0.03840809033900482,0.05813179498557799,0.08483378403852986,0.11420497104754344,0.17232675654078614
0.12925672465386887,0.09137360484791902,0.07352232660103857,0.05589110520217723,0.0400453450474706,0.02762546991306087,0.01857146429494286,0.012831648175778742,0.009385757987480097,0.00783702456467921,0.00714184497661896,0.007947052988688745,0.010220973751552481,0.015262276087989397,0.023997866115413147,0.03801815468996157,0.058611808050413015,0.08438346572864656,0.11490468370995839,0.17317140261234146
0.12952981880724768,0.09215631374745009,0.07396870791834996,0.05527445568843913,0.03998006746396811,0.027275575643640918,0.018630921429809478,0.012806154420489846,0.008959641614335427,0.007678026212284839,0.006968054611148888,0.0078096876124955006,0.01036791861658867,0.015032732024052371,0.023709051637934485,0.037868485260589585,0.05828766849326028,0.08514826073623723,0.11462541498340065,0.17392304307827694
0.12993129931299316,0.09193258599252661,0.07351406847401808,0.055408887422207564,0.04020873542068754,0.027521941886085522,0.01863018630186302,0.012486791534582022,0.009178425117584505,0.007478408117414506,0.006803401367347005,0.007761744284109506,0.009960099600996015,0.014506811734784015,0.02351190178568453,0.03781537815378154,0.05871725383920507,0.08471251379180457,0.11551782184488511,0.1744017440174401
0.12952704446497998,0.09169559679312668,0.07406278878093858,0.05553418750052035,0.040212459518635994,0.02708525853959057,0.018605193269895185,0.012797522415644748,0.00902286936903186,0.0072296177893220745,0.006725109684724062,0.007352830989784959,0.009680561452583732,0.014584113822356535,0.023508745639667983,0.03747179832996163,0.05818327131047228,0.08568978579218596,0.11581374826211112,0.17521749627446576
0.1291969441650737,0.09176163421895712,0.07406803029192952,0.05613631368265406,0.03971985959677366,0.027278055668413945,0.01841793271568347,0.012581674315134636,0.009123212489759489,0.007348190676639648,0.006439033162602654,0.007125064107260606,0.009541158526432171,0.014558176090156456,0.023141888516641246,0.03729876980664584,0.057538347797707466,0.08659475552654543,0.11732461252572618,0.1748063461192628
0.12909457905605654,0.09159875995720093,0.07482689821232158,0.05609313300507366,0.039674047794564266,0.02714715274391918,0.018106422030561765,0.013044411570404712,0.009203806658490682,0.007010601600473921,0.006359961860197323,0.006880806460469895,0.009453412696959967,0.014360667413266066,0.02298205998199509,0.03724787710064282,0.05892033740080241,0.08689119007167022,0.11649280219387068,0.17461107219105843
0.12976170868333362,0.09161979200460509,0.07443380232950847,0.05625125817083174,0.03947786534369484,0.027540839601311654,0.01826240161312058,0.012501019014392645,0.0089839636249295,0.007128941506078318,0.00625716429506664,0.007103986051564622,0.009178616170136305,0.013981709315538427,0.022855868940607676,0.03719860049811087,0.059312460591178076,0.0877749883125288,0.1159996073675157,0.17437540656594647
0.12966960594197072,0.0917323319174697,0.07453574196466882,0.05581740348122845,0.040056080175358645,0.0273997891172528,0.018467208398056146,0.012468359272354734,0.00895420119012377,0.006847036831303779,0.006264947229419806,0.006664094384997388,0.009082260902538242,0.01376558752798188,0.02308899983701491,0.03757305224503644,0.059351518921238286,0.08737663858222929,0.11651604405254104,0.1743690980272152
0.12961953088111086,0.09183364701031475,0.0739357704815551,0.05642860468054826,0.03979097807364648,0.0274428564778176,0.01850971290243205,0.012289930636376331,0.00903788730240013,0.00669362293588354,0.006166579103127681,0.006657045761370511,0.008771871487759948,0.013649936488724255,0.022870709663689506,0.03702940139791309,0.05994666382916463,0.08723489861472268,0.11677595483051467,0.17531439744092794
0.1292606170284962,0.09144816069088028,0.07499617434348406,0.056353583808490974,0.04030245973080685,0.027681119886095232,0.018328221369119296,0.012608033213351874,0.008740793474427985,0.006741472112627328,0.006129367070079374,0.006576802549550569,0.008747446790107853,0.013942023007165622,0.02257470010179573,0.037652776761299,0.059375852456071486,0.08719336531360404,0.11622843494055266,0.17511859535199367
0.12871815592435734,0.09145221123132921,0.07471146827356517,0.05692983287524088,0.04036035496760097,0.027749926422539137,0.018840818281130746,0.012251270770044247,0.008864213419531199,0.006561280463978634,0.005886196868343735,0.006574582603794102,0.008762784603438272,0.013300477047989133,0.022633590896015507,0.037535313024291375,0.0595204246043029,0.0873568149356426,0.11660988315732937,0.17538039962953542
0.12829250138727824,0.09151218312737379,0.07493462347440925,0.05640822863674578,0.04047695788987503,0.028242326772974825,0.018491505205200875,0.012566913330830142,0.009161020638048311,0.006713762132454336,0.005735191012430677,0.006306716420390166,0.008607770751854966,0.013412571565281826,0.022724780610668245,0.03739337894460523,0.05942036690602062,0.08702969606145892,0.11695835507012814,0.17561115006197062
0.12832245418892702,0.09165367973989637,0.07513165341419252,0.05691012382806472,0.04019889499094649,0.027640163378028285,0.018757603368468573,0.012319738966921095,0.00868505914238153,0.006769798632099036,0.005778974953902631,0.006273556957424455,0.008524071040564024,0.01349976515653189,0.02281217999465586,0.03750192936771506,0.0591274444881491,0.08696510873335556,0.11625332556607233,0.17687447409170345
0.12826576501770307,0.09123715449152713,0.07528779917496464,0.05699519725785345,0.04098107467167978,0.027624070838785965,0.018400547366463176,0.012149675499372256,0.008584154272314815,0.006583011711250903,0.005628109659290945,0.006410298992287715,0.008444655537767623,0.013473252778349794,0.022504135141059794,0.03733916128046552,0.059157427643334946,0.08750390264316886,0.11706102737496595,0.1763695786473937
0.12839644613128612,0.09137145094188139,0.07498556821424067,0.05728423650876858,0.0406511887146753,0.027715663961674485,0.01815916766749166,0.012215594290984615,0.008604330199258175,0.00644619763915891,0.005522231585373136,0.006089550060049499,0.008539635987233675,0.013620619870080756,0.022921656968064273,0.03733353681598312,0.05929141590747731,0.08715969185649164,0.1172342063181363,0.17645761036169047
0.1288759319917854,0.09193328009642407,0.07563016839354583,0.056481483018698785,0.03981644887679529,0.027557571400822465,0.018635685220448953,0.012385052271229324,0.008576565688092588,0.006320361125545581,0.005712729874705107,0.005780797856356637,0.008452051087510523,0.013719848789469052,0.022474055307725383,0.037432409324317364,0.05880741575757172,0.0868464436139782,0.1176779189127717,0.17688378139220612
0.12921217755054612,0.09260980711131771,0.07466717572457755,0.05594933767139207,0.04009993028119917,0.027806181733674183,0.018903754855416482,0.012399986720228413,0.008414395272401315,0.006448989077387867,0.005482885694366058,0.006263072275156865,0.008429335015437734,0.013392649646426082,0.022555692042096877,0.037360977391188877,0.05884930779190599,0.08722651970386111,0.11721058397795556,0.176717240463464
0.12851576172694715,0.0925581557377729,0.07479832321700801,0.05565001882814301,0.040617364026800634,0.02788721693504374,0.018642349884957565,0.012366855169279111,0.008458563984997208,0.006368391280330312,0.005621901028663567,0.006026664631789534,0.008513306603452769,0.013365493239286623,0.022899003186683937,0.036947949723052126,0.05932275086634342,0.087168496120739,0.11771985382062004,0.17655157998808937
0.1292933919476653,0.09206200639579942,0.07479301606583656,0.05616985543900178,0.040769487356928424,0.028182009781225165,0.018009137330459044,0.01224395643421736,0.008305909725299255,0.00619499720370472,0.00558097390732895,0.006019087826905173,0.00865274991163043,0.013651231448613714,0.022665757248379065,0.03727287361243181,0.05904746731985467,0.0867482155985151,0.11753899462812588,0.17679888081807812
0.1294460815447299,0.09150110027511024,0.07501604395130598,0.056406718725903006,0.04089507836247223,0.027915646127645175,0.018597717198618312,0.012148629174951207,0.008208533226318383,0.006197028013485211,0.005588435752059182,0.006041148796662194,0.00827652309748587,0.01369912989547801,0.022595853281174604,0.037376187957169696,0.0586951582920281,0.08722437154972129,0.11766227606872612,0.17650833870895524
0.12942942195908688,0.0917004568936209,0.07452258348051775,0.05676923969916331,0.04060134165858188,0.02779836977702596,0.018899309269716495,0.01222418468121097,0.007962055440848447,0.0060764363955985645,0.005364975911506919,0.006058193819083393,0.008481139663507383,0.013756561108485285,0.022690448352778267,0.037141885784886856,0.05910428949310513,0.08729404545718379,0.11720026202973542,0.17692479912435627
0.12907562078058984,0.09068924422314784,0.07538541354156132,0.056753293895540124,0.040877620737494465,0.028210895505318134,0.01873157051149238,0.012152895760575358,0.008087012877229563,0.0058145606012136326,0.005275868413244867,0.006049927649495372,0.008701950728726215,0.013805437641821074,0.02270629010148961,0.03720622628718427,0.059687094426939216,0.08696315179682852,0.11764374379468034,0.17618218072542777
0.12882604637591788,0.09219812301372174,0.07448760860807593,0.05670580784846182,0.041011205220150476,0.027858044001916448,0.018660446517827396,0.011976107466665342,0.008169747729198063,0.005923398668105659,0.005182352151272957,0.005857085780693333,0.008473129189109434,0.0135957997417113,0.022849763180100815,0.03765908876145762,0.059661704804866086,0.0874501202749995,0.1171234795698284,0.17633094109591982
0.12954971080064304,0.0915759293326041,0.07530618671174533,0.056876978405343157,0.040990072755597545,0.02768690233513979,0.017994994945226137,0.011977328096256158,0.008082666268913966,0.005949717429854655,0.005053116558113326,0.005845307346823779,0.008331261704701769,0.01371583884386549,0.023092858681781268,0.037643978189893776,0.05955352259732509,0.08751719451764199,0.11745637150101923,0.17580006297751039
0.12955066692057393,0.09219649111186548,0.07508258886064631,0.05711754526863114,0.040548439712201616,0.027382243601950667,0.01809089328442858,0.011954064862269105,0.008012982389322645,0.005822204191125941,0.005072073787661761,0.005875193535300011,0.008178574089866617,0.013437766499143062,0.023197741329204574,0.037733380802954145,0.059515313092507814,0.08757648266668873,0.11738795651561944,0.17626739747803832
0.12974513638020746,0.0923971762834322,0.07507871275643788,0.056901865906605245,0.04057104033407351,0.02753123653597586,0.018258045272263275,0.012115136048785339,0.008013787160706592,0.005625890696980745,0.005171842375633843,0.005914227952142645,0.008121499353726845,0.013339740827892486,0.02297418221588838,0.038541079773307264,0.05982832333543234,0.08763464024127533,0.11716435223544229,0.17507208431379045
0.12968252889303736,0.09189900741578287,0.07504812052263614,0.05694883557453666,0.041137451444278834,0.027653757711303382,0.018429206877628803,0.012072821561973101,0.008239758742516657,0.005661725574586399,0.005003539614671082,0.005792699606912112,0.008100495214474123,0.012974718695962856,0.022892271371563383,0.03819799626309533,0.059710895547380266,0.08783881241368562,0.11746049640816147,0.17525486054581355
0.12909381864445524,0.09295391068393485,0.07503801846753275,0.05698794342454453,0.04027638349120522,0.02759196493355465,0.01839464328903644,0.012240455625242272,0.00796151437744138,0.005615799779343796,0.005037654020349404,0.005632365560403806,0.008239819499249566,0.013279130097704971,0.022903848893571492,0.03819903454627982,0.06022158388745871,0.08810013683335155,0.11761538894797348,0.17461658499736601
0.1292416798535223,0.09202077861823849,0.07530674973695327,0.05719753771716887,0.04023661775793076,0.027421479523781902,0.018220230155508242,0.01213411653590277,0.00812089377884193,0.005829280619050383,0.004806919578131082,0.005756373186634743,0.008155690507949398,0.01337354288696863,0.02278688660408779,0.03835428041192698,0.06019502738171184,0.08838700590715902,0.11751849611850772,0.1749364131200239
0.12990525722993337,0.09154602974790473,0.07505714380362409,0.05726471659986086,0.04014310796038029,0.027624474111372446,0.018420180872561035,0.01192069433862259,0.007905721005730943,0.005889952628614966,0.005007122271176333,0.005691191572531221,0.007847749031039854,0.013610163315334416,0.022993341504621196,0.038523205353297764,0.06016165899228143,0.08841719945671975,0.11677708947560209,0.1752940007287905
0.12941069268874564,0.0923192895839891,0.07511058831325901,0.057070196656670916,0.03996421411885553,0.027593233817657683,0.018283934458821382,0.01196673238456568,0.007945791017081129,0.005924551433920375,0.005031561159064927,0.005649530310309977,0.008075017810102883,0.013471064795639422,0.02280521546082605,0.03809539588131017,0.060468198611640364,0.08846899385344355,0.11734952534004872,0.17499627230404755
0.12943558542437136,0.09275791678265136,0.07498575045399716,0.05676621465781205,0.04002465502843281,0.02750162378547474,0.01848630055274984,0.012064063307750426,0.00794660728251216,0.005848941556978301,0.004972428785408466,0.005577206028552114,0.0079863734574038,0.013339894752190455,0.02278767513686192,0.03813907556898769,0.060668270569053946,0.08793958192494798,0.11694072188862818,0.17583111305523524
0.12996550702030668,0.0923395116006034,0.07491086967681253,0.056650951910195715,0.04011651109223355,0.027354274198489466,0.018268197406485602,0.01220253323861425,0.0077530547731295895,0.005797403836122746,0.004961160209375532,0.005598692479271919,0.00803787438461577,0.013323596476847643,0.022937914292479926,0.0386361114836949,0.06089012752301325,0.08709021992379419,0.11686711674788995,0.17629837172602342
0.13074263486525486,0.09200143798840667,0.07470913039804779,0.05642779161096119,0.04023882535564534,0.027490759930486178,0.01816702864877133,0.011952864462966003,0.008066319760246908,0.005783430331284032,0.0049898860377621075,0.005440499916338234,0.007955322959274114,0.013513446351270081,0.022895161036478193,0.03836181975113523,0.06083453027644829,0.08760298266627567,0.1169856582193131,0.1758404694336347
0.1296447272486246,0.09177437528998476,0.07508450984291111,0.05719659309339166,0.04035262146218601,0.027490554782262866,0.018032080599191355,0.011887717902830252,0.007829588387353353,0.005869291442964143,0.005143501027374561,0.0055759925763902716,0.008273679326572546,0.013339298734009413,0.0234904222178034,0.038453635580300925,0.06087194273215352,0.0874080334062438,0.11774043878836088,0.17454099555909064
0.12972676636263206,0.09222235656352014,0.07488956869266229,0.05697708891976899,0.04041446314732952,0.0275353653466806,0.01823545097545585,0.011588869252975887,0.008049436125405573,0.005752199930768225,0.0050168193464719115,0.005475604080368486,0.008011342086128966,0.013793354743287585,0.023325145875326487,0.038879107738224394,0.06049664689641236,0.08781338558289678,0.11678141805889342,0.17501561027479057
0.1302718599005819,0.09264564159797588,0.07432349639187036,0.05592518140000065,0.04040144788827547,0.02722738668088502,0.018259222339604645,0.011803005063634889,0.00781733823027782,0.005782280258447396,0.00507853767258252,0.005505750818825197,0.007996171640332894,0.013685723463936915,0.023453670555741376,0.039003897905993234,0.06063777292793346,0.08830065207960072,0.11647519348781446,0.17540576969568514
0.13062461696453714,0.0926059662431882,0.07493747204876354,0.05593228761201198,0.03984231361701425,0.027230715717290844,0.017993142629983597,0.011720471071505478,0.007919102910241338,0.005621718317791067,0.00498235966408825,0.0055985291438225716,0.008084739867159163,0.013641859771752285,0.023416096599473267,0.038631507461944915,0.060147748165570704,0.08856111175525481,0.11703079191029106,0.1754774485283156
0.13066303971479173,0.09244751329044824,0.07499805344010975,0.05617523346293834,0.0400013915832407,0.027190542535232735,0.01817838440499048,0.011652852994140444,0.007721630339165279,0.005770100508756206,0.005037862660674024,0.005516633561343145,0.008160641718671566,0.013707094920886833,0.023554202995548595,0.038937824392134904,0.06033176007116953,0.0878668851231468,0.1172508279091959,0.17483752437341482
0.12996099794883015,0.09278312937613288,0.07505492429890746,0.05626137007545256,0.04025296657487763,0.027269955828603046,0.01807448497078989,0.011973994214309147,0.00789982072973931,0.00550899830670789,0.004859516401074958,0.0055172825146879,0.00824775746489981,0.013562905304875425,0.023762422169866033,0.03888772909977167,0.06074644027583099,0.08814728659051822,0.11675265674549919,0.17447536110862588
0.13030839294316685,0.09205104731759886,0.07469204574989201,0.056841376867135585,0.04020414953970338,0.027437353803468824,0.018191690656831107,0.011703999721885152,0.007812047339119665,0.005469591949237418,0.004780926619067091,0.00561858204470696,0.008245774061486558,0.01382793630507874,0.023480839045999857,0.03928041094779221,0.0605032223246759,0.08840078997859512,0.11705324078289331,0.17409658200166545
0.13041657493863187,0.09243537518559407,0.07491297561330881,0.05665895875300632,0.040078392295838226,0.027659106069609578,0.01810338977159305,0.011791949230394887,0.007855782011153027,0.005503682087459713,0.004725718002916537,0.00557154703951561,0.008310973762747437,0.01376168808274889,0.023472997197674053,0.03926732335663363,0.06083182568307729,0.08781724796032714,0.11710180239381204,0.17372269056395775
0.13013714501355564,0.09302391017216781,0.07464191016554723,0.05640390745773596,0.039983249969379894,0.027587896282221462,0.017994696927064544,0.011801157936899396,0.007641787685086183,0.00572678912505917,0.0047254285988566295,0.0054901039097749365,0.008126744105214025,0.013916428602166908,0.02343018117177388,0.039243401778945954,0.06173511779641098,0.0885715798986391,0.11666925972147284,0.17314930368202744
0.13052495439457665,0.09218828300335905,0.07474823987046901,0.05637872265121734,0.04042385341432878,0.027412870073745998,0.018202476502663552,0.011735850741677321,0.007888952654706995,0.005512343647408471,0.004599408245857473,0.005346956799301409,0.007865798495972005,0.013636145626427494,0.023961246553751554,0.03941003203543248,0.06119974927353827,0.08841580899803686,0.11726754465031432,0.17328076236721504
0.13017514474019592,0.09220670455786797,0.07518380101491925,0.056846732628693795,0.04066628488578022,0.02761401290331124,0.017711433234136507,0.011698384272392939,0.00761851482821515,0.0054519634682034974,0.004586335995868823,0.005370862615154936,0.008063741960257274,0.01370273392630746,0.023903235096476915,0.03874138096546428,0.06184188312870539,0.08791001446574398,0.11695901593217982,0.1737478193801247
0.13027742273025292,0.09223527619754038,0.0752150704980894,0.05654913673781599,0.04035676205487526,0.02765452293754181,0.018437452399716555,0.011468770902733166,0.007717040735908661,0.005293151519566614,0.004632542368391425,0.0051573872328589294,0.008164069484824205,0.01381815532758929,0.023278608184268565,0.038836864308562404,0.061481353934184114,0.08924349490387226,0.11677384318893759,0.17340907435247055
0.12967755287884428,0.09268429984684798,0.07531106419967713,0.0561662320460284,0.04044041558011509,0.027595513059315367,0.018310360528167553,0.0118862535700981,0.007477130675938571,0.005405852891262054,0.004723705451384578,0.005314789519433752,0.008281799743366862,0.013532017053686,0.023620182954592495,0.03891055093339957,0.061557183658263986,0.08920567904300675,0.11710749617119913,0.1727919201953724
0.1296848511912145,0.0931669519627544,0.07471449717598225,0.05609665335284924,0.04061954733020748,0.027505850637161267,0.018235795149139564,0.01185343223597708,0.007563240632778453,0.005287487492454124,0.00455646795173948,0.005289141382817735,0.008165256725131692,0.013768637277034907,0.023883830740860184,0.03925508778023105,0.06203742753892843,0.08823670478883958,0.11710370719525001,0.1729754314586487
0.12970425212076264,0.09323408848596422,0.07499486778758602,0.056331825676955355,0.04062394458535035,0.027571569529889338,0.017807121524167753,0.011638533313025227,0.007499652333997761,0.005357367539253144,0.004566013496063096,0.005256378843364876,0.0081684955002086,0.013943062242147712,0.023985643049659947,0.03970180190322303,0.061301793956571544,0.08868463051381725,0.11696808757209932,0.1726608700258928
0.13046931754434454,0.09219216187905735,0.07483662996874087,0.0570144447404696,0.04065344702905663,0.02733231508034877,0.018020761108251987,0.011389981515895178,0.00745321469527704,0.0052953567994863514,0.004418313329571424,0.005232474437492449,0.00832198417019277,0.013857286824655844,0.024221292960650526,0.03983597632313594,0.06098596234008436,0.0881329399324511,0.11747087140060532,0.172865267920232
0.13011944121764515,0.09240725847820834,0.07519104306701484,0.057130895527821635,0.04058155197463571,0.027431103697746533,0.01773912237677764,0.01139142895911728,0.007441495646303084,0.005263819802288214,0.004358661225786595,0.005397856081441105,0.008388023444765469,0.013886820427790844,0.02381046939174005,0.039618476487389004,0.06134890139894161,0.08841264640567648,0.11702360031374416,0.1730573840751662
0.13003523860124766,0.09270946609132903,0.07518616541452944,0.056947830649472723,0.04084466712018368,0.02732357113182283,0.017961921124457304,0.011567993617658699,0.00734730629114136,0.004991997245794622,0.004568273341642295,0.005392548748938622,0.008502615998556692,0.014072268098058982,0.02384771098057325,0.03955694369272071,0.06102286288393771,0.08862781317086167,0.11643634955235883,0.17305645624471377
0.12984648487607064,0.09191542185625028,0.07622294864898414,0.05689742210452269,0.04048826912732237,0.027814788761534315,0.01804278561675011,0.011465221169363183,0.007261141225638265,0.004890967021144536,0.004677452724790002,0.0056573012786030556,0.008403194438697404,0.013986013986013988,0.02382918856291638,0.03888608432987131,0.061199155873712094,0.08833864360491582,0.11676749286216742,0.17341002193073202
0.1303306085978092,0.09307509018102393,0.07523744911804613,0.05717311447198597,0.04018433332230203,0.026945097130754207,0.018024621901578584,0.011121223152530026,0.007260813449382798,0.005162656782605818,0.004598404871429991,0.005525035576000264,0.008248667968362182,0.013735645497567594,0.023917000364033488,0.03908561405831156,0.060844888638845664,0.08802660753880263,0.11680345500876992,0.17469967236985803
0.1306815830379801,0.09321131838716464,0.07572519488345068,0.05666974021609756,0.040468216905404766,0.026781265364298375,0.017517576343491492,0.011228663800595617,0.007134828391650763,0.0052675229564345056,0.004688128539479106,0.005582051354210292,0.008364799968216076,0.014056108555337957,0.023491960488611584,0.03974149076528068,0.06063279802807246,0.08767892941155046,0.1164831089973332,0.17459471360533968
0.13112121668622853,0.09316681758811524,0.07567703582549618,0.056866208549713866,0.03996410994144689,0.026766898373855878,0.01748647087160861,0.011058375974850475,0.007293892895986699,0.005125259284152252,0.0046104157320297256,0.005547397887982621,0.008267294853054375,0.014038177884241314,0.023888078640283274,0.03898739709336878,0.06027145995394551,0.08728336426257352,0.11725023879801409,0.17532988890305218
0.13099400124636545,0.09282943141601332,0.07579687218472654,0.05667656816412354,0.04008205514753893,0.02691091462396625,0.01747887046890781,0.010992480482148377,0.007279832186974653,0.004998685861355894,0.004651554898761732,0.005621868589441597,0.008555951725654133,0.013804241279161066,0.023328853690911283,0.039101823429356385,0.05959742726366579,0.08817291750350024,0.11722612606804762,0.17589952376937937
0.13052604764567127,0.09254548041009286,0.0762142169495787,0.05684430961415673,0.04054612883056045,0.02701862223883708,0.017628104395695284,0.011057884759803223,0.00719713636348599,0.004967363939220507,0.004644807839271122,0.0055843558637390725,0.008359992457149665,0.013901340840895482,0.02307020474868745,0.03853139380626122,0.0607596444273885,0.08827781508768565,0.11788019439380958,0.1744449553880102
0.1301216712656396,0.0925784834321036,0.07575220535380071,0.05710069266162932,0.04047316971369323,0.02716485744288275,0.01763289264904151,0.011017659393333091,0.007347314652559469,0.005197446659091889,0.004741966152001297,0.005512142282172657,0.008160554394310304,0.013187402899837351,0.023340477476074848,0.038535307192616906,0.06145343001666233,0.08896942152319307,0.1174427502409906,0.17427015459836562
0.13068525877957823,0.09236880681122539,0.0751388948634545,0.056949375758999624,0.04041600624737349,0.027122138137104693,0.017203440026207203,0.010989156439129472,0.007337685758437095,0.005355600631355329,0.004579642430519478,0.00551277766563978,0.008045809660265977,0.013599949703349027,0.02348555791229191,0.0392214607868117,0.06112863037586819,0.0888811311452084,0.11706049164976327,0.1749181852174172
0.13000819285483753,0.09357564322186085,0.07491414053642509,0.05662669546579275,0.040158229681306216,0.026763325802527375,0.017522778619131558,0.011026424025753703,0.007361983498431773,0.005150740253399206,0.004768407027648816,0.005170601719671955,0.008073686039871894,0.013664688795650337,0.023580525832319562,0.039418390062646365,0.06111373172124434,0.0881700141512947,0.1179539379494691,0.17497786274071683
0.13033613403657077,0.09256222145359641,0.07522180278790506,0.05666500621428442,0.04037381692767765,0.02689436378470608,0.017712779249751343,0.011170817521799643,0.007068231353423153,0.005100512533657259,0.004484876368011411,0.005206428433123213,0.008047953423483212,0.013659841159249524,0.023768189814531326,0.039706877748227974,0.061212770147603755,0.08835040951389571,0.11675407486599156,0.17570289266251052
0.13022714556716866,0.09294726422184188,0.07503815555548196,0.05628151350921858,0.040264456899948016,0.026781723737224924,0.01751513807179534,0.011123875611233788,0.007300043369872174,0.004921321754791377,0.004363472635597064,0.0052424574495204485,0.0077800915733331555,0.013466179776396857,0.02354057069454698,0.03983572419409839,0.060956189807748994,0.08844805381836963,0.11726749941235481,0.176699122339457
0.1296646885353333,0.09308194626940758,0.07456551167185749,0.05622118442957995,0.04036744920350701,0.027125112118012683,0.01724217821716639,0.01158911354782764,0.007400616276722152,0.0050324852633077035,0.004353985112713771,0.005202937740164227,0.007830884664903668,0.013617994485945119,0.02362504426799763,0.03937121239702518,0.06124374042239118,0.08793030976014192,0.11801434448611063,0.17651926112988478
0.1301575437267765,0.09267910325588162,0.07421769708675573,0.05604568057004802,0.03998538168841498,0.02696119367443829,0.017315423145549763,0.011570625131258876,0.007580355238200759,0.005098218848030744,0.004514478577724273,0.005280120915265055,0.007796984063725257,0.013394606769072023,0.023596005430603525,0.0395107826584491,0.06108271417728175,0.08847716550276902,0.11751865736430515,0.17721726217544956
0.12964908420423962,0.09218343378327629,0.0749710065564061,0.056066123249846556,0.040268212101309125,0.027385362157476178,0.017811321753602886,0.011436900174870585,0.007565593013117776,0.005178286930036878,0.004648877403643331,0.005171669310956958,0.007860077062174186,0.013493325303955514,0.023418099519064543,0.0392854956679411,0.06139826982349154,0.08863308114689956,0.11786475902767321,0.17571102181001808
0.12930048765473984,0.09181213295582974,0.07490059091112172,0.05656099986596525,0.04034941694893939,0.02749366644548178,0.01803511709836328,0.011588212224959914,0.0073537077149395755,0.005245556583338986,0.004534014207681018,0.005182676094327352,0.008038774095224226,0.01338857991034566,0.02341470840827971,0.039589886831667274,0.06114962081410377,0.08839176530353905,0.11849166254358194,0.17517842338757048
0.12899628560319648,0.09192346191709201,0.07527237531125652,0.05688238846468842,0.04018662982602726,0.026938890313614218,0.01797966595246565,0.011288788147020622,0.007352685699158677,0.005363952978549155,0.0046128010191841574,0.005339135182534891,0.007895368172003873,0.013375137531952908,0.023661286719997364,0.03928822561031095,0.061055087234553,0.08817266567946994,0.1182303256922097,0.1761848429447142
0.12961332757532468,0.09215692788094208,0.07536125967511546,0.057226854466332265,0.040504268677540436,0.027209912633292366,0.017886921569278808,0.011150051489884731,0.007331495199813976,0.005303458127096967,0.004484602863501976,0.005383184400225893,0.008090555758562271,0.01345048666245889,0.02356243563764409,0.03922698734345414,0.06102049629605025,0.08820549446898977,0.11764275985782145,0.17518851941666938
0.12749583380774443,0.09015364019970122,0.07186034716543666,0.054100119724117005,0.03846870439183945,0.02497127656271024,0.016105826458684823,0.010236929542184643,0.006636580375595599,0.0046526793015288104,0.00422139645934038,0.004925250057791901,0.007454292644384867,0.012772872654252617,0.022839014190930637,0.038767152118633845,0.061776954315071075,0.0917235097452671,0.12495644043293898,0.18588117985184574
0.12922607689924867,0.0899516286606143,0.07144991211043111,0.05129488187605278,0.035447265342182795,0.023672445932793353,0.015264740977801242,0.00943231953311301,0.005968059152704231,0.004193771296494864,0.0035705710164213264,0.004692331520553696,0.0072822785668593066,0.012218391373441767,0.02238938653264194,0.03821867364650979,0.06204875259132176,0.09219881555287947,0.12590295305285656,0.195576744365078
0.1344052206087144,0.09086448809297638,0.06993704798776744,0.05060876975204691,0.03381111445166455,0.022327398420020697,0.014099184925455444,0.008986293688751826,0.0056975905592270915,0.0037940899256491186,0.0033717046106400517,0.0042478313557461934,0.006571872826975111,0.011642341084442018,0.0208481275788099,0.036575986011483715,0.06000453741430095,0.09176274856638,0.12826679996089713,0.20217685217805115
0.13946454680060108,0.09251810884068125,0.07033977182582074,0.04972941239854127,0.03321734510183494,0.02194425505273346,0.013394690055046416,0.0086331656984467,0.005430329962676933,0.0035781099925130933,0.0031786844222169808,0.0037397380139817527,0.0060006725211927785,0.01084579757855215,0.019243023521521605,0.03410722811658769,0.05847404569800081,0.09036306855443242,0.1295142056168524,0.20628380022776538
0.1437345452986962,0.0941285644806941,0.07069984291408353,0.048551287713197985,0.031733963913097754,0.020708135112522338,0.012650727011510321,0.007859886070783697,0.005068489832273982,0.0033466940216044364,0.002752264515539953,0.0033876891599537128,0.00550080220032088,0.009754979511747905,0.018522348872354183,0.03321351572443068,0.05656211042972222,0.09026943122972375,0.13106332071801124,0.21049140126973123
0.1447786329871259,0.09588747293408507,0.07009815532151792,0.04830368282943952,0.030545085613149052,0.0192021126799965,0.01222325626502496,0.007618553836226268,0.004752037986463778,0.003198487106273697,0.00255132965678275,0.0031518619297974037,0.004977703840609035,0.009353010401144366,0.017232665225637878,0.03166595485563914,0.055265754180879575,0.09075124349345662,0.1337993364304884,0.2146436624262623
0.14731885522641694,0.09736040305133213,0.06961319349308659,0.04769952313577531,0.029807757091203094,0.01866657683353172,0.011543557841309768,0.007134248134090925,0.004222157342735868,0.0028559450820101664,0.0024460814037924558,0.0029607504061206313,0.0045908475007673255,0.008532276296778732,0.016349630561232512,0.030674272538759262,0.054055217433617055,0.09024299863004469,0.1351146495384823,0.2188110584589125
0.15025501224508134,0.09719860997730725,0.07001602720130616,0.0476191367779334,0.029755173266029066,0.01818975008051048,0.010863296960074298,0.006362199770826,0.003857013398440718,0.0026549733004800663,0.0024452716011473677,0.0027748028429558946,0.0041490979082255495,0.008066026077904182,0.015583457531661207,0.029457471746440696,0.05311444470241082,0.08973547628498463,0.1360907858571183,0.2218119724691627
0.15335829178255192,0.09898319501726388,0.07053093597915276,0.046113439695872525,0.028968962359002478,0.017620142848882,0.010121415953634735,0.005957943707318348,0.0036150578912908455,0.0025070370515453528,0.0021022550275979265,0.0025294213109341513,0.0039414950073774786,0.007532303284330457,0.014883667138601469,0.02899321197334035,0.052660835567095894,0.08989891641531012,0.13708493520689582,0.22259653678200148
0.15620482940220742,0.10104394270453995,0.07133546230414405,0.04612209834351131,0.028653332586326026,0.01734177451584589,0.01012194894205091,0.005712738342017292,0.0032121313985844216,0.0022074065773992936,0.0019739667955254265,0.0022877098623639044,0.0035931051226025736,0.007193680318225111,0.014620800418324089,0.02755149681588138,0.05202905858404767,0.08967262404990008,0.13597587166414554,0.22314602125235777
0.15889558311563112,0.10156204839608937,0.0731647283244108,0.047460016446540354,0.028311544464396595,0.016853042143793486,0.009791472039949053,0.005564226350639492,0.0030935159234956175,0.002006403335552311,0.0016782184033430107,0.0019672449061409747,0.0036678395548618925,0.006919853883117681,0.013686803422819664,0.027185273447041948,0.051321783461344105,0.08825191177046446,0.13541917233997716,0.22319931827039083
0.1613403262317531,0.10318127194984493,0.07371049027918807,0.04736415549572882,0.029066485323297343,0.01687424893103673,0.009505621954968468,0.005214863945895086,0.0030871845510354263,0.0019823562838272137,0.0015724705860433912,0.0020028505687164056,0.003461671029465193,0.0064612890905195305,0.013110752978658002,0.02681211398548631,0.05001350759685879,0.08690694663101901,0.1348225847019479,0.22350880788471036
0.16545910314734005,0.10572091727787578,0.07356791384272586,0.047479342679416954,0.028871971033330248,0.016587132114009834,0.009128214650450283,0.005182434314362643,0.002978367839569213,0.0018234147247237957,0.0015226070002785262,0.0017677095905672638,0.0030173614334787855,0.005988301921827127,0.012827035558443967,0.02563921641444621,0.049488441184662516,0.08666419088292637,0.13424008912821464,0.2220462352613499
0.16798045820102678,0.10724433925868769,0.07453000267086089,0.04771381725376147,0.028980695610885246,0.017010045404635427,0.009153262901741992,0.005089473840401224,0.002793275365759564,0.0017193667092025987,0.0014801020862391316,0.0016711428317060862,0.0028229515980651106,0.005727512834970471,0.012234026767961542,0.025013354304537494,0.048301777606315106,0.08518377006855211,0.13381940528830458,0.22153121939638543
0.17020226478670444,0.1072498780028463,0.07632290373635997,0.04900667412565616,0.029492695942272617,0.016856945117052324,0.00914932266066979,0.0051526402410626655,0.002935353569089354,0.0017478527573212199,0.001402735333901107,0.0015530284053905112,0.0026811541765702374,0.005499613134501168,0.011719148636136758,0.024174918869573445,0.04776907562339153,0.0844739835271372,0.13223934821049194,0.22037046314387126
0.17086773368880107,0.1093267586649908,0.0772845332536254,0.049566216700424964,0.029714109607097965,0.0168055057896564,0.009473983213059728,0.00526703711061149,0.002963056478158598,0.0016281958216447935,0.0013330041048357603,0.0015910647880839086,0.0025806068324814857,0.005215053663626254,0.01140479695822573,0.02362276355143484,0.046675565737710104,0.08328305172538629,0.13047288227791468,0.22092408003222982
0.17234168767610852,0.10983241880468632,0.0775674773839537,0.04986282070295121,0.030463072816253902,0.017330935785258787,0.009650748924810913,0.005455657719116122,0.002956769983686786,0.001926071481536408,0.001358816550496811,0.001531217558950022,0.0025878689010826036,0.005005190567996441,0.01125426368085422,0.023162909684116866,0.045402639774581026,0.08151045528696428,0.12955843096544564,0.22124054575114938
0.1729848090871767,0.11040505402076498,0.07866762341923146,0.050386708043749215,0.03048724103876697,0.017643207734900634,0.009812878432010768,0.005481600390591771,0.0030219079076339245,0.0018900794869044497,0.0014351288471994646,0.0014795142754633656,0.002507776696910405,0.004936029501514654,0.010763466353995986,0.02314700083962435,0.044873667974803876,0.08102929808143984,0.12872883832237877,0.2203181695449384
0.17398287827401773,0.11004318278744063,0.07820349265486448,0.05055100055201595,0.030837199599003783,0.018144524795486394,0.01003782878643259,0.005534929317955657,0.0030554729890649147,0.0019163631194256078,0.0013643471534253609,0.0014751195880742397,0.002385299759439196,0.00488321816077142,0.010748618575429565,0.022689887030578733,0.044026504151197014,0.08021955096547408,0.12892619048058623,0.22097439125931634
0.17249908239282435,0.11052232598202409,0.079082060825828,0.05106138100341037,0.03163577542878538,0.01848125406928811,0.010162845301574597,0.005795219589391537,0.003401140968439847,0.0019237473048171142,0.0012542168430255396,0.0014368160598777875,0.0022871013019877496,0.0048859123781980224,0.01037864437603634,0.02190452827613429,0.04420376597051484,0.08067749842761787,0.1286162483792014,0.21979043512102267
0.1734128572719944,0.10978694201184747,0.07843057674533586,0.050933569961941406,0.031756690692341605,0.01866401996830603,0.010712855980622034,0.006006726205080996,0.003363102540498359,0.0019924030409973824,0.0014039062168509336,0.0012618552592983424,0.0022266948800776305,0.004667388605299424,0.01030146164900869,0.022021588055912738,0.044509914972355395,0.08010198151861699,0.12874428798341142,0.219701176440203
0.17256275905792764,0.11037964138734328,0.07826336964675047,0.05136281287378524,0.03164814749968209,0.01866415034528771,0.010846106920313828,0.006034010884810105,0.0033892932245466654,0.0019093571400926293,0.0013822566168624252,0.0013840996256849081,0.0021821224458201476,0.004782607894343989,0.010558597544006442,0.022180611178585715,0.04424879881899996,0.08048050926019783,0.12810938625963203,0.21963136137532693
0.17169183856105885,0.10970858054085508,0.0790695790198613,0.051176100142524106,0.03173647401973241,0.018868793111702815,0.010961835209716681,0.006251542169828343,0.0033458180037048892,0.002005281126050977,0.0014031443691926945,0.0014031443691926947,0.0023017460124552082,0.004583236660000811,0.010727977814851235,0.022610511429549996,0.044517609277693694,0.08077655386269805,0.1290911233625379,0.2177691109367922
0.17077975829148498,0.10928388793848759,0.07812666703456393,0.051308794584551995,0.03186910214668065,0.018924636241561352,0.01113809024520354,0.006243216893843241,0.0036440225888931792,0.0021705939701635295,0.0014789470779758291,0.0013796148115446172,0.00232695031547192,0.004593197579235878,0.010490591026985265,0.022204440520206748,0.045170428416386146,0.08077000901348343,0.1291926494122841,0.21890440189099206
0.16909950828085935,0.1095744504721276,0.07835681554369646,0.051712370976613437,0.031839412218107696,0.018855672246106077,0.011276611792061483,0.006346543341372286,0.003778492760341645,0.002395130269700498,0.0015930743575734495,0.0015930743575734495,0.0021412685360456063,0.004518003027945025,0.010218854568499436,0.0226746357176101,0.044964799679177624,0.08080529356902007,0.12925241398594198,0.21900357429962683
0.1689672266593225,0.10923345267603045,0.07893876801615714,0.05213807032038925,0.031791058477921595,0.018602772422656746,0.011065822087579178,0.006655650417699438,0.003864867346002019,0.002434591021757092,0.0015477829798953456,0.0014743413201138349,0.002177545212521804,0.004775543927292756,0.010432387771963645,0.022535573303956672,0.04500688515560453,0.08140273570182686,0.12780501239328007,0.21914991278802903
0.16885928668231248,0.10852550894860749,0.07822364724159589,0.051315388372870266,0.0312457534055392,0.01905045229674192,0.011177954803380383,0.006818423884499976,0.004052857935117546,0.0022624018921906723,0.001599474065014672,0.0014415466602026607,0.002299129195635326,0.004719458492638008,0.010542572453787872,0.022941710096702986,0.04573100188411068,0.08173294108573252,0.12867227125317235,0.21878821935014706
0.16782918253789403,0.10786938048622298,0.07728119692414243,0.050350037284788006,0.03141815943231849,0.018931877852469498,0.011388807967768354,0.006751569717057012,0.0040546061828621895,0.0024496197318060312,0.0015042167537866503,0.001489559343274722,0.0023470178582225324,0.004705028774329011,0.010582650389612293,0.02302129538529751,0.04593998889701154,0.08217310768249848,0.1304875970824424,0.21942509971619586
0.16732499793602595,0.10737251520460864,0.07730821094731823,0.05069670589746176,0.031599900929246964,0.01889315953143203,0.010960160714777137,0.006476291818406979,0.003983011200499023,0.0024272334492216525,0.0017520846137616603,0.00155944703842661,0.002344674488363773,0.004819608670525534,0.010868428536046163,0.023510957408749415,0.04551383779916156,0.08178474126938987,0.130690835038023,0.220113197508554
0.16566750113458362,0.10631048062424055,0.07683692740129122,0.05075431507751767,0.031713440789377365,0.01898597508308079,0.010987160905910086,0.006613524236169062,0.003947252843778823,0.0023753056055748323,0.0017640944559122788,0.0015664573176980394,0.0023679857115668965,0.004922628720336128,0.0110859794750172,0.023343141991303953,0.04586828582722122,0.08201575241190509,0.13042770140688362,0.22244608898063148
0.16525305997104547,0.10586147141833499,0.07649379231680388,0.050531564862612045,0.03126873638184929,0.01920799028998435,0.01126742026527061,0.006593378471257477,0.0037948028018659607,0.0023415907462380997,0.0017365427079829778,0.0016981559744380919,0.0023306231080824184,0.004818449029729611,0.010872585291666062,0.023253220829738384,0.04580451281751314,0.08308899872775395,0.13089876138806428,0.22288434259976891
0.1652667004242857,0.10524516623190021,0.07574441948168038,0.04977359849516578,0.03120447062995739,0.019115708809458957,0.010990115842255645,0.006537034972040283,0.0037602575328542684,0.0024404199350318177,0.0016397428327517148,0.0016104943541296113,0.0024861206828788547,0.004957617126446658,0.010980975692686235,0.02369492374373213,0.04606452579990019,0.0828335194877129,0.13231828925648537,0.22333589866864587
0.1623205754723523,0.10446494720822187,0.07549425002098531,0.05052171342440356,0.03148711136090744,0.018603946700924447,0.0108557997963511,0.006394137247674281,0.0037591103682103346,0.002448896171911782,0.0018156868040627588,0.0017408695588702232,0.0025547352016963443,0.005031003536483445,0.011255433374330753,0.023704293050025364,0.04713121484958083,0.08331721417075119,0.13265280053722436,0.22444626114503233
0.16106209559152526,0.10429378386621346,0.0752284228731516,0.050564414063142056,0.03119115930885987,0.018755969676327117,0.010634470440628313,0.006359132075264947,0.003846160870335435,0.002525755215419708,0.0017641934476467372,0.001811676915181743,0.0025312340770583626,0.005067947015755379,0.01146908369691668,0.02444485434446334,0.04634203802695235,0.08488400336767367,0.1336458719516984,0.22357773317578566
0.16176757181079213,0.1030203243073908,0.0744927119171947,0.04917793922924629,0.03061850806943667,0.018694210149586464,0.010720393700357166,0.006196190854334876,0.0037519556613550397,0.002602691572852598,0.001768518906395992,0.0018249803750862857,0.002518910038666999,0.005046926765832432,0.011680238668092167,0.024398639825005872,0.047097971576203865,0.08500000910668848,0.13427630057171785,0.2253450068937631
0.16052450618339523,0.10289468035175678,0.07403337832773632,0.048868651514104106,0.030091068186531504,0.018166338607744616,0.01044937401991639,0.006172480161834315,0.0037893534267907105,0.0025705023485623015,0.001737317581653926,0.0017846162802120434,0.0026050667821240028,0.0052228678292444205,0.01189744186808029,0.02424785973389024,0.04772438684514044,0.08501577229678839,0.13424098323079223,0.22796335442370178
0.16024478075817988,0.10257427400086974,0.0737308321490375,0.04882331640442325,0.029809681686752684,0.01789090406202859,0.010603162934239282,0.006310583328632546,0.0035137648234110294,0.0025111317743693527,0.0018596932415981726,0.001763251224176742,0.0026002951489665256,0.005482637707373086,0.011866007464248218,0.024705533406241077,0.04776427387349354,0.08560411825610996,0.1343164353574633,0.22802532239838563
0.1587001738143895,0.10241776543057238,0.073916569093038,0.04862984807604198,0.02963935332320024,0.017932336021759532,0.010248867297440782,0.006232591288917332,0.0034817422165334577,0.0022781321134811607,0.0017890518752318129,0.0017781430223340576,0.00263085169050857,0.00538351890504207,0.011556111503021755,0.02471218809771423,0.04897347694232126,0.08591994356486767,0.13522977680486972,0.2285495589187145
0.15964251945596045,0.10188740999345404,0.07339624699978178,0.04802349261764494,0.029229398501709213,0.01722125245472398,0.01002072878027493,0.006171357916939413,0.003358426067350352,0.0022765292021237906,0.0017419448687177245,0.0018455887700923703,0.002840206560477126,0.0053422067059422495,0.011611753582078692,0.024956360462579104,0.04908356971416104,0.08594988726452835,0.13667357626009163,0.2287275438213688
0.15892313345679324,0.10222009583304534,0.07290078696612368,0.04761272389240794,0.02935205364322019,0.017432955070528614,0.010325519459492892,0.005935900281241247,0.0035073293724281708,0.0021211338424539663,0.0015899408047210693,0.0017882286167514995,0.002828784841351558,0.00533739853667233,0.011866343099766053,0.025213477749924513,0.048822461461217444,0.08699013654571716,0.1357525659170538,0.22947903060908934
0.15862779516141334,0.10136537252464901,0.07207727783168523,0.04775351337207401,0.02950978147498029,0.01737697292150471,0.01021212881092298,0.005907407609307939,0.003447047749879162,0.00219687966768788,0.001393719359070805,0.001689907436682984,0.002618447974473312,0.0056148537412370105,0.011720325770543279,0.02514146160639329,0.04960514313334278,0.0868866817122942,0.13627922358747357,0.23057605855438412
0.1585188033195984,0.10117121757297892,0.07153168707561952,0.04658573211073066,0.029151674307933376,0.017388718008240964,0.010335659567059369,0.006026565492426439,0.0033769078985549303,0.002196259648308282,0.0014925860367941501,0.0015868928094713009,0.0026786750623875566,0.005498810283790841,0.012114793105449483,0.025156331611630195,0.04891801114270791,0.08736071615112298,0.13698421449712725,0.23192574429806742
0.15744397306433888,0.10111918070395581,0.07170469997953932,0.0459604656342175,0.028550786830569337,0.017063839110304752,0.01002029771184492,0.005906434972178915,0.0034638289705022276,0.002118494456606172,0.0015952082190342195,0.0015680480336931148,0.0027377466823833604,0.005551541883721814,0.012185869823042338,0.025353127676409928,0.050137702139679406,0.08733448130383373,0.13696519331714582,0.23321907948699844
0.15684702544950643,0.09982279119288552,0.07125172538257694,0.046328222633754544,0.02904446907189381,0.017303705423460124,0.01033687811407749,0.0057298118902212305,0.0031070489927030602,0.002104014495934354,0.00151090006475286,0.0016233560119493509,0.0026100662583185665,0.005742508529420832,0.01254427952920862,0.0255256862080036,0.04993044055524217,0.08786618467805857,0.1383443945244836,0.2324264909935483
0.15572887967286334,0.10032336649169107,0.07118594298309215,0.04631717467590846,0.028809344276558103,0.016887923784112996,0.009945694730431253,0.005542907688292099,0.0032209767698152584,0.002055479829471302,0.0013993213653896342,0.001602331718917664,0.0027080131086685407,0.005923552101157155,0.012709898204808442,0.02609589339056292,0.050547765436037236,0.08820074823816015,0.13819929816420634,0.2325954873698559
0.15646028024683753,0.0997314935264937,0.07059980940026309,0.04551746379148532,0.028397911374745895,0.017188400230458995,0.009520927923586173,0.0055295665124234054,0.003241282598533905,0.0018697616778574559,0.0014784162103989196,0.0015653818698341492,0.0027466654104960305,0.005801334198158501,0.012691550923828947,0.026113251029999524,0.05056690739244341,0.0885636534273529,0.13936790459867163,0.23304803765613052
0.1547903318952954,0.09954505379517103,0.0713557686563246,0.04571729610245249,0.02863644674884543,0.01653773808640176,0.00957324126993897,0.0054872341696643396,0.003117458673758492,0.002042098364691974,0.0013758818769201246,0.0015768330457860906,0.0027843504298725678,0.005753358690594944,0.013027428929364758,0.02601140895735309,0.05101987244126706,0.08855791285960755,0.13908536441860844,0.23400492058808092
0.15598793139915143,0.0982951022378252,0.0701609448073019,0.04573630938715153,0.028072693615536614,0.016586191250083614,0.009163531710809133,0.005278657051797726,0.003257582194294351,0.0019017627460586335,0.0012545849294341171,0.0016070979859754044,0.0026772914704494624,0.0058300236274135865,0.013189411592437061,0.02651802064822631,0.050459984344804774,0.08965762847293152,0.1398518722058821,0.2345133783224356
0.15471470841441975,0.0984992078248099,0.06982355111519457,0.04624458318562944,0.027599528312124255,0.016469286029502195,0.00940120237001454,0.005051473301164028,0.0031234852814573115,0.0019297966388621612,0.0013058230302328785,0.0015011538990211757,0.0026857994458390913,0.006051639694126327,0.012870133910162266,0.026290088043580503,0.050675700116475056,0.0896550601546731,0.14013904664067076,0.2359687325920406
0.15411410042053006,0.0975379816009091,0.06957744338045298,0.04582944288826642,0.02818853639647074,0.016254822342373645,0.009519828603275935,0.005327195477674274,0.003081594394863889,0.001965127136125768,0.0014096077707568817,0.001576082629434203,0.0027866443735116786,0.00601480902438495,0.012719041104814017,0.026286742087015688,0.05111321014193792,0.08997242307775828,0.1400704984836312,0.2366548686658126
0.1543747294602608,0.09787425946821166,0.06910422594392332,0.04612261087375056,0.027900684069352352,0.016102887507991676,0.00916076988138813,0.005460601263816771,0.0030391008028804447,0.0017586215015476235,0.0012985907483106548,0.0016282190833072233,0.0029086983846400433,0.006069145882271971,0.012694313186763428,0.026989678286367332,0.051501710626167055,0.09001570262452979,0.1414014999900387,0.23459395041448053
0.15259452638277718,0.09785835415438798,0.06951761443143152,0.045821386085629676,0.028154525370349622,0.016039745012890377,0.009003373553222954,0.005512306418429074,0.0029071133882695808,0.001844064462708317,0.001372200909015306,0.001581918043989978,0.002898073856589639,0.005924509063034464,0.013253761349132028,0.02689079884149363,0.05138612178780241,0.09038989308041928,0.14141081778835196,0.23563889602007496
0.15263453999793772,0.09779464571601201,0.06972436237203573,0.04522143088436678,0.027722954968514332,0.01582153110307512,0.009198774943875717,0.005133947549797301,0.0029703812109820892,0.0018144289613977065,0.001316953423626651,0.001597348726733973,0.0030119882559593056,0.005890110367209308,0.012981398032891276,0.02703191622150142,0.051648814832368835,0.09043562576091146,0.14070236309925455,0.2373464835715487
0.15328845813194328,0.09782408294441092,0.06931194169597892,0.04497160354133301,0.02691969821306562,0.015423741680795607,0.009323293049284398,0.005104493906781532,0.0028956796170906554,0.0018364609806267827,0.0014098814615048135,0.0015725600916784458,0.00282880062468594,0.0058419703635686614,0.013117320213000556,0.027142025674302923,0.051610699192752484,0.09153565011803236,0.14205278740795105,0.2359888510912121
0.15296308348700147,0.09732075062371191,0.06898795964855188,0.04462523050222367,0.027340275517952053,0.01623278012799653,0.008885634739848866,0.004915572911017103,0.002874498318689663,0.001777126947969773,0.0013323932458328813,0.0016740788950356147,0.0027316773330440763,0.006257005459738946,0.012918971688903347,0.027389087753552446,0.05264670788588785,0.09146509021224282,0.14056839136565785,0.2370936833351412
0.152791005745205,0.0980769196014682,0.0683117338446608,0.04445621156233791,0.027238669078725027,0.01572837957750424,0.00897835111352879,0.004897611014022349,0.0028698916200249037,0.0018343450845877064,0.0013120537255277582,0.0015813319694721608,0.002754228481686368,0.006108459493503889,0.013180176060983392,0.027229632896042334,0.05245142599998914,0.0911009865704253,0.14186264640874996,0.23723594015155486
0.15205957148179902,0.09748192200143974,0.06941445009965963,0.04480160323541009,0.027083536812556746,0.015813500891691173,0.00902362529436661,0.005031815107021028,0.0027040127911561592,0.001651346942023796,0.00143430243704805,0.0015771900694904165,0.003022344731787253,0.006012132787828145,0.013113105508951273,0.027050980136810385,0.05234028237490098,0.09120933580764068,0.14163239172192252,0.23754254976649633
0.1517075536222863,0.09764738664862069,0.06906391248177005,0.04499495170646797,0.026884424838327942,0.015454292135156745,0.008705139850396806,0.004758785659227523,0.0028064169420007165,0.001735237812623267,0.0013606870021821654,0.0016845739348824418,0.002974693393068458,0.005958433907162061,0.013118325486463694,0.027204692922618158,0.052779094636504785,0.09167085849940834,0.14202713412537862,0.2374634043954533
0.15125357557435204,0.09693739173829867,0.06926036690546022,0.04477830534952933,0.027306358465115768,0.015741567792166462,0.008574145930444907,0.004934383012269961,0.002750163635640386,0.0016851758766711629,0.001323550152063617,0.0016363564038491432,0.002936400883813271,0.005992138256747032,0.01338738432497134,0.027270195892655023,0.052694292461188515,0.09204097942711253,0.14195617819469203,0.2375410897229586
0.15098270035098374,0.09694457855725955,0.06857655370449735,0.044647813720012225,0.027386138219982394,0.01562158125337919,0.008703168257033692,0.004894967062495367,0.0027576005800906654,0.0016382859839751767,0.0014122531495415155,0.001772097421959904,0.0029058781194791486,0.00629275411063313,0.013283497613997398,0.027615787579766987,0.05331481672353652,0.09157223014844028,0.14176417723144136,0.23791312021149447
0.1501304822421259,0.0969598721924631,0.0692278776575365,0.04472902344343001,0.0273506683148634,0.015533169959445686,0.008662069065226664,0.0047710958339658655,0.002665669073901382,0.001772895838303225,0.0014638589490577085,0.0016319316432087782,0.003061453160128096,0.006283750081325499,0.013425935966110768,0.027533198875178022,0.0527983199959518,0.09177130547302523,0.14178829346576738,0.23843912876898501
0.15167982222801282,0.09634865313833424,0.06818634210250119,0.04430185046451617,0.027366100995624466,0.01548628528205741,0.008714880803737847,0.004864119518365307,0.002822926506194153,0.0018077587049281784,0.0014096536848238748,0.0016503262651596576,0.002880832690936597,0.006416729096772092,0.013236991918468095,0.02761039271250664,0.0527163429349026,0.09216131215414627,0.14207825297040633,0.2382604258276061
0.15218514290668436,0.0970508337427391,0.0671202641389475,0.04404964887437506,0.02666315059387914,0.015157645290870738,0.008678799526052652,0.004878550992688495,0.0028194809698581045,0.0017032482732711035,0.0012733722509609,0.001712279282143166,0.0030001011472993674,0.006328931017541834,0.013349637314683697,0.027504840620755425,0.05325585931855619,0.09114274773863539,0.14275676964425046,0.2393686963558074
0.15133190073503502,0.09740343064519341,0.06819179948925282,0.04354906046733549,0.0262512493064429,0.015242894089537997,0.00857751664085219,0.0048616771521054316,0.0027182016493556027,0.0017115272353322836,0.0013084960067376707,0.0016735736218771865,0.0028953185121460604,0.0063147583529577596,0.013540403428837881,0.02725250177568692,0.05258924972935459,0.09237186589000317,0.1433164590363035,0.23889811623565219
0.15143463245462238,0.0970340793084225,0.06829617938154779,0.04342994084810924,0.0261586023646276,0.015330982703321047,0.008827532779704456,0.004590244644111237,0.0027367704660473946,0.001665230706854234,0.0012996039646971092,0.0017141016080336516,0.0029865550720755293,0.006622912126499611,0.013761683765448634,0.027879944106169324,0.05270455187193652,0.09149718720813213,0.14198625822660169,0.24004300639303783
0.15148426827417222,0.0971930090855867,0.06795939313774385,0.043790792983064826,0.026707432544759352,0.015249257323763471,0.008529031232155896,0.004665669203692059,0.002495464434662561,0.001581123374605171,0.0013281436346683436,0.0015991933560292296,0.00315863275292553,0.006346177476129556,0.013688010928724766,0.027773561448778832,0.052379455153920104,0.09209185332957477,0.14320640978381072,0.23877312054123206
0.1525725524507128,0.0964955729176082,0.06828263911234193,0.04409186060384755,0.026495609071813097,0.015392652742477208,0.008653508946358007,0.004658469303272317,0.00261575672558597,0.0016775551080468413,0.0013883214687284197,0.0018257873481975322,0.003085761389478402,0.006451717867046526,0.013984446461045652,0.0282255877769864,0.052841178193229754,0.09186602697826769,0.14264822320159948,0.23674677233335628
0.15229561247634324,0.09612967537814764,0.06765844638032913,0.04360074546006155,0.02692541065314437,0.015402201707623629,0.008588682298212918,0.004848740952628613,0.0028568745575636746,0.0016036059463442115,0.0013905141651858596,0.0016722287233274106,0.0030645487510654592,0.006641962466952717,0.014172409309582626,0.02813172683800691,0.05328558632745344,0.09208634912379547,0.14243379707883672,0.23721088140539445
0.15186746400949877,0.09783569781332214,0.06778737364076985,0.0438400213651308,0.026511528869993903,0.015143258254627609,0.008621840793685734,0.004648359540505329,0.002688686224904092,0.0017503527772865567,0.0012847950282763177,0.0015572726255652554,0.0029629683095922944,0.006559311696326426,0.014038911966277741,0.028016471360980483,0.05350485587559143,0.09181412336197659,0.14197706857413017,0.23758963791155846
0.15079439657664956,0.09681663100676575,0.06903805007806631,0.044183340079801056,0.026220869716070096,0.015479529289307811,0.008634273983692826,0.004682169085757242,0.002520889955473313,0.0017890186780778342,0.0013155612097380442,0.0016769791245012438,0.0029582056323367825,0.006422396345342044,0.014176617706586484,0.028264688024055976,0.05301639391661366,0.09236757647603076,0.14167401549760017,0.23796839761753302
0.15065073569285276,0.09652217924153139,0.06913162936987095,0.04430967788583204,0.026604244242796726,0.015483894291601895,0.008604171938830842,0.004826289721991251,0.002490871624308593,0.0016123784389573766,0.0012996637865586927,0.0017443331766747408,0.0030566501572611253,0.006563392502078739,0.013996240193774627,0.028307002639094747,0.05324644806767651,0.09192545461118543,0.14231408842775028,0.2373106539893713
0.15209460241242667,0.09628192704868244,0.06854372161638368,0.04374873448844407,0.026760145786931238,0.015495285065517346,0.008858580891498657,0.004604654189927974,0.002570796332185936,0.001592736686818431,0.0013577131121460186,0.0016487807700095454,0.00300830175580689,0.006421567209510863,0.013897124757744935,0.028211868328946232,0.053259957768071506,0.09202257672615777,0.14248394608197626,0.2371369789708137
0.1513344218709361,0.09780221368089476,0.06765670606594805,0.04385638528451291,0.026701080831141814,0.01564170736641332,0.008458442909574313,0.0048117215270352285,0.002535907291275323,0.0015786203508366325,0.0012914342687050254,0.0017809149495708466,0.00313917868392914,0.006363248851255671,0.014025156778314021,0.02786788717741237,0.05348524694390659,0.0919031586856631,0.142767606854897,0.23699895962777798
0.15145063269688058,0.09651534463456098,0.0682129986352713,0.04432033085206302,0.026943025731536053,0.01541404282399687,0.008365047801560874,0.004698128140273197,0.0025744155734114074,0.0015071508539019163,0.0012691796664437188,0.0017306995451505259,0.0031783576021878917,0.006470292362026289,0.013933934150487933,0.02807879730804108,0.05298644826199909,0.09192358240383351,0.14252851597922436,0.23789907497714932
0.15087981961668545,0.09672514092446449,0.06819751972942502,0.045261781285231124,0.026281848928974078,0.015581510710259296,0.008669222096956034,0.004698985343855695,0.0026498308906426162,0.0016901916572717019,0.0013925591882750848,0.001625253664036076,0.0029997745208568197,0.006630890642615559,0.013869673055242393,0.027935963923337092,0.053301465614430665,0.09214520856820742,0.14178850056369782,0.23767485907553548
0.1494269066686896,0.0965029205544177,0.0689066614649371,0.044881172990019175,0.026844898150857385,0.015812896677034,0.008729152443187362,0.004824242949669653,0.0028121850515296335,0.0017573898876932135,0.0013672601695619343,0.0015930296823693873,0.0031589670232018818,0.006646654457051415,0.013804451091098898,0.027970133402689723,0.05309195863180062,0.09241197698234661,0.14283804920691684,0.23661909251492794
0.1488930627606917,0.09623918929149523,0.06866940411771279,0.044623576447346124,0.027450817810495805,0.015618972770894093,0.0086593820186238,0.005045297724839305,0.0029255156153677013,0.0017791028418779537,0.001407780465558948,0.0016961861947387585,0.0031201894825640714,0.006687407845356847,0.014171536517572917,0.027816732579392687,0.05255112892817615,0.091657143269151,0.1429230641666697,0.23806450915147426
0.15047356613695548,0.09596837602521839,0.06857872450930183,0.04479041181859493,0.026974875386823822,0.01588231899530401,0.008894242907328195,0.005015184413073743,0.002773589941498532,0.0017438631166639016,0.0015581155458093189,0.0016050032821415434,0.00302065224447987,0.006665272057073192,0.014127635631794217,0.028468069451557755,0.05205620757561549,0.09155191193761766,0.142392645117544,0.23745933390560417
0.14972253591903562,0.09585253788226736,0.06818718063713175,0.04395657835726134,0.02701334817464477,0.015781501313924348,0.008870565392727398,0.004994533570362045,0.0027827458947743806,0.0017146757875891332,0.0014228927228943432,0.0016534373666038068,0.0031375685104834757,0.006702004837835257,0.01433519390065327,0.02806160585151124,0.05345753926013182,0.09205755691120608,0.14146075247610349,0.23883524523285898
0.14940183756078046,0.09586458712554022,0.0679353213208234,0.043767324002551976,0.027264240375153646,0.015661438978059567,0.008922875072540032,0.005219278168062198,0.002723180011029689,0.001731949695962629,0.0014544052077438518,0.001632826664455923,0.003125078847865971,0.006570955870426371,0.014142153240602244,0.028576268864915128,0.05356788846316047,0.09236103852101231,0.1421298115220612,0.23794754048725278
0.14927767124670194,0.09600412347352179,0.0689564440087083,0.04471661932842168,0.02690710650384234,0.015645049669112874,0.008893943107599589,0.004943482460819792,0.002858316873080639,0.0016760622269640564,0.0014057296097117896,0.0017986130134517518,0.003090802923917587,0.006547455989849913,0.014251935581539527,0.028518288902665827,0.05343394512608312,0.09206988278377715,0.14198589945068413,0.23701862771954618
0.15108284293328572,0.09638319832696576,0.06772654320654083,0.04429721935517571,0.02704450436721732,0.015424409943817897,0.00892537092976967,0.004870676689020622,0.0027217427799963614,0.0017292343274629435,0.0013437591752993288,0.0016229584677542829,0.0032297053636885995,0.006662956018005653,0.013952759479716617,0.02836844939918113,0.053467565148002646,0.09197365079193529,0.14252493429810198,0.23664751899906158
0.15182099388555606,0.09592214178587909,0.06742832833410244,0.043835804107060464,0.026510945431472074,0.01588637805722196,0.008928313913244112,0.004922920512228888,0.0028282908398707895,0.0016385700276880478,0.001241996423627134,0.001813422934933088,0.0033726782418089527,0.0068751442085832936,0.014395621827411165,0.02873716543608676,0.05408002134287032,0.09256568700969084,0.1410215736040609,0.23617400207660366
0.15134198323106463,0.09593675798181867,0.06788644396963286,0.04414546528931276,0.026693738132213003,0.016001470074260372,0.008779009645560769,0.004802963208509136,0.002632081488234001,0.0017258960066585717,0.0012610931155125262,0.0016880632131931956,0.0032193905677441207,0.006617135733253587,0.014144060071269771,0.02852952939608053,0.05347034809773112,0.09276060489232069,0.14168020840464524,0.2366837574809845
0.15098142796100603,0.09694925277336558,0.0679526404892446,0.04366529583467802,0.02679883386129296,0.015712583228011848,0.008733419754043532,0.004775976244521329,0.0026827680829927297,0.0015505245640952598,0.001418910269701127,0.0016983652783462034,0.0032074223250296136,0.0065284295890569045,0.01420893498794738,0.028419672911434397,0.05348588571912788,0.09260778399389888,0.14164222186564165,0.236979650266564
0.15132854332269152,0.09638875476538795,0.06769373238878361,0.04339836121100309,0.02658708138453887,0.01558435006954404,0.008718227744106775,0.0047293547898905304,0.0027385216307175653,0.0017259892909390969,0.0013746657922615144,0.00188633693905348,0.00326460604925015,0.0066174933879115895,0.014270940682180152,0.02881573352743207,0.0538389749281138,0.09260887425141072,0.1429598374182948,0.23546962042648867
0.15097317106601546,0.09756599023221921,0.06790194706353386,0.04322459403112127,0.02661431694067912,0.015443409633600013,0.008622555349555257,0.004838802761526196,0.0027792005424941745,0.0017457924238380024,0.0014013230509526114,0.001909911339715335,0.0032913958403970604,0.006635093313326454,0.01388518168505039,0.028922802790382268,0.053841825435185654,0.09247830384002194,0.14199532531615439,0.23592905734423125
0.15281036564487938,0.09690580454488115,0.06750283829810241,0.04365933214395126,0.026160999080932053,0.015198861076570975,0.008531113153484348,0.004849435043520568,0.0026797138274675166,0.001748031212268657,0.0013317474905840591,0.001839938007965256,0.003245571353913245,0.006815519633814491,0.014151844443243045,0.02876682705303563,0.05397271629633634,0.09160043971094416,0.14232217837126743,0.23590672361283818
0.15195089256758215,0.09709780407474942,0.06771189921949883,0.04346987899709563,0.026263539857448642,0.01485870983085538,0.008599566148014152,0.005172712007322153,0.002771031371390272,0.0017458578666301522,0.00149722176178499,0.0018233314355311802,0.003417845586168626,0.006614080731062215,0.01415243915622275,0.028522885331911184,0.05319731617143639,0.09183860994400284,0.14181987215059422,0.23747450579069876
0.1513732119589018,0.09719446281721564,0.0685912119480885,0.043423018489115416,0.02610175050958157,0.015337008688568613,0.008547994384239824,0.004846206388197532,0.0027826488149412377,0.0016220103195900995,0.0015120740645956597,0.001777002416795376,0.003344945725732473,0.006821454510720587,0.014136721052071935,0.02833111358217374,0.05358581425819161,0.0917445081433929,0.14161772100341158,0.23730912092447376
0.15064402894706494,0.09704943201476184,0.06883036846961132,0.04366927113366395,0.02611074270557029,0.015461019490254871,0.008467521047168722,0.004697771306654364,0.002711985353477107,0.0016992705570291777,0.0014938444239418747,0.001839825279667859,0.003221946718948217,0.006768250490139544,0.014255492446084648,0.028292944873716978,0.05381804290162614,0.09239130434782608,0.1423350824587706,0.23624185503402156
0.15150821020431718,0.09678193177882953,0.0680732713840471,0.04391701777675171,0.02658035611220131,0.014982901419831465,0.008473536880988113,0.004806721112778481,0.002752366385778599,0.0016701777675170262,0.001377986840586402,0.0019407249220824198,0.0033565883643079768,0.006815984647350805,0.014091899457462774,0.028380396513909733,0.0535683366039478,0.09275438647119932,0.14255129574050557,0.2356159096156066
0.15022348353037268,0.09700032634545377,0.0683684710625339,0.043793396282546644,0.026616086126351583,0.01527693386726575,0.008668889181377757,0.004857318522177967,0.0027550047148804505,0.0018372708144392532,0.0014514259132714414,0.0020085571023408517,0.0034581800020554356,0.006844239461836514,0.014474592834463524,0.028626446242249293,0.05440773709177518,0.0925000045075339,0.1428040827438982,0.23402755365317598
0.1503325862519015,0.09630869764804365,0.06815542894175466,0.0441102080126734,0.026587097993681308,0.015436682598403232,0.008576134798693059,0.004876731563740446,0.0027813031620446626,0.0019028074060072552,0.001535567376844076,0.0018974068173430911,0.0034005706622021806,0.0067849395584118665,0.01430615937137148,0.028763535225339563,0.05418590626378273,0.09287572345385646,0.1419418716640114,0.23524064122989413
0.15111606096976385,0.09607351260952464,0.06838193686046803,0.044107205288179095,0.02663192154233751,0.015128906573820773,0.008570944569993045,0.0048567484474624145,0.0027158144379687797,0.0017967266056104006,0.0014651341327595341,0.0018922396548554869,0.0032438394083236922,0.006963441929868191,0.014346780849813844,0.029035966970506293,0.05419374371506116,0.0928999563883813,0.14246582254756732,0.2341132964977347
0.15046344755895963,0.09636027633602116,0.06839280429086027,0.0450255184909801,0.02686118951540132,0.015213640662109196,0.008427959892295363,0.004612819161607484,0.0026980299869339545,0.0017866553090733215,0.0014329336519234512,0.001961711435315859,0.003329675803273007,0.0070293155846874655,0.01468125347405199,0.02931197528279686,0.05394796682235232,0.09328145415695133,0.140994174420871,0.23418719816353495
0.15120948827676786,0.0965588037901148,0.06826283998816492,0.04423183783042628,0.02700240310021578,0.0156273679196946,0.008378376427968338,0.0046853237690425865,0.0026610907044042403,0.0017391806366411442,0.001524489250997684,0.0018672738163107716,0.0032889276977145308,0.007369868154231405,0.014535869698566078,0.029147512827359258,0.0536656298937007,0.0926077606425587,0.14177389208420235,0.233862063490918
0.15187407296602218,0.09582760367010834,0.068276559354505,0.04396055949147625,0.026487714941219508,0.015189389775096826,0.00852105302048621,0.0046966717790581786,0.0026024535874750606,0.0016652819354757316,0.0014273845161220555,0.001872541050821737,0.0034549193401590675,0.007338774936425518,0.014401805136782008,0.0293406817202867,0.05431270173971498,0.0929205692957335,0.14207522244309836,0.23375403929993283
