0.09811523321006797,0.0979959441727305,0.10085888106882974,0.09704163187403077,0.09871167839675532,0.0997256352141238,0.1016342598115233,0.09948705713944887,0.1030060837409042,0.1002027913634737,0.09745914350471191,0.09823452224740545,0.09883096743409281,0.10300608374090417,0.10056065847548609,0.10139568173684838,0.09996421328879876,0.10121674818084213,0.10318501729691042,0.09781701061672435
0.09912899901375205,0.08133221041433493,0.07717113063906653,0.0713145909287353,0.06688755665384914,0.06049356722554047,0.056792367105860955,0.05510798860828226,0.04987755011580101,0.04531199787236402,0.04138916900300308,0.04076860850389512,0.03967154619297215,0.03763810241464523,0.03499517957469443,0.03353242982679713,0.030717744705843247,0.029476623707627346,0.02550392836958811,0.025925022993982777
0.0996233837887111,0.07887350972725307,0.07562480937873746,0.07126579372123547,0.06511450983348699,0.06095082742478813,0.05565626831249209,0.05087574406546748,0.048281581445397494,0.04527276403400856,0.042325630806452165,0.03997477802261068,0.03831615885733476,0.03760679074326012,0.03468021891031462,0.033134687415398434,0.0329462079647989,0.031160793532756012,0.02814512232316344,0.03044114472137597
0.09834271508986485,0.07640083435723066,0.07262622510500899,0.06812583935765923,0.06245678200988658,0.05765065577049463,0.052735948795611054,0.048761322399062786,0.04583821470411748,0.0434522959110781,0.04156641997885533,0.03970626053661741,0.0386690287738949,0.03725462182472785,0.036620281738434714,0.03587164614109781,0.035677343772323344,0.0348944195216733,0.03347429779695404,0.03994628110980942
0.09661046242686416,0.07412961372081558,0.07006298195940487,0.06396811760699052,0.058821286783955096,0.054442032705885934,0.049717114928096856,0.04612068746409927,0.04280129928884779,0.04086202426762504,0.03924299649761341,0.038518627715112094,0.037944215978812854,0.037527386223268254,0.038157714146286915,0.03857200225698062,0.039232829918209866,0.040353695297448686,0.041273770733467885,0.05166655652872313
0.09549051382759599,0.07327712754029922,0.06738222328047953,0.06112668958358857,0.054910455248429774,0.050465003918377535,0.045850796505593226,0.0422722428608086,0.03950972890375587,0.03757712499739931,0.037218807287488706,0.037056986386238756,0.036536847775078186,0.038235967238202676,0.03876997621232752,0.041532490169380244,0.04316688127200476,0.04570053424014684,0.04929989342937788,0.06462433277774823
0.09442477231953617,0.0707297335485611,0.06537972434286302,0.05825494217537068,0.05237399968315272,0.04724878078021503,0.042705875804428146,0.03970867176762248,0.03659586128939718,0.03470762274620961,0.03387910991603547,0.03420880236008409,0.03548047321570022,0.038081618147642264,0.04056715663816467,0.04339309187286717,0.04592358842394168,0.051228639569087686,0.05708389174099019,0.07802364365813033
0.09424692069002312,0.06993864536537923,0.06340046031078027,0.05708981295595634,0.049053503577174536,0.04390873523270261,0.040028512688750593,0.036687937078778377,0.0339695663292531,0.03229827172028569,0.03213516947531417,0.03283187783037769,0.03479111837799852,0.03716516216591726,0.040632595077533966,0.04456517142851391,0.04938373528304279,0.05517285817555038,0.0626070987735114,0.09009284746315604
0.09448568011992575,0.07015311263769489,0.06274220760898981,0.05430057064544546,0.047941511241120255,0.04178783045323414,0.03692976243260415,0.03374351473831501,0.03111773953000927,0.03049584540172633,0.03036148555919606,0.03127129363575813,0.033551572106128906,0.03657850741570361,0.040797406471153895,0.04522744242200891,0.051020271061385146,0.05948302171446998,0.06958112359378031,0.09843010121134992
0.09525445327866583,0.0711194836135967,0.06262385609145726,0.0538068722239152,0.04592625425935672,0.039353224182988436,0.034200441403256045,0.03146152496514022,0.028805717926697505,0.028216564626792638,0.02842895531484611,0.02942811498647163,0.03212455328697676,0.03558190431337784,0.04112253095825138,0.04601859803677129,0.05332114395471461,0.06257399045165342,0.074203765779243,0.10642805034582745
0.09710673238353057,0.0711884758217304,0.062209927272858005,0.053359001736391964,0.044675244371106156,0.037828539381585605,0.03273979645028275,0.02957798125559474,0.026851162807418675,0.02656535915991702,0.026425153596991685,0.027656446040630858,0.030931504189989325,0.03456426627552909,0.04020664142966533,0.04630198840248343,0.05459388919446513,0.06556587324698109,0.07844860747115902,0.11320340951168918
0.09921424755873749,0.07275570450630878,0.06219908431721339,0.053047545338991295,0.04390658413650973,0.036234170799344885,0.0313401865567048,0.027712009477687052,0.02544836546920368,0.024498128615175245,0.02478020263492394,0.026033669060182257,0.02881738704257732,0.03354036391074473,0.0393810590821664,0.04696885021340663,0.055041456066089935,0.06798160172206189,0.08216463602755157,0.118934747464419
0.10222767801254676,0.0740148280035053,0.06293555521553465,0.05236051800642641,0.04291566399132018,0.03521824706847866,0.030064611703829403,0.02587250142576957,0.02326960259281412,0.02278623193445633,0.02288012407672727,0.024907498852429377,0.02777990290856992,0.03272315032479727,0.03870268879275569,0.046852178993198046,0.05656653823148932,0.06928718476582606,0.08548705679431363,0.12314823830521204
0.10442976859675138,0.07494395971997106,0.06471531537745287,0.05234334586336516,0.04227851157016243,0.03403110666620685,0.02873228264992931,0.024661171845363317,0.022038486740007586,0.02108666413766941,0.021495327102803743,0.023071352208849205,0.026730351415663694,0.031277373521398776,0.037955650584543234,0.0460564886022692,0.056985205366072364,0.07121943649343034,0.08762113322067804,0.12832706831741217
0.10671910366294218,0.07707861782743733,0.06515530779055792,0.05308989052607068,0.04194046563230867,0.03330959172422296,0.027502028880297773,0.023086432012820478,0.02085723188817702,0.019823102183657324,0.019925830300000343,0.022088257149020823,0.0255159519643328,0.02982368430964994,0.03666195258755003,0.04524831097855381,0.05751233593463752,0.07182749894703681,0.0902124075018919,0.13262199819883366
0.10852077841750396,0.07913331958840177,0.06591603437141648,0.05272601182859277,0.04187205967799375,0.032452805755150506,0.026485687948023723,0.022018017219786568,0.019656388070535356,0.018613590783853,0.018939038956657456,0.020668514848785874,0.023784979288887214,0.02866499796381902,0.03582315384838204,0.04502260246079711,0.057473124966986595,0.07402667993450142,0.09246306333630382,0.13573915073362147
0.11045189729622341,0.0798941107150923,0.0674373468587254,0.05387856013665763,0.04122312651867752,0.03224563053876862,0.025266718400046184,0.02086711709799513,0.018238563328958072,0.01754406817938691,0.017416715768096357,0.019337190130357923,0.02227818181509449,0.027696602407469982,0.03478588663597757,0.04449863053707059,0.05767196396096563,0.07516169511153525,0.09458888094587183,0.13951711361702923
0.11263498242621636,0.08161933133152144,0.06795535428171293,0.05375729697744488,0.041651477876361274,0.03168367528598726,0.02456938719801153,0.019827093636984806,0.017528005303501702,0.016222475792600534,0.016564965352603173,0.01764499431162141,0.02110719075481647,0.02663958399386909,0.03383186475392464,0.04387935550924974,0.05798246521272502,0.07580379078296165,0.0969584553381745,0.14213825387971157
0.11491805939763683,0.08260512272490549,0.06846926973777655,0.0542201270197699,0.04124760738851953,0.031134385293302046,0.023821279531420134,0.0190039296318591,0.015987379185801922,0.015114879168893007,0.015392185375817545,0.016770261952912053,0.019964356007061174,0.02556289778222671,0.032886148893142425,0.04323778669065476,0.0584659555904255,0.07663120303548844,0.09914542343305081,0.14542174215933606
0.11656248261022793,0.08388404457852253,0.06923532218926476,0.0541009508938132,0.040902430099439994,0.030607685056684337,0.023090244696224924,0.018184853487481896,0.015501980536945573,0.01409224968424389,0.014105739931638175,0.0157464912709668,0.019178072951885342,0.02401264036180844,0.0317172579048634,0.04293439861320257,0.058402653531662456,0.07829739587636865,0.10111783562470805,0.14832527010004704
0.11837729096956157,0.0848235797589322,0.06970377034872947,0.053923501245101285,0.04058288937637103,0.030645666744169596,0.023025107577427102,0.017539248491220273,0.014641313101700686,0.013190660560784195,0.013421484484251745,0.01487213702516823,0.01778860572241148,0.023148101346866016,0.03099442989860595,0.04227110522538189,0.05883651263803101,0.07955843551925273,0.10194498640329154,0.150711173562742
0.11960667581530514,0.08571803358088471,0.0703368851576795,0.053911379291787756,0.040314551716715094,0.030109783661607995,0.022430981595092027,0.017226011731783446,0.014205615649553334,0.012419613066408345,0.01241793133139597,0.014235886879776128,0.01662899580238941,0.02226617156387902,0.030286365837907652,0.04231077117640727,0.058620237326444925,0.07974955602195669,0.10344688408136905,0.15375766871165647
0.12142337831552683,0.08635103573221577,0.07079952113021332,0.05382751620719007,0.04023547229624109,0.029563325156279126,0.02180267945443769,0.0165119406819361,0.013464434851377423,0.01194487960253136,0.012148046657901942,0.013194105133074417,0.016297020160552348,0.021371159345096882,0.029338330235455495,0.04127817263826694,0.05847013528239382,0.08008643834719405,0.10509445589008161,0.1567979528820338
0.1220448453374646,0.08757244692261079,0.0716907722804185,0.054097059154286545,0.03991063830501476,0.02908619106685174,0.021645537538122227,0.01601259523214067,0.013251513559512644,0.01148912100251602,0.011640183221687165,0.012514665623777864,0.015215322408737438,0.020311154602110505,0.028671609198682075,0.04118627482245992,0.05818413141741681,0.08122951218652491,0.10597518215585926,0.1582712439638054
0.12342974832366725,0.08803136981292826,0.0715397439294783,0.05406026412094416,0.04040808933285479,0.02904022192331302,0.02110552426699226,0.015351149365526078,0.012499958070716253,0.010941865886670179,0.010990503855816932,0.011832443873460774,0.014817808876261654,0.019894606552373028,0.028050690826879013,0.04060264120944181,0.058189459984368745,0.08136461369712295,0.10765092026391969,0.16019837582726473
0.12361868746025904,0.0883554767243399,0.07191024396773871,0.05439074997490043,0.040142565509855746,0.02909541180014055,0.02061677989357786,0.01517352163582209,0.012076235735082489,0.010834644088216595,0.010603728121548807,0.011276396372276702,0.014300056892339614,0.018655667481007998,0.027435494126702587,0.04016933837555638,0.05842341287105517,0.08247046618252402,0.10882333255245803,0.16162779023459725
0.1248027497067392,0.08786276901760567,0.07211286649229992,0.05564173489895263,0.04020140865575283,0.02865170325523644,0.02057259898492447,0.01476595196380133,0.011603253730394197,0.01037331552851365,0.009986763522208333,0.010843536800253016,0.013564461312168364,0.01838883115709574,0.02655997161938517,0.0398081631082128,0.058366006181485325,0.0829346492835401,0.10880351277043998,0.16415575201099078
0.12506986161543485,0.08877528823145531,0.07260588008902129,0.05533207275647997,0.040211843844647856,0.02858218570639716,0.020448118338046547,0.01442579608774954,0.01106239855424106,0.009727079533475005,0.009347233145362357,0.010803032077776475,0.01279597061628821,0.017889593547631404,0.025971787620689073,0.0390873646692659,0.05869714362209467,0.08400294506450694,0.11110255852479037,0.16406184635464596
0.12517021123736674,0.08984312998207253,0.07225310390111625,0.05495045286631548,0.04018238290719959,0.02856541374488114,0.02029168567184777,0.014281871479864533,0.010883494480561253,0.009348042925812124,0.00914086556695588,0.009981270498445332,0.012190048469477265,0.017112181527465204,0.02554797576024902,0.03904959057409848,0.05839895342018073,0.0845383871242613,0.11209464663729427,0.16617629122453514
0.12592805351733538,0.0897527528497046,0.07270295273815447,0.055175557834057525,0.039960990858902486,0.028552153017363746,0.02013746714448412,0.014057318054753064,0.0104786969343758,0.008890610753564428,0.008863892163771595,0.00955189585093699,0.011589188322640331,0.016543816817348383,0.02518060096788091,0.03879873220291434,0.05847029393788597,0.0845108995147236,0.11254871967857537,0.16830540684062692
0.12692369984855842,0.089620995440057,0.07313774500718806,0.055413909579219614,0.04011113504343716,0.028177809390710816,0.01973248111989928,0.014083895603854335,0.01009164967749799,0.00870079193736632,0.008350155532291105,0.008927870752081696,0.011734631689850415,0.01613929281646188,0.025135621152391593,0.038167607541020276,0.05887018271496098,0.08521967370777964,0.11227377690508272,0.16918707454029064
0.12682560978658514,0.08996758360346999,0.07362938642177982,0.055827868101099166,0.0398763343638803,0.027938100515829033,0.019666502779143506,0.013709885750952073,0.010094915875701034,0.008091599236673025,0.008024933125557285,0.008539928833926387,0.011118240681327657,0.01648652927892268,0.025081457654519537,0.03807468271097741,0.05827284772626894,0.08491262572811896,0.1131807234939709,0.17068024433129733
0.1280526952099054,0.09043398507524912,0.07334973110434817,0.055314962271230235,0.039661483303456035,0.0281569183307625,0.01961228999041147,0.013498978613415605,0.009723600283486887,0.00799433026222537,0.007424021344895152,0.008337849668570475,0.010839204569141619,0.016117063409346728,0.024773418935256586,0.038515862758994455,0.058328261141451634,0.0846141660065869,0.11452036519781547,0.17073081252345026
0.12834205863805165,0.09096005044994541,0.07373299566570904,0.05546491026115857,0.03974601522173619,0.02790929687056854,0.019404210168066385,0.013249783952779922,0.009674577832053735,0.007797719742545122,0.007118714193718448,0.007982903074043302,0.010558786532000016,0.015810652546020564,0.024667754410199434,0.038297914935786416,0.058764843862090146,0.08447696552920726,0.11437990277040938,0.17165994334391046
0.1285708573389803,0.09163853743548049,0.0735230904056274,0.055039436460148694,0.03999460185336367,0.027847105826999397,0.019001809378779957,0.01328710476069883,0.009568381522343997,0.0076723658210681,0.007027587195063028,0.008048903209897935,0.01063801428176326,0.015383051818875526,0.02418169761715144,0.03835349863213629,0.05842160858105383,0.08494250307394462,0.11397920047450376,0.17288064431211939
0.12889537284996735,0.09108077860825775,0.07384387865222429,0.055276323327604335,0.04038763872790013,0.027712272006608307,0.019025540589152245,0.01301344311656474,0.009537751309005154,0.007439346096966308,0.006823147741050137,0.007644190415284384,0.010123972447606483,0.01490200780739971,0.02397178144610097,0.03801777315906578,0.058722037917849114,0.08479055917502695,0.11462455200714125,0.17416763259922466
0.1285100930255779,0.09210197866569039,0.0740110831904944,0.055036527932635505,0.03990447820805112,0.02779118337188596,0.01884974455409296,0.013065184470220172,0.00936912349603102,0.007340533524155031,0.006699838578156463,0.007525253365728646,0.010134629145795538,0.014930688455841971,0.023863806560050587,0.037929140803115276,0.05882245261353616,0.08489956898703631,0.11477925146860594,0.17443543958329868
0.12901577090648175,0.09202331423776726,0.07390500163985463,0.05580999662040112,0.03965118544008869,0.027333130224435336,0.019167153628573755,0.012859124001311884,0.009301388632228054,0.007163750722118726,0.006522792314492485,0.007353541003857403,0.01012547801346179,0.014931833657142197,0.023687159022613345,0.03783485914730889,0.05846872539177543,0.08595002522212954,0.11520103618834522,0.17369473398561258
0.1294090441761189,0.09212702173037829,0.07447919959274256,0.055440580009116745,0.039295018749147384,0.02701906856498317,0.018784083687409962,0.013051203305972117,0.00915331046392078,0.007136986893896792,0.006451569970753326,0.00729835932483106,0.009747227555091218,0.014753100180670572,0.023457229651269187,0.03759644914106612,0.05876784662631801,0.08596326032201283,0.11525485198654455,0.1748145880677564
0.13014204450949732,0.09142909417517714,0.07477628821396495,0.055655167825421625,0.039404876750607096,0.02710655001496956,0.01877349389574532,0.012888792787997736,0.009021655966202054,0.006995775256977477,0.006367053657562958,0.00698912211835934,0.009372609028309106,0.014211104088353682,0.02316290209906523,0.03780479691294368,0.059104820198928855,0.08663051794684139,0.11523236086623866,0.17493097368683677
0.12903702940448153,0.0919477955363954,0.07510083744521871,0.056462321612867294,0.03982642830195892,0.027076121260871087,0.01841083177804627,0.01265890103388504,0.008982717616929054,0.007079810739707268,0.006169074522486708,0.006592866010426934,0.0093267365894923,0.014043286561156434,0.02309081934682929,0.03793016913435187,0.058496520754980394,0.08601139085042486,0.1164329719749182,0.1753233695245725
0.12962962962962965,0.09184759472115797,0.07492882609621117,0.05690420125585357,0.0400436355896126,0.027069364623243927,0.018252447850148994,0.012849550340570452,0.008755387931034484,0.006784802043422733,0.006014860046828436,0.006758194976585782,0.009206045125585356,0.013865607705406555,0.023000146338867614,0.03727483769689229,0.0588398653682418,0.08761873403575986,0.11556114303959135,0.17479512558535548
0.12980557645327742,0.09176784762322324,0.07496774000687548,0.056226220191683315,0.0400356063965297,0.027359131363356305,0.01859537415779413,0.012746226369658834,0.008695666615183537,0.00658817980565949,0.006026847621562463,0.006455320117115816,0.009047744789824279,0.013948606550979088,0.02300963730965774,0.03770391886258821,0.06013561652708097,0.08680885974833051,0.11616088643984199,0.1739149930497776
0.13062078586375261,0.09236058059587474,0.07501079483176668,0.05604344504600258,0.03972498090145148,0.027095027734413933,0.018758096123825025,0.012538612282857804,0.008549506759225427,0.006287574318264857,0.005835852127412229,0.0063124854684957,0.008976317799847214,0.014136247384329224,0.022895007805493733,0.03756767529146044,0.058931477729431685,0.0871790613478593,0.11708406682831239,0.17409240375992294
0.13057897928834317,0.09276795134879161,0.07423463241586148,0.05682454493341198,0.040315036513330064,0.027755115604775393,0.018628029277127454,0.012172771606835756,0.00842589746359052,0.006207681507389899,0.005689266991783462,0.006299068681615392,0.008942650394211039,0.014015469356218896,0.022941503900570762,0.03751858898202996,0.05892478835561242,0.08669984298021882,0.11667815929615262,0.17438002110212933
0.13045751590591073,0.09268336406899175,0.07497730098315376,0.056623880195668025,0.040212532513125586,0.027570798524024442,0.018285365234235598,0.012397729932326223,0.008201524112414496,0.006420460487111773,0.0056403114620490686,0.00653333311201446,0.008794105393153614,0.013596171626145957,0.023286618452350326,0.03718323044772254,0.058652267660831064,0.0866297396128137,0.11693935918227101,0.17491439109368598
0.13123651094066474,0.0917737490453896,0.07591725603479757,0.05660756383437926,0.0400803532888402,0.02703456519573662,0.018665537736162304,0.012328585184447325,0.008098416176910048,0.006351894278978648,0.005706079622804396,0.006328651592124048,0.008415512833283527,0.013728126971477907,0.02276621177408109,0.03717003685626058,0.05827771690407412,0.08673506657369594,0.1168293654746489,0.17594879968124316
0.13079461952497484,0.09360213572052345,0.07541431052287298,0.056115791116438614,0.03987375607229309,0.02768600392478491,0.018406975624495704,0.01182416166660579,0.008037175881499388,0.0060681425009048275,0.00554018919986851,0.00626072923964763,0.00859667356215737,0.01388450772505255,0.022599057653164573,0.0372837964823036,0.05831725676792964,0.08690974654921085,0.11727702274183747,0.1755079475234342
0.13035044292391126,0.09298169115196693,0.0756510392919849,0.05695091278966624,0.039480992321989025,0.02733809609865523,0.018191132900384814,0.011894202281020835,0.008094158842478917,0.0061427403751299434,0.0052109670712640775,0.006031657080896822,0.008581598969412301,0.013545530057978847,0.02276544347932773,0.036999026777705744,0.058932174530092814,0.08748721298646607,0.11829044468134842,0.175080535388319
0.13027703226427526,0.09373386910719293,0.07564901168976235,0.056413933439890596,0.04027764637929401,0.02704761715073868,0.01818278386636857,0.011985201487818115,0.008046566516125502,0.005835752448576166,0.005342800663244221,0.005970193844575785,0.008659021764568219,0.01406157415936783,0.022471630375788598,0.037046073564340164,0.05854673830235374,0.08715122001417443,0.11778394105823635,0.1755173919033084
0.13085085908828464,0.09332837811830134,0.07501343880862475,0.056822932912140064,0.03979878287530775,0.02742346515532608,0.018246915710465023,0.011965517012536252,0.007967056668635479,0.005928007804463676,0.005128315735683521,0.0060043269645547286,0.008546086818021941,0.013966406296662535,0.02245110596417645,0.03752579919433512,0.05921537266977695,0.08673506633130482,0.11766423551429162,0.17541793035710743
0.12949599701331566,0.09303521798647697,0.07613058447753765,0.057039034305388474,0.040267142323806356,0.027611896959389388,0.01776081636039324,0.011729373211100508,0.008115485128800762,0.006046376571120422,0.005152030530551293,0.006001576305637369,0.008472227983573234,0.013594391670469157,0.022307213672377323,0.03734682872194798,0.059254158543161746,0.08625212593852406,0.11771684572945616,0.17667067656697222
0.13017019116227063,0.09327663612804322,0.07618617831414858,0.056694993147889436,0.03984178758789118,0.0272906456247698,0.01814896786974022,0.011746475227878302,0.007968689338912356,0.005991034187552056,0.0051299578255084325,0.006102194334482543,0.00830382888637442,0.013548265072154548,0.022550577866853376,0.03724362654172487,0.05922844903390222,0.0867513695925566,0.11729718250505196,0.1765289497522954
0.13040081217465735,0.09349464024444866,0.07515269746162243,0.056892038498671256,0.040061311224134324,0.02743577748803136,0.018292177178821083,0.01182928407202078,0.007629067093987317,0.005668302296184969,0.00521045873933772,0.00619415884517257,0.008412045930334787,0.013488137538858642,0.02251561810539027,0.03778702312109962,0.05917296201557333,0.08695709873164062,0.11737549475304646,0.1760308944869664
0.13064252295790268,0.09309448165107966,0.07511431303624373,0.0566651253673016,0.04051960019025933,0.027335690029781885,0.01780780825572974,0.01163598155081233,0.0077810758269568295,0.0057558416074592255,0.005361401554889317,0.005843679098157566,0.00837107859466644,0.013417591031957924,0.022539431575423406,0.03797894220458844,0.05923064302015124,0.0877629116968049,0.11707577392287209,0.17606610682696183
0.13191109106915197,0.09315808408449233,0.07475392876741399,0.05661669255726743,0.040216917366155,0.02700359263170634,0.017991342536792566,0.011673151750972761,0.007568234305239403,0.005673274434288993,0.005192488465281452,0.005684879612851241,0.008402149279069732,0.0132945609843844,0.022708018681021708,0.0380285122658448,0.05965559145792541,0.08803522669058438,0.11787214077413166,0.17456012228542442
0.13109735389957308,0.09333662446180933,0.075079144461213,0.05660630538248601,0.039755285822911886,0.027549395917785838,0.01812660794542469,0.011684058292732624,0.007656843531690087,0.005485030059157482,0.005115606409748809,0.0058594235334460945,0.00824990930069594,0.013290968337245686,0.02270050344326034,0.03798271494906759,0.060416504457104614,0.08761966924158819,0.11747672051195822,0.1749113300411004
0.1314859673469523,0.09398818494882523,0.07483473684734111,0.05619030091406647,0.039621706135834954,0.027261166350813836,0.01804754870019514,0.011674119466979703,0.007673316985255227,0.0057185112969198966,0.004940899873824671,0.005827940622984471,0.007985024762530069,0.013421672643829097,0.022701611098123287,0.038582127538221496,0.0596953553883166,0.08820666888841362,0.1175867849166596,0.17455635527391317
0.13214210581241065,0.09273287161809604,0.07537299711276133,0.056157868843497744,0.04008342016031382,0.027118178008285698,0.017810436133717415,0.011668220993852814,0.007873233160673258,0.0057396913321550265,0.004899857708662212,0.005564104815211755,0.008121704646913731,0.013286598607565793,0.022675507834305955,0.038587621813146115,0.06044648669600838,0.08790258592558114,0.11686276588519624,0.17495374289164486
0.13194586071220715,0.09340071728089855,0.07548361744355517,0.05613560356219668,0.03987491523119293,0.02706632775724535,0.017580511713432518,0.011452286560848665,0.007988579216761094,0.005758475637154686,0.004873066483615787,0.0055910106099872165,0.008023398677855323,0.013309324485874081,0.02320302564536213,0.038160471289696254,0.06006854459626835,0.08842319241400008,0.11797662453511876,0.1736844461467292
0.1325367747670945,0.09418553158176697,0.07475863578841216,0.05626385947220809,0.0398738155697124,0.027227176756058364,0.017730172972847465,0.011548661778291572,0.007874916863898948,0.005562862502425667,0.0048629436067716345,0.00534061337442178,0.007982724276736651,0.013397973552353764,0.02285185437042958,0.03845573344700105,0.06052971586941704,0.0885729118118777,0.11733924670814215,0.17310387493013255
0.13163777999317713,0.09419661043894714,0.07509265484703255,0.056555061322770085,0.039721522089776654,0.02692041453728882,0.018027536457488065,0.011706472094247949,0.007783338356622628,0.005688461118084835,0.004771020809665913,0.0054682092028867915,0.007977093800819405,0.013390654032266079,0.023050273741666037,0.03828077647908269,0.0599250812282439,0.08863400755811833,0.11717733094423485,0.17399570094758013
0.13153594365441643,0.09273875099960759,0.0753906954951017,0.05675784412578416,0.03997105897974626,0.02750059190015679,0.01790435886865115,0.011778399203956378,0.007726987501386621,0.005579590289194966,0.004952093339757312,0.005515019362999534,0.008036596814169843,0.013591352131751182,0.0231114245836417,0.03786505338691065,0.06000791407762085,0.08829329108076832,0.11686509808985954,0.17487793611451904
0.13180721654775962,0.09243625128937884,0.07447849489960644,0.05663994913679917,0.04007795050440998,0.027656865455906145,0.01794616646770634,0.011829999023135135,0.007809951769367171,0.005644292046167625,0.004776703594365974,0.005538327044420861,0.008081487086343264,0.013376425767377019,0.02301592952002822,0.03849178688451307,0.060265939040321355,0.08773405433686608,0.11720225904138104,0.17518995054414685
0.1315957223111706,0.09204249872924362,0.07463934526657735,0.056456353036818,0.04045889620528138,0.027307602517339404,0.017962782981302085,0.01189792225123392,0.007857993181791837,0.005530066840957595,0.00477009657748468,0.00545555995238182,0.008310001639151549,0.013586745058951511,0.02340675297323878,0.03825183659480339,0.06042011950904927,0.0874445958498007,0.11748080619764859,0.17512430232577395
0.13176694845019063,0.09296204210177357,0.07448367313111222,0.05660202221117188,0.0401392342118349,0.027455660533731156,0.01794463782529421,0.011745400298359028,0.007780540361345933,0.005556108072269189,0.004758826454500249,0.005494778717056192,0.008148516492623901,0.013364826786010274,0.02324382562572518,0.03824133930051384,0.060533731145367135,0.08761478534725678,0.11737775567710924,0.17478534725675454
0.13156870570972906,0.09342380044681522,0.07514544680696025,0.05593139779639598,0.040327642428568365,0.026678082702221988,0.018086246271709374,0.011723517750886429,0.008030419208087057,0.005716850300333374,0.004625481717506113,0.005385630700082308,0.008013858228074504,0.013623062158326284,0.023196964703583296,0.03871129077934314,0.06024718918766735,0.08784606237858734,0.11746371903303753,0.17425463169208502
0.1302476849361547,0.0933556219432468,0.07562790158806346,0.056576105396436586,0.040323074504092206,0.02685391305787039,0.01830203824924072,0.011585663568880907,0.007401583925719344,0.005496569816036214,0.004650816375507906,0.0053989192230985035,0.00815630715249216,0.013525434669270685,0.02311836410430407,0.03860177591671563,0.06075190956562037,0.08795670272014829,0.11647895133193752,0.17559066195516354
0.1309493242067981,0.09339182090610454,0.07488474491477834,0.057043605599831675,0.040244441830762624,0.027265302876945844,0.01810453217948484,0.0113109841450748,0.00738659611934513,0.005556098538749397,0.004751010915066568,0.0054086647969638565,0.008060815590207085,0.013734529810605623,0.023074208868885015,0.03827976297955309,0.060924923094253236,0.08726586610697064,0.11718166321826322,0.17518110330135625
0.1306365158296862,0.09308872208340162,0.07580431762370071,0.05641856144342496,0.04035456377494838,0.02732750783660128,0.01796498409496984,0.011169123211408567,0.007620504821186393,0.005439669347587419,0.00467298231320904,0.005358529683041975,0.008082504135639027,0.013460904756937028,0.023295363282149106,0.03834097536500431,0.06084150111691231,0.08782789118011844,0.1173908795705228,0.17490399852955066
0.13070198403361624,0.09333772977773658,0.07557189677855507,0.05626344201829936,0.04040973094423031,0.027132579309979133,0.017933185091414006,0.011495928870389947,0.007399944989213247,0.005560728926063516,0.004813443840945922,0.005388405979606242,0.008177055199679217,0.013764295348274615,0.02325862691750702,0.03867987367402465,0.06079189021702751,0.08769581023266913,0.11743311715640628,0.17419033069436202
0.13154173028579758,0.09318974454089898,0.07511087117084594,0.05656334146995798,0.04049488783712619,0.027076081304421275,0.017633401451344205,0.011280872528790075,0.00754983820592395,0.005454960967386156,0.004666690955098418,0.005605659646205871,0.008212249980955658,0.013625810212402336,0.023512305954750658,0.03924955370006656,0.06066698241627944,0.08825808887578786,0.11709121741348075,0.17321571108248018
0.13096641716897395,0.09297211366496655,0.07596707955222888,0.056360535205670005,0.03998807710141086,0.02742763462939655,0.01750678942836325,0.011417831357223289,0.007486586739087233,0.005313969662846923,0.004745976021726171,0.005691528118169173,0.008243359607869111,0.01357885672650196,0.023860700801483732,0.03874445254023979,0.06162151420812083,0.08815824335960783,0.11649831092269985,0.17345002318341385
0.13092672948793055,0.09309992155616674,0.07519685430299179,0.05627269327137262,0.040297623184952044,0.027231925647161623,0.01780377126175417,0.011387595282778431,0.007412445759564687,0.005332194739298376,0.004916806508521251,0.005621808047609119,0.008239912354738239,0.013956051594197143,0.023764840613384446,0.039504910186775766,0.06083699901034997,0.0887656515306477,0.1174042703896044,0.17202699527020096
0.13153187736509347,0.09250400835259603,0.07529084341695308,0.056459445730463305,0.04010503621168073,0.02686630386042825,0.017784013912168675,0.011554314211823026,0.007596427974578192,0.005463603827501019,0.004987069029705657,0.005619139490670343,0.008349286769706286,0.014016410667099079,0.0241212648689612,0.03941008963156248,0.060514955415867634,0.088332674237172,0.1168105923095888,0.1726826427163807
0.13084132266984588,0.09319126388819893,0.07524381964797247,0.056269766363651406,0.04048482440017882,0.026811054261255438,0.017690791979202883,0.011350653221399833,0.0076548606626595786,0.005628135711092342,0.004813471759972186,0.005495670027983377,0.008308909973010111,0.013946980610335637,0.023658371003261965,0.0397082443329525,0.06033977447717452,0.08835792227576046,0.11661285248290368,0.17359131025118807
0.13102972374556926,0.09236006076472204,0.07498452750133212,0.05660121330866561,0.04035591711374189,0.02740866261347878,0.017322579257253876,0.011217975237382879,0.007610483569364783,0.005689246034241384,0.004727799860333811,0.005492323323922964,0.008350184842577666,0.014180089955617923,0.023758145815475147,0.039134665347229355,0.0607465191015029,0.08857219451330305,0.11730139765479942,0.17315629043948513
0.131407682845464,0.09263419649316824,0.07437820870466423,0.05649969123590073,0.04026681191547976,0.027239119169697745,0.01729741184495241,0.011421788315306918,0.007642118403168102,0.005574309502484187,0.004825991149314344,0.005847478812822734,0.00839705904264918,0.014201492994448872,0.02345944925755892,0.03893076565218759,0.060473063022643256,0.08868234713693728,0.11718797856365921,0.17363303593749227
0.13041375907054076,0.09283994449209945,0.07561129897098422,0.05635575397679663,0.03969841590519938,0.027333335541284837,0.017843008024799715,0.011172786556224936,0.0075528500789894615,0.005451432242936488,0.004972858756238842,0.005862111221140695,0.008269882327225033,0.014027667840192886,0.023680279791613537,0.03897310383885488,0.060987484226946505,0.0880310261344179,0.11708490787874375,0.1738380931247702
0.1307934384761955,0.09244007701132492,0.07533104771490579,0.056646034297519986,0.04004026043468688,0.027111231038941048,0.0177364431428964,0.01145402745059737,0.0074230176453936375,0.005299081062200051,0.004800791965129696,0.005747706794113896,0.008396419602461312,0.014180546197689997,0.023745710326834615,0.03872418125803926,0.06110745993408015,0.08828325334772466,0.11736115364686368,0.17337811865240105
0.1310237498033957,0.09252406850936663,0.07549275254343919,0.05655085636708305,0.03976126025446811,0.027208384036555986,0.01736575028352414,0.01135089941308433,0.0075280833767932395,0.005226777924023807,0.00472843767849604,0.005844322480774166,0.00830787824604101,0.014071075570566468,0.023748147780233615,0.0385443829107375,0.060600491717783776,0.08879231132192615,0.11666128591650732,0.1746690838651998
0.12992651473426717,0.09311441571522844,0.07492916933367075,0.056487559769835494,0.0404590720314384,0.026804011174126837,0.017647710676782263,0.011524765510386014,0.007370028001475329,0.005413398036092629,0.004859322771170223,0.00580207769954566,0.008679961165112778,0.013967658544088676,0.023383630135740168,0.039003590738507905,0.06147258319812242,0.08877112722064272,0.11675110112121677,0.17363230242254937
0.12942426433960608,0.09309842069464279,0.07547831785692419,0.05710687410736897,0.04034899288874032,0.026867884809839596,0.017757462519838542,0.01098877456959254,0.0074405919374831405,0.005370267090109607,0.004920124517379308,0.0057972405598317265,0.008317707979935559,0.013896496997118762,0.023544773464095343,0.03892574798966658,0.06160333502688444,0.0881369227790346,0.11695101224156108,0.17402478763034687
0.1291918354651326,0.0930496890402188,0.07550225919436684,0.05657168288885692,0.040255187212844074,0.027211255767935812,0.01752095814327478,0.011271981853647882,0.00754774419732007,0.005570638911086515,0.004819504350458871,0.005884990379190597,0.00844116415930009,0.013766939821547636,0.023414220929520762,0.03875457257299985,0.06144578512588121,0.08835923423982373,0.11769815310240082,0.1737222026441922
0.12975750789368787,0.09289493662720787,0.07463649339973569,0.05688913441515588,0.040756073880618006,0.027300830139745973,0.017744050995952675,0.01119919549716588,0.007411548519096193,0.005158808264017187,0.004748617674252434,0.0057559002112150745,0.008420485050372397,0.01393821008043375,0.023600844860295372,0.03894660410157511,0.06081406292125166,0.08826209855490516,0.11783055489855224,0.17393404201476348
0.129809562110357,0.09245017286206285,0.07543372738270787,0.05670603850463146,0.04027710889234226,0.02747091796458023,0.017501352941468522,0.01128526957048453,0.007478828741607211,0.005138695118984376,0.004734881396268694,0.00585364400510394,0.008506567765404087,0.013905093845316173,0.02352545929673524,0.03876777235497874,0.06110330514912146,0.08806614601176022,0.11787554262468991,0.1741099134613953
0.12994449419862564,0.0924793198263147,0.0748806865304487,0.05694103936392638,0.0409911915786128,0.026945062003274404,0.01728741675371349,0.01144217414552022,0.007419534797485769,0.005436357044833392,0.004739430639268574,0.005740951958429418,0.00846078588798522,0.01360579127633546,0.023554788182379518,0.039531122481918805,0.06100009766902122,0.08803786247208568,0.11725248766307833,0.1743094055267423
0.13020631690408827,0.09262255753544776,0.07511457454376995,0.05664532353865753,0.04028722224979732,0.026759980807729844,0.017405403616750217,0.011209278469912811,0.007124303039327609,0.005502887113052398,0.0048261941397395825,0.005554176800516205,0.008285766284475771,0.014038483810658326,0.023333498783938058,0.039163812643735224,0.061119107890339336,0.0886484340100263,0.11681474495789282,0.17533793286014457
0.13076817383444608,0.09253413103469968,0.07557083710635708,0.05590917593851036,0.0398828610638851,0.02650525022803686,0.01752448809655851,0.011314932565650615,0.00726241538632176,0.005262643837045105,0.004818985910549954,0.005717889843709908,0.008335140522026458,0.013824579642391843,0.02350228202407341,0.039123014092760935,0.060989721372889494,0.0882101216913962,0.11884900565994941,0.17409435014874128
0.1303480216229096,0.09306389083309757,0.07414632693481854,0.05626788051472718,0.040154941020155224,0.026780440102654225,0.01744989319262227,0.011595756826654357,0.007406194000585745,0.005347814792201324,0.0047604155808054485,0.0054189645558351904,0.008556172738388936,0.013779889105647468,0.024010563257931127,0.03901489015634748,0.06057988712007266,0.08855829068484132,0.11768667298741309,0.17507309397229126
0.130521623151185,0.09272123725397395,0.07512584683918411,0.0559137258276436,0.040158462765552565,0.026552772932918092,0.017661582046181908,0.011125158446217647,0.007497857045933683,0.005402891912375519,0.004808822020631931,0.0056792419734372985,0.008411301559143875,0.013946576734303481,0.02443960510072711,0.039582595572441794,0.060528937326453806,0.08843201953976959,0.11704004262741062,0.1744496993245144
0.13023735161388514,0.09351799160965023,0.07572489181213027,0.05561584373304395,0.03950015219088709,0.026732660164366158,0.01724554345380675,0.011220769424189089,0.0074077260034673045,0.005252239852838027,0.004749348225983615,0.005579781109802416,0.008234850389741012,0.01429767214112727,0.02409413337215304,0.039313222079589205,0.06116750261371303,0.0884245596389768,0.11669732541058456,0.17498643516006515
0.1303572994627188,0.09308848179581324,0.07557016839886224,0.05638226227332674,0.039357049602954636,0.026443767488115125,0.017273417734086336,0.010997139022965586,0.007232695556632949,0.005534972920827548,0.004682802202075327,0.005515116515730412,0.008543218293044134,0.014276755264843073,0.023503364833313754,0.039160140252408014,0.0607142679853526,0.08851654452219697,0.11797186678337823,0.17487866909135438
0.12987670498540713,0.09367078973666616,0.07529400864322539,0.05627030926334041,0.039862409911251416,0.026328416092547366,0.017172288734025577,0.011267298032441881,0.00725673556098239,0.005226636488176783,0.004667407892734,0.005511214353313346,0.008404974156358994,0.014099840504033725,0.023613344716447937,0.03866619016419482,0.06120740431896547,0.088806493669797,0.11726593470592514,0.17553159807016505
0.13047881785790527,0.09319679144208037,0.0749033113284204,0.05664292960468937,0.04013841746668233,0.02668392196061622,0.017004297825932258,0.010973771180900909,0.0071972448900223225,0.005123630760981632,0.004541099098234366,0.005396692477894413,0.008440089431849585,0.014119773143635427,0.023997987617892323,0.03874663017017537,0.06084146036716045,0.08887083187838335,0.11780709927365589,0.1748952022228879
0.1311066915076326,0.09292197929110589,0.0747975604671249,0.056580484398836464,0.03912617600243556,0.02667204961133595,0.017614803980290483,0.011294256243609134,0.007230574243271597,0.005120967341630569,0.004543514158357848,0.005460159039541478,0.008536048631816512,0.014312235058192058,0.02371529076174182,0.039169195437292546,0.06063092964998726,0.08920576195692095,0.11742982041040546,0.1745315018084709
0.13128633534513717,0.09233335595026701,0.07493376272409383,0.05643862729554981,0.03980194185682818,0.026941732710871184,0.01771733356281247,0.010887571222654883,0.007385807929276295,0.0051847941390147055,0.004680050375082536,0.00549922468048065,0.008439977691980531,0.014424087365353394,0.0238718976876116,0.03904730855730993,0.06086878813504627,0.08768474862933108,0.11767480269483523,0.17489785144646322
0.13032544550016292,0.09303926158896023,0.07495785306229144,0.056356949405475885,0.040302233663615315,0.02700712899527327,0.01755033229489456,0.010962339911950536,0.007362271748895246,0.005166825768943789,0.004557990711956494,0.005492751057602747,0.00849225637911894,0.014147142859506348,0.023774347198117905,0.03877683713496781,0.06072302471903418,0.08818347112086866,0.1171808951529781,0.17564064172538565
0.13005945244218062,0.09297402779959817,0.07524413537627028,0.056609639729776666,0.03970166284925208,0.026911532450780165,0.01750332817913459,0.011199219428297384,0.0072467483069697455,0.0051630187618346745,0.0047346965775569095,0.005505345758535437,0.00831838064446778,0.013960987952404972,0.023656945351712044,0.03890786111777206,0.06087797779008905,0.08770682256050671,0.11764307035894725,0.17607514656391346
0.1302680028504961,0.09256506621120454,0.07499417169444138,0.05690741013248856,0.04007228752312719,0.026868075270292842,0.017397285415016686,0.011239949273073892,0.007326304093702619,0.005140482831713256,0.004652723926806403,0.00541329713445777,0.008432442084830368,0.01403422910118435,0.02348848475629415,0.038804114370369396,0.06082601557190971,0.0886613415519331,0.1177946022450137,0.17511371396164396
0.1301525424854398,0.09309441430193717,0.07558224477191677,0.056529376216122876,0.039902112484310776,0.026777946752910394,0.017784448237161393,0.011450647824094674,0.007436197129783971,0.005414029658456245,0.004592212828975767,0.005618238688812002,0.00837423048060512,0.01409706403862373,0.023432571174318143,0.03906037282260046,0.06064344107158274,0.08878610183223647,0.11616837449611837,0.17510343270399326
0.13219154964150923,0.09172113066928503,0.07324769103312843,0.054264556974972136,0.03767136131027266,0.02502275725931001,0.016354542758077555,0.010434246010234802,0.0068288824566248305,0.004796923423100921,0.00437928083651253,0.005292980536150801,0.007872136591286443,0.013253759635611106,0.022586792948147544,0.03834811276690772,0.06154176596332246,0.09068810451633577,0.12112828275596375,0.18237514191324627
0.16986343101332885,0.11819017218840129,0.09353444019101914,0.06862595764838215,0.04725598273931375,0.03093264951199058,0.02039914500014228,0.012433318212936473,0.007778356184102826,0.005324499897058553,0.004435688376989991,0.004547835969917664,0.00670040021626073,0.011256605409531207,0.018388857550796996,0.030366890013340544,0.04782843761664604,0.06931390780798323,0.09349594176359624,0.13932748268826156
0.19741088845540003,0.13760967412324035,0.10858899332032865,0.07963080248946536,0.05412476038473557,0.034712335013806904,0.022565635582127874,0.014132867191920211,0.008623616142679804,0.005559918594144522,0.0041918948817335055,0.004261140526435791,0.005733877164981969,0.009045845683547403,0.015090483790607923,0.024354199917243007,0.037897634670112056,0.0545047669715164,0.07290721928068976,0.10905344581528299
0.21444069267591503,0.14879886904519754,0.11638053781375858,0.0844385229784522,0.05831231438916235,0.03746118275632941,0.02365648264920061,0.014514937010970529,0.0087855796482378,0.005783599799302984,0.004235995280908018,0.0039580027934854834,0.005322539088455851,0.007988893861112243,0.013008014320003253,0.02139186092239264,0.03263530097771991,0.04617387413042591,0.061012570684675145,0.09170022917429455
0.22382416670351687,0.15470792528819685,0.12133524727620304,0.08851702309317204,0.06059023821105302,0.039378127306681,0.024373858352353717,0.015016174404642438,0.008764112210569998,0.00557004996887575,0.004333583914716159,0.003950908726014771,0.004991785239282545,0.007316749607970529,0.012199685015800234,0.019419490242633074,0.02958164247592548,0.041199661204899596,0.05504740070004046,0.07988217005745231
0.22928067768462326,0.15991983420099887,0.12424673707087296,0.09081185811405344,0.06219683676555265,0.04057838291299825,0.025782223080300773,0.01550350511800194,0.00922624285179749,0.005897961171186102,0.004020249894496205,0.004035626965915867,0.004794229155952548,0.007189635170437754,0.01138757566800561,0.018285046481469776,0.027198622214400798,0.03827353076353996,0.0492630111381254,0.07210821357727064
0.2334301639276953,0.162620653315678,0.12766925679952648,0.09219264840229519,0.06332652439754606,0.04161833690888001,0.025923568840393756,0.01593941073622046,0.009265627191946978,0.006021973359611035,0.004360798322059242,0.0038099246226857325,0.0049886574763141405,0.007062132394452945,0.011198817503413023,0.017145516196028922,0.02558483283891563,0.03547318682145875,0.04549156068335712,0.06687640926152132
0.23977978654598048,0.16457507347024902,0.13029410402323596,0.09387550631423826,0.06466754390630121,0.04243518062615695,0.026636289242034077,0.015987606559739503,0.009799464392019747,0.006008004954631158,0.004290696856519852,0.003896110580230542,0.0045789163974616085,0.006668508069289353,0.010571481019542316,0.01648512838636516,0.02412466181382733,0.03304231165796575,0.04196167709460978,0.06032194808960195
0.2448241240528272,0.1680926105499824,0.13221546198007397,0.09551621456951372,0.0650505015832697,0.042865846856201345,0.026835777604242644,0.01621371137293939,0.009873767495344587,0.006077352807407473,0.0041894431524658665,0.003695154079172065,0.004369652710437566,0.006508139465035054,0.01011576318747801,0.015153049403163109,0.022682376363371122,0.030771211094043648,0.0386472269181591,0.05630261475487208
0.2469712179760448,0.17159201859211484,0.13544946987719855,0.09743155158899323,0.06596969155241408,0.042849874173187204,0.02699603954949876,0.01634029620869374,0.00993034832712221,0.006085067176391315,0.004283612260894677,0.0037146412904467893,0.0041890702567417065,0.006549182469505905,0.009641565478073131,0.014361789903601537,0.02131492457267014,0.028438234849214095,0.035874393212227886,0.052017010684965406
0.2516211238760466,0.1754166946096664,0.1375535000971556,0.09855367033450778,0.06672616376145449,0.04307864793711879,0.02704538459025245,0.016098606976980127,0.00987204685482193,0.006295342890699023,0.004328155710431423,0.0038673111612078943,0.0044020971866128075,0.0059170376637244825,0.009091362431883566,0.013718723185467576,0.019515391004245618,0.02661549228687229,0.03287128508566034,0.04741196235519078
0.2580029135943629,0.17769826045329465,0.1381908163230164,0.10005923619744944,0.06739495045856393,0.04380206844535975,0.027238318931819813,0.016360555580428638,0.009949614792518335,0.006087208080919401,0.004273960525273537,0.003667822690907587,0.00424985277049762,0.005732479689216602,0.008544477085579082,0.012711674696844978,0.018118699696586686,0.023976884107134867,0.03016913311957791,0.04377107276064786
0.26060853717621785,0.18020590329683212,0.1401563154655066,0.1017274703826505,0.06887639422670742,0.04374970904219278,0.027426760531810528,0.016869518139387325,0.009926187237168116,0.006257101525739638,0.004346694115841725,0.003689776044387659,0.003912197123698877,0.0055174221224488385,0.008008883049617142,0.011667623594566029,0.016814343918162833,0.02238176767859637,0.02784918816306051,0.04000820716540714
0.26391491770292985,0.18168169722823324,0.14114922534798083,0.1026668461360585,0.06983947843433663,0.04448942683688649,0.027429480608677347,0.0167803881370732,0.010164179980189337,0.006314216391767878,0.004217530708248343,0.003480670801365348,0.0037964679043152026,0.005137311341430166,0.007380678739434599,0.011432545393676465,0.015591403416130845,0.020580307375846877,0.026190451538087203,0.03776277597733163
0.2684877473056496,0.18415104236764643,0.14332080628629995,0.10318594209950549,0.06918518978648802,0.04542176117167577,0.028015032456440044,0.016600925552070073,0.00988704951807104,0.006035759025167974,0.004092858892995553,0.003487212404192247,0.003599369161378044,0.004865877773291507,0.007090032542714468,0.010487519541158083,0.014613162717023325,0.019071825187301796,0.024198251734978755,0.03420263447595187
0.2720079505026001,0.1865245192257922,0.14478955668356383,0.10382928504139162,0.07023289037347348,0.04533408329393741,0.027940633486661166,0.01688791654732861,0.010019220616094938,0.00582829813004455,0.004232331353759409,0.003348942175966984,0.0035163030162909397,0.004525644166698299,0.006528798142122137,0.009668970610056145,0.013130061802735052,0.018030111148302413,0.021950150624756297,0.03167433305842446
0.2752931109439586,0.18934380412805096,0.14628979166522899,0.10447447053708829,0.0700222895432369,0.04551414316373499,0.02785502825872432,0.017019066875530498,0.009697331465520214,0.005979532264631395,0.003954151168648343,0.003212316525315539,0.003215766919005458,0.0040731897509505835,0.006096845650088675,0.008791603121916212,0.012381737756277992,0.016739584986646978,0.020717888911124756,0.029328346364320173
0.27902219547790474,0.18938953789969504,0.14823037923903193,0.10591095525629585,0.07072085157595505,0.04501691116967195,0.02792417986014567,0.016183193963162004,0.009908077936629798,0.006084908596684165,0.003975335283824067,0.003173005761555963,0.003297505170183771,0.004086001424826562,0.005643973191127338,0.008464230628237852,0.011635507231340646,0.015161261317342075,0.019191929671667395,0.026980059344718112
0.2793767205074989,0.19226136679794223,0.1491840927903283,0.10721451023966573,0.07208980422719946,0.046189524107409785,0.027650812796687643,0.016228284668064096,0.009791232129618911,0.005782114843929557,0.0038760560654315583,0.003062136133724798,0.0031468114557070314,0.0038846964044093385,0.005270606776445055,0.007909366300258687,0.010803879857814577,0.01424964704215276,0.017116511514979758,0.024911825340731768
0.28104032648543953,0.1930068478937539,0.15060697240091311,0.10810679947430311,0.07188386248875978,0.04663657743653594,0.028034862004565266,0.016600954554886912,0.009884485024555583,0.0058016877637130804,0.0036435636715777824,0.0029172719098014797,0.0029553157639897634,0.0036262710105831094,0.004971640035968734,0.007396071107422008,0.010166355398768761,0.013047312720481425,0.016351940236563608,0.023320882617417174
0.2832850865678241,0.19579147724917448,0.1504470022522834,0.10910620276077436,0.07387109477553164,0.04649997927346588,0.027747647538378634,0.01641541501430131,0.00967583700653577,0.00579306628345608,0.0035977808790813998,0.0027618106700197584,0.002692722222989872,0.0033836066932887493,0.004552928659269597,0.006767213386577496,0.009271669591410925,0.012164748310787468,0.015018101173121834,0.021156609691727352
0.28399649478798494,0.19694348277727564,0.15271697141385526,0.10955343114971994,0.07414353048134442,0.04680702494266006,0.02858960155003656,0.016718893403875435,0.009717111414926882,0.005771155285386136,0.003506940423494598,0.002554587454866938,0.002520019289036533,0.0030437270013671707,0.004203488964977262,0.005900785907250156,0.00845191654553405,0.011525026487857071,0.013813439065829885,0.019522371652721297
0.28437791683704017,0.1982802199413742,0.15338443674960187,0.11092995450381209,0.07418104273743163,0.047038607060966964,0.028919495729017326,0.01696315964727946,0.009803160406411908,0.005769406617219538,0.003612780339849796,0.002598303338975068,0.00241714673167601,0.002912308124960103,0.0038456959778057267,0.005667613856927686,0.007770755802618663,0.010546765146848996,0.012749974551809923,0.018231255898372867
0.28618305847360986,0.1983441132172476,0.15524758078011971,0.11156446623616147,0.07475126330808154,0.047149124698729714,0.028854663931583816,0.01722653628441641,0.00966480283077624,0.005639814433025262,0.003512591675019712,0.0026378942392461385,0.0023515041517936488,0.0027293320382520544,0.003748949759242551,0.005139494400728742,0.007164927910784312,0.009897710432017722,0.011629852888658091,0.016562318310505517
0.28782772536317197,0.19949422251795823,0.1552740317567579,0.11200540599244607,0.07535463896555228,0.04753860130288555,0.02900204620951324,0.01696268037931587,0.009669072586136456,0.005761105470292036,0.0034080507225515725,0.002535782808737159,0.002322025454363667,0.002516820462784671,0.003339096737269802,0.004706109495480928,0.0068540261370081245,0.00897953273331874,0.01076716480174867,0.015681860102706956
0.2869216083628795,0.20074846113215106,0.15583388858009878,0.11404883639841057,0.07550032624343632,0.04792844048732828,0.02941196778302912,0.016660855275649807,0.009609509046782273,0.005489175277306922,0.003481656142870459,0.002496021211001826,0.0021369808155050213,0.002483938120768761,0.0031726742640534977,0.004320567836194725,0.006265945363718278,0.00833733226081523,0.010211937402687964,0.014939877995311759
0.2874263793570564,0.2015769011080414,0.15701365508696422,0.1127851856197939,0.075493838558321,0.04876348381596953,0.029346443689375674,0.017170240780270962,0.00965157353608598,0.005506556616064789,0.003423694242015837,0.002365869357763969,0.0021777732527338647,0.0024141876232762903,0.0031406872583008183,0.004441829122454017,0.00588102317378527,0.00785862075511095,0.009715422672655833,0.013846634373959216
0.28730614470387666,0.20234800433435254,0.15795885125854967,0.11272077245339535,0.07612551677491046,0.048934011553672135,0.029614049375729007,0.017394350157706934,0.009667745653569284,0.0054265679244111,0.003243862543050197,0.002351800343711393,0.002182705381360904,0.0023466239673129085,0.0030057492287199165,0.004134199283589507,0.005649152109545931,0.007267632463472039,0.009288144717680432,0.013034115771383607
0.2880683014738122,0.20169372740862465,0.15776763551372827,0.11516724953997312,0.07694963353207418,0.04917885637150146,0.02959707516131149,0.017228998436081288,0.009549225463220293,0.00563252398526533,0.0032970030070048366,0.0022802832315462775,0.0020161777550689263,0.0023148068232426633,0.0029638503471347134,0.003692298131928453,0.005018004053069665,0.006806326102942446,0.008503160634819805,0.012274863027649949
0.2896132949824225,0.2009414975857929,0.15837716911542424,0.11478496713396041,0.07781261606764962,0.049726620196418866,0.029944805783731956,0.017636236428182735,0.009729384226028525,0.005205013258704534,0.003188999162153525,0.002192220984167293,0.0018726300605495245,0.0020350168001174716,0.0028244927573786633,0.003622606307170066,0.004911335112677395,0.00628298480647474,0.007920672350202553,0.011377436880792584
0.28953715876975955,0.20141167782965308,0.15722039910696103,0.1147665434769856,0.0782858345669555,0.0502800236027288,0.030850905979012896,0.01726035811274789,0.01008637080439066,0.005521106153617876,0.0031228756681401133,0.0021308019061618993,0.0018409438330969606,0.0022343226465422346,0.0026087226575844465,0.003379952173417946,0.00480853839066657,0.006040435201192559,0.007743351380449073,0.010869677739935198
0.2894781814635224,0.20099913516462084,0.15802320382668075,0.11469167151446313,0.0784359081030414,0.050640340686447974,0.031115085249291814,0.01794749189108943,0.01016224726005997,0.005649912567042006,0.0031658844020638673,0.002175035085387389,0.0020196754364311476,0.0019489004852399705,0.002440872706934736,0.0032918983395505965,0.004426023776931163,0.00595200077334581,0.007149996288630609,0.010286534979224961
0.29103829832762995,0.19961965703556828,0.15787339273172185,0.11612885412190649,0.07878310959710223,0.05080098088448722,0.031024527289262527,0.018470103213760008,0.01005216773055704,0.005643019481359917,0.0032477561663361958,0.0022330480761100103,0.0016963572324699692,0.002012159240142405,0.002474645240449579,0.0030889923154844797,0.003948387942920944,0.005416953563299321,0.006797508788096854,0.009650081021334758
0.2922288418487543,0.20203666970552903,0.15826326428969034,0.11463289795454117,0.07854913564757929,0.05079438390655241,0.031220433563517093,0.018348639663875396,0.010274686735796474,0.00558024750931047,0.0032450914329930857,0.002188670270791938,0.0017957436395001564,0.0019525696195332796,0.0022800084789430975,0.0029073123990755894,0.003794844044317989,0.005002921099298422,0.0060317684628124245,0.008871869727588107
0.291275089016495,0.20231209882168563,0.15829143560349124,0.11588627290567448,0.07915607357431215,0.05138534347508659,0.031414236080547206,0.01824859722430777,0.010405825467261086,0.005709482608342954,0.0032137414198109373,0.0021764382010642284,0.001655197648549242,0.0018019044265749832,0.0019814044843947136,0.0026890489431071114,0.0036452319434160585,0.00468943901054045,0.005792328788875137,0.00827081035646295
0.29178579188235654,0.20243756919033934,0.15882825621376664,0.11522584071651015,0.07938308944996048,0.05098271836557329,0.03130765861615872,0.018566289949338018,0.010756618993588795,0.005855959939440131,0.00338493797441725,0.002233058928614537,0.0015967664616965726,0.0016674656246874584,0.0020209614396418827,0.0026072471815175137,0.003452188397750043,0.004431630460648156,0.005549022109869949,0.007926928104124348
0.29166616373847504,0.20228059254712144,0.15782748815819647,0.1161005419554193,0.07962933904889669,0.051772864983610306,0.031572394932553025,0.01893653965861809,0.010754616449717815,0.005847186849606079,0.00345382343254526,0.002098503802999291,0.0016156927390388958,0.0016001738119830254,0.002084709201171851,0.0025640716146753868,0.0032606990069611,0.004293569818790661,0.005231602743056573,0.007409425506563645
0.2922243626845429,0.2031340975647682,0.15896301799428122,0.11650929949291206,0.07912991646437856,0.05152947071070069,0.031351342012284136,0.01853333218151505,0.010530498708523742,0.006124793752537598,0.003493464870981954,0.00212510474347567,0.0015169446868062099,0.0015808706018538518,0.0018210247151409396,0.0023445261275581164,0.0030408002833472976,0.003940946276315448,0.004811720902910356,0.007294465225166075
0.29172948692043454,0.20185550737177324,0.159823360672017,0.1171418554728314,0.0797519312370797,0.052211186581766496,0.031583692121174435,0.018748499653733028,0.010824944346867971,0.0059858419122917,0.0036370984037179224,0.0020827828465735114,0.001557769591715843,0.0014679646928586103,0.0017753737697160615,0.0022727547480022726,0.0028461244868599896,0.0035680177122892815,0.004443615476147301,0.006692191982149549
0.2912880545098034,0.20319939847445667,0.15940599352601242,0.11622653093251979,0.08005394414849126,0.05218510017090363,0.03225956654979917,0.01913051276258539,0.01079055425543106,0.006394658011689049,0.003535342212503383,0.0021298281133861844,0.0015693470309161362,0.001493466515135576,0.0015986645029222625,0.0020677440550202716,0.0026816864099720793,0.003614671842637606,0.004092374180619771,0.006282561795195039
0.2922094825342153,0.2042797766503412,0.15933229554007486,0.11631559258512235,0.07942049072795508,0.051746578471478774,0.032164695376648275,0.019061262556522678,0.010976129031145865,0.0060267860990868465,0.0035133266790443336,0.0021928123335350305,0.0015739289783942483,0.0014791139796957995,0.0016135788869408717,0.0020169736086760896,0.0026565438726238065,0.0033288684088491702,0.004213233760345609,0.005878529919303816
0.29319505528186574,0.2028446461287153,0.1593409344819667,0.11668505654239252,0.07913862858149308,0.05246899190672794,0.03241107674880811,0.019348221362301278,0.011113355884673893,0.006166220302077451,0.003553649224776082,0.0021722501092168666,0.001569614745054159,0.0014435620757593801,0.0015178122782206881,0.0018942435372105745,0.0025676756060456917,0.003197938952519585,0.0037660393387933117,0.00560502691138152
0.2926187429743633,0.2036074864149438,0.15981413467465794,0.11604668389944212,0.07929494119617564,0.052577232361011104,0.03290976621788928,0.019391189182375604,0.011001003230713704,0.0061799702656921,0.003436194699281162,0.0021981285689371454,0.001541970787164863,0.0014176461548290622,0.0013054086395259087,0.0017992537068597843,0.002477858991692698,0.0030632208022737598,0.003743552818111336,0.005575614414059735
0.29212635142136706,0.20311388207661227,0.15962833753583647,0.11655383233739769,0.0799626955890988,0.05290318123726297,0.032458291596145224,0.019942316327587997,0.011153328037028083,0.006177679527477462,0.0035560084280335746,0.0021812718040827607,0.001554350454215744,0.0013108355497219437,0.0015267175572519077,0.001832406479914338,0.0021829988601429996,0.0028496424993955318,0.0037649822113225814,0.005220890470104661
0.29272356587703224,0.20329549021840004,0.16053311531283518,0.11655989871705974,0.08001904229666659,0.05230594623310948,0.032728947395655454,0.019330345900559195,0.011504720902715255,0.006325009227924561,0.003553182167855084,0.00207843908362397,0.0014799176213687682,0.001362628112915299,0.001490266695644075,0.0018007389239032565,0.002261272729154377,0.002685584774441926,0.003297905002397535,0.004663982806737937
0.2907082287895468,0.20381465465175266,0.1604187733605751,0.11730071682237511,0.08108341299943746,0.05272458076072212,0.03270049111133353,0.019817015299343224,0.011584084265455513,0.006395146177234937,0.003613447408291946,0.0021018046529606457,0.0014598741678199557,0.0013408064165438605,0.0014305386348968604,0.0016565948003630705,0.0020500360654492995,0.00246763600470749,0.003028462369413738,0.0043036952417765595
0.29164747626859316,0.2033664701914899,0.16043517785402187,0.11821285213302359,0.08104471664622565,0.051896011329666036,0.03262108925561954,0.019376695870571323,0.011657412151101313,0.006561822406450046,0.003789780185849301,0.0021044751145817705,0.0015421317642918871,0.0013385841712421746,0.0013454840896506399,0.001655980418031557,0.001916452337951104,0.0024632708718219415,0.002925565405189084,0.0040985515346281046
0.29081090040192803,0.2034571345699644,0.1606210549578045,0.118002513777434,0.0814819546691344,0.05313117222137817,0.032963978398088414,0.019552561428709547,0.011405229209541306,0.006514067485255729,0.00371023880885623,0.0021304954351459232,0.0014105468156517173,0.0012258117981795835,0.0012068203477852513,0.0014554356984019551,0.0018283587243270115,0.0023549398488971153,0.0028694355050344613,0.003867349898482065
0.2921619424533692,0.20380364900386788,0.1599351733112872,0.11748025081508001,0.08052593153846022,0.05292626223051445,0.0328103128975079,0.019684461788326026,0.011948753087293382,0.00681059940523757,0.00374013403729088,0.002197134577513286,0.0015516292106712048,0.0011494828190289459,0.0012047132247480544,0.0014463462497691533,0.0017846324847986933,0.0022575428337685594,0.002887514649002142,0.0036935333824653807
0.2902145211673541,0.20385896484476126,0.16029718861639886,0.11795902870061956,0.08110039176432014,0.05229104464732582,0.033029011269696075,0.020190532074625057,0.011911706332084984,0.0069551110574185,0.003922820703104775,0.0023505859206461527,0.0015894931225514729,0.0013737638713908493,0.0011614862882487963,0.001418635555632259,0.001772431527535682,0.002169373349671229,0.0026750427143917297,0.0037588664722227006
0.2920205727023497,0.20270253949686243,0.1596092497795905,0.11826888404649387,0.08051890690696904,0.05307598476888491,0.033309006337096256,0.02002922690186214,0.012218708322765755,0.006937507224772818,0.004089005750487833,0.0023015753886712112,0.0015010274273942676,0.0012232510873822252,0.0012456802328490364,0.0013957829755884635,0.0016959884610673163,0.002022073729777106,0.0024930857845801347,0.0033419426745548253
0.2936646657199698,0.20264718518735797,0.16086196573601655,0.1170976552861745,0.08068548672352602,0.05306793613764949,0.03298024877536195,0.019768479136722923,0.011655413857778067,0.00704846271044018,0.003675208218662812,0.002346611820366865,0.0016771372716151414,0.0011577768613721807,0.0012267948560888537,0.00138035989433345,0.0015218467835026288,0.0019497583507459974,0.0023172791726122793,0.003269727499702359
0.29374430547502683,0.20338772467489438,0.16052520776388082,0.11795259394240591,0.08023413125707503,0.0527105938871863,0.03289192136723819,0.01989805074684558,0.011768684944366215,0.0067057345592092515,0.003846392777271598,0.0023934261023219857,0.0016048206742317569,0.001188947789834065,0.0011768684944366214,0.0012717772439879615,0.0014702228112316734,0.0018860956956293653,0.0022225903531295716,0.0031199094397967903
0.2910484574811217,0.20357696035986927,0.1604250680446939,0.11829082767875318,0.0818864852371474,0.05310590824574054,0.03288568146459089,0.019961501709310308,0.011851333124053497,0.006937281592918523,0.004027486951632211,0.0023302504803662163,0.0016627397950207494,0.0011815111613995984,0.0010797459664761298,0.001272927353449495,0.0015109544195416773,0.0017231089784499262,0.0022371094545040587,0.0030046605009607314
0.29156467074247283,0.20413120202880472,0.1611935812100618,0.11792254816770112,0.08181037654850976,0.05225243278634148,0.032926616487839094,0.01951929903966914,0.011937194120197699,0.007191684388188568,0.003945665900221641,0.002377073677191321,0.0015703197475050226,0.001157441398051007,0.001150531300152195,0.001236907523887345,0.0013733819573888812,0.0016446032999172515,0.002083394516491812,0.003011075159407321
0.2906064608023454,0.20376868612835866,0.16139732828122189,0.11842960463540443,0.08156209810130956,0.05350870521206424,0.03281567629610167,0.01989787451772157,0.011887558253702657,0.006840056421390345,0.0038824277792374813,0.0024753502136545284,0.001538450900944505,0.0011944601938793855,0.0010596296654820018,0.001178902825218149,0.0014935073914787104,0.0016629098502343972,0.0018789844149737943,0.002921328115276646
0.2914762553320935,0.20189189936602528,0.16033959472632614,0.1187579073995976,0.08216263490110132,0.053040935268212075,0.03315231293598722,0.020206646709484733,0.012014062208333618,0.0070051782664906,0.0041170329708316335,0.0025009851842121627,0.001695553880934438,0.0012911098359409024,0.0011217272871829262,0.0012375296419460328,0.0015123441853390764,0.0016385169002302218,0.0019064178702045726,0.002931355129525799
0.2881918953047077,0.20313733483733762,0.16139257452508982,0.11834188692673508,0.08250316549173516,0.05388159247122555,0.03365699370701971,0.02029887769714579,0.012081554813533962,0.007230967750851185,0.004126799320779618,0.0024546596211083463,0.0016168623542275942,0.001216101599760925,0.0010796356531968445,0.0012592870258887993,0.001442393232670984,0.0015961333496862145,0.001891521664400872,0.002599762652898002
0.2886942867496074,0.20327506772729623,0.16178109847635155,0.1190965092402464,0.08191983158766583,0.053905751212189185,0.033268338136075784,0.02015598847341812,0.012099459907166153,0.0070039514779217625,0.004103325108277396,0.002398495332424551,0.0016254551101754875,0.0012354839266301995,0.0010215174365434052,0.001175090159266992,0.001316584128517937,0.0014373716632443533,0.0019136196573085091,0.0025727744896726656
0.2888199133048263,0.20228701246912068,0.1619328431770277,0.11958306215916215,0.08220332107079416,0.05391259013484187,0.03378038948954807,0.020035527412903462,0.012030638509436866,0.006925946577681259,0.004079265145329217,0.0023581363472364412,0.0015519506414096351,0.0012118680203220941,0.001035784632753927,0.0011221000188167548,0.0012843729446148687,0.0015502243336883764,0.00184369664630199,0.0024513569641842936
0.28875415620781214,0.20391054701391784,0.16214993767846234,0.11905830602809818,0.0817223532336419,0.053278872480811534,0.03355350157271249,0.020315785475801637,0.01189288291492161,0.007057353078269638,0.0040016987366509335,0.0024945878664627266,0.001482941852796873,0.001239525320498434,0.0010375413894422821,0.0011342174590076195,0.0011566601180138592,0.0015381853211199233,0.0018057708708096962,0.002415175380748341
0.28762790247711445,0.20288187624274656,0.16107895014157164,0.11958007044893486,0.08313250722542102,0.05415308391162613,0.03356257741522547,0.020713161581663243,0.012058204156798119,0.007120905090877052,0.004127084488623307,0.0023632698118194566,0.0017085335116150892,0.0011228986678966724,0.001007153728282708,0.0009743305364518822,0.0012766494085779088,0.0014062146394890626,0.0017897277229860801,0.0023148987922792926
0.2879918138160836,0.20284963408931303,0.16145798282350873,0.11946237616757516,0.08253654361506992,0.05450956233941258,0.033724868984820015,0.02088305180384219,0.01228100146157204,0.007273348483985691,0.004127603694826519,0.0022708722668861618,0.0015064373016653648,0.0011613199358771946,0.0009559751032332324,0.000993938013469931,0.001049156791996039,0.0012717574929294088,0.0015702840143361758,0.002122471799597248
0.2884768120446147,0.20248454711833963,0.16117441900618107,0.11875064746710869,0.083638937808626,0.05462550502434476,0.03407230912669636,0.020504851686867644,0.012037708484408993,0.0072740771435477755,0.004131703442798439,0.002379225801995925,0.0013743568493387198,0.0011274560585655582,0.00101868158430885,0.0009340792154425223,0.0011360889533478368,0.0013260126385579614,0.00145032632342277,0.002082254221485548
0.2891525517317539,0.20235432973040146,0.16078774450932468,0.11859133639789633,0.08296234176778339,0.05451160254551985,0.03460402258389585,0.020766899959967413,0.012197857566847506,0.0072127662511561165,0.004370798304827378,0.002431288910975829,0.0014339255394044807,0.0010767383111773717,0.0009093607211385819,0.0009611269860990319,0.0010681106003506303,0.00120442843141315,0.0013838848166093792,0.002018884333457572
0.29014515792540885,0.20230211262627396,0.16137547436244476,0.11869880290833103,0.08230500923293371,0.0547268999929309,0.03406616332378717,0.02078142861330129,0.012095056975218498,0.007020822808708443,0.004188010462267388,0.00246383983144508,0.0013793365046578466,0.0011396767869735456,0.0009327763112748689,0.0008672578273036209,0.000922431287489935,0.0012189886359913723,0.0013655431396112686,0.002005210443646345
0.28897688537363664,0.20223872732204468,0.16126507616475844,0.11980594701897508,0.08306165570453912,0.05375329770857845,0.034541499729618126,0.021003401801278826,0.012384007905862193,0.007140500094158544,0.004046225797367361,0.002216613022212778,0.0014737107622349956,0.0010642506794100322,0.0008206478453242942,0.0008448353607654309,0.0009985988517840882,0.001171366819220782,0.0013493178256805763,0.0018434342125495198
0.2892856711738666,0.20200832231107094,0.1608606504370679,0.12015271940912628,0.08310239753607167,0.054069154852583345,0.03444636627480871,0.021140325615162957,0.012292050002845386,0.007246239353529223,0.004131839479070921,0.0022469894996783855,0.0014520070289556412,0.0009605319657105606,0.0008156761575962209,0.000865685900873791,0.0009018998529023756,0.0010829696130453003,0.001279559638343332,0.0016589438976904118
0.28821981977624894,0.2023259469346934,0.1618714666454788,0.11934771231218058,0.08368123506987687,0.054906580395096605,0.0339892943568237,0.02107446795647961,0.012441553371897599,0.00717855002271365,0.004085002599547108,0.0022817287247364607,0.0013023644651410232,0.0009465460568929455,0.0007358186500664136,0.0007772732219011411,0.0008619096393970435,0.0009845460810747786,0.0012488189765211665,0.0017393647432321097
0.28847687882230655,0.2018281459892328,0.1613078115773371,0.11984992212940677,0.08368239848333639,0.05482193360798115,0.0346049319193461,0.021273693552453007,0.012492100710331753,0.007208641391241889,0.004076551455023257,0.002372376831512899,0.0012897856573072307,0.0008823031738741564,0.0007061878632378282,0.0007683462081682971,0.0008166915875586618,0.0009030226221843131,0.0011067638639008501,0.001531512554259055
0.2881314340125427,0.20221959931773759,0.16091576617132947,0.11970006722392827,0.08359960806203266,0.05544677990471137,0.03518282661929309,0.020740914832985693,0.012064016534666983,0.007102579567036426,0.004201063486001352,0.002486766909237329,0.0014568064659395879,0.0009055356917584154,0.0007154423213511147,0.0007759265755716195,0.0008398670728904388,0.0009971261338637516,0.0010386010510435263,0.001479272046078633
0.28691522425293653,0.20287544075752428,0.16128658870520518,0.11901014627707816,0.08342648052201583,0.055848578087289415,0.0347025826101829,0.021588264663555814,0.012471645535067974,0.007204150419896584,0.004243020007497845,0.002365103579097943,0.0013941845057209939,0.0009899228274821924,0.0007739710762862512,0.0007100493579322534,0.0008361651806306825,0.000974374301396085,0.0010141094236161376,0.001369997909587049
0.2872078391706526,0.20353950223268613,0.16131265027694974,0.11940684943565771,0.08380814952006307,0.05469433689999258,0.03458894237822928,0.02088213108896741,0.01274883618971014,0.007480836182805814,0.004284133688445785,0.0024562136336254434,0.001532760159282779,0.0009303577993844794,0.000669719529055989,0.0006662673665350816,0.0007284062919114105,0.0008285190050177181,0.0009527968557703758,0.001280752295256556
0.2884756722438262,0.20377105236825122,0.1610296984607316,0.11917339801872241,0.08338997905545989,0.054624878801157996,0.03469823644902058,0.020778916059666065,0.012447681781010515,0.007166690245089074,0.004171655515798117,0.0024533060973800347,0.0016631414049749322,0.0009212837243325867,0.00075911018484333,0.0006762981646786028,0.000715978924340868,0.0008488232066884509,0.0009419867293737685,0.0012922125646537593
0.2889947557883245,0.2025896317996835,0.16224927624351382,0.11879797693652362,0.08274488533900826,0.05510567881103565,0.034346477257809316,0.020999302153650572,0.012796152862897375,0.007327386669061913,0.004114529713744808,0.002344003703422211,0.0013905106715216508,0.0010104953327207027,0.0007462119380091337,0.0006563901306561828,0.0006736635551471349,0.0007807587869910385,0.0009690391139424168,0.001362873192336127
0.2886758173817534,0.20265817450832752,0.16080815965626102,0.11983890688790486,0.0831042200592701,0.055382665220605004,0.0346329467190749,0.02083261375646756,0.012475735868086014,0.007419125316901652,0.004301918334358011,0.0024972195549906404,0.0014834796664847576,0.0009342986025241603,0.0007097906204019036,0.0006113525051636838,0.0006182604430751375,0.0008013207977286705,0.0009532954317806592,0.001260698668840364
0.2905494035126478,0.20361862089914948,0.16182480945542915,0.11893156964542138,0.08299907489230088,0.05413260797525683,0.033952833314923235,0.020386888324312385,0.012324988953937922,0.007406039434441621,0.004130191649177067,0.0026027283773334803,0.0013669501822600246,0.000971708273500497,0.0006524080415331933,0.0006748453551308957,0.0006696675135314261,0.0007352535071247098,0.0008871368607091571,0.0011822738318789353
0.2893557205564035,0.20315973749342445,0.16229184453125675,0.11905759794410095,0.08296725566795163,0.05422261316499797,0.03397062754939246,0.020836675031692235,0.012423356531187745,0.007525073517363893,0.004261851171534766,0.0025405531265361037,0.0015246768254296777,0.0009624091273639819,0.0006881742684914493,0.0006295328521287693,0.0006674772980105033,0.0007537146750144445,0.0008744470028199619,0.0012866616648988009
0.28887564766839385,0.2028981001727116,0.16153022452504318,0.12000863557858372,0.08309671848013818,0.05465112262521588,0.03403799654576857,0.021001727115716753,0.012378238341968916,0.007367875647668394,0.004264248704663213,0.002578583765112263,0.0015250431778929187,0.0009585492227979278,0.0007063903281519862,0.0006044905008635579,0.0005941278065630397,0.0007599309153713298,0.0009153713298791018,0.001246977547495682
0.2886836187033486,0.2027328605527118,0.16190724209771107,0.11960878323376427,0.08313614978131598,0.05478828350280771,0.034439285862111785,0.0210405772706577,0.012522592751003737,0.007236578871121292,0.004244332841236773,0.002414492473682032,0.0015314780833068885,0.0010037390140592442,0.0007226231046234075,0.0006536376053753497,0.0006933042674429832,0.0007415941169166238,0.0007778115040218544,0.0011210143627809436
0.2897743950659064,0.20272673589407994,0.16175835788063275,0.11944664113517307,0.08198510240799513,0.05436205223481146,0.034712701630309026,0.021224061303211236,0.012677111787193045,0.007267497073317289,0.0042337616592478,0.0025036518784295717,0.0014296715554066796,0.0009047679891704107,0.0008495149821981719,0.0007062024953639271,0.0006371362366486289,0.0007476422505931069,0.0008840481115558215,0.0011689464287564278
0.28930771893388724,0.20282969885773627,0.16183281412253372,0.1192661820699204,0.0831014191761855,0.054520595361716856,0.03456386292834891,0.02093284873658705,0.012303565247490485,0.007405676704742123,0.004319833852544132,0.0024212530287296623,0.0015420560747663545,0.0009311180339217725,0.000742471443406023,0.0006940117687781241,0.0006749740394600209,0.0007165109034267914,0.0007718933887158188,0.0011214953271028035
0.2885475863307116,0.2030282210452904,0.16176866614648427,0.11898826827600968,0.0830473481055924,0.05460706665469788,0.035158920322328945,0.02089648600686364,0.012788200606265667,0.007438493036230934,0.004334661409602198,0.002280401323012547,0.00140173041202588,0.0009477216701997639,0.0007595583513440731,0.0006508034055834446,0.0006697923643670463,0.0006870550541703209,0.0008389667244391354,0.001160052754780039
0.28978975867832535,0.20299614603621893,0.16099968228972408,0.11938654289779399,0.08247171687870375,0.05470142140814719,0.03438523061621981,0.02121234097219344,0.012596176425897531,0.007383310541074413,0.004220021272774993,0.002469161383006645,0.0014745900846766951,0.0010256516514027605,0.0007493818463111077,0.0006475073556835605,0.0006095202574834584,0.0007424751011838162,0.0009116903568024534,0.0012276739463760312
0.28925840912621015,0.20310650121671306,0.16148628824879624,0.11966760436981172,0.08268298155083442,0.05458295221165628,0.03449942184560689,0.021053449079267556,0.012762542498662478,0.007327891203424055,0.00410058160606113,0.0024558617952125366,0.0015014755880779387,0.0009647412111903077,0.0006713494296118596,0.0006126710732961702,0.000642010251454015,0.0006937852717325644,0.0007283019519182641,0.0012011804704623505
0.2889347444263093,0.20296481354317988,0.16148088847787606,0.11946901128023214,0.08256067136187498,0.05494842977373972,0.034567061998143536,0.021254386661099595,0.012822680547551922,0.007299887163171715,0.0043771717638777215,0.0023015952435998747,0.0014648083671786308,0.0008678428842059496,0.0007091121777507858,0.000621120155694119,0.0006366481595864719,0.00072981618294059,0.000793653532275819,0.0011956562997111793
0.28926394344611434,0.2017165678308354,0.16112196502661313,0.11942279414302774,0.0838091030216841,0.05517662733944066,0.03476282852270923,0.02122496600001381,0.012956238393405728,0.007310859975285289,0.004174922162468158,0.0023282224047827794,0.0013824359868280253,0.0009147204407226637,0.0006869032743540001,0.0006109642188977786,0.0005850759045377037,0.0006713702857379549,0.0007714717679302467,0.0011080198546112264
0.28835886562051044,0.20232898662835672,0.16132307437285884,0.1193985523262239,0.08368327992043316,0.05505615261354847,0.03457737042767156,0.02135767764393855,0.013026301248756771,0.007476654878992154,0.004252887059343574,0.0024933694330865294,0.0013692811360371316,0.0009203365012708585,0.0006716902420156924,0.0006250690684053489,0.0005749944745275724,0.0006751436622831255,0.0007960133716432758,0.0010342993700961432
0.2898647878174273,0.20213063715242374,0.1611609657321948,0.11891622926291562,0.08287577272742981,0.05525109106175947,0.035024551049250674,0.021081766569798578,0.013002899131642693,0.007384319809811435,0.004158647117972888,0.0024309166992055892,0.0014875758905586445,0.0008863257048276241,0.0007083694716945925,0.000571878768611976,0.0005684233077744414,0.0006807257849943158,0.0007964837230517247,0.0010176332166539391
0.29095287047833257,0.20217881758784603,0.15956665125809813,0.11923817277374935,0.08334425731849514,0.05494649547057079,0.034660655025148146,0.021279348148556997,0.012841432030964326,0.007456482292795,0.004281052290242237,0.002421675026390049,0.001385046329196018,0.0009590109078866582,0.0006174926349342149,0.000639915551845234,0.0006226671542213731,0.0007451307773507843,0.0008089498485590689,0.001053877094817891
0.2913851599257565,0.20145897181335526,0.16025208270384603,0.11861009194112311,0.08330815383951308,0.05489877843484266,0.035136185090862006,0.021473647861181857,0.012852764708421461,0.007634998057581903,0.004109293391461995,0.002249751802132343,0.0014399792808736567,0.0008822894634609573,0.0007217162342987867,0.0005404238787931108,0.0006094876332714636,0.0006181206025812576,0.0007994129580869338,0.0010186903785557042
0.28923537599165583,0.20140152862634317,0.1602899071288695,0.11941314010796397,0.08340787660469504,0.05505783291485489,0.035133193571894844,0.02166877920570835,0.013215744920408511,0.007629316746160301,0.004291274810821265,0.0025713111441902866,0.0014557523804918822,0.00097395532929706,0.0007080171720067278,0.0005543256395467304,0.0005111538607658327,0.0006562110374696501,0.0007943607295685236,0.0010309420772878456
0.2886438569582493,0.2025889956470505,0.16093663465072022,0.11776427820920035,0.0833116232205615,0.05530298978445738,0.03507549080670178,0.021957981873924923,0.013081277486296748,0.007687967881685348,0.004408159321747321,0.0026517968209493654,0.0015113689103133663,0.0008384991899683747,0.0006849468691716969,0.0005348451623255065,0.0005227680134988016,0.0006487154226915823,0.0008505763387950797,0.0009972274316907834
0.2877489188699278,0.2030573754218781,0.15990021665760326,0.1184158962805673,0.08245763955425506,0.0558078911705553,0.035961709437121805,0.02183149044893873,0.01316691267231185,0.0075804265824205245,0.004502334895684977,0.0025342897342275857,0.0015002028467600622,0.0008977048104893354,0.0006024980362707268,0.0006646468308430655,0.0006059507470803012,0.0007406064686537016,0.000828650594297848,0.001194637940112731
0.2890892929571874,0.20122888925325993,0.1609068236146948,0.11783701683681835,0.08367320520897159,0.05499106811532917,0.03587251999965481,0.021883548935509207,0.013077659932514644,0.007735788810549118,0.004195828335217515,0.0026424570881192987,0.001513673981894595,0.0008802437066889891,0.0006714015723568953,0.000643786083519594,0.0006265264029962804,0.0006092667224729671,0.0007973972401770842,0.0011236052020677097
0.2882430688320024,0.20226863322957578,0.16050390298780445,0.11855454865448727,0.08302562651409007,0.05516119236104882,0.03558068590438198,0.021818426519611567,0.013270503626914395,0.007771466432924513,0.004349881633526355,0.0025795609052447037,0.0016236567303245938,0.000959355092519101,0.0006832816845999349,0.0005728523214322686,0.0005348922278433832,0.0006591252614070079,0.0007022617313943778,0.0011370773488670637
0.28744593524478584,0.20235012395860122,0.16130145317090766,0.1190796181695533,0.08258558491724881,0.0541432537019369,0.03529326517479285,0.022291845301046012,0.013634583500825533,0.007875727404943501,0.0045132317396127525,0.002636168997755461,0.001513036787324307,0.0009092022655871263,0.0006590422494388654,0.0004951443078244879,0.0006210869366439569,0.0006624927324202207,0.0008677964698108618,0.0011214069689404777
0.2899903660553658,0.20228693961692115,0.16097320105938864,0.1189118822103515,0.08234778194826675,0.054725294456856165,0.03498779355043663,0.02139668026008197,0.012760660356835785,0.0075068801558005665,0.0045027468827801035,0.0027624214004785905,0.0015400499307668138,0.0009789330837946001,0.0006923318634949468,0.0005473047399698206,0.00048515025845905234,0.0006802462698678526,0.0007924696392622956,0.0011308662608209225
