0.06141814003484192,0.06634790021868861,0.0667556247451722,0.06486526557693019,0.06508766077319397,0.0663479002186886,0.07131472626857933,0.07439119315022795,0.07887616294154713,0.08158197116275623,0.08343526446495426,0.08406538418770154,0.08569628229363577,0.08981059342451533,0.09514807813484567,0.09611179065198859,0.09496274880462584,0.08866155157715261,0.0851402943029764,0.08843915638088883
0.009969536059573928,0.011698999344179055,0.0164008123717447,0.01999196090460978,0.02312297700395608,0.027258880027079057,0.03188135987645179,0.03813281431805201,0.04364911464173138,0.04777972878630815,0.054983181366223106,0.060282637669508546,0.0655133385516935,0.07044786223529162,0.07609109564407963,0.07739744864498928,0.08030633184539551,0.0811366857771478,0.07746620406608982,0.08937675855211663
0.0027483140736724396,0.003659900369378833,0.005866006980921075,0.008875258395743673,0.011942119353417604,0.01590701142024467,0.02070554746009693,0.027540750279575726,0.03386085601003084,0.04087227625470197,0.04983903215968011,0.05798908807482463,0.06599681453115999,0.07246941611033922,0.08055169609271748,0.08713951675759936,0.09675692161713376,0.09830560168084312,0.09841404317326917,0.12087159849537427
0.0010892038005534184,0.001302494362019492,0.0023206013087508845,0.003918858582669999,0.0062110211498920785,0.00927671748669778,0.013346301399470469,0.018294642425483388,0.025082970028410312,0.03133380541644271,0.03989671049076738,0.05051004882931921,0.06096697408946259,0.07014131210665667,0.08211686616443847,0.09350658214672686,0.1055845156740124,0.11387440882966048,0.12102106457585042,0.15029021735730153
0.00044495794388979185,0.0006446833846130508,0.0013374020018051133,0.0023385573755571455,0.0037568608217058578,0.0057718124198886086,0.008932025089560426,0.012666132380044649,0.018035965748350997,0.023868454251497313,0.03179173945689849,0.04276146967586332,0.052575826142796114,0.06492593725587359,0.07915447877980397,0.09431591508382149,0.10847619601408695,0.12531886545836984,0.14004798466917623,0.18285496140748292
0.000318490447594474,0.0004315776355084539,0.000685446832866368,0.0014355149159692954,0.002543307777167466,0.003981130594930925,0.006203640022709756,0.009284688917917165,0.013374290897173739,0.01887863667625215,0.025758491924651603,0.03496240427977308,0.04574261356030779,0.05812219878419733,0.072955083615282,0.09115288926225612,0.1111347029961181,0.1340175492852429,0.1557602920880511,0.2132593573878244
0.00014998960786288384,0.00029783650704201216,0.0005485334230414034,0.00104349912898892,0.0017634492467307615,0.002877657762283613,0.004711816395578307,0.007216642846888465,0.01087638927874283,0.015136094142048728,0.0215149378935888,0.028909425561228972,0.039395841859528276,0.051234307337277345,0.06667038069505184,0.08598261406174001,0.11031949929183478,0.13884752270735526,0.16916256516512784,0.24334099708805892
0.00012702278748482785,0.00018549359442228817,0.0004153443527281672,0.0007076983874154696,0.0012762765790142216,0.002320686165000585,0.003683660837060008,0.005716025436817253,0.008671825539241973,0.01279502554569393,0.018152161201998487,0.024811784488703033,0.03414695125147689,0.04574634960703585,0.06069673007052788,0.08083488247367805,0.10697334940944482,0.14148927161504432,0.18255190796291743,0.2686975526942945
0.00007284898979539017,0.00014186382223312823,0.00029331303786038677,0.0005751236036478176,0.0010448078799602013,0.0017713806992352772,0.0029733890308592144,0.004708345235196798,0.00732707471047319,0.010724138129352963,0.015704708536943068,0.021678325700165063,0.029841246714606414,0.040778180577309066,0.05520803179283281,0.07497311297152948,0.10312157921273248,0.14259231213108217,0.19305365711514172,0.29341656010904343
0.000057303730103128234,0.00011645596762893799,0.00027912462082491476,0.0004898544670106121,0.0007726761026808904,0.0014603208639184292,0.0025139700948469163,0.004197960356909814,0.006305258818766787,0.00938856919979962,0.013455285529699048,0.018941655560217898,0.026505747933830835,0.03672059995156911,0.05046610114662916,0.07023034250994034,0.09917612024171082,0.143935878974522,0.20132279191167082,0.3136639820177198
0.00004501292771283912,0.00011523309494486813,0.0002070594674790601,0.00037630807567933525,0.0006733933985840735,0.0013395847287340928,0.002212835526363172,0.0035434176695546956,0.00551498390337705,0.00837960662302213,0.012308334953798733,0.016834834964601836,0.024258367003003278,0.03387852991379125,0.04655777139194375,0.06548660775374689,0.09642489322933548,0.14364345440010373,0.20750779623907983,0.33069197473514395
0.00002472729327982818,0.00008477929124512522,0.00014306505397614872,0.0003514808116204148,0.0006605719776182674,0.0011286243147007294,0.0019145989939524113,0.0029990674277963047,0.0049754846549482845,0.007502967275193581,0.011038970214209012,0.015926143107443624,0.022005524783812812,0.030746622958232075,0.043279828180636394,0.06210966201322556,0.09328371389815182,0.14378037924602946,0.21309451477985644,0.3449492737240717
0.000033172533840349334,0.00005936137634588827,0.0001623708235343414,0.0003037905730642518,0.0005744086122881544,0.00103533224038564,0.0016254541581771163,0.0028161735307622874,0.004319413090580221,0.006844017508114173,0.010096671747302112,0.014609882272423325,0.020656013045535424,0.028853120749769104,0.0406206406489246,0.05985372658499239,0.09097305517290744,0.14322852558562618,0.21609112320453658,0.35724374654089047
0.00003453712481889596,0.00005871311219212311,0.00010706508693857744,0.00030392669840628435,0.0005146031598015498,0.0009428635075558593,0.001523087204513312,0.0025367518179479085,0.003982130491618703,0.006251219592220167,0.009342292263511354,0.013621442028572562,0.019537651510049436,0.02694586478370264,0.038645315816103615,0.058184694182394026,0.08926292595067753,0.14174208711299,0.22056789394339704,0.3658949346125885
0.000034347618507870756,0.00006869523701574152,0.00012880356940451533,0.0002335638058535211,0.0004791492781847968,0.0007934299875318147,0.0014254261680766368,0.002179356394324398,0.003828042082702197,0.005675943958425643,0.008717425577297594,0.012988551938751324,0.01791400043277999,0.026074994590250093,0.0378167279771657,0.055988335548754715,0.08770836124077337,0.14146925372929273,0.2220298755585781,0.37444571530632925
0.00003418143162090058,0.000059817505336576004,0.00010938058118688182,0.00021363394763062858,0.00039308646364035675,0.0007673731398892182,0.001227113395190331,0.0021671027647650973,0.003508723955885445,0.005552773566815298,0.008037763645654773,0.01212073565277135,0.017347076547607043,0.02564120093041856,0.037068053521285636,0.05487657939577484,0.08526216303517441,0.14258613293500572,0.22432931758480842,0.3786977899995385
0.000025522574717337486,0.0000629556843027658,0.0001037918038505058,0.00023310618241834913,0.00039304765064699743,0.0006414673778957489,0.001146814357299031,0.0018852675191206626,0.0031358736802701995,0.005169172132751417,0.007677190474975114,0.011534502267255383,0.016972512187029436,0.024967884093480688,0.03581667985333027,0.054063619271245415,0.08564185021651649,0.14241086240779965,0.2256229635112256,0.38249491675386876
0.00003904830785006808,0.00005093257545661054,0.00007130560563925475,0.0002190100744634253,0.0003921808310159011,0.0006162841630249874,0.0010610953220127192,0.001911669332138116,0.003067838795003175,0.004908202521502035,0.007198470664534291,0.011043880111508385,0.01637312525678507,0.02381607228351109,0.034792042294410665,0.05289857286923572,0.08539016050552278,0.14321561117392795,0.22695725398717181,0.385977243325286
0.000027106331361347735,0.00003896535133193736,0.00008470728550421161,0.00019482675665968678,0.0003066403735252463,0.0005963392899496501,0.0010266523003110452,0.0017280286242859176,0.0028580238129121012,0.004701254345483749,0.007083223213862177,0.01071377747057269,0.015764025832333786,0.02342834102475485,0.03426748527787378,0.05233385513021205,0.08442097487920742,0.14245224203243276,0.228237004208258,0.38973652645916756
0.00002535479814200039,0.00003549671739880054,0.00006592247516920101,0.0001656513478610692,0.00032285109634147183,0.0005645668386285423,0.0009465791306346817,0.0015939716431937585,0.0027112730813179083,0.004303554404635534,0.006997924287192109,0.010491815471159762,0.015608413736215444,0.02301539543343182,0.03402613910656453,0.05135191783693145,0.08434358117930235,0.1425091784369274,0.22966714220999182,0.39125327076896016
0.0000219179560325802,0.000026975945886252555,0.0000775558444229761,0.00014330971252071666,0.00028661942504143326,0.0004939970090419999,0.0009205541533683684,0.0015814648275815561,0.0025677728490476654,0.004188015598840709,0.006679918600083288,0.010615034706240378,0.015482506942091077,0.022427127011183212,0.03338441903085542,0.051252611187261946,0.08346189057544749,0.14224247666159182,0.23010819040297012,0.394037641560491
0.00002523914085964514,0.0000353347972035032,0.00006393915684443437,0.00012114787612629671,0.0002288348771274494,0.0004778610669426149,0.0009153395085097976,0.0015547310769541416,0.0024566097103387932,0.004098836475606369,0.0067371680001346084,0.010031717187013622,0.01524780629800695,0.022215491784659647,0.03280415267997611,0.05059774698602593,0.08430209568999603,0.14178003247436125,0.23136215643219502,0.3949437587811177
0.000020172440747657893,0.000020172440747657893,0.00007396561607474564,0.00011935360775697592,0.0002034054442055506,0.0004740523575699609,0.0008169838502801451,0.0015667262314014302,0.0024980205792516363,0.004133669316540896,0.006409793047568297,0.009980315059903749,0.014668726497005237,0.021902227541769553,0.032990345806065524,0.05045127430989241,0.08355088750334104,0.14300243246014682,0.23123332621694445,0.39588414967278623
0.000006715736313329393,0.00003189974748831462,0.00005708375866329984,0.00012592005587492612,0.00020315102347821427,0.0004952855531080431,0.0009116612045344656,0.0015311878794391014,0.0025637323376134957,0.004074773008112611,0.006168403803793049,0.009605181862139362,0.014704104658034706,0.02156087143394402,0.0321264035888895,0.05002216192983397,0.08376034223392254,0.1434095121689142,0.23140244721431255,0.39723916080159044
0.00002180611678349713,0.000023483510382227677,0.00004864441436318591,0.00009057925433144963,0.0002381898910197378,0.0004478640908610563,0.0008521159481551186,0.0015046220580613018,0.0023148031662481574,0.004010648094564743,0.006189582379315723,0.009569530480757779,0.014148815005292179,0.021239157747126213,0.032091894330912855,0.05054657870414637,0.08449031556805775,0.14327457423556977,0.23102742035315843,0.3978693746508925
0.000005027947005438563,0.00003351964670292375,0.000048603487719239454,0.00008212313442216322,0.00023631350925561244,0.00048771085952754064,0.0007642479448266614,0.0013860373911658975,0.002327939463518054,0.0038095078477872837,0.006005044706828789,0.009776004960907714,0.014019592233497857,0.021097265634820214,0.032307911474613066,0.050475559987597715,0.08359967485942699,0.14401381009444159,0.23194254732555122,0.3975815574903841
0.00002176785089357028,0.000028465651168514982,0.00005525685226829379,0.00011888595488026844,0.00024112080989800917,0.0004587993188337121,0.000773595931756113,0.0013830957567760812,0.002359300146849272,0.0038746774590555093,0.005877319741263974,0.00929989568176072,0.01377402626542378,0.021312400474874038,0.03213437126911593,0.051335290207313665,0.08399041544780658,0.1437029793490073,0.23087652437748127,0.3983818114535732
0.000021736040863756826,0.000013376025146927276,0.0000535041005877091,0.00011202421060551595,0.0002608324903650819,0.0004313768109884045,0.0007875134805253436,0.0014295626875778526,0.00233411638813881,0.003753647056856468,0.006014195306687179,0.009030488977319276,0.013966242256535448,0.021443440313667787,0.03253718116990061,0.05065166322512688,0.08401815795413696,0.14350134178252252,0.23154568330588465,0.398093916416563
0.000013381573907269038,0.00004181741846021575,0.00005687168910589341,0.00010872528799656095,0.00023752293685402537,0.00043991924220146937,0.0007727858931447868,0.0014385191950314217,0.0023852655489707054,0.0036882963081910276,0.005931382634396999,0.009271758020999036,0.013948618101589566,0.021271684422342545,0.032073959958985473,0.050788091068301226,0.08359636489544811,0.1437063948869006,0.23196456559229353,0.3982640753248796
0.000015031390553940144,0.00002171200857791354,0.00004509417166182044,0.00012359143344350777,0.00020876931324916858,0.00040918785396837034,0.0007816323088048871,0.0013294429867707056,0.0023582581624626096,0.0037227743938591756,0.005757022582159077,0.0089403370705824,0.013962491670104403,0.021555014054350168,0.03177301932201749,0.05031173433854365,0.08316868393495087,0.14231386545569333,0.23288133385219476,0.4003210036960519
0.000010023672573394165,0.000033412241911313875,0.000060142035440365006,0.00013197835554968989,0.00025226242643042,0.0004243354722736866,0.0008035644179670995,0.0013565370215993448,0.0023021034676895284,0.0037655596634050778,0.005877213352200117,0.009049705721679372,0.014019776705987317,0.021422258901438902,0.03179676001490185,0.05014676327259544,0.0836508888491655,0.14277385091123534,0.23251579146083334,0.399607072035123
0.000015017144573387948,0.00002669714590824524,0.0000717485796284091,0.00011680001334857303,0.0002352685983164112,0.0004171429048163321,0.0008342858096326641,0.0014299658777103862,0.0023426745534485217,0.003717577567723151,0.0058984006741029365,0.009255566772064775,0.013837464438567367,0.02067527093431667,0.0319164379333072,0.050577742923170604,0.08329509523372514,0.14305832492095144,0.23280912374961416,0.3994693942250737
0.000015021054511406821,0.000021697078738698744,0.00006509123621609621,0.00012851346637536955,0.0002386678661256862,0.0004506316353422048,0.0007977848951613847,0.001445359245208701,0.002281531279677014,0.003887115106340721,0.005824831138312202,0.009281342681992589,0.013627434453959633,0.020880934776912302,0.031672727940329694,0.050195357158951154,0.08424308071813995,0.1444274391271766,0.23377434036708117,0.3967410987734473
0.000013343741451665633,0.000023351547540414857,0.00005337496580666254,0.0001317694468351981,0.00023685141076706495,0.00041365598500163464,0.0006922065878051545,0.0013694014664771853,0.0022484204346056593,0.003787954604591583,0.005862906400325586,0.009148802732798252,0.013750725565941436,0.021033072463187957,0.03191656158470274,0.05072956906386981,0.08421068433378036,0.1443325794119413,0.2331968935769901,0.3968478746755802
0.000023330494789800574,0.000016664639135571838,0.00006165916480161578,0.00011831893786255998,0.0002333049478980056,0.0003732879166368092,0.0007932368228532192,0.00144982360479475,0.0022763897059191124,0.003814535898132394,0.005984271913583846,0.009247208256328814,0.013708332152921396,0.020817467208156342,0.03215275474817231,0.050572180384719854,0.08395145257327023,0.14497069523208014,0.23216841950895978,0.3972666658889837
0.000014998825092034458,0.000029997650184068912,0.00006999451709616082,0.0000983256311588926,0.0002616461710499345,0.0004349659276689991,0.0007799389047857921,0.0012815662773082775,0.0023814801173908037,0.003981354793874481,0.006081190306759303,0.009244275865057236,0.013803918693035709,0.020886697208718653,0.03203582386046426,0.050132739602064505,0.08429173048111227,0.14448701518381057,0.2331267384054916,0.39657560157787636
0.00001666355613618791,0.000028328045431519444,0.000058322446476657696,0.00012664302663502813,0.00021995894099768033,0.0004399178819953606,0.0008131815394459698,0.001468059295598155,0.0023845548830884896,0.0037443010638014244,0.005947223185005467,0.008994987602314236,0.01395906097528461,0.020639480630282342,0.0321190044525022,0.05103547337830271,0.0841992828005439,0.1439731250166636,0.23258325112645642,0.3972491801530381
0.000013334511215157339,0.000028335836332209343,0.000050004417056840016,0.0000983420202117854,0.0002733574799107253,0.00047004152033429603,0.0007884029755961774,0.0014284595139237297,0.0023785434380036896,0.003857007368984261,0.006027199069251119,0.009025797278759623,0.013881226174978802,0.02105519320873342,0.03239286136942099,0.05113451688232466,0.08406575914205758,0.14436941929870473,0.23216884158100637,0.39649335691319404
0.00001664893555030559,0.000024973403325458385,0.00005327659376097791,0.00011820744240716978,0.00024307445903446154,0.0004445265791931593,0.0007492020997637518,0.0014084999475558533,0.0023375105512629044,0.0038975158123265396,0.005966978501229522,0.009330063482391253,0.013846919697189158,0.02126568537840533,0.03206085518922347,0.05064273215691956,0.08463819365708852,0.1450938084273582,0.23264889559286023,0.39521243209315426
0.000016647411161090338,0.00002164163450941744,0.00003995378678661682,0.00012152610147595954,0.00024305220295191903,0.00038788468005340515,0.0007291566088557568,0.0014166946898087874,0.0023822445371520264,0.003700719501110382,0.006023033358082485,0.009259290087798447,0.014012125974289738,0.02098406176855437,0.032399191601714006,0.05082454627480882,0.08499169294183062,0.1453768474464536,0.23233293490529291,0.3947367544873096
0.000014964782877627979,0.00002992956575525596,0.000044894348632883936,0.00010309072649032609,0.0002144952212460012,0.0004605827619003282,0.0006784034904524684,0.0012969478493944251,0.0023893769994612676,0.0038326471703258344,0.005947669817030588,0.009173411903985953,0.013898957786010255,0.021647389809315413,0.03270470160222943,0.050923493378914955,0.08589619096393152,0.14445006085678375,0.2321287237368061,0.3941640672284556
0.000011639972330122918,0.000019954238280210717,0.000043234182940456566,0.0001230511360612995,0.00019787952961208976,0.0004323418294045655,0.0007482839355079016,0.0013169797264939076,0.002251503219283776,0.0037214654392592993,0.006022854254243602,0.009418400468259461,0.014002886713137869,0.021597137231948064,0.03261520246900443,0.050999707337838554,0.08579989889852606,0.14455847922098652,0.23277284095141795,0.39334625924546385
0.000006649533036542509,0.0000182862158504919,0.000048209114514933206,0.00009309346251159512,0.00021943459020590272,0.0003707114667872446,0.0008262044797904063,0.001324919457531095,0.0022392302500556897,0.003702127518095041,0.00589979818667234,0.009369192048488392,0.014233325464719242,0.02162926858461365,0.032363277288852375,0.05142250135484235,0.08516555674877735,0.14434806315726478,0.23241447869323373,0.3943056723841566
0.00000831425212470713,0.000013302803399531408,0.000049885512748242785,0.00012637663229554842,0.00020120490141791253,0.00044065536260947795,0.0007682368963229386,0.0013302803399531408,0.0021367627960497326,0.003827881678215162,0.0059762844272394835,0.009285356772872922,0.014283885150246848,0.0214790389389684,0.0324089547821084,0.051573305929558354,0.08568834524765659,0.14488083182429654,0.23234177562494077,0.39317932012697526
0.000018294579316148626,0.000013305148593562636,0.00005322059437425057,0.00011309376304528243,0.00020789294677441624,0.0003925018835100978,0.0007567303262588752,0.001295588844298162,0.002306780137408922,0.0036738841553974814,0.005949064564896695,0.00919552082172598,0.01419160411860875,0.021078681659351613,0.0327622652680738,0.051544145651461655,0.0852926550590333,0.14490471018891643,0.23121021968463468,0.39503984060431996
0.000014951010522188962,0.00002824079765302359,0.0000531591485233385,0.00013123664791699196,0.00018107334965762189,0.0004551752092310861,0.0008106770149809122,0.0012940930218650224,0.0022426515783283436,0.0038623443848988157,0.005804314529392024,0.009231418385756003,0.014085513135293354,0.021290238983597075,0.032746035490376545,0.05142649252615595,0.08511776412621308,0.1447075083974842,0.23121405527886954,0.3953030569832848
0.00001495411578805698,0.00001495411578805698,0.00004984705262685661,0.00011797135788356062,0.00023594271576712122,0.0004203768104864906,0.0007726293157162776,0.0013159621893490134,0.002228163252420488,0.003615572883867999,0.005725764778404927,0.009474263135944542,0.014139947261818317,0.02164359025058114,0.03250858615481498,0.05119126147936081,0.08568043719188288,0.1449186745336393,0.2312903241886146,0.39464077721524465
0.000014963563722336108,0.0000232766546791895,0.00004322807297563764,0.00011139541882183545,0.00019286371019899883,0.0003824021840152563,0.0007465155679254353,0.0013101431348000949,0.002279449540369202,0.0037093011849479835,0.0058008748696922975,0.009589981727826075,0.014263601463769057,0.02142449801400258,0.03285001022510188,0.0516226322238682,0.08590748194812298,0.14465609574020594,0.23124358852859947,0.3938276962263555
0.000018262838775659283,0.000026564129128231686,0.00006308980667955028,0.0001062565165129268,0.0001909296781091654,0.0004001221949939898,0.0007869623254238642,0.0013597513597513595,0.0022413483951945487,0.003835196142888451,0.006003493182980363,0.009172925839592505,0.014183584696405214,0.02147543814210481,0.03237171185889133,0.05128869231433335,0.08539703411498284,0.14439430465071487,0.2322634630326938,0.3944208687798431
0.0000166005136198914,0.000026560821791826236,0.00007304225992752216,0.00011288349261526154,0.00021580667705858829,0.0004316133541171765,0.0007553233697050589,0.0013297011409533017,0.0023771935503684484,0.0038081578244030883,0.006084088241690199,0.009410831171116437,0.013783406458595831,0.021301779077044645,0.032827515683335244,0.05155289504657274,0.08508427250739137,0.14512999032190058,0.23183945311267934,0.39383888537511347
0.000016599190955432834,0.00003319838191086567,0.00005809716834401491,0.00010955466030585679,0.00020251012965628073,0.0004315789648412538,0.0007868016512875166,0.001298056732714848,0.002245870536270063,0.003851012301660418,0.005897692546465286,0.00936858337524629,0.014019676680958578,0.02182959602548971,0.03291453574552776,0.051913969713116195,0.085195347578759,0.14487939857811327,0.23186911869915455,0.3930788013392226
0.000021575975649021943,0.000021575975649021943,0.000049790713036204465,0.0001095395686796499,0.00019916285214481794,0.00042156137037319824,0.0007833738851029511,0.0013642655371920026,0.002227304563152881,0.003747581001191658,0.00585372816262311,0.009280988909948516,0.014286615260521612,0.02168053614639797,0.03276394886825709,0.05176242527243817,0.08568981713530793,0.14403457467113234,0.23082310687410584,0.39487852725709616
0.000008299388833006337,0.000019918533199215213,0.00005311608853124054,0.00011785132142868999,0.00025894093158979764,0.000439867608149336,0.0008398981499002414,0.0013710590352126466,0.0023188492399419704,0.003757963263585268,0.005812891938637637,0.009170824660472003,0.014070783827478943,0.02147383866652059,0.03307638425506347,0.051915996905987846,0.08575758481145447,0.1442267791399841,0.23184508692779868,0.39346406530623074
0.000009950710812442368,0.000028193680635253385,0.0000580458130725805,0.00014428530678041443,0.00023881705949861697,0.0004195883059246531,0.0008192751902244216,0.0013483213150859406,0.002408072016611053,0.003658544675374644,0.005884186993757587,0.00930059770602947,0.014093523414022547,0.021730693962572063,0.032593553266154984,0.05153804820124317,0.08551475027032766,0.14459875417100632,0.23146182575641994,0.39415097218444617
0.00002158045275789886,0.000024900522412960224,0.00006972146275628859,0.0001294827165473931,0.00024402511964701003,0.0004531895079158757,0.0007636160206641134,0.0013927692202982409,0.0022227866340635825,0.0035076535905723297,0.005906403916354166,0.00941737757658156,0.014153456939526594,0.021527331643417875,0.03276576742580059,0.052108493236188096,0.08513322609508348,0.14416406456207453,0.232735222784974,0.39325893057236344
0.000018262111100043166,0.000018262111100043166,0.0000464853737092008,0.00011621343427300195,0.0002556695554006043,0.0004731546966829365,0.0008516784540292859,0.0013331341103031509,0.0022611813925689814,0.0036657037553541193,0.005955108410532261,0.009423249327622275,0.014113291496497,0.021496164956668985,0.032831955374041245,0.05109572666600258,0.08535212670584719,0.14420593020553177,0.23281701364677754,0.3936696882159576
0.000004973318148135254,0.00002652436345672136,0.0000629953632097132,0.00009946636296270503,0.00026690140728325855,0.00048406963308516443,0.0008288863580225419,0.001356058081724879,0.002261201984685495,0.0038012728378913796,0.0059199063689970004,0.0092072696649144,0.014228663221814961,0.021564307490314464,0.03249897632534783,0.05148544724221218,0.0852111753774334,0.14500372169974754,0.23266176960606344,0.3930264132926848
0.000018231449914063574,0.000018231449914063574,0.00004309251797869571,0.00011436091309730786,0.0002237496125816892,0.00044915662970102096,0.0008054986052940815,0.0014303401159851696,0.002322023757236643,0.00372750280515718,0.005875499085941398,0.009364335637678108,0.01427854009178706,0.021579407080100702,0.032819924654389716,0.051641410583853894,0.08532484300235518,0.14520023932921516,0.23227861633239585,0.3924849963454229
0.000006637649077449749,0.000028210008579161432,0.000051441780350235565,0.00010122414843110872,0.00024393360359627845,0.0004214907164180589,0.0008097931874488692,0.001392246893995085,0.0022866701071814397,0.003600924624516489,0.005982181231051586,0.00923794810354069,0.014265967279708873,0.021817952517577323,0.03300736944988824,0.05135715032449805,0.08573187548434094,0.14481856815952923,0.23154940983002642,0.3932890049002445
0.000009940786051089012,0.000029822358153267037,0.00003976314420435604,0.0001076918488867977,0.0002186972931239583,0.0004191698118209201,0.0007455589538316759,0.0013685148796999203,0.002258215231272387,0.0036399844923737604,0.006078790670240929,0.009541497811370269,0.014376033427549896,0.021965823577556356,0.0326919317266814,0.051836228863403645,0.08491585124607755,0.1443120479013344,0.23145463522285592,0.39398980075351153
0.000011601774076996001,0.00001823135926385086,0.00003812011482441543,0.000069610644461976,0.0002104893296826417,0.00039943250750800526,0.0007093656149934701,0.0014303330040639362,0.002220911037596378,0.0038086966898481147,0.006056126068191914,0.009276447072706657,0.01460994835553139,0.02190580685366517,0.03270374372675502,0.05109255563879368,0.0861895796180033,0.14452827186602937,0.23118192244711247,0.39353880627689114
0.000013250846811929076,0.000019876270217893614,0.000053003387247716316,0.00009109957183201244,0.0002269207516542853,0.0004107762511698013,0.0006608859847449626,0.0013714626450346597,0.0023901214937017082,0.003842745575459432,0.006156674699992546,0.009466073691271835,0.014463299295220588,0.021615443861959308,0.032696464508435,0.051559044945216036,0.0855491233736656,0.14466777642508716,0.2330095157643668,0.3917364406569108
0.0000066282559235894655,0.000021541831751665764,0.00004805485544602362,0.00010770915875832877,0.00021210418955486273,0.00039603829143447023,0.0008103042866588115,0.0013786772321066076,0.0022834341656765684,0.0037267368930381734,0.006101309577664097,0.009337555532356651,0.014366744714380151,0.021911357019405872,0.0331495649378518,0.051816390682660626,0.08560889644510071,0.14499475539250045,0.23122670789441854,0.3924954886433117
0.00002154333109614126,0.000031486406986668,0.000062972813973336,0.00009611640027509181,0.00017566100739930553,0.000424237904662474,0.0007507022297347685,0.001398659341934094,0.002291878992766412,0.0039490583078542005,0.006181278845277456,0.00947077978572671,0.01457820643482728,0.021687505696553887,0.033231416805455424,0.051742109754986054,0.08632247052292291,0.14499987571155137,0.2316140097939298,0.39097002991208674
0.000009938052804187232,0.000028157816278530488,0.00004140855335078014,0.00007784808029946668,0.00023023155663033748,0.0004720575081988937,0.0007784808029946663,0.0013896710504521812,0.0025159837015934017,0.003953688673932488,0.0061301222380494924,0.009389803557822905,0.014330672143637991,0.022226455096564745,0.03317818928677906,0.052057176930466756,0.08587305793884784,0.1449763143074833,0.23160797694371743,0.3907327657600954
0.000018226314490085715,0.000019883252171002598,0.00006130669419392465,0.00009113157245042851,0.0002220296492428622,0.0004937674289132312,0.0007754468346691014,0.0014647329099305244,0.002589793595273088,0.0039534533066676834,0.006132326357073382,0.009512479226143823,0.014518087960193727,0.02182518313303719,0.03306584836037733,0.05199801830253363,0.0857962331178762,0.14478487149619812,0.23259097002102655,0.3900862104675381
0.00001159979385509206,0.00002817092793379501,0.00006628453631481178,0.00013588329944536415,0.0002684523720749877,0.0004905055687296072,0.0008384993843823691,0.0015096303145698384,0.0025685257821989565,0.004005243106822502,0.00601697878397704,0.009801825807552792,0.01462568293786322,0.021815898014612412,0.03347203372557205,0.05218084410042767,0.08568767720756501,0.14501233720932155,0.2304845896738635,0.39097933745291724
0.000008283137519962362,0.000034789177583841914,0.00008117474769563115,0.00015903624038327745,0.0002750001656627505,0.0004671689561258775,0.0008713860671000402,0.0015522599712409465,0.0025909654162442268,0.004093526562365398,0.0062471423175556135,0.009800608313619466,0.01447726775739022,0.02174820587241317,0.03334128514535249,0.05188557342504425,0.08590110596452169,0.1449433102068134,0.2300923072845224,0.39142960327084525
0.000013251702843815431,0.00002981633139858473,0.00006791497707455408,0.00015570750841483125,0.0002733163711536931,0.0005201293366197553,0.0009359015133444651,0.0014311839071320664,0.0026122419230871154,0.0040351435159417985,0.006268055445124696,0.009640613818875725,0.014318464922742573,0.021759296069544937,0.03302655641249901,0.05213882483899183,0.08554802417110598,0.14418846571784477,0.231686146669847,0.3913509448464127
0.000016559197475053567,0.00003974207394012856,0.00006458087015270886,0.00011094662308285883,0.0002649471596008569,0.0005398298376867463,0.0008445190712277318,0.001510198809724885,0.0024971269792380775,0.003929497560830212,0.006272624003550292,0.009500011591438236,0.014275684143243681,0.022113152308186536,0.03266467293929066,0.05140802856130382,0.08541565241582132,0.14535994727551516,0.2314081610348836,0.39176411754380724
0.0000182142425441654,0.00004305184601348184,0.000048019366707345136,0.0001374347391968844,0.0002483760346931646,0.0004851611877673146,0.0008941537248953927,0.001541587255328908,0.00254668227572058,0.003970704874628058,0.0062739786363493364,0.009434977637877675,0.014241881829306049,0.021631896781543352,0.03301248669118414,0.05123169675604339,0.0854529468160676,0.1450896885861277,0.23237896221869342,0.39131809849931193
0.000021531092553885703,0.0000215310925538857,0.00005299961244033403,0.00011759289010199109,0.00028487291686679536,0.0004339343268552351,0.0008297751822689797,0.0015204263818820827,0.0024860130710294176,0.003976627170913813,0.006442765387278107,0.00936436902305152,0.014444050627879786,0.02182755913597381,0.032500356091146085,0.05121584423413902,0.08505775301518106,0.14536965573439245,0.23213002129921922,0.3919023217142724
0.000009930240063553537,0.000029790720190660612,0.00006289152040250572,0.0000959923206143509,0.0002333606414935082,0.00044024064281754014,0.0009036518457833718,0.0014614003293529619,0.002396497935337587,0.004008506905654444,0.006188194599604445,0.009665433661858772,0.014266444891305251,0.021563516298006503,0.03311569557194044,0.05140554272899549,0.08535041334624265,0.14617644381552922,0.23150865172165533,0.39111740026315117
0.000008279146320664584,0.000028149097490259586,0.000056298194980519186,0.00010100558511210796,0.00028811429195912746,0.00046363219395721656,0.0008279146320664583,0.001536609557115347,0.0025764703349908176,0.0038448355513166343,0.006247443813573495,0.009355435342350981,0.014210326744788693,0.02145457977537021,0.03269600464956858,0.052057616235074766,0.08605013519845939,0.14591664224318499,0.23136074393097175,0.3909197634813478
0.000011592724406162694,0.000031465966245298736,0.00006955634643697616,0.00012917607195438434,0.000236822798583038,0.000443835734407372,0.0008744226409219865,0.0014706198960960668,0.0026431411646050938,0.004006114334072508,0.00600337513890568,0.009342079767880533,0.014032164841916639,0.02146475728975353,0.0326302069963748,0.051946998064015024,0.08623827685744426,0.145246900188299,0.23096681665443916,0.3922116765232426
0.0000049663118512755145,0.000026486996540136083,0.00006125117949906467,0.00012912410813316333,0.00024500471799625853,0.0004684887513036565,0.0008310295164467688,0.0015842534805568895,0.00251460923402917,0.003961461420034102,0.0059463307232605475,0.009346598904100518,0.014306289006240999,0.021704438227357764,0.032597215554488725,0.05182843047991125,0.08578807091893323,0.14564206135050575,0.23133246146969727,0.3916814276491135
0.000009932722360544579,0.000019865444721089155,0.00006952905652381204,0.0001291253906870795,0.0002516289664671293,0.00044200614504423367,0.0008658022990941365,0.0015147401599830486,0.0024931133124966903,0.0039151480637813225,0.005987776129681623,0.009386422630714625,0.014205448429305507,0.021603671134184467,0.032564430259045395,0.05216665783758011,0.08646765905599407,0.14605240504317427,0.23163936271653338,0.3902152752026276
0.00001490335176381168,0.000024838919606352807,0.00004636598326519191,0.00010266753437292491,0.00023845362822098678,0.0004520683368356207,0.0008677062582485913,0.0014224421294571372,0.0024159989137112494,0.003977538992963961,0.006073943807740136,0.009430509810545279,0.014487713842398706,0.02150222473923274,0.03318810845003485,0.051903406409434825,0.0860469853003274,0.14594686789503408,0.2305200772987178,0.39133717839808835
0.000011589710985721476,0.00002317942197144295,0.00003642480595512464,0.00009271768788577185,0.00022020450872870813,0.0004718668044186602,0.0008841293809107527,0.0014040107022702595,0.0024288722880076294,0.0039040769291901777,0.005950488754669,0.009228721290630215,0.014439124215211,0.02205356433283001,0.03329558398897984,0.0520262126149037,0.08652878221939651,0.14454853108691623,0.23070313120877367,0.39174878804736557
0.00001656668671235759,0.000028163367411007893,0.000046386722794601236,0.00014247350572627523,0.0002832903427813148,0.0004307338545212976,0.0007604109200972139,0.0013882883464955672,0.002392229561264436,0.0038997980520889763,0.006075004017421527,0.009366804667166983,0.014237410560600114,0.021818326400174948,0.03330566696652369,0.05263402035383129,0.08648638798186277,0.1448392285887999,0.23077725924048367,0.3910715498632421
0.00000993287035120974,0.000028143132661760935,0.00007449652763407306,0.0001456820984844095,0.00024832175878024336,0.0004751222984661992,0.0008029070200561207,0.001360803238115734,0.002383888884290337,0.003757935949541018,0.0061087152659939905,0.00951403431806706,0.014116264247460913,0.021809272334472853,0.033344645769011104,0.05214094743028368,0.08641928301230849,0.1454221883768862,0.23010321907773296,0.3917341963894015
0.00000661491597402984,0.000026459663896119356,0.00006284170175328346,0.00012237594551955206,0.00022821460110402953,0.0004680053051626111,0.0007375631311043275,0.0014437054113320127,0.002373101105683204,0.003947451107502308,0.005989806414484021,0.009462637300849688,0.014367597495592811,0.021784572031473774,0.033370597359987035,0.052408325533244905,0.08622542972147891,0.1445871796313507,0.2305331291529269,0.39185439246957965
0.000009933626816818955,0.00003642329832833616,0.00004801252961462494,0.00015066000672175406,0.0002682079240541117,0.0004453576022873832,0.0008112461900402145,0.0014668655599502655,0.0023791036226281396,0.003913848965826669,0.005940308836457736,0.009372376901668684,0.014531240428536667,0.02168676294558525,0.03316010191901115,0.05199260275923041,0.08627686011301158,0.14474287634786903,0.23028133686749702,0.3924858735548641
0.000009928366833297757,0.000023166189277694766,0.000052951289777588056,0.00010259312394407687,0.0002399355318046959,0.0004335386850540023,0.0008141260803304157,0.0013866619010505861,0.002483746436129989,0.00389191979865272,0.006148968525422411,0.009311153361827747,0.014482177754170326,0.021713338264422184,0.033205422873964344,0.05176484994100895,0.08556432009716561,0.1445222718088988,0.23181578246286377,0.3920331475074009
0.000006615364514853974,0.000026461458059415898,0.00004796139273269131,0.00013230729029707947,0.00021996087011889472,0.0004779600861981999,0.0008318820877428872,0.0014140341650500372,0.0022409547294067835,0.0038352575774865923,0.006134096746398348,0.009369009994161941,0.014576955708480733,0.02155451143052296,0.03273778514288362,0.05230437953669294,0.08583270073910158,0.14484009837047032,0.2317858341891962,0.39163123312048403
0.00000827532331688199,0.000006620258653505592,0.00005296206922804473,0.00015226594903062864,0.00024163944085295417,0.000478313687715779,0.0008209120730346936,0.0014183904165135735,0.00238494817992539,0.003851335471676879,0.006175046259057341,0.009569583883642332,0.014346100502146622,0.021889885237816244,0.03274048917091189,0.05264926200666659,0.08630169180709887,0.1447883668814941,0.2315948534109228,0.39052905797029497
0.0000033113405134233465,0.000016556702567116733,0.00006788248052517862,0.00015066599336076227,0.00023344950619634593,0.0004950454067567901,0.0008245237878424131,0.0013973856966646525,0.002351051764530575,0.003971952945851303,0.006313070688841612,0.009390961696068609,0.014309958028758995,0.021939286571686378,0.033681300032285574,0.05236222753876337,0.08618425954286942,0.1453049330695299,0.23096931215179187,0.3900328650545958
0.000008278186812186154,0.00003145710988630739,0.00006125858241017756,0.0001473517252569135,0.0002549681538153335,0.00046688973620729885,0.0007880833845201219,0.0014106030327965203,0.0024271643733329794,0.004236776010476874,0.00637917075747065,0.009478523899953146,0.014423912701553153,0.021784876414949077,0.03350016639155492,0.052377743598064234,0.08601036097861413,0.14519111849893296,0.2315110836643228,0.38951021279907017
0.000028120089322636674,0.000044661318335952364,0.00005954842444793649,0.00012405921759986758,0.0002282689603837564,0.00042180133983955,0.0008502191712844259,0.001410966834835828,0.002573815234471921,0.00377470846083864,0.006318749483086591,0.009701430816309652,0.014625754693573734,0.022042841783144494,0.03327599040608717,0.05200562401786453,0.08666776941526759,0.1452733438094451,0.23082458026631378,0.38974774625754693
0.000021501357066420996,0.00004134876358927117,0.00006119617011212132,0.00012073838968067181,0.0002695939386020479,0.0004482205973076992,0.0007542014478683062,0.0014323211707323528,0.002502427172422689,0.003939710194785758,0.006156003923170693,0.009713651542391576,0.014516723920921317,0.02189334334524729,0.03327583098610185,0.052177177798029474,0.08566802235479556,0.14443123121732415,0.23081541415748583,0.3917613415523648
0.000021497090451488507,0.000051262292615087974,0.00006779851603930989,0.00011409994162713125,0.0002199317715421518,0.00042167369731765925,0.0008367329052656296,0.001407232613401286,0.0025201204498514224,0.003958771887758729,0.006258960566068001,0.009430608218833767,0.01411862755960068,0.021885691701957723,0.03296826864087126,0.05169884891348743,0.08578165901315125,0.1451483547284505,0.2309167847628623,0.3921730747288473
0.000016540244067841466,0.000029772439322114642,0.00007939317152563903,0.00011908975728845856,0.00020509902644123422,0.00045154866305207193,0.0008055098861038792,0.0014671196488175373,0.0024264538047523436,0.0039034976000105865,0.006058691402050327,0.009303887288160824,0.014702622951904285,0.021800041681415055,0.03348407009093826,0.05166014429708924,0.08602250134802991,0.1455657259678524,0.23081910596672764,0.39107918476445047
0.000014894990318256296,0.000029789980636512584,0.000047994968803270275,0.00010426493222779401,0.00024162984294060213,0.00047001969448719867,0.0008291544610496008,0.0013786141039008326,0.002401403439087764,0.003876007480595138,0.005979511113317777,0.009448388858547239,0.014698045446270461,0.02192873574632176,0.03317610843552952,0.051976896215017485,0.08623702894593119,0.14546944044486376,0.2306158250997137,0.39107624580044037
0.000011583382149015246,0.00003971445308233798,0.00005129783523135322,0.0001141790526117217,0.00023001287410187417,0.00048319251250177894,0.0007578841463212833,0.001542244594697459,0.002439129326806925,0.0037596348917946646,0.0061971094497231555,0.00966881455667087,0.01439979878010439,0.022066342993874048,0.0334081288866384,0.05176613482394916,0.0860181958385872,0.14491472975969444,0.23196219184066563,0.39016968000079433
0.00001158575944653172,0.00002648173587778679,0.00006785944818682866,0.00011751270295767889,0.00022840497194591102,0.0004220526655522267,0.0008110031612572204,0.00144325460533938,0.0023221172147834287,0.003874608980618678,0.0062083119548486405,0.009609559906651882,0.01454509343087439,0.02188880981148314,0.03349774077690792,0.051904202320462126,0.08669623793839688,0.14508846554891675,0.23066253992949243,0.3905741571360005
0.000016548318608087824,0.000028132141633749306,0.00004964495582426347,0.00010590923909176211,0.00025815377028617003,0.00042032729264543053,0.0007579129922504223,0.0013917135949401854,0.002421019012363249,0.00394346432430733,0.0062685030887436695,0.009928991164852694,0.014456611136025529,0.021815648421042184,0.03287158008310565,0.0524399668371695,0.08640373594840894,0.14533560817553132,0.23069183555604825,0.3903946939471214
0.000013244945397712598,0.00003311236349428149,0.00004139045436785185,0.0001291382176276978,0.0002499983443818253,0.00041721578002794666,0.0007880742511638992,0.0014420434301759591,0.0024089244442089784,0.004021496546380487,0.00644366593598718,0.0094453016867438,0.014304541029529605,0.022152171177674315,0.03325805789365633,0.052049324176661096,0.08578751134098449,0.14583181568333986,0.2299570863769115,0.3912258859212853
0.000014890677608557175,0.000018199717077125438,0.000057908190699944566,0.0001257434998055939,0.00020516044705123215,0.00042521157171102156,0.0007759697553792574,0.001414614372812932,0.0024453801672719446,0.004022137474044722,0.006009215674919962,0.009806338465102041,0.014382740050131957,0.02222350907090444,0.03324261050123676,0.051778195084421864,0.0856611047228266,0.14518907024263533,0.2306896865512364,0.3915123137631225
0.000021497161547861776,0.000016536278113739827,0.00004630157871847152,0.00013063659709854465,0.0002000889651762519,0.0004580549037505933,0.0007987022328936334,0.0013956618727996412,0.0024457155330221206,0.0037851540602350455,0.0063648134459784594,0.00963072837344208,0.014563500134770665,0.021717094046774514,0.0333685556057156,0.05182800286408338,0.08545287078056192,0.14484952813730398,0.23235620465959247,0.39057035276842084
0.000006620927095316522,0.000018207549512120435,0.00006124357563167782,0.00007945112514379825,0.00024993999784819884,0.00045849920135066934,0.0008689966812602933,0.0015377103178872624,0.002453053488814772,0.003851724337700386,0.00633788246199174,0.009376887998742022,0.0142167857054184,0.022186726696405666,0.03358796315454072,0.05174751094522011,0.08622598879408085,0.14483278021004886,0.23161161641658878,0.39029041041471824
0.000023168297825158784,0.000019858540992993244,0.000059575622978979755,0.00012908051645445616,0.0002730549386536571,0.0004401976586780169,0.0008324038432896334,0.0013900978695095263,0.0025220347061101424,0.003821114262735117,0.0063083965221075195,0.009383160619189309,0.014149210457507683,0.02181957191605134,0.033342490327235665,0.052582106792613936,0.08592790687668177,0.14444771742620063,0.23133379890579442,0.3911950538993901
0.00002481299274468092,0.000028121391777305053,0.00006782218016879453,0.00012075656469078054,0.00020512074002269562,0.00039369948488227063,0.0008270997581560304,0.0013746397980553232,0.0024151312938156095,0.003887368863333345,0.006185051991490799,0.00942728304346244,0.014351835003523447,0.021688209858367436,0.032971504759132006,0.05213375195609093,0.08566603035125268,0.14513284876315496,0.2322165280998872,0.3908823831059913
0.000013230138254944763,0.00003142157835549381,0.00006284315671098762,0.00010087980419395381,0.00025964146325329083,0.0004630548389230665,0.0007921545280148181,0.001356089171131838,0.002298736521796653,0.0037672818680955216,0.005966792352980092,0.009595157769398698,0.014205860951246941,0.021566779122841835,0.03312165112125421,0.051594231659720845,0.08574287226301516,0.14544717867301718,0.2314612687702587,0.39215287424753587
0.000008274214073776203,0.000044680755998391505,0.000047990441627902,0.00010260025451482493,0.00020685535184440502,0.0004534269312429356,0.0007777761229349632,0.0014546068341698556,0.002321744469101602,0.0037233963331992914,0.00608485702985502,0.009336623160849067,0.014276328962893456,0.021946525409284007,0.032962814027109634,0.052288068417821326,0.08613456850801028,0.14501718554263124,0.2315224388411467,0.39128923839169133
0.000023156916226547424,0.000034735374339821136,0.00004135163611883468,0.0001008979921299566,0.0002365313585997344,0.00043336514652538737,0.0007707944972550783,0.0013844527772585856,0.0022759940519806606,0.003756382625034943,0.00609026896758197,0.00938516733353072,0.014056248149514287,0.021620289428371516,0.03281169622757294,0.053207977226826964,0.08656551505116855,0.14543370422994154,0.2311721865587334,0.39059928445128855
0.000018192733822111452,0.00003307769785838445,0.00004134712232298056,0.00012238748207602244,0.00023485165479452972,0.0004200867628014825,0.0008484429500675613,0.0014454953964114013,0.002376632591124923,0.003623661800386016,0.006054872592977272,0.009202215544202556,0.014248218352499105,0.021925552025430135,0.0334944768514001,0.05252573031422161,0.08695795989990689,0.14517470813066358,0.23031670241814498,0.3909353876788883
0.00002317259278140631,0.00001986222238406255,0.000049655555960156376,0.00010758703791367215,0.00023834666860875081,0.0004617966704294546,0.0008027648213558619,0.0014367007524471917,0.002375190760094146,0.0037986500309519626,0.006117564494291267,0.009280623408953227,0.014381904191259955,0.02217617129180583,0.03332384360486094,0.05235681820438887,0.08667046255805566,0.14530374303580829,0.2301717089125103,0.390903433185139
0.000018194719892287257,0.000026465047116054193,0.0000612004214558753,0.00010089799212995657,0.0002183366387074471,0.0004102082302988401,0.0008187623951529269,0.0013728743191453111,0.0023405026043260436,0.0038440480936068723,0.0059678681246702215,0.009228031116279149,0.014396985631133476,0.021995762284330537,0.03377601638186417,0.05283415843631269,0.08676400290453892,0.14536423348126193,0.23003915172907727,0.39042229944870005
0.000009923112417286725,0.000016538520695477878,0.000043000153808242464,0.00010253882831196283,0.00021003921283256906,0.00046638628361247617,0.0007773104726874603,0.0014405051525761229,0.0024675472877652995,0.003793936647542624,0.006049790870405806,0.009160686613225196,0.014196666164998204,0.021746500862483847,0.03365423576322792,0.05300595882900657,0.08680904127849376,0.14452186309743342,0.230929018323027,0.3905985125254485
0.000009924261345498274,0.0000181944791334135,0.00003804300182441004,0.00008931835210948445,0.00020179331402513152,0.0004002785409350972,0.000818751561003608,0.0014539042871154978,0.002409941463398498,0.0038026461388834215,0.00592478402326247,0.009280838401598462,0.013908852275715828,0.021835029003653778,0.033307475119049794,0.052912853407081635,0.08559675410492257,0.14587010134324874,0.23065637410495568,0.3914641428167369
0.000004961564414336937,0.000019846257657347744,0.000038038660509916514,0.0000876543046532859,0.00023980894669295194,0.00041511755599952344,0.0009046585782141013,0.001414045858086027,0.0024559743850967835,0.00387498180759715,0.005935684894351755,0.00931120255090565,0.014428229316891812,0.02178953705296305,0.03290013363146822,0.05264881385533403,0.08584498749685768,0.14572114684907583,0.2311278628226671,0.39083731361056356
0.00000992181608921697,0.000019843632178433943,0.000042994536386606865,0.00010252543292190865,0.0002480454022304241,0.0004960908044608487,0.0008731198158510935,0.001344406080088899,0.0023613922292336394,0.003730602849545582,0.005989469645857311,0.009476988001217079,0.014570186927015122,0.02164444179862682,0.03315540209813339,0.05242191530737787,0.08635783360452963,0.14549681840430737,0.23057143046129827,0.39108657115265044
0.000011577404875079804,0.000024808724732313865,0.00005292527942893625,0.00015381409334034598,0.0002646263971446812,0.000451518790128112,0.0008153800862020485,0.0013429789655092566,0.0023965228091415184,0.003789119224115404,0.006238567312685857,0.009653901750834403,0.014691726786476265,0.021429776423772716,0.03285171329053001,0.05205532014832311,0.08583818757380596,0.14493587771614191,0.23155967490647114,0.39144198231634103
0.000016542898216510144,0.00003308579643302029,0.00007113446233099364,0.0001273803162671282,0.00027295782057241763,0.00046485543988393523,0.0007841333754625808,0.0013151604082125565,0.00234909154674444,0.003983529890535643,0.0061241809197520565,0.009563449458964514,0.014658662109649636,0.021691048141488093,0.033062636375517165,0.05258656485064246,0.08573357000706382,0.14566518166583675,0.23132761721056957,0.3901692173058568
0.000011574246309882258,0.00002976234765398295,0.0000578712315494113,0.00014054441947714165,0.0002728215201615102,0.0004728906349466179,0.0007787814302792203,0.0013145036880509132,0.0024008293774212914,0.0037897389346071625,0.006066558530136859,0.009702525335198442,0.01486959958068159,0.021991067988776283,0.032803067505964886,0.0523122863931507,0.08685314430935645,0.14461028685942748,0.2318834109634568,0.3896387347033935
0.000019838448897808846,0.00002645126519707846,0.00006612816299269614,0.00014217555043429672,0.0002793914886441413,0.0005009208346696733,0.0008299084455583365,0.0013159504435546537,0.0023954927044104184,0.003951157738813595,0.006235885770211246,0.009605115674689116,0.014725088694398605,0.021990920603221102,0.03352863184137177,0.05219661225420989,0.08531855589317656,0.14444539962902106,0.2312055494754384,0.3912208250810896
0.000016540982765950055,0.000033081965531900116,0.00007112622589358526,0.00012571146902122038,0.00025638523287222577,0.0004962294829785013,0.0008138163520847424,0.0014357573040844635,0.002338894963105336,0.003852394886189766,0.0063500832838482265,0.009610310987016982,0.014850494327269955,0.021913493968330634,0.033338350764772325,0.052128907186891595,0.08610408578815303,0.14529103032127555,0.23098324563855646,0.3899900588693576
0.000011575222409630582,0.00003472566722889174,0.0000628369216522803,0.00014551708172107027,0.00026457651222012757,0.0004795449283989815,0.0008598736647154146,0.0014353275787941926,0.0024837120084664492,0.0039107715712537626,0.006301881800443165,0.009840592651387373,0.014697225253828095,0.022111982008797163,0.03333498693653471,0.05189833647517944,0.08603862817078413,0.14469358732678503,0.23066937857591688,0.3907249396434832
0.000014879500842345076,0.000026452445941946795,0.00006447783698349534,0.00012234256248150387,0.00027940396026181305,0.00048606369418327245,0.0008481315480136694,0.0014978697514627375,0.002488183196414371,0.004012505393819055,0.006257656743141791,0.009529493650586337,0.014300853587364994,0.021699272061753237,0.0329134558632673,0.052223741400888465,0.08618868199034814,0.1449858562078104,0.23077609823115808,0.39128458037327707
0.000013241328171422236,0.000018206826235705574,0.00005296531268568892,0.0001191719535428,0.0002366887410641725,0.0004717223161069172,0.0008822034894210061,0.0014582012648778739,0.002404956229134563,0.0038681229920767206,0.00628963088142556,0.009371550013324082,0.014634977961464422,0.02159991657963251,0.03352538776401967,0.05194242008444656,0.08676876834130848,0.14460026912999507,0.23097510795820378,0.39076649083286286
0.000013219906535260795,0.00002974478970433678,0.00005618460277485836,0.0001321990653526079,0.00026274564238830823,0.0004428668689312367,0.0008014568337001858,0.0014178349759067204,0.002463860080509231,0.004063468771275787,0.006178653816917514,0.009477020497465082,0.014260974174912587,0.021470780701580434,0.03305968126805344,0.05245824162023176,0.08667466471012052,0.14466047975040816,0.23023458724146822,0.3918413346817638
0.000016532314061063756,0.000029758165309914763,0.000066129256244255,0.00014383113233125465,0.00024137178529153093,0.00045959833089757223,0.0008084301575860179,0.0014779888770591,0.0024335566297885853,0.003934690746533173,0.0061301820538424414,0.009269668494038449,0.01451371851420787,0.021604428014998112,0.03306297489072141,0.05226195120983474,0.08666900323372065,0.144923918290691,0.23067537809402267,0.3912768898088202
0.000016536196079598635,0.000034726011767157126,0.0000628375451024748,0.00014386490589250804,0.0002248922666825413,0.00045309177258100284,0.0007937374118207343,0.001430380960885282,0.0024208991060532393,0.003844665588506684,0.006126660647491291,0.009372715937916505,0.014429484699057764,0.021870772934877148,0.03322287154352161,0.05246438930174259,0.08584600832762836,0.14480416182982928,0.23088498414178796,0.39155231887077624
0.000013242467932536246,0.00003310616983134062,0.00004800394625544391,0.00012414813686752735,0.0002102241784290128,0.0004568651436725004,0.0007978586929353089,0.0015030201103428638,0.0023836442278565247,0.0037542396588740264,0.006167679439578756,0.009552785304833337,0.014339937462445189,0.02207188342655479,0.033026715023745414,0.05215711526078559,0.08639386079186649,0.14463920068463565,0.23069703385271392,0.3916294360198439
0.000013231866966809513,0.00002977170067532141,0.00006119738472149402,0.00011743281933043445,0.00021170987146895226,0.00040522592585854147,0.0007525624337372914,0.0013496504306145705,0.0023949679209925214,0.003979483990267961,0.006111468555295144,0.00939627952980561,0.014349959725504915,0.021997978832320814,0.032864649578813125,0.052077320414620536,0.08599224943392417,0.14511388502499997,0.23077699176812475,0.3920039827919571
0.000011576677295158962,0.00002480716563248349,0.000056229575433629254,0.00012072820607808633,0.00023814879007184143,0.00045149041451119943,0.0007772911898178161,0.001276742124551817,0.0024029874442665668,0.003802111585938637,0.006152177076855907,0.009501144437241179,0.014350118412870613,0.021731077094055536,0.0332068719156424,0.05213473929322734,0.08641989600836164,0.14496976833414926,0.23068348702750618,0.3916886072264927
0.000013231122908862371,0.000013231122908862371,0.00005457838199905729,0.0001157723254525458,0.0002083901858145825,0.00042008815235638027,0.0007822901419864877,0.001481885765792586,0.002298907605414837,0.0037096760855722865,0.006071431524804221,0.009504907919654006,0.014355768356115675,0.021594846477626998,0.03315388622888188,0.052024775277646845,0.08628842194050956,0.14514211052949302,0.2321648597914444,0.39060094106361687
0.00000826633469066549,0.000024799004071996478,0.00003967840651519436,0.00012234175342184923,0.00021492470195730282,0.0004133167345332745,0.0008051409988708186,0.0014185030329181981,0.0022699355060567432,0.0037347300132426695,0.006153459543731389,0.00927648078986481,0.014305718815665695,0.021449485255338813,0.03311328350386783,0.05214073269484165,0.08646090106354665,0.14534365633209503,0.23140942659742791,0.39129521891734165
0.000006612204145190779,0.000023142714508167726,0.00004628542901633543,0.00010083611321415933,0.00018844781813793731,0.00045458903498186645,0.0008000767015680849,0.0013042572676388825,0.002393617900559063,0.0038433436593921393,0.006018758823159908,0.009407513447570178,0.01414515771759937,0.02159049958508418,0.03346601822984683,0.05228104512498716,0.08547430993384492,0.14534285931543856,0.23041382479642675,0.3926988041828802
0.000008264817992178176,0.000014876672385920714,0.00003471223556714834,0.00011405448829205883,0.00019504970461540485,0.00042481164479795834,0.0007471395464929074,0.001362042005110964,0.002272824947848999,0.003783633676819171,0.005924221536793317,0.009527682181383003,0.014549385593430459,0.021855484698515972,0.03335515245283267,0.05217910191181772,0.08537226393200367,0.14479465233216637,0.2309272795194505,0.39255736610168374
0.00000661397532987202,0.000008267469162340024,0.00003968385197923212,0.00011739806210522841,0.00019015179073382068,0.0004034524951221931,0.0006845464466417538,0.0013558649426237644,0.002217335229339595,0.003779886901021858,0.006066668871325109,0.009616720129633917,0.014446575614272962,0.021880683885049115,0.03324184000793677,0.05207513475974736,0.08524918152055294,0.1446691358841231,0.2325192632031482,0.3914315949601508
0.000014872837241584451,0.000014872837241584453,0.000044618511724753357,0.00010410986069109118,0.00020326210896832086,0.00040487168046535437,0.0007221588749524896,0.0012641911655346784,0.002349908284170343,0.0038024887214317565,0.005990448333415957,0.009650818832317021,0.014352287938128993,0.021906036719382606,0.0330292664386165,0.05122205146001687,0.08589889775750663,0.14520516252706023,0.23222117561515712,0.3915984994959761
0.000013233705586443388,0.000009925279189832542,0.0000678227411305224,0.00011083228428646344,0.0001968513705983454,0.00041851593917127233,0.0007261995940560809,0.001343221117024005,0.002344020101998787,0.004042897056658458,0.006180140508869064,0.009409164671961253,0.014390000612058884,0.021949754928314663,0.0327252997020762,0.051682582954656345,0.0867370148399466,0.1455707614508773,0.23051957182345573,0.3915621893180836
0.00000826729145343944,0.00003306916581375777,0.00006283141504613977,0.00009094020598783389,0.00021660303608011315,0.0004298991555788509,0.0007672046468791802,0.00130788550793412,0.002397514521497438,0.003999715605174,0.006139290633324128,0.0096247807100942,0.014439651252577327,0.02193312422597484,0.032983185982641994,0.05218810402898184,0.08632044352365191,0.1448561739305845,0.23138660665715374,0.3908147085035707
0.000008272201762309864,0.00002647104563939156,0.00007610425621325076,0.00009926642114771832,0.0002034961633528226,0.00040864676705810755,0.0008503823411654541,0.0013748399328959004,0.0023344153373238436,0.0038598093422937815,0.006257093413011181,0.009403838963393854,0.014218260389058192,0.02195938679822777,0.03312520473699361,0.05165990000562511,0.08566526701012848,0.14557751549383388,0.23143966090590531,0.39145216847496994
0.000009929122613080294,0.000023167952763854018,0.000041371344221167894,0.0000728135658292555,0.0002631217492466277,0.0004501202251263063,0.0007860555402021901,0.0014099354110574012,0.002219158904023446,0.0037945796919655194,0.00608158760051168,0.00943432133619513,0.014425360303036823,0.021749743083952392,0.03308052683924586,0.051988886002088425,0.08604412171118499,0.14506117166956542,0.23118307150788622,0.3918809564392842
0.000011576217818114466,0.00002315243563622893,0.00004795861667504563,0.00009922472415526681,0.00021498690233641136,0.0004481650041012885,0.0007359167041515626,0.0013742624295504462,0.002230902548090915,0.0037556558092768514,0.006059323155081631,0.009386658905088245,0.014437197364591326,0.021401119254888475,0.03278715635170535,0.0526072950017199,0.08560116952874874,0.14559905273463342,0.23164507977667823,0.3915341465350727
0.000009925853871579302,0.000026468943657544807,0.00004301203344351029,0.00008767837586561719,0.0002001713864101826,0.0004714780589000166,0.000779179528918975,0.0013399902726632055,0.0022283541941695525,0.003780096016093118,0.005912500289504072,0.009391512071492617,0.014642288769558072,0.02176905184935201,0.03333928884565628,0.05185596924308747,0.08589833940464724,0.14458825903831707,0.23211278416892475,0.3915236516554669
0.000016536852375518843,0.000024805278563278263,0.000033073704751037686,0.00008268426187759426,0.0001819053761307072,0.00043988027318880125,0.0007954225992624563,0.0013047576524284367,0.002285392998296704,0.0037125233583039804,0.006116981693704421,0.009407815316432672,0.014491243736667162,0.021975823121827,0.033060475269137274,0.05234409882422981,0.08547733624381934,0.1457756610606737,0.23157381224057816,0.390899770137752
0.00000992035607464737,0.000028107675544834218,0.0000347212462612658,0.00010416373878379739,0.0002281681897168896,0.0004150015624560819,0.0007489868836358766,0.0012284707605771663,0.002331283677542133,0.0039582220737843015,0.006367215207244504,0.009482207014683781,0.014306806852320619,0.022112473690388993,0.03338861176190484,0.05233979864983956,0.08657990764148497,0.1456291737831443,0.23049451321639441,0.39021224601821725
0.000008263998386867515,0.000018180796451108534,0.000036361592902217075,0.00008925118257816921,0.00025948954934763987,0.0003652687286995441,0.000705745462238486,0.0013966157273806103,0.0022940859521944235,0.0038030920576364305,0.006145109200474682,0.009411041362964724,0.014471913975082391,0.0218136501419755,0.03304772954908318,0.052696212113699396,0.08615548878244858,0.14523977164919652,0.22975403035201325,0.39228869782524645
0.000009923801742288793,0.000021501570441625722,0.00003804124001210703,0.0001157776869933692,0.00020178396875987213,0.00043168537578956213,0.0007095518245736484,0.0013430211691230832,0.0023337473763949137,0.0038223176377382337,0.006106446005421701,0.009647589260461754,0.014731883686427714,0.021700046476471495,0.03337209129236016,0.052080111543531586,0.0868051478067571,0.1449238927104714,0.23067546356558888,0.3909299760009394
0.000006612029264841526,0.00002314210242694534,0.00003967217558904915,0.00011240449750230602,0.00020993192915871859,0.0004132518290525955,0.0007802194532513004,0.0013885261456167207,0.0024166966962995786,0.004010195749126387,0.006375649218623443,0.00951140409747454,0.014477038075370522,0.021672578922834314,0.03326016020946908,0.05222346014103459,0.0866638675742779,0.14461334505866522,0.22955643201676806,0.39224541207819374
0.000009927200529450695,0.000009927200529450695,0.00005790866975512904,0.00010092653871608205,0.00020019854401058903,0.00038385175380542676,0.0007809397749834545,0.0013269358041032428,0.0023709463931171413,0.004137988087359365,0.00616810059563203,0.009783256121773663,0.014654202514890798,0.02195565850430178,0.03321972203838517,0.051828259430840504,0.08589510258107214,0.14546326935804105,0.2295962938451357,0.39205658504301777
0.000004960276452740966,0.000018187680326716878,0.00004794933904316269,0.0001058192309918073,0.00021990558940484958,0.0003621001810500903,0.0007423880424268975,0.0013723431519250008,0.002385892973768405,0.0039103512702441294,0.006312778498855002,0.009692380188655852,0.014811385487884531,0.02170451633171021,0.03339588793082068,0.05235075768222818,0.08673043377617579,0.1445143475996395,0.2298344094377527,0.3914832053306438
0.000008271284911025788,0.000016542569822051576,0.000059553251359385655,0.00009098413402128373,0.0001588086702916952,0.00038047910590718637,0.0007444156419923212,0.001483868513038027,0.0024565716185746584,0.004008264667883098,0.0062729424765219565,0.0097518449100994,0.01465340834837329,0.022253064924623773,0.033260490884216905,0.05203630763224543,0.08553004875095328,0.14525699709347054,0.22973493840374132,0.3918421971179535
0.000004963222521118512,0.00002481611260559256,0.000056249855239343113,0.0001058820804505282,0.00020183771585881934,0.0004102930617457971,0.0007841891583367247,0.001378121453363907,0.0024965009281226126,0.003858078306416124,0.006288402934257153,0.009815599739265378,0.014492609761666055,0.0218861569106256,0.033265171744043316,0.05216843191947666,0.0852086042425626,0.14468455412063277,0.23037624535525097,0.39249329137755906
0.000008270819720942543,0.000018195803386073593,0.00005127908226984375,0.00009594150876293351,0.00019684550935843265,0.00041023265815875017,0.0007857278734895416,0.0014523559429975108,0.002411771030626846,0.003933601859280272,0.005963261018799574,0.009461817760758266,0.014473934511649444,0.021816768259902235,0.033639077969017515,0.05143788200848585,0.0857634380143416,0.14493619062585295,0.2317599477284194,0.39138346001472213
0.00000992284984247476,0.000021499507992028646,0.000038037591062819906,0.00010584373165306409,0.00019680318854241603,0.00042668254322641465,0.0008070584538546137,0.0014867736680641353,0.002393060620343497,0.003777298173368725,0.006024823662689257,0.009633433388735908,0.014692433000090956,0.022083302324427578,0.033125780390794904,0.05165504866330944,0.08542250667725104,0.14541605682485345,0.23119909371304775,0.3914845410268496
0.000003307961270389446,0.000026463690163115572,0.000043003496515062803,0.0001124706831932411,0.0002166714632105086,0.00043334292642101735,0.0008170664337861932,0.0014637728621473309,0.002247759683229629,0.003780999732055137,0.006172655730546707,0.009475655059030568,0.01442767308080357,0.021880509822990987,0.03325824261249549,0.05172989834635014,0.08527097164746399,0.14395751254544306,0.2330624113052884,0.3916196109175955
0.000006616655776754034,0.000011579147609319558,0.000039699934660524196,0.00008601652509780246,0.00023323711613057983,0.0003804577071633568,0.0007840737095453533,0.0013812268933974048,0.002289362898756896,0.003786381268247497,0.006218002266204603,0.009698363204777223,0.014550026053082123,0.022131059409298052,0.03315275376942609,0.0516347275178443,0.08566584234163449,0.14407106288304236,0.2317020519903727,0.39217745870793247
0.000004958751452500947,0.000021487922960837436,0.00004628168022334218,0.00009917502905001895,0.0002181850639100417,0.00034215385022256514,0.0007818298123443157,0.0013553920636835918,0.0024678053061946374,0.0038132798669732273,0.006152157635402842,0.009505926534444313,0.014681210133704464,0.02153089880675911,0.03304016092801381,0.05201399690243326,0.08509052200776543,0.14519554836352944,0.23188940000760344,0.39174962933332896
0.00000991581473291753,0.00002313690104347424,0.00005123170945340722,0.00008428442522979896,0.000180137300981335,0.0004181168545713556,0.0007734335491675667,0.001413003599440747,0.0023186480117138803,0.004093578848906116,0.006179205214396434,0.009590245482520065,0.014645658360519188,0.021672665734580075,0.03300148406693835,0.051715931739531394,0.08518180646312803,0.14541542305823563,0.23137231570632008,0.39185977715859033
0.0000165366609504942,0.00002315132533069188,0.00005457098113663085,0.0000975662996079157,0.00020505459578612804,0.0004415288473781951,0.000800374390003919,0.0013130108794692393,0.002313478866974138,0.0038431200048948512,0.006201247856435325,0.009645834332423267,0.014601871619286378,0.021697752833143433,0.032929452950719106,0.05191023238969636,0.08565328905917972,0.1449984042122183,0.23104361213592473,0.3922099097594412
0.00001324012286834022,0.000024825230378137903,0.00006620061434170108,0.00008606079864421143,0.00018701673551530548,0.0004286489778625146,0.0007613070649295625,0.0014812387458955619,0.0023964622391695802,0.0037601948946086217,0.006216237686685731,0.009590814002753942,0.014494624510115454,0.021707181442643785,0.03306555184832116,0.05265265861667198,0.08488904777036328,0.14497272534689118,0.23119571549623982,0.3920102478551
0.000011582213029989657,0.00002150982419855222,0.0000546018614270941,0.00010093071354705267,0.00022171664943123045,0.00043516028955532544,0.0007776628748707342,0.0013865563598759046,0.0025398138572905902,0.0038088934850051704,0.006179937952430197,0.00936008273009307,0.014471147880041363,0.021825853154084796,0.032944777662874854,0.05191313340227509,0.08609555325749743,0.14536835573940024,0.23039503619441565,0.3920876938986555
0.000008270108354959666,0.00002315630339388707,0.00005127467180074994,0.00011081945195645952,0.0002696055323716851,0.0004101973744059993,0.0007459637736173616,0.0014224586370530626,0.0023123222960467218,0.0037447050631257365,0.005987558448990799,0.009381610917866243,0.01446111146948248,0.022026606592599578,0.03248994768329454,0.05140533951275829,0.08564193408062035,0.1451569418462521,0.2313959777501006,0.3929541984859084
0,0.000028109534588782318,0.000051258563073661884,0.0001025171261473237,0.0002463718031605037,0.0005043181205634472,0.000800294984762978,0.001388941709092772,0.0022438022609986806,0.0037435286064119483,0.00614772056477015,0.009324097973302562,0.01423334551413165,0.021533556997041892,0.032583911094502586,0.05203901603400922,0.08638886730150122,0.14480048017699082,0.2322194792460692,0.3916203823888805
0.000008275542461808372,0.000016551084923616744,0.00005792879723265861,0.00011254737748059387,0.00023502540591535765,0.0004203975570598649,0.0008407951141197307,0.0014002217845379764,0.002426389049802214,0.0038034393154471285,0.006017974478227049,0.009265297340240654,0.01411973054833744,0.021357519985435044,0.0328687995498105,0.051993578179049656,0.08664989490061073,0.14541783213889672,0.23152650656250523,0.39146129528790613
0.000009920060843039836,0.000019840121686079673,0.00004960030421519918,0.00009424057800887848,0.000252961551497516,0.0004315226466722332,0.0008481652020799063,0.0013590483354964582,0.002195640133259484,0.0036853026031893007,0.005990063405722222,0.009316590475088244,0.014203873783759207,0.021726586589731072,0.033033802607322645,0.05236634784693347,0.08608132796547818,0.14580340092752572,0.23127299180768304,0.3912587730538081
0.000009927611168562563,0.000023164426059979317,0.000054601861427094086,0.00011251292657704234,0.00021344364012409502,0.0004219234746639087,0.000771044467425026,0.0012608066184074456,0.0021360910031023774,0.0037079627714581183,0.006107135470527403,0.009247569803516029,0.01452740434332989,0.02171499482936918,0.03257249224405378,0.051903205791106535,0.08730837642192349,0.1454593588417787,0.23124715615305064,0.3912008273009307
0.000021493713915361058,0.000028107164350856767,0.00006117441652833532,0.00009754839392356169,0.00021493713915361057,0.0004464079043959603,0.0006828387574649317,0.0013392237131878816,0.002271720224592776,0.0036820385299622376,0.005986826006732492,0.009662251086259234,0.014371027796332182,0.021392858796219747,0.03289364910354679,0.05208753562996421,0.0860294166275371,0.1460101053522654,0.23147076524234994,0.3912500744013176
0.000013235741797149022,0.000031434886768228927,0.00005128849946395248,0.0001240850793482721,0.00021011740102974067,0.00038879991529125257,0.0007511283469882072,0.0013880984209760042,0.0023394173626460897,0.0038284383148253533,0.00585681574523844,0.009279909467526107,0.014281365399123794,0.021584185935700762,0.03321013063677155,0.05120412160999563,0.08694062446229799,0.14531190025544982,0.2324527153124297,0.3907521872063319
0.000004960432285138875,0.000029762593710833257,0.000057871709993286896,0.00008598082627574047,0.00019511033654879574,0.00043651804109222093,0.0007308370233437946,0.0013591584461280525,0.002187550637746244,0.003842681543554248,0.006139361691573549,0.00944300959347604,0.013996686431233528,0.02162087085349198,0.032795071314481485,0.05194564688997431,0.08602877712116348,0.14613929555247643,0.23099741065434717,0.3919634383071038
0.00002150032581262962,0.00002646193946169799,0.00005292387892339598,0.00009592453054865523,0.00021500325812629623,0.0003638516675983473,0.0007392804337111877,0.0013429434276811731,0.0022658035664078913,0.0038551738053261278,0.006026706712401717,0.009436989160528044,0.013993404361589173,0.021300207395450528,0.03297653818292478,0.05173143777640322,0.08667112109314269,0.1458003248203069,0.23105573215224878,0.39202867151140686
0.000016539149821542578,0.000036386129607393665,0.000056233109393244756,0.00011081230380433528,0.0002497411623052929,0.00042836398037795245,0.0007029138674155591,0.001319824155759097,0.002280748760390721,0.003808966203901255,0.006031827939916578,0.009301617859635543,0.014334481150330947,0.021662978436256464,0.03260031821324257,0.051835349455696574,0.08733663454763772,0.14520381194325085,0.2309510341930383,0.3917314174382179
0.000013225982442508308,0.00002645196488501661,0.00005786367318597385,0.00007604939904442277,0.0002215352059120141,0.00042984442938152,0.0007770264684973631,0.0013887281564633732,0.00227982872352737,0.003699968588291699,0.006039314232810356,0.009307785143915224,0.014155107709094518,0.02153685915981946,0.03274587927984525,0.051870649891712264,0.08661199927257096,0.14533536131730787,0.23058508439830044,0.3928414370029923
0.000014885185601725358,0.000026462552180845083,0.000024808642669542265,0.00011246584676859158,0.00018193004624330981,0.0004531712060969718,0.000813723479560986,0.00137936053242655,0.00236012887262912,0.0037791832333269383,0.006197198938851658,0.009586059527511126,0.014301355544235464,0.021371818705055005,0.03295414701270863,0.051406815430314175,0.08579820980834502,0.1454696110666393,0.23247186699921274,0.3912967973696225
0.00000993365970924178,0.000029800979127725332,0.000048012688594668584,0.00010761464685011925,0.000251652712634125,0.0004437034670127996,0.000764891797611617,0.0014668704170647025,0.0022632188037555855,0.003831081427864245,0.006097611451522912,0.009630683088109908,0.014537910984475348,0.02134081227535442,0.03263041653490771,0.051443112414260084,0.08570264914148346,0.14562910694743605,0.23151056196368588,0.39226035459853953
0.000019859724148431575,0.000019859724148431575,0.00006454410348240262,0.00013570811501428245,0.00024990152886776416,0.00043525895425312574,0.0008159036670980642,0.001466309632959198,0.0023186227943293863,0.0037766575422267376,0.006340216934386782,0.009406889338307092,0.014146743501732761,0.021446847103293726,0.03252195327006908,0.05179250560209718,0.0861332786087601,0.1446416809270519,0.23150149444424217,0.3927657644835314
0.000018190778267642576,0.00004299638499624609,0.00006118716326388868,0.00011906691229729683,0.00022325046055743147,0.00047296023495870687,0.0008003942437762732,0.001463530796987607,0.002301960304414405,0.004054889846569055,0.006246051774262364,0.009404632364371213,0.014071393843579156,0.02146015723447251,0.03259291353426977,0.05195120902527195,0.08579432513866334,0.14577097479419615,0.23118163988212373,0.3919682752827012
0.000018197970760824074,0.000026469775652107742,0.00006617443913026936,0.00012904015630402522,0.0002812413663036444,0.0004913452105422499,0.0008586133477152448,0.001449220216952899,0.0024137126672765736,0.0038447349134686486,0.006164149004984591,0.009262767117259454,0.01431353118387726,0.021407431058642134,0.032231914939375945,0.0521851626981304,0.08605654936695874,0.14496007199778974,0.23181567771724654,0.39202399485162864
0.000016541475268013255,0.00002315806537521856,0.00006451175354525168,0.00010586544171528485,0.0002927841122438347,0.00044331153718275525,0.0009296309100623446,0.0014936952167015963,0.002294302619673438,0.003749952443258606,0.005868915425091102,0.009431949197821157,0.014224014582964593,0.02136993189874632,0.03259993945820053,0.05195842796435641,0.08591642254206086,0.145212648935308,0.2312795989023077,0.39272439751811694
0.000018169835100487448,0.00003303606381906809,0.00006607212763813619,0.00015692130314057338,0.00024942228183396395,0.0004658084998488599,0.0008457232337681427,0.001476712052712343,0.0024562313449477124,0.0035976273498965145,0.006019170827834204,0.009355813273560084,0.01425836514430978,0.02144370902495709,0.03300467955843998,0.05162050152048484,0.08636618164218968,0.14608217060153716,0.23122601788242136,0.39125766643155996
0.00001818434295009555,0.00002644995338195716,0.00006116551719577593,0.00013555601108253043,0.00026449953381957157,0.0004942835038253244,0.0008480516303090019,0.0014233381163665706,0.0023573520951669334,0.003836896362470161,0.005876849017053609,0.009402958427285776,0.013945737920636914,0.021492240244926568,0.03282439214700886,0.05178074311144024,0.0868847906155565,0.14472422617355132,0.23172969470141294,0.3918725905745591
0.000016539669570481324,0.00003473330609801078,0.000062850744367829,0.00013397132352089864,0.0002447871096431234,0.0004912281862432949,0.0008468310820086437,0.0014339893517607304,0.0022096998546163042,0.0038223176377382337,0.005883160466220207,0.009224173719457435,0.014133147647976291,0.02136429118419073,0.03287920913915982,0.0523629398931868,0.08579292002904366,0.14473699444432497,0.23180181506333872,0.39252440014753376
0.000009919552429794368,0.000038024950980878416,0.00005125102088727091,0.00010415530051284088,0.00024964206948315817,0.00044472660060244717,0.0008596945439155116,0.0013887373401712114,0.002182301534554761,0.003675194175238813,0.00579301861899991,0.008995380795085191,0.014308954379978376,0.02173869914989435,0.03335945482139846,0.051912324382590525,0.08599590653136396,0.1454090658096174,0.23142811796331747,0.3920554304589776
0.000024797897138322673,0.00002645109028087752,0.00006282133941708412,0.00012729587197672298,0.00023971300567045248,0.00041164509249615644,0.0008365157301327519,0.001329167286614095,0.0022533022533022537,0.003646944072475987,0.005632429036684355,0.00923473689431136,0.014414191009935693,0.02188827720742615,0.033639174064705984,0.05207723718362016,0.08655458017160146,0.14558680090594986,0.23141397609482725,0.3905999437914331
0.00002148547251512247,0.000031401844445179,0.000062803688890358,0.00008098370409546163,0.00020659108187617763,0.0004379730935774966,0.0007437278947542388,0.001413083000033054,0.0023237364889432456,0.0036178230258156223,0.005734968432882688,0.009223878623607577,0.014357253826066837,0.02205401117244571,0.03351898985224606,0.052136978150927174,0.08610385746868081,0.14500049581859645,0.23152084090833966,0.39140911645126103
0.000016521279407877352,0.00003139043087496696,0.00005286809410520752,0.00010904044409199041,0.0002230372720063441,0.0004097277293153578,0.0007533703409992067,0.0013283108643933376,0.0023311525244514926,0.003710679355009249,0.0057857520486386425,0.009324610097805972,0.01446107586571502,0.021991475019825523,0.03341759185831349,0.051594303462860105,0.08588917525773193,0.14473797250859116,0.23165642347343343,0.39217552207242895
0.000014884225532400481,0.000023153239717067414,0.00005457549361880176,0.00012072760709613724,0.0002464166227030746,0.00040518169504867975,0.0007657107135001574,0.0013114656496881743,0.0023004397461743394,0.0037458634256541195,0.0058643848597657875,0.009314217577608835,0.014393046089831264,0.021960847871638437,0.033593697026627886,0.05208155894070621,0.08511130919993982,0.14546684373382368,0.23061949800468695,0.3926061782766383
0.000011579664785246844,0.000026467805223421363,0.00006451527523208958,0.00010917969654661313,0.00021339667961383477,0.0004449899753187718,0.0007857629675703222,0.0013597834933532732,0.002309316005743515,0.0037303062986759495,0.006024734163981289,0.009285236919941509,0.01441999113328525,0.022094000410250978,0.03329484473323761,0.05214323052796653,0.08558695666558588,0.14465978944860944,0.23092332938521906,0.39251258874985934
0.000004958743256109171,0.000024793716280545857,0.00005289326139849783,0.00013058023907754155,0.0002446313339680524,0.00045124563630593456,0.0007917460065587642,0.0013421665079868823,0.0022529223526922665,0.0037537686448746443,0.0059554506505871165,0.009500952078705173,0.014084483761768747,0.02203500211573045,0.033443417433618956,0.05156101237702316,0.08547055167671637,0.1451738204802708,0.23096173172537804,0.39276387125780177
0.00000827094285440163,0.000019850262850563914,0.00004466309141376881,0.00015714791423363092,0.0002580534170573309,0.0004118929541492012,0.0007162636511911811,0.0012952296509992959,0.0022480422678263627,0.0038228297873044337,0.00583928565520755,0.009569480882542685,0.014229330086712566,0.021726112689942203,0.03271488736630021,0.05228724653695623,0.08598141353721755,0.1444420918206992,0.23150534468327252,0.39272256280126905
0.000014898738242412402,0.000019864984323216538,0.000041385384006701137,0.00009601409089554663,0.0002267919043567222,0.00038240094822191854,0.0007267273431576718,0.0013276431189349729,0.0023175815043752625,0.003850496127983472,0.005921420743678796,0.009425935061366245,0.014521303540271285,0.021609792112939064,0.03272094001105817,0.05266041802548677,0.08522574899267975,0.14498789891371647,0.23113240343134497,0.3927903350229607
0.000011574897024755399,0.000009921340306933197,0.00003472469107426619,0.00011409541352973172,0.00020008036285648623,0.0003918929421238615,0.000745754079737812,0.0013244989309755826,0.00235301120946099,0.0038114482345801685,0.005909811709496545,0.0094897620035816,0.014309879836033313,0.0216682072303421,0.032973574510092495,0.05168687588568631,0.08572203380862065,0.14523519363975945,0.23165172126986538,0.39235593800485147
0.0000049637645190112185,0.000013236705384029917,0.00005791058605513086,0.00010092987855322813,0.0002134418743174824,0.00039379198517489,0.0007048545616995932,0.001343525596479037,0.002372679440087363,0.003772461034448527,0.005982990833581522,0.009522154935636525,0.014151692643700978,0.021595684834044806,0.03330024156987325,0.0521741288593269,0.08592938217677618,0.1446076971441808,0.23139084681822694,0.39236738475793376
0.000016532997382826516,0.00001983959685939182,0.00004959899214847953,0.0001140776819415029,0.0001934360693790701,0.00034884624477763917,0.0007787041767311287,0.0012614677003096634,0.0024038978194629744,0.0038174690956946423,0.006059343540805917,0.009438688205855656,0.014162165558129193,0.021856622540096647,0.033185032346809376,0.0517863077022275,0.08542765077680288,0.14515475712200193,0.23190339438969265,0.39202216744289087
0.000014882108894044346,0.00002314994716851343,0.0000611820032310712,0.00009921405929362891,0.00020173525389704556,0.0003670920193864273,0.0007226090651885977,0.001306318447366115,0.002400980234905821,0.0038032056062557757,0.006290171359216077,0.009537778233427534,0.014108239231554041,0.02124173009476597,0.033269781216463595,0.051796353221893895,0.08614426054934828,0.1453386754592371,0.23076528764636148,0.39250735424214495
0.00001983864568178813,0.000026451527575717496,0.00006778203941277611,0.00010580611030287004,0.00020665255918529292,0.0004116518978971034,0.0007125380240708903,0.0014085438434069566,0.0023409601904509987,0.0037610765771723324,0.006097077106202883,0.009469646872106866,0.014168099457743676,0.021521624123793152,0.03278005554820791,0.05130604417405105,0.08577569104615794,0.146349689194551,0.23085074725565397,0.3926200238063749
0.000021506657137563197,0.000026469731861616235,0.000059556896688636534,0.00010753328568781606,0.00019025119775536686,0.0003953916196828926,0.0007328807009184999,0.00136815426559729,0.002367386643373303,0.0038546547023478647,0.005987122475449324,0.009446385558114296,0.014247333174514942,0.021774663172662058,0.03250152200958203,0.05156965509939384,0.08588104502501384,0.1455851795971307,0.23186657931655152,0.3920167288705365
0.000014892229896316987,0.000029784459792633964,0.00005791422737456604,0.00011582845474913214,0.0002167646796019473,0.00042194651372898126,0.0007495755714479551,0.0013882867647788837,0.002296712788454219,0.003789245162507323,0.005965165419580304,0.009276204533194781,0.01413934494044763,0.02142495474416804,0.03253621293903121,0.05195237133940716,0.08507765470544826,0.14639558395742808,0.2311423002207359,0.3930092563482267
0.00002314546927438954,0.000021492221469075995,0.00005455717757534678,0.00011572734637194764,0.00021822871030138707,0.00047117562451435847,0.0007786797163026769,0.0013192917486402039,0.002352571626961165,0.0038719063600443073,0.005832658257146164,0.009048225238480995,0.013979863441731279,0.02140294608758906,0.0326648701373849,0.05159786400383551,0.08632929389786238,0.1457123018169193,0.2315125564170814,0.3926926447005142
0.000019843468109066317,0.00003307244684844386,0.0000446478032453992,0.000145518766133153,0.0002728476864996617,0.0004448244101115699,0.0008450010169777408,0.0012567529802408666,0.00230018867830927,0.0037884487864892433,0.005873666560283629,0.009295011186755143,0.013885466809319156,0.02144582815887342,0.03241761240084467,0.052520699217671274,0.08640672825858683,0.14553860960126205,0.23051495453365375,0.3929502772297857
0.000018185455272872756,0.000028104794512621534,0.00005620958902524303,0.00012564496370348442,0.0002529431506135936,0.0004463702657886946,0.000770402014287155,0.0013341511277462105,0.00231616571248134,0.0037214054381124167,0.006120232310924996,0.009124138877362246,0.01391848617657416,0.021677062685264342,0.03299502875781767,0.0520186681964492,0.08649498494740271,0.14583577872599315,0.23088254014439252,0.3918634966662754
0.00001984432129940616,0.00003472756227396078,0.000057879270456601314,0.0001025289933802652,0.00023151708182640504,0.0004134233604042947,0.0008020413191843316,0.0012617680959539073,0.0024540810673598945,0.00389940913533331,0.0060839381717096,0.008936559358499243,0.01397536327510678,0.02164188607044403,0.03301764325532861,0.05180194705865817,0.08643359511300516,0.14568047004582388,0.2307481143760532,0.392403263067899
0.000018205199073851875,0.00003641039814770375,0.00006123566961204721,0.00011088621254073415,0.0002399776241553199,0.00038561921674613484,0.0007199328724659599,0.0013521497857579066,0.0024246015130175444,0.00368407028530857,0.006102051725935624,0.009364092396350353,0.014037863504037414,0.02140600407465456,0.0331764927849486,0.05214962025609751,0.08557602077378712,0.14483559877727264,0.23148407127831944,0.392835095651771
0.000014883167137966957,0.00002811264903838203,0.00007772320616493862,0.00012402639281639137,0.0002067106546939855,0.00042003605033817855,0.0007358899307105886,0.0013113723933786446,0.0022705098311587377,0.0037092159878288748,0.005974764763274957,0.009335053165980387,0.014337451009574835,0.02151609862578757,0.032807461427791826,0.052244877709976684,0.08603793553934942,0.14429395908782727,0.23204676621851789,0.3925071521886525
0.000019822391373295274,0.000018170525425520662,0.00005616344222433662,0.0001371048736652923,0.00020152764562850206,0.0004493075377946928,0.0007482952743418966,0.0013330558198541068,0.0022944418014589282,0.0037166983824928625,0.006088777883497199,0.009476754942382912,0.013903755682418861,0.02143461253832329,0.03330657310497938,0.05184546463685379,0.08537503964478273,0.14527169891108993,0.23104318638333865,0.3932795485780738
