0.10251020898390585,0.09536392024981985,0.09866682680759066,0.09608455440787891,0.10557290415565695,0.10383137160701415,0.09794619264953161,0.10371126591400433,0.09584434302185925,0.09722555849147249,0.10046841220273842,0.09854672111458085,0.09590439586836415,0.09788613980302666,0.10118904636079747,0.0962046601008888,0.10214989190487629,0.09842661542157097,0.10773480662983427,0.10455200576507324
0.011435591043609356,0.013278239991065942,0.01717013791948183,0.021531073761795753,0.02477525266625719,0.02958847506840137,0.035557540901222845,0.04094030934167178,0.04462002345189569,0.05108604612206153,0.05539114411748284,0.05754648500753812,0.06064548551007872,0.06569322686917192,0.0730694064436875,0.07777653693673571,0.07736333686973033,0.07862527220950362,0.079250656094701,0.08779384666927241
0.0032256846858903735,0.004179663773845186,0.006585200970450668,0.009117706606819919,0.012470359732474068,0.016677476141943853,0.02223320327647206,0.02797766728091939,0.0354447841708103,0.043186427416947185,0.05049569165199667,0.05633967146058316,0.06327832511470055,0.07173716846653008,0.07988373808812983,0.08587870739265162,0.09371986644292768,0.09802306707708358,0.10047664638603213,0.1193880807519277
0.0011134391243617047,0.001514162716676971,0.0026934350026333273,0.0042219092761787,0.006540381488859883,0.009537221497103336,0.01354159510888233,0.01894563898239106,0.02532573103432484,0.03290513155183073,0.040398662728126214,0.04938632044148291,0.057921732957798074,0.06969728194911956,0.0810234480547732,0.09237823727416361,0.10415664857685883,0.11373966705594102,0.12028291085617458,0.15475372672940857
0.0004970758750817894,0.0007557582182365982,0.0013314532368262214,0.002373790913655892,0.003844729727673431,0.006221056742732803,0.009259306224100067,0.012662754307568235,0.017968278443645288,0.02420201569339549,0.03195994988663627,0.041498227265118974,0.050866585849568595,0.06286234548802201,0.07665366492013817,0.09326512911292248,0.1099653568548285,0.12609749788235539,0.14026669642358985,0.18746861574513196
0.0002494278172063624,0.0004157130286772706,0.0008175689563986318,0.0014573051171964308,0.002729848888314076,0.00414096366899081,0.0063049809349386005,0.009339686044282671,0.012986413112512732,0.018067350129679364,0.025342328131531606,0.03391987362323929,0.043596749124115756,0.05603349723204408,0.07108230887016129,0.09033906016522282,0.11145959153885417,0.1337556669769118,0.1585136873514692,0.21945028880507905
0.00019451343852734085,0.0003056639748286784,0.0005899528465224845,0.0009725671926367046,0.0017912336427023255,0.0029454892119854478,0.004625572318386435,0.006912708353817805,0.010234399380977014,0.014252918770333063,0.02017595984900627,0.027930847266338057,0.036910528093298034,0.049750552546416055,0.06543346571647209,0.08430768178456459,0.10988726770606666,0.14015227623473292,0.1735615624345387,0.2490648392378494
0.00011021734861146186,0.00023446235977347328,0.00042082987651649047,0.000757493777729683,0.0013186002797516707,0.0022664694778102424,0.0034227496623341225,0.005414677744512176,0.00811199685780359,0.011901469698244939,0.016690914483361182,0.023107568124341202,0.03226161991447133,0.04457389973026809,0.058934218278445104,0.0788394714376751,0.10669239740768795,0.14392381776863974,0.18618515712986008,0.2748319686421623
0.00006678981436248168,0.00014502931118710307,0.00033013251099169515,0.000591566927210552,0.0010648204689789934,0.0017861504640937953,0.002730749267220323,0.004371870420127015,0.006753404372252077,0.009961223742061551,0.014586895456765996,0.020544546897899363,0.028832208720078162,0.038961361138251105,0.053052103688324394,0.07305469894968246,0.10384480337078651,0.1452621213971666,0.1953468490473864,0.2987126740351734
0.00005880385606286131,0.00013414629664340236,0.00023521542425144543,0.0004685932280009263,0.0007754758518289837,0.0014388568530381382,0.002276811801933912,0.003644001455395437,0.005915300395823455,0.008954724706072602,0.01276043676564091,0.018330264507095052,0.025028391236755352,0.03481555803021784,0.04910857029449706,0.06842563701114701,0.09891176113873669,0.14452333961799546,0.20454553807365922,0.31964857345520425
0.0000643966835707961,0.00009838382212204958,0.00018066847335140024,0.000395324085254054,0.0006153460874542738,0.0011573515075084745,0.0020088187680556676,0.00307673043727137,0.005047984473244073,0.0076220630193100615,0.011392846601733345,0.01640505513966031,0.022952051302691245,0.032615131431842366,0.045303066892055065,0.06485103794932341,0.09542694106809052,0.1448138309765936,0.2100816585723614,0.33589131270850653
0.000047462930572279906,0.00008613642955710055,0.0001388730190818559,0.000300598560291106,0.0005924076889947527,0.0009633217019855326,0.0017684336353967994,0.0027053870426199536,0.004373621157919718,0.006978808680442637,0.010362739841614442,0.014920939062870814,0.021305582168001193,0.030260255069304666,0.04244416513584068,0.06108654953284174,0.09278123983721971,0.14406933103636188,0.21578933490371172,0.34902481256537143
0.000034718545431820594,0.000048605963604548835,0.00011630712719659895,0.0002603890907386543,0.0004947392724034435,0.000940872581202338,0.0015710141807898815,0.002392107780252439,0.004147130251830969,0.006367381232195898,0.009478162902887017,0.013916928936345285,0.019898934314247975,0.02876778674480654,0.040487031755317565,0.05901805537955182,0.09050430423166993,0.14334419445162927,0.21774950916656394,0.360461826091334
0.00003267248924817163,0.000044709722129076955,0.00009457825834997051,0.00022182900594811276,0.0004642932682634917,0.0008150926265070188,0.0014633835973786348,0.0023713348775383524,0.003704028517924299,0.0060220556498472135,0.008998691380825374,0.013067276094571381,0.018587207172815114,0.027109568052496084,0.03829903581764623,0.05701005452866493,0.0889706274321659,0.14388448383485608,0.2206871884291239,0.3681518892437006
0.000020524538796509465,0.00004104907759301894,0.00008722928988516524,0.0001932727403337974,0.00043272569295974093,0.0006807305367508969,0.0012913355659470531,0.00220125678592564,0.003564428237660477,0.005644248169040104,0.00826112686559506,0.012494312992375136,0.01808724981442396,0.025597520635713383,0.03725203791566468,0.05560781711267629,0.08680511608337066,0.14208625095353583,0.22297174797234662,0.37668001901940584
0.00001703568806292302,0.00006984632105798439,0.00008688200912090742,0.00017546758704810715,0.0003815994126094758,0.0006848346601295051,0.0011618339258913492,0.0020510968427759307,0.003376473374071343,0.005131149244552412,0.00809195182988843,0.01185172818537554,0.017401955356275867,0.024614865682117473,0.03595381965679904,0.055084897351461576,0.0864816704514287,0.14213385621538566,0.22507380711853262,0.38017522908741525
0.00001867353400026143,0.00004753263200066544,0.00009676285800135464,0.00017654977600247177,0.0003004741380042067,0.0005873675240082231,0.001147573544016066,0.001923374002026927,0.0032356141640452994,0.005009599894070136,0.00766633450410733,0.011401041304159613,0.016200139542226804,0.02421448081633901,0.035128312642491784,0.05370508378475187,0.08559099188719829,0.14198506456798782,0.226287582609168,0.3852774462753937
0.00002368998607367248,0.00003045855352329319,0.00007445424194582775,0.00014383205830443993,0.00028935625847128517,0.0005905575099794066,0.0011371193315362785,0.0018528953393336677,0.00306277677095337,0.004868292138139694,0.0074488084783075875,0.010636803747078944,0.016093961253335634,0.023585073278203344,0.034639836065296366,0.051992750864261465,0.08484906940658274,0.1425815654681226,0.22762861547260685,0.38847008377794356
0.000015206838346239434,0.00004393086633358059,0.000060827353384957736,0.0001638959243983584,0.00026696449541175894,0.0005389979369389309,0.0010036513308518023,0.0018028551683819413,0.003004195397734856,0.004622878857256786,0.006898835663077291,0.010190271340685559,0.015490699328702567,0.02311439428628394,0.03365949185504841,0.05191614611406142,0.0851802601721076,0.14153004448845036,0.22956750062094586,0.3909289519615977
0.000010109604967185909,0.000026958946579162423,0.00007413710309269662,0.00010446591799425435,0.00025610999250204287,0.0005037953141980977,0.001014330365040986,0.0017000985686484301,0.0027717166951701368,0.004473500197979763,0.006645380331763534,0.010168577662827829,0.015418832509119703,0.02186707554402312,0.03362791598918272,0.05197853393878631,0.08419447510088542,0.14288073193539963,0.22948466288679775,0.39279859139504125
0.000021889575510616448,0.00003199245651551635,0.00006566872653184935,0.00011113169105389888,0.0002559396521241308,0.0005371365067605113,0.0009092592904409904,0.0015895199447709162,0.002670528212295205,0.004078196298977925,0.006546666891175134,0.010139924901917863,0.014583508730573005,0.021999023388169534,0.033001060802505505,0.05101113000724041,0.08406944046877371,0.1443903753220294,0.23082725757295125,0.3931603495596828
0.000018493953317899286,0.000025219027251680842,0.000052119322986807066,0.00011096371990739577,0.00022697124526512775,0.0004993367395832811,0.0008776221483584939,0.001513141635100851,0.0024529707173468244,0.003972837426381457,0.006504827762450215,0.010003547476500072,0.014405108366160102,0.022006123179816702,0.032880567730741495,0.05078103327398456,0.08369186383742809,0.14329283157556708,0.2305708410881842,0.3961135797736677
0.000015114720730343306,0.000021832374388273662,0.000040305921947582135,0.000114200112184816,0.00021328550363928876,0.0004332886609365078,0.0008850508694323249,0.0014946779388895057,0.0024989671607500933,0.00396173624476443,0.006368335667717979,0.009737238977170052,0.014338831732852352,0.021504888772449555,0.03242275538000087,0.05061752031250526,0.08386486767901705,0.14302556403099528,0.23129049485595674,0.3971510430836717
0.000013422886356810521,0.000023490051124418416,0.000050335823838039446,0.00013087314197890264,0.00021644404250356972,0.0004949689344073879,0.0008372525365060564,0.0013976580419028958,0.002488267558393751,0.003976530083205115,0.006146004090624619,0.009318838853215704,0.014088997092267241,0.021718230125319416,0.03229714243528071,0.05118482140010775,0.08356921259670774,0.14295541756082666,0.23205821505812943,0.39703387768730386
0.00001507669009695987,0.000021777441251164257,0.00005025563365653288,0.00014239096202684317,0.0002412270415513578,0.0004539758906973473,0.0008359187064869972,0.001365278047669144,0.002378766659742557,0.003859632664821727,0.006164691061868035,0.009240335841647851,0.013912434583916859,0.02106548644103003,0.03245508821538895,0.05140816285505606,0.08385152475592512,0.14268914545320532,0.23223463350241558,0.3976141975515456
0.000008375069094320028,0.000016750138188640053,0.0000519254283847842,0.00009045074621865634,0.00021942681027118478,0.0004589537863687376,0.000798981591598131,0.0013885864558382606,0.0023148690976700563,0.0036414800422103462,0.00616907589487613,0.009098675064069275,0.013989715415152182,0.021321250900319933,0.03247014287867875,0.050896969900001685,0.08453124738279093,0.14255540108205894,0.23196931374683835,0.3980084085693706
0.0000033484235621869225,0.000021764753154214996,0.00006027162411936459,0.0000937558597412338,0.0002209959551043368,0.00046208245158179545,0.0008588706437009457,0.0013109078245961807,0.0023857517880581823,0.0037217727893707644,0.005878157563419141,0.009169657925048886,0.01399808470172243,0.02156049931692159,0.03246296643540222,0.05088766708633575,0.08385289705606601,0.14348664648683399,0.23196204227049902,0.39760185904476186
0.000016727638910495423,0.000021745930583644054,0.00006021950007778353,0.00010203859735402212,0.0002090954863811929,0.0004332458477818312,0.0007761624454469874,0.0013081013628007425,0.0020792455165745817,0.0036834260880910926,0.005809508993615059,0.009094817275636359,0.014200092671119565,0.02145319690271039,0.03226761545834567,0.050567652426427655,0.08396438351123174,0.14407348117220603,0.23205249802195665,0.3978267451527485
0.000016710727284272866,0.00002339501819798201,0.00004846110912439133,0.00010694865461934635,0.0002105551637818381,0.0004361499821195218,0.0007369430732364335,0.0013736217827672297,0.002125604510559508,0.0036646624934410406,0.005902228876805177,0.009048858824433757,0.01421581570073093,0.021252702960138235,0.03201106918575309,0.05034106594387201,0.08412013007630118,0.14433723584517846,0.23195325006934955,0.3980745900023059
0.00002003027910524743,0.00002837622873243386,0.000055083267539430464,0.00009848220560079992,0.00021699469030684736,0.0004373277604645692,0.0006843678694292879,0.0012852762425867115,0.0022433912597877134,0.003532005882225298,0.0058688717778375,0.00906036291527359,0.014178099226664305,0.020836497839233643,0.03209017631653183,0.05075171968292068,0.08388180132299992,0.14382241154545286,0.23282528755969434,0.3980834361276129
0.000010010895190932799,0.000018353307850043463,0.0000400435807637312,0.00009510350431386157,0.0002269136243278101,0.0004321369757419325,0.0008075455454019128,0.0013364545079895282,0.002152342466050551,0.003587237443417586,0.005888074854800307,0.009146621239448935,0.014083661051110629,0.021176380293886517,0.031856336980079974,0.05098548920742072,0.08454868381755477,0.14464575613125621,0.2319190719232766,0.3970437826501175
0.00002001898467046249,0.000011677741057769785,0.00006672994890154163,0.0001167774105776978,0.00019184860309193208,0.0003653464702359403,0.0007507119251423431,0.0013396037241984475,0.0021787328316353344,0.003523341302001397,0.005930624208624513,0.009083614294222352,0.014126730182456361,0.021260161720031173,0.03227894453239822,0.050991690453113026,0.08445842807595869,0.14397486950124364,0.2317848092607823,0.39754533882965665
0.000015003876001300336,0.000021672265335211595,0.00005334711467129008,0.00012003100801040274,0.00020505297201777148,0.00042010852803640945,0.0006885111987263378,0.001300335920112696,0.0021855646041894156,0.0035359134443064457,0.006033225249856212,0.009190707599463194,0.014302028023906175,0.02128049746184431,0.03238336570280657,0.051171552651101536,0.0841867482432962,0.14406721736448583,0.2324533837908126,0.39638573298102014
0.0000083330000133328,0.00002666560004266496,0.000044998200071997115,0.00010999560017599304,0.00020332520032532024,0.0004116502006586402,0.0007949682012719488,0.0013299468021279151,0.0022415770035865237,0.0036431876058291004,0.005909763609455621,0.009226297614762074,0.01434942602295908,0.02111082223377731,0.03256703065210727,0.05151960588243136,0.08414996733463993,0.1442158980307455,0.23319733877311574,0.3949392024319026
0.000013333466668000012,0.000021666883335500017,0.000046667133338000044,0.00007166738334050007,0.00018333516668500027,0.0004216708833755004,0.0007616742834095009,0.0013950139501395012,0.002186688533552002,0.003751704183708504,0.005870058700587008,0.00928175948426151,0.01398680653473202,0.021405214052140523,0.032831994986616535,0.050487171538382045,0.08456417897512306,0.14413477468108016,0.23245732457324572,0.39612729460627955
0.0000066601729979936226,0.000016650432494984055,0.00004828625423545376,0.00011322294096589152,0.0002064653629378023,0.0004029404663786139,0.0007409442460267904,0.0013953062430796636,0.002191196916339902,0.0037396871383734197,0.005905908405970847,0.009334232456688064,0.014157862750484938,0.021489048178026413,0.03277138123662762,0.05128832721429938,0.08474903635621937,0.14370322269120941,0.23170741860019814,0.3960322019364452
0.000009990741912494421,0.000021646607477071246,0.0000516188332145545,0.00010323766642910901,0.0002197963220748772,0.00039463430554352943,0.0007809429928266472,0.0013271035507096758,0.0023228474946549527,0.003641625427104216,0.005816276916723837,0.009256422381926085,0.014125243940615028,0.021613305004029595,0.032436608742565216,0.05104936092554233,0.08453832781622367,0.14506224232211484,0.23222480501402026,0.3950039629942918
0.00001664040256461884,0.000019968483077542607,0.000044929086924470866,0.00009318625436186555,0.0002213173541094307,0.0004409706679623994,0.0007704506387418526,0.0012580144338851852,0.002244790305967082,0.0037257861342181605,0.005978896641467551,0.009406819569779035,0.014099413093001549,0.02122150539065842,0.032458769242545524,0.051067731430558774,0.08502912902468937,0.14465834757474455,0.23237490161361982,0.3948684326571227
0.000006654787870318149,0.000024955454513693057,0.00005656569689770426,0.00011146769682782905,0.00018467036340132873,0.0003843139995108732,0.0007819375747623827,0.0012993473316796188,0.002221035451718683,0.0036484874499019245,0.005931079689421051,0.009218544897358218,0.014307793921184024,0.021220454821476997,0.03232064098916766,0.051082151692562125,0.08520124910368324,0.14501947357300551,0.2330589897033795,0.3939201858016773
0.00001330490518591942,0.000018294244630639203,0.00003159914981655862,0.00008481877056023632,0.00022452027501239025,0.0004257569659494216,0.0007484009167079677,0.0012889126898859439,0.0022368871843827026,0.003743667696688076,0.0058026017742091075,0.009238593538472796,0.014121493741705222,0.021084948493385797,0.03275002411514066,0.05147834127747048,0.0859014572197405,0.14538602519283797,0.23101639496941526,0.3944039568788023
0.00001330079073200902,0.00003158937798852142,0.00005652836061103833,0.00009643073280706534,0.00020782485518764098,0.00037907253586225707,0.0006883159203814667,0.001301814892895383,0.002349252163041093,0.003744172591060539,0.0060202704050755845,0.009069476680388648,0.014103825972454064,0.0210950541009663,0.03233588486835543,0.05141254397573939,0.08552075920913495,0.14504678553139985,0.23230662312874503,0.39422047390717385
0.000006653315679869063,0.00003991989407921438,0.00003659323623927985,0.00008815643275826504,0.00019793614147610455,0.00039254562511227477,0.0007302013958656298,0.0013922063060126026,0.002245494041955809,0.0038905263438034346,0.00590814432372373,0.009203198914178881,0.013715810274050071,0.021195800427142867,0.03273264981603582,0.05163139300470389,0.08587268215115004,0.14503063851870585,0.2305956048196619,0.39509384501766437
0.000023278744677065613,0.000019953209723199097,0.00005154579178493099,0.00009311497870826241,0.0002078459346166572,0.0004306567765257139,0.0007948028539740975,0.0013933991456700702,0.0024342915862302886,0.0037112970085150325,0.006035845941267726,0.009133581750794387,0.014181743810763762,0.02126180772754557,0.03234249019382881,0.05208619121493432,0.08531992477639933,0.1448170706360252,0.23243992836797714,0.3932212295500385
0.000014952699626847075,0.000026582577114394797,0.000056487976368088934,0.00010466889738792949,0.00023758178295990348,0.0004452581666661129,0.0007808632027353471,0.0014038923538539758,0.0024140302842009776,0.0037730645391744117,0.005886379419768797,0.009167666282326903,0.013980774151102012,0.02151195052982399,0.03264340469647681,0.05136418462928933,0.08516227001917268,0.14469395146685984,0.23226360612595495,0.3940684301991366
0.000019916053833093508,0.00002821440959688247,0.000056428819193764936,0.0001327736922206234,0.00022903461908057533,0.0004530902247028778,0.0008547306436702638,0.0013576110029558748,0.002295325204264027,0.003696087657191605,0.0059482614114839275,0.009050186795988248,0.013934598998554428,0.021479464058991354,0.0329511110668532,0.0513186917144237,0.08511291572687787,0.14488763196460258,0.23252158817251942,0.3936723377629955
0.000016606992207999257,0.000016606992207999257,0.00004483887896159801,0.00008967775792319598,0.00019264110961279132,0.00044340669195358013,0.0007655823407887659,0.0013767196540431384,0.0022137120613262996,0.003847840094593427,0.00580248307747494,0.009515806535183576,0.014258763509788164,0.02159739336650303,0.03294827254067052,0.05179056589986648,0.08543135001561057,0.1446369379363488,0.23138356173483274,0.39362723281010237
0.000011611781645422635,0.00001990591139215309,0.000051423604429728814,0.00009621190506207321,0.00022394150316172207,0.0004147064873365226,0.00070002455062405,0.001322084281628834,0.0023737799335142554,0.0037953937721038563,0.006009926414480889,0.009621190506207326,0.014103338221340467,0.02146023130669038,0.032313929493261846,0.05175536961959804,0.08604661964448043,0.14451359905513275,0.23127185503188258,0.3938948569760266
0.000008300973372137617,0.00002656311479084037,0.00003818447751183304,0.00007304856567481103,0.0002390680331175632,0.00041338847393245306,0.000708903125980552,0.0013314761288908722,0.0023143113761519662,0.003821768140532159,0.006147700879405121,0.009491332953702152,0.014148179015471355,0.021253812222021152,0.0328735147483394,0.05162707379067271,0.08515968582475981,0.14507611162484915,0.23195575913231584,0.39329181739850816
0.00000829985724245543,0.000011619800139437602,0.000029879486072839547,0.00010955811560041167,0.00022741608844327878,0.00042993260515919126,0.0007569469805119352,0.0015288337040602902,0.0023438796852694134,0.003849473789050829,0.00608379535871983,0.009430297798877857,0.013935460310082665,0.021548089372862782,0.032945453338202584,0.051907307194316264,0.08494903887653135,0.14487732810995652,0.23183493243916212,0.39319245708973816
0.000009953203355556625,0.000013270937807408834,0.000039812813422226505,0.00011114410413704894,0.00025048895111484166,0.00043628208041856517,0.0008244570112852732,0.0014730740966223809,0.0024136518137224815,0.003744063328915218,0.006066477445211763,0.00954180428352695,0.014281187947997827,0.021653193900013436,0.03292187896572946,0.051735092174957406,0.08501196872703505,0.1450778921105933,0.23133235238984706,0.39306195371428665
0.000021573791494283775,0.000023233313916920984,0.00005310471752439082,0.00012280465927515388,0.00021573791494283783,0.0004995162492138013,0.0008198040767827834,0.0013857012229020738,0.0024511146182351635,0.0037720944666543863,0.006206613860663177,0.009245199416511914,0.014298445193442231,0.021902376933965944,0.03279548211615661,0.051219500052274956,0.08575748071220066,0.14500575024519446,0.23246258191817554,0.3917418845204726
0.00001326631632536304,0.0000331657908134076,0.00006135671300480407,0.00012271342600960803,0.0002852258009953053,0.0004643210713877064,0.0008175367435504973,0.0013647722919717235,0.0023066807510724995,0.0038190408121638853,0.006117430115533031,0.009327878666270889,0.014307722156904039,0.021735201009566673,0.032963479489445814,0.051664010639585686,0.08515814278204603,0.14496601335586398,0.23159671725002529,0.3928753248174638
0.000024876240702505037,0.000026534656749338706,0.00006136139373284572,0.00013101486769985973,0.00024544557493138305,0.0004693317412539283,0.0007877476222459928,0.0013814605670124458,0.002359926034644311,0.004010050001243813,0.006069802731411231,0.009262253621566045,0.014436511687687089,0.021527898703947855,0.032942776354304,0.05177077373400664,0.08374835194905347,0.1444364287668848,0.23235569707372491,0.3939517566771976
0.000014917629820673516,0.00003315028849038559,0.00006132803370721335,0.0001226560674144266,0.00019724421651779416,0.0004326112647995319,0.0007541690631562718,0.001417174832963984,0.0023719031414870893,0.0038421184360356896,0.005851025918553057,0.00921743771475171,0.014340814800940805,0.02197864126912565,0.03308564542782934,0.051235428376315444,0.08481501310265155,0.14392363499543356,0.23246971306767802,0.3938353723523279
0.000021551688409004624,0.000028182977150236816,0.0000513924877445495,0.00012433666389810366,0.00023209510594312692,0.00048408407810995006,0.0008156485151715598,0.0013295733926170547,0.002248006883277713,0.0036140523639715443,0.005933345601217504,0.009389904857584785,0.014689962384014614,0.021674367250717405,0.032907770378364766,0.05148532578692674,0.0859066878204777,0.14439962798470163,0.23131261387166158,0.3933514699080402
0.000013258423242015944,0.000036460663915543845,0.00007126402492583567,0.00013258423242015944,0.0002535673445035549,0.0003894661827342184,0.0007921907887104523,0.001344072656159366,0.0022937072208687585,0.0036692686322279127,0.005943088218233648,0.009461542286083629,0.01423788925901987,0.021829993867979246,0.03263892341603274,0.05130678334079121,0.08580188601070621,0.14524105470756893,0.2320406370672368,0.3925023616566401
0.000016559170054396876,0.000024838755081595314,0.00005961301219582875,0.00011425827337533848,0.00023182838076155635,0.0003907964132837663,0.0008213348346980845,0.001313142185313672,0.0023100042225883645,0.0037407165152882537,0.005911623709419685,0.009302941736560164,0.01449755338262446,0.02166105034815655,0.03256195199496602,0.05210011674214889,0.08525985477607863,0.14501030808335888,0.23191448844583912,0.39275701901820675
0.00002154243860404998,0.000024856659927749976,0.00004971331985549995,0.00009445530772544987,0.0001971961687601497,0.00045073410002319946,0.0008219268882775992,0.0013737447386736484,0.0021492725284194478,0.0037003281079110457,0.006205879428628243,0.009395817452689487,0.014607430484207734,0.021383355980512376,0.03303781526530344,0.05198521857289629,0.08497829185032973,0.14472044543134588,0.2313740761608061,0.3934278991151029
0.00002155268886372566,0.000034815882010633764,0.0000530527725876324,0.0000961581503150837,0.00022713218264080112,0.00041281688669751444,0.0007609757068038527,0.0014141879692890766,0.0023160851032788276,0.0038562734074635307,0.006014858092122821,0.009509709486333109,0.014367353976388202,0.021864373902678008,0.03236384917759913,0.0523431917542728,0.08597036007911493,0.14464341076274967,0.2313183779777941,0.39241146404099647
0.000009939468636006719,0.0000430710307560291,0.00005466707749803693,0.00009111179583006162,0.00023357751294615786,0.000415801104606281,0.0008150364281525512,0.0013799295622989323,0.002294360676811551,0.0037256441603965183,0.006104490320614127,0.009503788594128423,0.014738575409091964,0.021510666706424545,0.03316635026024843,0.05198010781010315,0.0860592326067582,0.14524214202175417,0.23021134623476372,0.39242016121818124
0.000014912883903198814,0.000028168780706042205,0.00006793647111457237,0.00010770416152310258,0.00019883845204265083,0.00042915965899205486,0.0007539291306617175,0.001378613267495712,0.0022551594435837314,0.00388894872453418,0.006137480219716489,0.009857416260014412,0.01444229956669787,0.02164190851774218,0.03368157678892468,0.05193163271223933,0.08627269036710551,0.14500459813920347,0.23021350278788083,0.3916935236659183
0.000018219763474343258,0.000016563421340312053,0.00004969026402093618,0.0001523834763308709,0.000225262530228244,0.00043064895484811345,0.0008116076456752906,0.0013598568920396201,0.002338755093252062,0.0038924040149733333,0.006216252029019112,0.009790638354258455,0.014574154437340576,0.021752741246231815,0.0333968264484712,0.05212011793155994,0.08601219067810646,0.14447775532513998,0.23012223804949156,0.39224169344419796
0.000013254030053513149,0.000021537798836958863,0.00006129988899749831,0.00012094302423830748,0.0002601103398001955,0.00044898026806275757,0.0008333471396146386,0.0013900164018621904,0.0024006361934425686,0.0037823688265213136,0.006332112858065906,0.009529647608475949,0.014778243509667159,0.021728325518978114,0.032676154343179976,0.05137924750244373,0.08583972564157787,0.1455557580476814,0.23005019963882775,0.39279809141967226
0.000016569239538182157,0.00003479540303018253,0.00004308002279927362,0.00011267082885963867,0.0002501955170265505,0.0004622817831152823,0.0007986373457403795,0.0013752468816691187,0.002362773558144774,0.003746305059582983,0.006059370899113212,0.009389788046287824,0.014710170861998119,0.021781922296894258,0.03251050489786721,0.051677801195636315,0.0859115070054745,0.14553591548362296,0.230794594451293,0.3924258692223061
0.000019871135685082243,0.000024838919606352807,0.00004139819934392135,0.0001308183099267914,0.00023348584429971623,0.0004090142095179427,0.0008577706904060501,0.0014456251210897332,0.0022570298282305907,0.0038218817634308178,0.005943125497813349,0.009423886098650254,0.014423132651422192,0.021613171913474456,0.0331251831870321,0.05221140901255359,0.08536474297513953,0.14508909720462795,0.23231179136632274,0.3912527260714267
0.00001656668671235759,0.000026506698739772135,0.000039760048109658203,0.00014081683705503947,0.00022530693928806314,0.00046386722794601273,0.0007819476128232783,0.0013336182803447862,0.0022580393988943397,0.003775547901746293,0.005970633891133672,0.009350237980454623,0.014442837475833348,0.021801759713462585,0.03330401029785246,0.05276324051018768,0.08563320361617635,0.14490383866697812,0.23119473974563506,0.3915735204706264
0.000019884668920262478,0.000023198780406972894,0.00004308344932723535,0.0001541061841320341,0.00023530191555643922,0.00043911977198912944,0.0006893351892357654,0.0013587857095512684,0.002445814277192283,0.0037913435407967095,0.005807980380459999,0.009400477232054087,0.014265592894544977,0.02186153642208524,0.033064890302909815,0.05167859746801885,0.08616855571021406,0.1461191754490621,0.2308262079936369,0.3916070126599059
0.000013250100617951566,0.000021531413504171297,0.0000579691902035381,0.00012090716813880808,0.000241814336277616,0.00040247180627027884,0.0007701620984184349,0.00140616692808011,0.0023071737701008165,0.0037050593852947073,0.006012233155395523,0.009366164874314516,0.014215701700484787,0.021432037749536663,0.033358784568270315,0.051927144321752196,0.08599646553566016,0.14561694952871043,0.2318701357638434,0.39115787660512535
0.00001821451398709088,0.000011591054355421468,0.00004967594723752057,0.0001142546786462973,0.00021029484330550364,0.00043218074096642873,0.0007749447769053204,0.0012634249247409392,0.002381133737585152,0.0038068334233019945,0.005896534937093694,0.009026119613057484,0.014311640399129683,0.021537834857280995,0.03307093394092537,0.052148153545041195,0.0861993595114536,0.14532367191355056,0.23271359829379676,0.39070960434763885
0.000004969108707534825,0.0000132509565534262,0.0000397528696602786,0.00010435128285823136,0.00018882613088632328,0.00038759047918771625,0.0007486790452685801,0.0013863813294022168,0.0023056664402961594,0.003910688552829908,0.006133536514667155,0.009439650174746992,0.014112268729398917,0.021652063008298413,0.033081013035628506,0.05177479999337449,0.08618256505391486,0.1457654911963957,0.2319579944677256,0.39081046163019884
0.000009939880290708367,0.0000215364072965348,0.00004307281459306959,0.00010271209633731981,0.00017726119851763257,0.00041747497220975116,0.0007222979677914743,0.0014810421633155465,0.0024071076770665434,0.0038666134330855553,0.006109713085355408,0.009268938371085554,0.014422766301817838,0.02183460370525605,0.0330119990921576,0.05187457859049184,0.0858673125379993,0.1453641226647494,0.23208626490774958,0.3909106421328332
0.000009941049576014237,0.00002319578234403322,0.000056332614264080677,0.00010603786214415186,0.00019385046673227747,0.0004175240821925978,0.0007256966190490389,0.0014099721981980196,0.002435557146123487,0.003900205116989585,0.005956345537628529,0.00922529400654121,0.014480795549060737,0.021649949134963,0.03287836463107108,0.0520297966392625,0.08630984926055159,0.14514098065140382,0.23112111843435104,0.39192919321755304
0.000011588118536519957,0.000024831682578257042,0.00003310891010434273,0.00012084752188085094,0.00021686336118344494,0.0004039287032729814,0.0008161346340720482,0.0013144237311424063,0.002276237569673563,0.003737995950780294,0.006082106786167758,0.009220831464059448,0.01421862144430998,0.021426431174025394,0.03334398336608356,0.052004165100891134,0.08590106726571722,0.14553849159116455,0.2314130717287983,0.39189526989555806
0.000008276213665352955,0.0000049657281992117736,0.00006455446658975307,0.00011255650584880022,0.00026318359455822395,0.00037574010040702406,0.0008243108810691543,0.001274536904464355,0.0023868600210877923,0.003836852655257631,0.006058188403038363,0.009312395616255145,0.01419370643608032,0.021577744268308236,0.03269932019180954,0.052337119976959015,0.0859004768754314,0.1449313984649279,0.23191274884505436,0.39192506385098846
0.000006620565462496152,0.000026482261849984605,0.00003806825140935287,0.00011917017832493072,0.0002466160634779819,0.0004270264723310023,0.0007580547454558099,0.00129928597201487,0.002328783901433022,0.003932615884722714,0.005946922926687166,0.009368100129432056,0.01427228399577608,0.021889244560377902,0.0326443531542029,0.05201612769746665,0.08544667300034095,0.1444723243812254,0.23274928911678344,0.39201195674122524
0.00000992321088642389,0.000014884816329635835,0.00005788539683747269,0.00012569400456136927,0.00026131122000916244,0.0003870052245705317,0.0007872413969896282,0.001422326893720757,0.0022988771886882004,0.003979207565455979,0.005935733978562557,0.009471704791091605,0.014398578996201067,0.02142255843530811,0.03278794263722558,0.05181073790650021,0.08610866246694332,0.14457787487823393,0.23221801955864876,0.3919238294332358
0.000009930716699824227,0.000021516552849619158,0.00006951501689876959,0.0001108930031480372,0.00024992303694557636,0.0003839877123932037,0.0007514242302867002,0.001330716037776447,0.0023436491411585178,0.0038647039156815954,0.006042841111843043,0.009563280181930733,0.014440917200994398,0.021498346535669486,0.032915360501567396,0.05143283690783964,0.08537768170728882,0.14604774026541498,0.23156610712595121,0.39197862909766207
0.000021523606429266806,0.000016556620330205235,0.00006125949522175937,0.00012914163857560086,0.0002168917263256886,0.00044537308688252076,0.0007516705629913177,0.0014371146446618144,0.002397398623813718,0.0039040510738623945,0.006228600568223211,0.009488599111240625,0.014549957946184362,0.02160804519295085,0.03261323072643828,0.051361947588362676,0.08599011900898697,0.14566017867904657,0.23208076981661885,0.39103757028285335
0.00001986837203526636,0.00003642534873132165,0.00006291651144501013,0.00010099755784593729,0.00023676476675359064,0.00041061302206217164,0.0007583095326793328,0.0013990645308166727,0.0024438097603377623,0.003925659174634713,0.00608800033113953,0.009612980669729704,0.014869820770727266,0.021689639471832445,0.032736454323440536,0.051662734384701335,0.08602673951736413,0.14568318225092095,0.23069497909681688,0.39154104060598544
0.000018192793999685754,0.00003142391690854813,0.000044655039817410496,0.00014388846163387832,0.00022327519908705266,0.00043662705599245815,0.0008352146336219371,0.0014058068090666267,0.0022955998246876217,0.003800640055570716,0.006264936697346333,0.009585948547470788,0.01451454183102202,0.022310981005069175,0.03223432318671595,0.0516939972049253,0.08558551853597629,0.14518841945967403,0.2322574776518065,0.3911285320896077
0.000023177733482553793,0.00001986662869933182,0.00007118875283927235,0.00012085532458760185,0.00025329951591648067,0.000448654698126577,0.0007615541001410528,0.0013923195613448375,0.0024171064917520376,0.004003125682915361,0.006125543848960642,0.009479692994364498,0.014315561530260182,0.02177216950207606,0.0327335818869324,0.05146284609322745,0.08554239207453959,0.14517373366797567,0.23075917010469713,0.3931241598071614
0.000019857587998073815,0.000028131582997271236,0.00006288236199390042,0.00013569351798683774,0.00021843346797881195,0.0004600341219553771,0.0007926487209231134,0.001368518772867254,0.0023829105597688587,0.0039847559916134775,0.006121101500406252,0.009420770706086188,0.014644971148579431,0.021942634737871565,0.03235463004486161,0.051876293845967994,0.08501033421975401,0.144525180248981,0.23031823439565918,0.3943319824657499
0.000014892919905876746,0.000024821533176461245,0.000046333528596060984,0.00012576243476073698,0.0002151199541959975,0.00046002574820374817,0.0007760866039840215,0.0013387080226504764,0.00242754594465791,0.0038523019489867844,0.006390717408499553,0.009452039833596444,0.014403108317861247,0.02181978243098786,0.03277931671283472,0.051580800709564896,0.08473244042004653,0.1441982148353339,0.23087500868753663,0.39448697200462024
0.00001324137200476027,0.00002151722950773544,0.00007117237452558646,0.00014234474905117303,0.00024993089658985036,0.00048331007817375,0.0008275857502975173,0.0014267578335129198,0.0025208261954062384,0.004008825374441174,0.0060215139191647366,0.00959006367444763,0.014289095564636931,0.021484126077723535,0.03271943022376265,0.05099086841883123,0.08522312539413768,0.14494502347860772,0.2316478721942774,0.3933233692008999
0.000014896346257293004,0.000021516944593867675,0.00006620598336574667,0.00010923987255348198,0.0002499275872056936,0.00054619936276741,0.0009268837671204536,0.0014283940911159858,0.002502586171225224,0.0038498779327181707,0.0062415690818057685,0.0092258037820168,0.014053875118963877,0.021601357222658994,0.03287623618984567,0.05122687962924648,0.08480489924276904,0.14457897132453354,0.2314130839574627,0.3942615963917738
0.000019856372240791608,0.00002812986067445478,0.000051295628288711655,0.00012906641956514535,0.0002862626998047454,0.0005063374921401856,0.0008968461462090873,0.001452824568951252,0.002503557600026475,0.003961346262037925,0.006085978091802629,0.009458251977363734,0.014380977595393318,0.021517688718271165,0.03288546182612437,0.05165304298904591,0.08464936956018136,0.14442035940033754,0.2314475295363537,0.3936658172551876
0.000023175776678215924,0.000029797427157706192,0.0000579394416955398,0.00010925723291158934,0.00023506859202190452,0.0004900021354822797,0.0008541929118542444,0.0014352427414295152,0.0024384227890722906,0.003903462957659512,0.006075364314932319,0.009430885695414011,0.014042865254378981,0.02162465505339534,0.03343436868356623,0.051523062380913726,0.08444756397755922,0.145817020621475,0.23077279627333516,0.39325485573906727
0.000006621782020868546,0.000034764355609559867,0.00007780593874520541,0.00012581385839650235,0.00025659405330865617,0.00046683563247123264,0.0008674534447337798,0.001470035608632818,0.002455025684237013,0.003916784065343746,0.00623771866365817,0.009353267104476823,0.01422855411734128,0.021793940076183606,0.03291191208922189,0.051631689862217264,0.08561633063881986,0.14516767179799597,0.23133692123555832,0.3920442599910274
0.00001653004583781711,0.00003801910542697935,0.00006281417418370502,0.00016034144462682596,0.0003058058479996165,0.0004925953659669499,0.0007818711681287493,0.0015273762354143007,0.0025423210498562703,0.003868030726049203,0.006296294459624534,0.009352699935036922,0.014048885957560755,0.021186559750330188,0.03300884853353699,0.052429999388388306,0.0850768399180771,0.14542307825819603,0.23136113356442334,0.3920199550713354
0.000021503739996625565,0.000023157873842519837,0.00006285708614398245,0.00010421043229133926,0.000307668895336335,0.00044165373685377127,0.0008055631829505113,0.0014424047136198073,0.0025225541149887687,0.004003003907064145,0.006085558419045035,0.009463299732361144,0.014167656390084458,0.02132343940742309,0.03324147376709133,0.05216972736565952,0.08556503558041902,0.14546949280948024,0.2312809943329374,0.39149874451241107
0.000018219220283623573,0.000031469562308077074,0.00006293912461615415,0.00011428419996091144,0.00024016244919321963,0.0004223546520294555,0.0008314589620344573,0.0014591939154429423,0.002466219909301409,0.003937007874015747,0.006022280450114118,0.009621404602506304,0.014217616992238611,0.021579838279575596,0.03273662626416545,0.05187177644022936,0.08555083328088407,0.14541256596185892,0.23201680143368703,0.3913869464255547
0.00001158146568411718,0.000026471921563696412,0.00008272475488655123,0.0001125056666457097,0.00026306472053923307,0.0004103147842372942,0.0007362503184903063,0.001462573666394227,0.0024089448622963733,0.004050203999245551,0.0059859632635908475,0.00962088899330591,0.014410652301237229,0.02158123405480349,0.032712677072337826,0.05159873861293749,0.0849980311508337,0.1462160042619794,0.2306945239521255,0.39261665017686553
0.00002151658846214322,0.000011585855325769426,0.00005958439881824275,0.00009434196479555098,0.0002631644281139053,0.0004485381133262161,0.0008060445062356724,0.0014151294719332652,0.0025058549947449874,0.0038266425018827002,0.006317601396923127,0.009488815511805162,0.0144359757359087,0.021308043066279366,0.03264066469707126,0.051732499151749864,0.0859058069962015,0.14583447122983856,0.2313182220677441,0.39156549732283963
0.000014894423362399525,0.00002978884672479905,0.0000728171808828421,0.0001373596821199067,0.00023334596601092594,0.0004054593026430983,0.0009217993125396151,0.0014745479128775532,0.0024443403673626777,0.0039122685365236085,0.006278826915215978,0.009375212038665927,0.014154667002067012,0.02161180829884171,0.03293157005426535,0.05174984650469257,0.08540958836778634,0.14602161677310657,0.2319889185490184,0.39083132396529274
0.000014898047693616684,0.00001986406359148891,0.00005628151350921857,0.00011752904291630941,0.000240024101730491,0.0004618394785021172,0.0009187129411063621,0.0015063581556879091,0.0023075420538779625,0.003914875866155939,0.006184345131483549,0.009218580845083476,0.014257431642791167,0.021476363419664763,0.0331680201818886,0.05185017198968393,0.08638881255938524,0.1452261689173754,0.23307995616663302,0.3895922238812393
0.000013239027328662164,0.000028132933073407094,0.00006619513664331084,0.0000926731913006352,0.00023830249191591896,0.0004799147406640034,0.0008506075058665442,0.0013983722615899404,0.002477352988875907,0.00397832771226298,0.006020447677709119,0.009307036212049504,0.014145900700675522,0.02165242919602697,0.03320182566186862,0.051863889560034036,0.08645084845616394,0.14520234198393447,0.2317938551054655,0.3907383074565512
0.000014882896410080022,0.000028112137663484478,0.00004464868923024007,0.00010748758518391121,0.00020009227395774242,0.00041672109948224037,0.0008218666128677518,0.0014386799863077338,0.0024275657699997185,0.003894357893970937,0.006116870424542887,0.009306771221770038,0.014037878625018806,0.021497517036782262,0.03308798602992125,0.052164551917330465,0.08627449683407723,0.14538936137491507,0.2311727226274596,0.3915574289631087
0.000004963214309939498,0.000018198452469778158,0.000044668928789455475,0.00011746273866856808,0.0001968741676276002,0.0003920939304852203,0.0008272023849899164,0.0014244425069526356,0.0022963138207320087,0.0038845423999126468,0.006081591934445865,0.009201799330627826,0.014330454117565315,0.02161976153409647,0.03273736158836093,0.05190529525334728,0.0864476124457562,0.1462080215469677,0.2303527025529119,0.3919086371509824
0.000013237997686659903,0.00003805924334914722,0.00005791623987913707,0.00010921348091494418,0.00023001020980571583,0.0003656996860939801,0.0008157916074404163,0.0013800612588342946,0.0022355668593346907,0.003772829340698073,0.005947170460731965,0.009172277647144483,0.01420437151778608,0.02154649598474983,0.0330056377322648,0.0517340949594669,0.08559358354252125,0.14587942500757045,0.23192144572172738,0.3919771115019999
0.000008272598671420653,0.000018199717077125438,0.00004963559202852391,0.00009430762485419543,0.00022005112465978943,0.00041528445330531655,0.0007809333145821099,0.0013715968597215445,0.0022915098319835213,0.0037524507573564077,0.006034033470934225,0.009377817853922454,0.014240451352983513,0.021563355696925076,0.032728054863874395,0.05120738577609385,0.0858662651698778,0.14599813039270024,0.23258245712725742,0.391399806421191
0.000016609640235192505,0.000021592532305750255,0.00005315084875261601,0.00009135302129355877,0.0002109424309869448,0.00040859714978573586,0.0007690263428894135,0.0013105006145566894,0.0023004351725741633,0.0037056107364714474,0.006039265189515994,0.009384446732883764,0.014089957811513806,0.021486230608245022,0.03304654021193901,0.05203135900076402,0.08636348536690694,0.14520479686409993,0.23160482343952435,0.39186127628475564
0,0,0.0000034502627375074613,0.000008625656843768652,0.00002760210190005969,0.00008798169980644026,0.00021391628972546262,0.0003433011423819924,0.0008297881883705442,0.001525016129978298,0.0031535401420818196,0.005510069591799416,0.009809096962733715,0.0162076092094413,0.027469266784665627,0.04744801316620261,0.08357398915927447,0.14764881845752556,0.24161327385080378,0.4145266412037276
0.000001832942000216287,0,0,0.000003665884000432574,0.000021995304002595445,0.00003665884000432574,0.00010814357801276094,0.00022178598202617073,0.000428908428050611,0.0010136169261196067,0.0019869091282344545,0.0037373687384410093,0.006756224212797236,0.012572149179483513,0.02340300345876156,0.0425187555790172,0.08086940104954257,0.14862043620353724,0.24818034682928533,0.4295187977366833
0,0,0.0000018444773581181904,0,0.000012911341506827333,0.000022133728297418287,0.00005533432074354569,0.00014202475657510067,0.0002766716037177285,0.0008207924243625944,0.001541983071386808,0.0029585416824215766,0.005983484549735409,0.011384114254305472,0.021401470786245366,0.041242513727522745,0.0792737923745617,0.14851362792096046,0.25089687711538494,0.4354718818649143
0,0,0.0000018577933502144823,0,0.0000018577933502144823,0.000022293520202573788,0.00004644483375536205,0.00010403642761201098,0.00031210928283603294,0.0007282549932840769,0.0015679775875810237,0.002877721899482235,0.005567806670592804,0.01087738006550579,0.02097820251062193,0.04089003163822075,0.0793649319211627,0.14898202213375,0.2503097870411483,0.4373672838875442
0,0,0,0,0.0000018634153795124933,0.000014907323036099944,0.00004844879986732483,0.00012298541504782455,0.00034845867596883636,0.0007118246749737727,0.001388244457736808,0.002880840176726315,0.005815719399458491,0.010906570216286623,0.020937335204202368,0.04011560629014497,0.07912993409099804,0.14961734765181708,0.2519784812791975,0.4359814329291585
0,0,0,0,0,0.0000074600282362068735,0.000035435134121982646,0.00013801052236982718,0.0003021311435663785,0.0006714025412586189,0.0014789505978280127,0.003004526372132319,0.005856122165422398,0.010902831267216346,0.020722093433123638,0.040446408089654606,0.07915462960027302,0.14876974809349652,0.25232799506146136,0.4361822559498387
0,0,0,0,0.000005614570934489186,0.00001497218915863783,0.000037430472896594577,0.00013100665513808102,0.0002975722595279268,0.0005595855698040888,0.0013175526459601292,0.0028727887948136327,0.005951445190558538,0.0116464916417754,0.02115944632844491,0.04108743009859187,0.07891279448424551,0.14771187519183115,0.25202498858370576,0.43626900532261326
0,0,0,0,0.0000018723366011848147,0.000013106356208293703,0.0000374467320236963,0.00012170187907701298,0.0002902121731836464,0.0006740411764265331,0.001456677875721786,0.002952674820068453,0.006174966110707521,0.011509253087483058,0.021131190880971817,0.04070834238296024,0.07896392381836839,0.14790335747399325,0.2518929323037979,0.4361683005924073
0,0,0,0,0.000001865354949066483,0.000018653549490664832,0.0000335763890831967,0.00011378665189305547,0.0002742071775127731,0.0005614718396690115,0.0013878240821054634,0.0030144135976914363,0.005782600342106098,0.011192129694398896,0.021712731607133866,0.04152466652116897,0.07947717831487565,0.14957348659089598,0.2512726384140006,0.43405876987302533
0,0,0,0,0.000005602554764972828,0.00001494014603992754,0.00003735036509981885,0.00012325620482940222,0.0002726576652286775,0.0006760416083067213,0.0013707583991633522,0.002857302930136142,0.005679123013427456,0.01140866901973967,0.021892916503258808,0.0419407249705866,0.08030702000112049,0.1507012531047491,0.24977122901376356,0.43294115449978543
0,0,0.0000018646871148255678,0,0.000005594061344476703,0.00000932343557412784,0.000039158429411336926,0.00010255779131540623,0.00022189776666424246,0.000581782379825577,0.0013481687840188857,0.0026646378870857374,0.005737642252318275,0.011251522050857473,0.0214271196364606,0.04213633473371335,0.0811866122923904,0.14993203215466464,0.25142881650173504,0.4319249351555055
0,0,0,0,0,0.000007452467232433137,0.00003167298573784083,0.00008197713955676453,0.0002328896010135355,0.0005514825752000519,0.0012445620278163333,0.0026363102834732204,0.005455206014141055,0.010923453845938874,0.021699721464037185,0.04186796091180935,0.08036368040094276,0.15047835524048184,0.2503935834257129,0.434031691616906
0,0,0,0,0.0000018568378052177143,0.000007427351220870857,0.000025995729273048,0.0000854145390400149,0.00022282053662612568,0.0005849039086435801,0.0011011048184941046,0.002529013090706527,0.005180577476557422,0.010801225512951443,0.02128864543682109,0.04096926933432365,0.07997586110853216,0.1497242595859252,0.2522309906229691,0.4352706341101103
0,0,0,0.0000018547645190966555,0.000003709529038193311,0.000012983351633676587,0.00003338576134373981,0.0000760453452829629,0.0002337003294061787,0.0005100602427515805,0.00102568477906045,0.002359260468290946,0.005104311956553996,0.010063952280618453,0.020372733477757664,0.04057853814879663,0.08048194201264207,0.15018584740481347,0.252283215123008,0.4366727750244829
0,0,0.0000018554700183877079,0,0.0000018554700183877079,0.0000037109400367754158,0.000011132820110326246,0.00006123051060679436,0.00023193375229846344,0.0003952151139165818,0.0008405279183296316,0.002211720261918148,0.004852054098083857,0.009850690327620341,0.01981641979638072,0.04041028153046589,0.07970357010986237,0.15101113838652044,0.25367614997393056,0.43692051351988226
0,0,0,0,0.0000037131033560884683,0.0000018565516780442342,0.000012995861746309639,0.00004084413691697315,0.00011696275571678675,0.0003304661986918737,0.0008001737732370649,0.0021368909814289136,0.004509564025969443,0.009529679763401057,0.019367547105357444,0.040433838996125376,0.07947155113036149,0.15180280450696487,0.2536476599094374,0.43779345119961105
0,0,0.0000018537742844431262,0.0000018537742844431262,0,0.000005561322853329378,0.00001483019427554501,0.000025952839982203763,0.00014088684561767764,0.0003373869197686489,0.0007044342280883878,0.0018055761530476042,0.004308171437045826,0.009076078896633548,0.01997627168915913,0.040078600029660384,0.07938788373127686,0.15015386326560876,0.2541209402343171,0.43985985466409616
0,0,0,0,0,0.00000554817853298762,0.00001109635706597524,0.00004993360679688857,0.0001054153921267648,0.00027555953380505174,0.0007564016733306457,0.0017291823094478084,0.004072363043212916,0.009119356115387318,0.01945376332949892,0.03961029593984294,0.07948690444926933,0.14978047706937817,0.25524950158862847,0.44029420141367603
0,0,0,0,0,0.000005538621732443954,0.000016615865197331862,0.0000480013883478476,0.00007015587527762343,0.00020862141858872237,0.0006000173543480948,0.0016708175559539261,0.004015500756021867,0.008937489268920394,0.019298404323078888,0.03975253438099441,0.07869642998905198,0.14982156406985306,0.2533993290882875,0.44345898004434586
0,0,0,0.0000018444365338610881,0.0000036888730677221762,0.000005533309601583265,0.0000018444365338610881,0.000025822111474055235,0.0000756218978883046,0.0001936658360554143,0.000651086096452964,0.0015437933788417307,0.004039316009155782,0.008982405919903498,0.019045651648649596,0.03931600915578294,0.0787611288689362,0.15014820047549574,0.2554765931781671,0.44172779436745974
0,0,0,0,0,0.0000018448176305531317,0.0000036896352611062634,0.00003136189971940324,0.00006825825233046588,0.00022506775092748227,0.0005995657299297678,0.0016677151380200313,0.0040383057932808055,0.00904698566023256,0.018678778509350458,0.038689515347960286,0.0778383902859283,0.15139680366897326,0.25659937386889614,0.44111434364155927
0,0,0,0,0,0,0.0000073720352899329326,0.000020273097047315565,0.00009767946759161136,0.00021563203223053828,0.0006468960966916147,0.001638434843187594,0.0038334583507651245,0.00854971792749972,0.018745242733476965,0.038920660313200926,0.07813804504682165,0.1515137552963466,0.2560971339369801,0.4415756988228702
0,0,0,0,0,0,0.000003682793619928333,0.000020255364909605833,0.00009575263411813666,0.0002577955533949831,0.000644488883487458,0.001517310971410473,0.00377854625404647,0.008405976437486421,0.018651508288127037,0.039087330085109354,0.07856871908755107,0.1500996195674191,0.254725944912773,0.44414306916654706
0,0,0,0,0.000003678972830785645,0.000003678972830785645,0.000003678972830785645,0.000025752809815499513,0.00007173997020032005,0.00021705939701635314,0.0005831171936795249,0.0014587127274065079,0.003750712800985964,0.00843404521457609,0.01855673895848279,0.03902470430255873,0.0786821919320126,0.1504571123742251,0.25532807240218514,0.4433990029983628
0,0,0,0,0,0,0.000011037466680647458,0.000023914511141402823,0.0000772622667645322,0.00021339102249251754,0.000566589956273236,0.0014955767352277302,0.003699390915797004,0.00854851794416145,0.018563179379068907,0.03846189222649618,0.07859963981067065,0.15131814945833633,0.2562531847690318,0.4421682735378577
0,0,0,0,0,0.000003672082989075553,0,0.000009180207472688882,0.000089966033232351,0.00026438997521343975,0.0006224180666483061,0.0015496190213898837,0.003780409437253283,0.008313595887267053,0.018567887634260538,0.03876434407417607,0.07889653906178282,0.1503350775727532,0.25532911043789586,0.44347379050766544
0,0,0,0,0,0,0.000009181825861163448,0.000018363651722326896,0.00007896370240600567,0.00024974566342364583,0.0006170186978701838,0.00143420119951373,0.0035533666082702515,0.008581334449843358,0.018675833801606454,0.038451650341380296,0.07746339206029154,0.149788634368676,0.2568230147974305,0.44425529883170445
0,0,0,0,0.000003664352627982096,0,0.000007328705255964192,0.000025650468395874672,0.00011542710778143604,0.00020703592348098846,0.0005643103047092426,0.0014620766985648564,0.0035928977517364464,0.008426178868044828,0.018378560605644197,0.03867174545940905,0.07689460772189032,0.1491757954851511,0.25723755448434316,0.44523716606296454
0,0,0,0,0,0.0000036692871492390814,0.0000036692871492390814,0.000009173217873097703,0.00007888967370864026,0.00022933044682744264,0.000515534844468091,0.0014823920082925892,0.0037701925458431566,0.008268738590810268,0.018524396172933506,0.03832020034307835,0.07807142267435994,0.15036188344509369,0.2562685184335813,0.44409198902883146
0,0,0,0,0,0,0,0.000018299735019836915,0.00009149867509918455,0.0002397265287598635,0.0007008798512597539,0.0015261979006543987,0.0035977279048999373,0.00847277731418449,0.017973999736483812,0.038292195529008755,0.07753963722605298,0.15128390940899175,0.25620910009223063,0.44405405009735466
0,0,0,0,0,0,0.000005483819077840984,0.000023763216003977592,0.00011881608001988796,0.0002869865317403448,0.000563005425325008,0.001550092859336385,0.0037673837064767543,0.008209277159527953,0.018209935217817306,0.03852382902183293,0.07881527572642325,0.15124921398593216,0.25525715455595693,0.44341978269452953
0,0,0,0,0,0.0000036560598277630214,0.000010968179483289063,0.00003838862819151172,0.0000712931666413789,0.00023947191871847778,0.0006251862305474766,0.0014459716618802744,0.0037182128448349943,0.008370548975663437,0.018068247668804854,0.03848551377694744,0.07820494774576492,0.1510135511857516,0.25717090434467865,0.44253313761226387
0,0,0,0,0,0,0.000018248108583545318,0.000020072919441899847,0.00007846686690924485,0.0002481742767362163,0.0006021875832569954,0.0014908704712756524,0.0037244389619015992,0.008096685778519052,0.01771708862376415,0.03814767099390147,0.0782113933890752,0.15036988916098848,0.2565410345217718,0.4447337783438746
0,0,0,0,0,0.000007305148851539286,0.000009131436064424108,0.0000584411908123143,0.00008948807343135626,0.00023924362488791156,0.000566149035994295,0.0014665086319465119,0.0035466497674223225,0.008061231757673603,0.01776977458136931,0.037774924711309665,0.07807195206361324,0.15142843054355787,0.25749919186790826,0.44341157756515737
0,0,0,0,0.000001821337699686912,0,0.00001821337699686912,0.00003278407859436442,0.00008560287188528485,0.0002349525632596116,0.0006101481293951155,0.0014679981859476506,0.0036117126584791466,0.007835394784053096,0.017987531122107946,0.037871074789589954,0.07827016630634535,0.151588115407242,0.25720384593668666,0.4431806384517173
0,0,0,0,0,0,0.0000036383614275474896,0.000038202794989248644,0.00013643855353303084,0.00021284414351152806,0.0005421158527045761,0.0013898540653231406,0.0036438189696888115,0.00831729422337356,0.017540540442206442,0.03723862921094855,0.07817201445157157,0.1502461351505736,0.2568010070984432,0.44571746668170537
0,0,0,0,0,0.000001819660706064747,0.000007278642824258989,0.00001819660706064747,0.00006186846400620139,0.0002383755524944818,0.0006623564970075678,0.0016140390462794313,0.0035265024483534823,0.008288554516124922,0.017763527812604058,0.03764878000847961,0.07747933320353086,0.15150495038695083,0.25686148560739364,0.444322931546184
0,0,0,0,0,0,0.0000072725685985033056,0.00003090841654363905,0.00008545268103241383,0.00024726733234911244,0.0006472586052667947,0.0013890606023141314,0.0035562860446681165,0.00812164098237857,0.01777233951259245,0.037695541188192246,0.07668196330261884,0.15034762877900845,0.25649804004276255,0.446919339941674
0,0,0,0,0,0.000005454942177612917,0.000005454942177612917,0.00002181976871045167,0.00007636919048658084,0.000201832860571678,0.0005854971270637863,0.001454651247363445,0.0034620699687249977,0.008342424903629358,0.017997672558004222,0.037168157684195194,0.07681104080296747,0.14908175140010183,0.2570168739544695,0.44776892864935625
0,0,0,0,0.0000036383084776225837,0.0000036383084776225837,0.000016372388149301625,0.000027287313582169378,0.0000800427865076968,0.0002182985086573551,0.0006203315954346504,0.0014953447843028822,0.003523701760577473,0.007846012231993103,0.017693094126678632,0.03770560990784164,0.07636991409953683,0.1492707010656606,0.25715018573564785,0.4479758270784748
0,0,0,0,0,0,0,0.000012719733394388054,0.00006541577174256715,0.00016717363889767165,0.0005723880027474622,0.0013755483113645365,0.0034779385309798194,0.007871697866355578,0.017704051780217552,0.03781395027674504,0.07711065804632164,0.14911525168718176,0.25711123951984827,0.4476019668342037
0,0,0,0,0,0,0.000005440775346758749,0.000018135917822529162,0.00004715338633857583,0.00017591840287853292,0.0004642794962567467,0.0013801433462944691,0.003512927282223899,0.008066856247460973,0.017501160698740647,0.037454297487087215,0.07720641576228891,0.15034313156520218,0.2567247983285939,0.4470993413034647
0,0,0,0,0.0000036213580454806356,0.0000036213580454806356,0,0.0000199174692501435,0.00005432037068220954,0.00014123296377374482,0.0004888833361398856,0.0013996548845782652,0.0035434988475028005,0.007858346958692981,0.017101863369782304,0.03765307027788491,0.07804026588010768,0.1500057036389216,0.2568882756722598,0.4467977236143326
0,0,0,0,0,0.0000036276111998868184,0.000009069027999717046,0.00001632425039949068,0.000047158945598528635,0.0001795667543943975,0.0005513969023827964,0.0015707556495509925,0.0033519127486954206,0.00793721330535236,0.017370816230658035,0.03813344893321023,0.07729895325278825,0.15005795108891823,0.255316717664834,0.4481550876340174
0,0,0,0,0,0,0.000005437777326643659,0.000018125924422145528,0.00004712740349757836,0.0001776340593370261,0.0005999680983730166,0.0014301354369072813,0.003302543429714913,0.007815898610829148,0.01727581856674691,0.03796656129462604,0.07736507061860154,0.1502077230938778,0.25637307502682644,0.44741488065891366
0,0,0,0,0,0,0.0000018117845715673024,0.000012682492000971117,0.00004348282971761525,0.0001576252577263552,0.0004819346960369024,0.0013823916281058516,0.003188740845958452,0.00796279319203829,0.017608734251062613,0.03708723017998267,0.07772193455109411,0.15007011606291967,0.25666464954651036,0.44761587268227465
0,0,0,0,0,0,0.0000018103708906843746,0.000019914079797528122,0.00005069038493916247,0.00019370968530322812,0.0005503527507680498,0.0014428655998754466,0.003347375776875408,0.007556488097716578,0.017464647982432163,0.03780959605194317,0.07745309781614959,0.15017388612405022,0.25674317897507665,0.44719238630418207
0,0,0,0,0.00000542327779294287,0.000012654314850200029,0.000009038796321571449,0.000016269833378828606,0.000036155185286285794,0.0001771604079028004,0.0005188269088582011,0.0013901668742576886,0.0034962064171838374,0.007820366577423615,0.017296640640959128,0.03778759190196161,0.07737571203118022,0.15091174338495691,0.2569910570149194,0.44615498643276685
0,0,0,0,0.0000018086191554471992,0,0.000012660334088130395,0.000021703429865366388,0.0000687275279069936,0.00017543605807837835,0.0005281167933905823,0.0012877368386784054,0.0033459454375773185,0.007849407134640846,0.017617759193211166,0.03814377798838143,0.07729857408465786,0.15148813184110196,0.25797781909467765,0.4441823956245886
0,0,0,0,0.0000036190186668982837,0,0,0.000009047546667245708,0.00004523773333622854,0.00019723651734595643,0.00048132948269747147,0.0012340853654123146,0.003441686752220268,0.007742890437828877,0.017277195115772404,0.03772465058374771,0.07848927684769,0.15152650207369772,0.25774650945649585,0.44408073306842116
0,0,0,0,0,0.00000181114469778334,0.00000181114469778334,0.00001448915758226672,0.00007063464321355024,0.00016662531219606734,0.0005071205153793352,0.0012225226710037551,0.003403140887134895,0.007749888161814911,0.01754455868742722,0.03793804798446762,0.07823963979954253,0.15084480844428103,0.25771683477108037,0.44457806667548083
0,0,0,0,0,0.0000018079063359885451,0.0000072316253439541806,0.00003435022038378236,0.00008135578511948457,0.00022779619833455676,0.0005731063085083689,0.0013993195040551347,0.0034350220383782366,0.007949364159341634,0.017572849585808663,0.037078351044789085,0.07804912443096149,0.15041238343523897,0.2571782921070425,0.44599964565035805
0,0,0,0,0,0,0.000003618003911062228,0.00001809001955531114,0.00007778708408783791,0.00021346223075267138,0.0005517455964369898,0.0015068986289574176,0.0033321816020883115,0.007907147547626501,0.017521992941274364,0.03708092208447678,0.07779070209174895,0.15127236152542284,0.2557422244573447,0.44698086618631633
0,0,0,0,0,0.000010845242011575489,0.000009037701676312907,0.00002349802435841356,0.00009941471843944198,0.0002729385906246498,0.0006344466576771661,0.0014189191631811264,0.003528318734432559,0.008097780701976365,0.017368655081538144,0.03760406913480275,0.07772242687595575,0.1513055863841602,0.25711719007009637,0.44478687291906915
0,0,0,0,0,0.0000018078605777922406,0.000009039302888961202,0.000019886466355714648,0.00006508298080052065,0.00021694326933506888,0.0005839389666268935,0.0015637993997902882,0.0035072495209169468,0.007931084354774557,0.017355461546805513,0.037102722638030154,0.07748671222475324,0.15125103951983215,0.2586524207253136,0.4442528112231986
0,0,0,0,0,0.0000072289461461584475,0.00001084341921923767,0.000037951967267331846,0.00009216906336352022,0.00024216969589630817,0.0005837374013022948,0.0013301260908931537,0.003545798084690718,0.007857864460874235,0.01765308648891893,0.03758871272348739,0.07799671444397653,0.1516000368676254,0.2568028901326692,0.4446506702136697
0,0,0,0.0000018087042081312107,0.0000036174084162624213,0.0000018087042081312107,0.000007234816832524843,0.000034365379954493,0.00007053946411711724,0.00016459208293994015,0.0005570808961044132,0.0014759026338350683,0.003496225234317629,0.008041498909351363,0.01727312518765306,0.03810216284849209,0.0784199883519449,0.15240322528134387,0.2555735220173563,0.4443733020789247
0,0,0,0,0,0,0.000007237696820117902,0.000030760211485501085,0.00007237696820117903,0.0002533193887041265,0.000595300563454697,0.0015307728774549363,0.0037075101961053956,0.008104411014327023,0.017571318455041236,0.03793457845844297,0.07769305651555562,0.15156099026167896,0.256042572132696,0.44489579526003253
0,0,0,0,0,0.0000018081286230377284,0.0000126569003612641,0.00004520321557594321,0.00008859830252884869,0.00024409736411009337,0.0006021068314715634,0.0014953223712522005,0.0035222345576774935,0.008060637401502192,0.01755150454382723,0.03816055458921124,0.0775669097996955,0.15056106231172867,0.2562877672866136,0.445799536395821
0,0,0,0,0,0.000007233050701877158,0.000016274364079223604,0.00004882309223767081,0.00008498834574705659,0.0002820889773732091,0.0005786440561501727,0.0014900084445866946,0.003374218152425695,0.008280034790973875,0.018055502814560857,0.03753953314274245,0.07768838932618709,0.1501942978244792,0.25802100116271276,0.44433896245504184
0,0,0,0,0,0.000005421699811324847,0.000023494032515741,0.000018072332704416154,0.00006144593119501494,0.00021686799245299374,0.0005421699811324845,0.0015271121135231654,0.0036831414051600123,0.008143393116609922,0.017575343555044705,0.03737719849927349,0.0781212725813797,0.15112446054086873,0.2568927876934644,0.4446878185248638
0,0,0,0,0.0000018095682732013795,0,0.000003619136546402759,0.000028953092371222073,0.00004162007028363173,0.00017914725904693657,0.0005953479618832538,0.0016068966266028256,0.003682471435964807,0.008309537510540737,0.017771770011110744,0.03734044131751047,0.07795439164124224,0.14970920237849655,0.2557263788005458,0.4470484131895813
0,0,0,0,0,0,0.00000541860532323787,0.000019868219518538858,0.00006682946565326708,0.0002167442129295147,0.0006592636476606075,0.0015479149206716182,0.0037099384446435293,0.008268791723260992,0.017619498309395135,0.03745881859954339,0.07746076929745978,0.14891953009854636,0.25710198537699047,0.4469446290784035
0,0,0,0,0,0.000001807314926433246,0.000003614629852866492,0.000016265834337899212,0.00009759500602739525,0.00029278501808218597,0.0005711115167529058,0.0015181445382039273,0.0036742712454387893,0.008141953743581771,0.01759240349390121,0.03757407732054719,0.07762959803508723,0.15075175264364996,0.2568682485491779,0.4452663711104322
0,0,0,0,0.0000018100333770154722,0.0000018100333770154722,0.000010860200262092834,0.00003982073429434039,0.00008688160209674266,0.00023168427225798044,0.0006353217153324308,0.0014968976027917957,0.0037015182559966423,0.008013017760047498,0.017836068897110466,0.037646884208544805,0.07793279708077816,0.15059477696768728,0.25767816158529966,0.44409168905074614
0,0,0,0,0,0.0000018069981424059097,0.00000903499071202955,0.000021683977708870918,0.00006505193312661275,0.0002385237547975803,0.0006432913386965044,0.0015214924359057756,0.0034242614798591993,0.00817305259810193,0.01750981199991326,0.03758375436390051,0.07736843246525142,0.14937730844012692,0.2563443704779871,0.4477181227457699
0,0,0,0,0,0,0.000003615420491480262,0.000016269392211661182,0.00006146214835516443,0.0002169252294888158,0.0005911212503570232,0.001341321002339177,0.0033551102160936834,0.007758692374716639,0.017466096394341147,0.037092406532341755,0.07757065435495476,0.150372569081647,0.25667316237214965,0.447480594230512
0,0,0,0,0,0,0.0000036117251043788555,0.000025282075730651987,0.00005417587656568285,0.00022212109391929954,0.0005128649648217975,0.0014212138285730797,0.0035557433652609848,0.008126381484852424,0.017825669252661838,0.037289255840159505,0.07753470867825311,0.15014483017668562,0.25678281974602346,0.4465013218913883
0,0,0,0,0,0.0000036089747985289818,0.0000036089747985289818,0.000018044873992644907,0.00006857052117205061,0.00023819233670291286,0.0006496154637352169,0.0015031380035873212,0.003560253638748841,0.007946962506360816,0.017868034227516986,0.03752070649290657,0.07658785868698281,0.14968944771858658,0.25777463395973105,0.4465673236203792
0,0,0,0,0,0.000001807089573815995,0.000009035447869079975,0.000032527612328687906,0.00007589776210027177,0.00022769328630081528,0.0005963395593592787,0.0014203724050193722,0.0032636037703116876,0.008019863528595385,0.017937171109697572,0.03733266350546465,0.07664951136297925,0.15064802232117044,0.25793312322905226,0.4458523680101776
0,0,0,0,0,0,0.000005422797440439608,0.000025306388055384834,0.00007411156501934131,0.00020968150103033164,0.0006200065073569285,0.0015382668739380358,0.0034958967499367343,0.007955243845124903,0.01742706337442609,0.03722027403203066,0.07766168974368241,0.15109721268211565,0.25643143776436134,0.44623838617548184
0,0,0,0,0,0,0.000007231494605305024,0.000027118104769893834,0.0000614677041450927,0.00016994012322466814,0.0005297069798385931,0.0013866390905672384,0.0035850134505799646,0.007945604697578896,0.017080790257730467,0.03789122385814698,0.07738783951867172,0.15139133956206063,0.25704528361921847,0.44549080153886217
0,0,0,0,0,0,0.00000541860532323787,0.000021674421292951482,0.00007586047452533018,0.000191457388087738,0.0005346357252261363,0.0013980001733953703,0.003453457792676936,0.007840721902725199,0.017171560269340812,0.037316128659364796,0.07809655232205298,0.1509262202699188,0.2573241481952432,0.4456441638008266
0,0,0,0,0,0.000003605624052396929,0.000010816872157190787,0.00003245061647157236,0.00007571810510033551,0.00021453463111761734,0.0005156042394927609,0.001353911831675047,0.003373061301017326,0.007643922991081489,0.017534149766806267,0.0367467175300033,0.07719821377384445,0.15118021089295078,0.25804369655789094,0.4460733852663384
0,0,0,0,0,0.0000036076662908680945,0.000009019165727170236,0.000023449830890642614,0.00007215332581736189,0.00021826381059751972,0.0005375422773393459,0.0013799323562570455,0.0034344983089064263,0.008247125140924462,0.01728793686583991,0.03656730552423901,0.07766403607666292,0.15149312288613295,0.2581104847801579,0.4449515219842165
0,0,0,0,0,0.000007224624409838493,0.00001625540492213661,0.000028898497639353977,0.00006502161968854643,0.00020590179568039712,0.0006177053870411913,0.0014142202282258853,0.003518392087591347,0.007921800665387908,0.017422181764325532,0.037161661808106754,0.07810722065086642,0.1518182573483461,0.2571027088729225,0.4445925492448461
0,0,0,0.0000018025358073738135,0,0.000003605071614747627,0.000009012679036869068,0.00003064310872535483,0.0001153622916719241,0.0002253169759217266,0.0005912317448186107,0.0014222007520179388,0.0035618107553706544,0.008147461849329636,0.01796046678467268,0.03732330642748218,0.0776171918655164,0.15102906769242974,0.25707765684765327,0.4448838626179309
0,0,0,0,0,0,0.000014426995794530725,0.00002164049369179609,0.00010098897056171509,0.0002668994221988183,0.0005319954699233203,0.0015256548052716243,0.003639209689170376,0.00831535970107265,0.017536013388252097,0.037580520670278214,0.07718623087521373,0.1509712974918668,0.256367715268811,0.44594204675789345
0,0,0,0,0,0.000007204520115920729,0.00000900565014490091,0.00003422147055062346,0.00010986893176779112,0.0002449536839413048,0.0006159864699112219,0.0014751254937347684,0.003532015986830139,0.007874540486701356,0.01784559632713565,0.03747791364301963,0.0777169596204659,0.14972253591903564,0.2565799782783718,0.44675409351827344
0,0,0,0.000001802236936485566,0.000003604473872971132,0.000001802236936485566,0.000019824606301341224,0.00003244026485674019,0.00010272750537967726,0.00021086172156881112,0.0005604956872470112,0.0015409125806951586,0.0034350636009414883,0.007944260416028373,0.01758983250009912,0.03796412106706846,0.07745834129321313,0.14930812124008316,0.2561789693367407,0.4476468192320309
0,0,0,0,0,0.000003604434896696896,0.00001802217448348448,0.00002883547917357517,0.00006487982814054411,0.00022167274614685905,0.0006127539324384723,0.0015931602243400283,0.003649490332905608,0.007747732810449977,0.01726704537262648,0.03689860003748613,0.0769492783921337,0.15137365013913115,0.25753146671664817,0.4460398073789991
0,0,0,0,0,0.000001801285757773899,0.000012609000304417293,0.000023416714851060684,0.00008646171637314715,0.000248577434572798,0.0006664757303763423,0.001480656892890145,0.003627789516156631,0.007806772474192078,0.017486882136469012,0.03740730133169057,0.0770590047175674,0.15044158520351825,0.2577351713653206,0.4459154944799598
0,0,0,0,0,0,0.000014420858329487771,0.000039657360406091374,0.00009553818643285652,0.00019468158744808498,0.0006507412321181353,0.001712476926626673,0.003778264882325797,0.008245125749884634,0.017386147323488695,0.03716074930779879,0.07758962563451774,0.15050148534840788,0.25639384806183657,0.4462372375403784
0,0,0,0,0.0000018015615935893231,0.0000018015615935893231,0.000012610931155125263,0.00003062654709101849,0.00011529994198971668,0.00022519519919866546,0.0006449590505049778,0.0016178023110432122,0.0039057855349016526,0.00811063029433913,0.017669716109924082,0.037650835744423246,0.07705278935781536,0.1495007872824164,0.2568306207820939,0.4466287377899162
0,0,0,0.000001802935539645651,0,0.000003605871079291302,0.000007211742158582604,0.000054088066189369525,0.0001244025522355499,0.00027044033094684756,0.000710356602620386,0.0016082185013639198,0.0038727055391588588,0.008261050642656375,0.01791577045745883,0.038032925208825,0.07703042093136045,0.15004931028700935,0.2563792366731512,0.4456784536582464
0,0,0,0,0.0000036033179351546905,0.000010809953805464071,0.000016214930708196107,0.000045041474189433634,0.00010449622011948599,0.0002540339144284055,0.0006540022052305763,0.0017295926088742512,0.0036591693631495867,0.008287631250855784,0.017452670418921745,0.037193447726666724,0.0781992058287271,0.1502115147627936,0.2564841706243108,0.44569439539928374
0,0,0,0.0000018035045700805806,0.0000018035045700805806,0.000007214018280322322,0.000018035045700805806,0.00003607009140161161,0.00010279976049459307,0.00025068713524120065,0.0007159913143219901,0.0018251466249215485,0.003830643706851153,0.008041826877989308,0.018006189627684518,0.03732893759152786,0.0780141971879757,0.15009306083581617,0.2560543648417605,0.4456712283308928
0,0,0,0.0000018020940332666558,0.0000036041880665333117,0.000005406282099799967,0.000016218846299399903,0.00005406282099799967,0.0000810942314969995,0.0002522931646573318,0.0007604836820385286,0.0016308951001063239,0.0037627723414607774,0.008462633580220216,0.01771818853507776,0.03728352345425385,0.0772413544538754,0.15111459515957545,0.25631003225748333,0.4453010398082572
0,0,0,0,0,0.000007206843618700318,0.000010810265428050476,0.000028827374474801273,0.00010089581066180444,0.0002684549247965869,0.0006900552764905556,0.0016701860086337983,0.0038772818668607704,0.00838516255035782,0.018035126155797537,0.0376737750167559,0.07779787686386995,0.15212565852533566,0.2552321684671765,0.4440965140497416
0,0,0,0.000003604467376866889,0,0.000009011168442167223,0.000018022336884334446,0.000028835739014935114,0.00012074965712504075,0.0002973685585915183,0.0007190912416849445,0.001631021488032267,0.0038153287184136014,0.008393002287034547,0.01760782313599476,0.03798928391848858,0.0779934651006457,0.1503765767291982,0.2569877105684785,0.444009104884594
0,0,0.000001801983623572829,0.000003603967247145658,0.000007207934494291316,0.00001621785261215546,0.000010811901741436973,0.00004504959058932072,0.00012974282089724362,0.0002648915926652056,0.0007207934494291312,0.0016794487371698758,0.0037535318879022028,0.008431481374697266,0.018039658055587594,0.038389459116595546,0.07753575135509169,0.1496168982816285,0.2566619334563487,0.4446917166416789
0,0,0,0.0000036072953942052405,0.0000036072953942052405,0.000012625533879718341,0.00001623282927392358,0.000050502135518873364,0.00012084439570587562,0.00032465658547847174,0.000759335680480203,0.0015601552579937665,0.003771427334641579,0.00845008946092578,0.017809217361191274,0.037979409557889865,0.07795184982107813,0.1502348349301628,0.257118997460464,0.4438326070645273
0,0,0,0,0.000003606027113717868,0.000003606027113717868,0.000028848216909742947,0.00005589342026262695,0.00013883204387813791,0.0003353605215757618,0.0006977662465044078,0.001595666997820157,0.003883691201474142,0.008587753571319101,0.018091438029522542,0.03800932879214319,0.07846174095383024,0.14910381211156326,0.25657604119525373,0.44442661464371547
0,0,0,0.0000018001962213881313,0.000007200784885552525,0.000009000981106940656,0.00001440156977110505,0.00006660726019136086,0.0001116121657260641,0.00030063276897181803,0.000763283197868568,0.0017155869989828889,0.003875822464648646,0.008246698890179033,0.01843040891457169,0.03834777990800998,0.07808711149515296,0.15010036093934234,0.2551436106535613,0.44477808081080833
0,0,0.0000018021330046242734,0.0000018021330046242734,0.0000018021330046242734,0.0000018021330046242734,0.000025229862064739826,0.00007929385220346802,0.00013155570933757197,0.00032798820684161776,0.0007406766649005764,0.001719234886411557,0.0038817944919606845,0.008455608057697088,0.018277232932899373,0.03820341756502996,0.07858381179964605,0.15141701718153605,0.2552721401050283,0.4428777901524244
0.0000018047023323972943,0.0000018047023323972943,0.0000018047023323972943,0.0000036094046647945886,0.0000036094046647945886,0.000010828213994383766,0.000034289344315548597,0.00006135987930150801,0.00012813386560020789,0.0003212370151667184,0.0007345138492856985,0.0016350603131519484,0.003957712214947265,0.008599406613873106,0.018151696059251984,0.03871086502992196,0.07915424429894531,0.15040930648898768,0.25564330419340636,0.44243540970352363
0,0.000001804129291121519,0.000001804129291121519,0,0.000001804129291121519,0.00001623716362009367,0.00001804129291121519,0.00005051562015140254,0.00012448492108738484,0.00027242352295934937,0.0006855691306261773,0.0016453659135028254,0.0037183104690014504,0.008533531547004786,0.018093612660657708,0.038422541513014996,0.07901545056324916,0.15089376565082158,0.2567835261346169,0.44172121150890153
0,0,0,0,0.0000018022531769217877,0.000010813519061530726,0.00001622027859229609,0.0000612766080153408,0.0001225532160306816,0.0002811514955997988,0.0006325908650995473,0.0015985985679296258,0.0037703136461203824,0.008457974159293948,0.018063983592287076,0.038433048997857135,0.07880171790772826,0.15067377235019216,0.25614883727636284,0.4429253452666523
