0.06052855924978686,0.0668297564772601,0.0683123911190185,0.0718707142592387,0.07806071388857999,0.07394640275770042,0.07731939656770082,0.07806071388857999,0.08332406686682237,0.0753549056673709,0.08358352792913008,0.08699358760517438,0.08784610252418551,0.08940286889803178,0.08843915638088888,0.09051484487935063,0.09629711998220838,0.08651173134660294,0.07468772007857961,0.07057340894770006
0.01267744187522478,0.01671814508451628,0.02556115001375108,0.033018468763883306,0.03893143497852713,0.04602910998751824,0.051741098817406746,0.056088556982377476,0.05812477522266177,0.0601081046774842,0.0598701051429055,0.06213374516067613,0.06318623199136854,0.06513782817491379,0.06707884660136665,0.06756542342761641,0.0638156085383655,0.057304999048001855,0.049096659544310216,0.04869999365334573
0.009793622284726692,0.014036395675895489,0.021861127113761907,0.031061709986783703,0.04015385136737945,0.0481344674506083,0.05483750720119286,0.061964146531566636,0.06510217221864514,0.06631197261852319,0.06821308753261715,0.07028025348198857,0.07021247754922225,0.06974821240977329,0.0691111186417703,0.06502422989596394,0.05733166152699176,0.04792775085567116,0.036402453488766126,0.03280355145887696
0.008816009873931057,0.012882749912550869,0.020771656812642734,0.030420921813367915,0.04106838664175432,0.04963697946438475,0.05894497956676421,0.06621960964983378,0.07178222749286899,0.07225431060224727,0.07465738426143168,0.07528588044921837,0.07526028558184243,0.07179929073778628,0.06751357238939461,0.06087597011657043,0.051232392864150975,0.039060611489820346,0.027796025970258764,0.023806070533766734
0.00860083480177882,0.012097294099503723,0.019702029867801982,0.02987033015373803,0.04084764488311004,0.05219912879257123,0.06058759730294809,0.06999491837802718,0.07652265366850128,0.07851990807573385,0.08019608487572781,0.08075986681599721,0.0774555484485884,0.07240426451738495,0.06463266952012803,0.05475510879980179,0.04393201244870974,0.032876324445129855,0.023337538522992453,0.02072846694291139
0.008213822485425602,0.011562587988755908,0.01865015439863003,0.02987809662723233,0.04135529224960419,0.05312559139983475,0.06447585242352769,0.07308663401754929,0.0806911704293159,0.08423610758515002,0.08350911851998874,0.08284905860685815,0.07849635582306701,0.07067949244623743,0.060635503838040686,0.04971682044985622,0.03898276920520479,0.029518063947342917,0.020902666549732975,0.019437148910439565
0.007795174191502445,0.011214937250776193,0.018690847848399073,0.029258687076681122,0.04190923914557349,0.0546305006010298,0.0666725234037356,0.07652255522295956,0.08460913779545273,0.0883353081965035,0.0877010664261119,0.0840627470810951,0.07789817419793062,0.06779316004533974,0.056655360307178715,0.04561612516847046,0.03581751835765664,0.026541732465679167,0.01964863863003778,0.018626566587886407
0.007657659474085334,0.01087153762092368,0.01820659953949199,0.029146689140963033,0.04103037659232138,0.056099714904410306,0.0689753898389835,0.0806897135736954,0.08878086351300674,0.09190401109735594,0.08928088972405818,0.08505284551206312,0.07663103307834684,0.06490864440474703,0.053589502675543486,0.04262723449213062,0.03293721041828806,0.024967034562295612,0.018627992596386093,0.01801505724090376
0.0075283679717499325,0.010271707561150017,0.017947690591169546,0.028236651860428997,0.04194568149271414,0.056781953388149,0.07089740370034527,0.08342934702383123,0.09237827029659124,0.09454265212498589,0.09174946848993631,0.0864219068414787,0.0761003552346792,0.0634322993249966,0.049987826550389455,0.03944005965948849,0.030836210548917133,0.023286754711700126,0.017575777327477296,0.017209615299821523
0.007201784918767338,0.010026304260624758,0.017614427230732543,0.02892359564269831,0.04217924237074774,0.05802464799797403,0.07356504990045788,0.0859611406769604,0.0948376733206772,0.09764925311057585,0.09402987557696536,0.08629941753531109,0.07550043717200546,0.06085101584725411,0.04772476463879239,0.03749142754682732,0.028287709089295843,0.021804993557951634,0.016331563079391546,0.015695676525989095
0.00696440017573047,0.009881237891522444,0.017160728561242792,0.028455372382948384,0.04331684059661935,0.05938465527299441,0.07553349321925258,0.08967655510662663,0.09775907640674399,0.09994310365937101,0.0967903982023637,0.08710541667566926,0.07336206958638516,0.058630238604527214,0.04614185193987712,0.03487781690901626,0.026681863031062524,0.019593227174844605,0.014994706479700968,0.013746948123501072
0.007156785169275986,0.009633046967727344,0.017413313174701857,0.028773738201548642,0.0445161928446278,0.06170872661504549,0.0782548182897191,0.09185306335839033,0.10114699316113714,0.10249992935059068,0.09713410670886792,0.08698355281749845,0.07205356638218502,0.05717126829819701,0.04430777708698355,0.032581741366642165,0.024068487537444186,0.017874300570847226,0.012897049680664671,0.011971542417905389
0.007015117945817031,0.009789389328570458,0.017584934781052546,0.02968418001861152,0.04534510783692383,0.0628217954022868,0.08071226667923732,0.09519295066196666,0.1042403227862135,0.10569118466102034,0.09939713284552254,0.08562703945611012,0.07119873315839188,0.055251473995352345,0.04194928792537226,0.02993384698383101,0.021712296359925495,0.015770920956835546,0.0110970855310137,0.00998493268594515
0.0070593883129823325,0.009820631442253067,0.017821156406550312,0.030130187692004835,0.046385085488018216,0.0648918038222236,0.08379742594808726,0.09779359578094476,0.10755378725476482,0.10760213922951126,0.10022846308067698,0.08596463053047301,0.06915886559359821,0.05353599718177062,0.039593359892382336,0.02794398769096871,0.019781138240022665,0.013557548347657605,0.009193782626790103,0.008187025438319284
0.007297151551997142,0.009984852700238033,0.018400019234666366,0.030711923088812647,0.04697552045228944,0.06747589655871211,0.08676380173180692,0.10126193150397914,0.11059417945256768,0.11047052802593932,0.10025382890077318,0.08521300675617652,0.06802030631206185,0.05079325824943927,0.037145232035336824,0.025655953644454055,0.01740393829793811,0.011832754575961477,0.007492932977492009,0.006252983949357875
0.0073695166574661635,0.010389446141172732,0.01880833274940054,0.031734041116844094,0.049041809018087114,0.06914561802591977,0.08858972540346909,0.10584963930044283,0.11335588168439258,0.11151350252002608,0.10139750783182054,0.08526899932149858,0.06553093163200954,0.047842040768193504,0.0342395400546561,0.02341598973189794,0.015309863223001374,0.009986105248046101,0.00610993090223598,0.005101578669419412
0.007665279940107023,0.01069906332150787,0.01963536748253831,0.03274206035238169,0.050156963834511625,0.07027896174166051,0.09247679572581947,0.10796729707426216,0.11517657367941947,0.11323855950588298,0.10199161158044293,0.08449163284925518,0.06430327624784118,0.045658184664335584,0.031612261044894195,0.02139812664301575,0.013361918617016747,0.008167223909547994,0.004941170465276537,0.004037671320282789
0.007818150332589717,0.01097597001089957,0.019836540387834594,0.033421956014627836,0.05164223600797265,0.07316634239593625,0.09506565208976357,0.11038617078711202,0.1171839718580543,0.11500915088605707,0.10202983290719746,0.08372126978306121,0.06292210371909665,0.043336830703514684,0.029213227529396577,0.018890892236856853,0.011599045183985437,0.00681477859609449,0.003972740885615623,0.0029931376843334813
0.00816069988547575,0.010889968624421448,0.020688907411548652,0.03406757608408384,0.05343843813318696,0.07551146258987444,0.09763531141786445,0.1132062046392486,0.12008951865932088,0.11574234076724471,0.10230945943198679,0.0815307622978037,0.06049624916139786,0.04158619474543767,0.026914892896108208,0.016487426050539745,0.01005136649792975,0.00575840126857631,0.003154499312176841,0.0022803201257733776
0.00828256739305346,0.011739271539746184,0.020897424628636727,0.03525669197638963,0.054930325014705766,0.07712253466846065,0.09961900189991955,0.11634133643450682,0.12198362418104,0.11675715512403567,0.10120790258348492,0.08044570354493884,0.05926768581686395,0.03907343425669873,0.025004901927640783,0.014742969959635161,0.008576683051500666,0.004546960466798738,0.002532099174447773,0.0016717263574958928
0.00844515705901494,0.011935170058048861,0.021719008431669094,0.036675484428978236,0.056519664621552786,0.07948968254369686,0.10147507844099268,0.1182844647213638,0.1244602703326977,0.11758477612493909,0.10106706725946306,0.0791609132032081,0.05670006625966707,0.037162737451548696,0.022723862415931984,0.01290630410995396,0.0071536836497106005,0.00358948679948948,0.0018107603676147028,0.001136361720458389
0.008875764535641872,0.012478231241008556,0.022484709287162532,0.037779628648107466,0.057376980220926625,0.08149718583579418,0.10333409050755905,0.1201904713830208,0.12590461287364443,0.11755213985849257,0.1004719719340754,0.07719980145209188,0.05571960997114324,0.03548623204866107,0.021025886945475036,0.011541017810420398,0.005862211117000244,0.003000092543516484,0.0014251701538746297,0.0007941916323835009
0.00915324498924977,0.012933896592706651,0.023115936060086984,0.03848397383634435,0.05970538150288044,0.08335924931623832,0.10554557206520405,0.12215757702090031,0.12591973722033853,0.11824244247912576,0.10028560814025224,0.07552057504904425,0.05324179527998506,0.03325258753578507,0.019597526186349634,0.010398893205417646,0.005066644701120073,0.0024089256326161467,0.0010170272210277516,0.0005934059653269366
0.00952795089453608,0.013327378713802181,0.023604134207274495,0.03925347875141031,0.061447308332885635,0.085783457798313,0.10794706656637834,0.12348224359318752,0.12653958254983075,0.11841689947885886,0.09844597861709556,0.07410311341535485,0.051590286358996394,0.0315505292000215,0.018063651748777734,0.009156906463224626,0.004518011604792347,0.001940847794552195,0.0008327513028528445,0.0004684226078547254
0.009832881275758472,0.013202765015608147,0.024080662503375764,0.041015628276159365,0.06301464532351052,0.08700808335975227,0.11011585757586431,0.12484169597911979,0.12787106881842716,0.11775470802448322,0.0985233904150375,0.07338932473165896,0.0487266066495237,0.02952380473125639,0.01619858998294091,0.008413806291232432,0.003846263521889148,0.0016622970563419737,0.0006642478650972975,0.00031367260296261254
0.009998910611482151,0.013691099695809205,0.024472694057804622,0.042181123410959254,0.06387671473942667,0.0891421484417554,0.11247182254699035,0.12653163835653172,0.1286316442224699,0.11806122363470284,0.09727233874954958,0.07141360730057907,0.04678337090327067,0.027737507646669397,0.014815683842692294,0.00735923843362691,0.0034055961050170522,0.0013407858681169507,0.0005748619409551425,0.0002379894915907587
0.010137120716128805,0.014185940982332874,0.025259079286885207,0.04289103851067715,0.06551285893930289,0.09157902315931893,0.11450224460031715,0.12786100724869431,0.12982848607945932,0.11758323272679169,0.09552235307119258,0.06933227954609007,0.04497572884625367,0.026000860667335323,0.013598209008206479,0.006324397909616535,0.002982195572419129,0.0012876521028581194,0.0004336825678026696,0.00020260845831707722
0.010558699850355716,0.014549771353570148,0.026138425140239258,0.04365934607957063,0.06721285436016619,0.09305533494402965,0.11623933052994138,0.1299330362741082,0.1299347082772515,0.1175518529974837,0.09424245717581947,0.06734327060534874,0.043162761145990956,0.0243911818554219,0.012372823260907728,0.005644682612003311,0.0024779086584682778,0.0010032018860195457,0.00035446466639357295,0.00017388832691005464
0.010957836333314935,0.015157977843459002,0.026707948822170587,0.04475634662959969,0.06794159612068172,0.09455587392550141,0.11724767787875291,0.13136691104766016,0.13183359343767617,0.11754207250471282,0.09275605223497371,0.0652987352739961,0.04112994010072981,0.022762057216264637,0.011551643675449998,0.005161942134729033,0.002052398898027389,0.0007978763442209162,0.00029272192922151025,0.00012879764885746447
0.011221768125769315,0.015428887326366564,0.027552538885372287,0.04563864203077425,0.06953020223900912,0.09622929217181878,0.11988202028569662,0.13199398076316035,0.1322545248660954,0.11728325987437102,0.090659326894331,0.0639101323263415,0.039434018041008975,0.021463155556520536,0.010441805971470425,0.0044710036125441945,0.0017352905317270899,0.0006179571672175389,0.0001770363776352949,0.0000751569527697007
0.01160073039160819,0.01622999650842073,0.028245038699729188,0.04672534970087692,0.07121652302187002,0.0975821231140878,0.12052296841039584,0.1336172260154398,0.13243777387597042,0.1158953729056789,0.09053214007080057,0.061655609998947515,0.03749688848497199,0.020304619409505453,0.009442299564137311,0.004199918808252158,0.0015336219037293084,0.0005162191375297999,0.00016539059746100378,0.00008018938058715333
0.011775109917155416,0.01634032186746535,0.02884960329709753,0.04834185695335508,0.07258787115289955,0.09921493705313564,0.12127011671658473,0.1348706439852165,0.1323911465589882,0.11445900736674372,0.08864787298832835,0.060899526959945965,0.036353169868933694,0.019412162218532824,0.008935201021165831,0.003595771839516783,0.0013965944453250797,0.0004655314817750266,0.00014016001601828757,0.00005339429181649049
0.012390700965853808,0.01678686291952553,0.029356147533459394,0.04912385527047079,0.07423405139537248,0.10016206048811749,0.12256179077673872,0.13536974325679826,0.1317363170710946,0.11418671838360103,0.087721289340559,0.05951842499236431,0.03493730378747544,0.01841915084309841,0.008346699290171723,0.0033446881378732534,0.0012317264699353593,0.0004155825081489222,0.00009847135735255583,0.000058415211988804293
0.012768292601562556,0.017155047603797633,0.029936683946811846,0.049637050232514676,0.07478499896586008,0.10180607540548292,0.1239416745061148,0.1350603470707151,0.1316510211298146,0.11360194284875534,0.08628063222646999,0.05842890788148091,0.03467037622679023,0.017450277883415723,0.007957873808237089,0.003142451111867257,0.0011742492477465757,0.0003836325667353869,0.0001234296084279071,0.00004503512739937152
0.012901763618759717,0.017756172998951797,0.030854579359511265,0.05038553642640145,0.07604074837561431,0.1032824339705336,0.12541807413431363,0.1359134638618968,0.13138234848093483,0.11235966290767958,0.08514630719929074,0.05696306949321165,0.03313596845717104,0.016799622712569972,0.007125799694370517,0.002987969797008032,0.0010715362964172693,0.000353290349674123,0.00008165673176430196,0.0000399951339253724
0.013085641624739396,0.01791026369601049,0.031442537001268235,0.051969262407778063,0.07685397977158454,0.1047984574541661,0.12579014643852898,0.1362926570751958,0.13100973757055695,0.11166958588243922,0.08432672773966039,0.055577313110473,0.032317468464970245,0.015710436015845427,0.007251098663937994,0.002568132162980566,0.0010115874256516571,0.00032830761590342083,0.0000666614448534865,0.000019998433456045942
0.013367504732449945,0.018351574372783754,0.032473938198203,0.05305176367078146,0.07796378009438239,0.10578192070813448,0.12731290159170286,0.1367961313888074,0.1296474658063828,0.11080764923880877,0.08295618151278432,0.054476497720425524,0.03103254059242274,0.015352134268269918,0.006842056149518754,0.0025378595995414186,0.0009164955874903353,0.0002616178313381501,0.00006498786893113286,0.000004999066840856373
0.0137562151323367,0.018748322768511214,0.03275622680003402,0.05333804486062939,0.08006873940531417,0.10711779540526083,0.12833300274857612,0.13673207800022333,0.12966645387009187,0.10925298401358792,0.08174888781842399,0.05385309035631486,0.029962646700458576,0.015099667137263805,0.006197214087244374,0.0023118708819279024,0.0007400653724412324,0.0002566893408917788,0.00005500485876252401,0.0000050004417056840016
0.014158254791979878,0.019159595031291672,0.03382064767689076,0.05457021605323663,0.08173295440356018,0.10851942681044684,0.1280452984238453,0.13671106937777935,0.12924402178346722,0.10879080445991689,0.08052091189549795,0.05239752996392177,0.02934541380096864,0.01387189310051462,0.005913701907468545,0.0021959945990853084,0.0007292233771033851,0.0002131063750439116,0.00005494148731600848,0.000004994680665091678
0.014411663842155904,0.019559043373165035,0.03387581697170274,0.0554708387298691,0.08227317069922455,0.11007101785601318,0.12915893949331939,0.13565642406949296,0.12939033850845855,0.10896396501380073,0.07940648649728481,0.051345610244150956,0.028780044415292975,0.013386183314632743,0.00532384208931669,0.0020309841616530217,0.0005976420606831434,0.00022640479179082866,0.000059930680179925225,0.000011653187812763236
0.014919888528995097,0.020016228475653965,0.03454204438887153,0.055943346657532624,0.08267876264524153,0.11025386922775066,0.13048625567830371,0.13727029058282836,0.1285308573822937,0.10754856903420616,0.07882616243107889,0.05022846235193178,0.027686511077264834,0.01329205270263979,0.005289219370414956,0.0017209500309272182,0.0005187791397577703,0.00019121667010302428,0.00005154536324516304,0.000004988260959209327
0.014789416272016175,0.020527922630766773,0.03535392167296333,0.05624933485872398,0.08326072207736923,0.11135130101633588,0.13028288458468582,0.13721531953386898,0.12843379183738626,0.10703619698824028,0.07838689937742774,0.04935181982653114,0.02754516309264088,0.012764061086574784,0.005063387963603467,0.0016661788963975948,0.0005005188101952855,0.00017127387857180873,0.00003824562337040388,0.000011639972330122918
0.01523740495323716,0.020713295408829914,0.035663108058236616,0.057427029686840235,0.08522374016284708,0.11149105804044909,0.1311387657801731,0.13671107446479575,0.12793535323981872,0.10610992343062708,0.07675555984081019,0.048910640250288406,0.02690567304911012,0.01242299009552054,0.004953902112224168,0.0017022804573548823,0.0004920654447041456,0.0001496144933222064,0.000046546731255797564,0.000009974299554813763
0.015720587917396243,0.021332708101573568,0.035744632734540906,0.0584325639324417,0.08555032866238647,0.11188987939345872,0.1313784863737722,0.1373597593522865,0.12772354113975098,0.10457998892541617,0.07602884712917188,0.048224325173726316,0.026427681803594096,0.012386572815388682,0.004818940531480253,0.0017110730872647274,0.0004905408753577209,0.0001346908844202556,0.00004822266232330136,0.00001662850424941426
0.015974494030146138,0.02138470007700355,0.036650694944542477,0.05969853859574135,0.08626559404993757,0.1130255741587404,0.13159956159535388,0.13747212155583752,0.12695606473620052,0.10312488046155563,0.07523895215302254,0.04749439104829603,0.02631093134377012,0.011780045936025519,0.004633517997708189,0.0017562796143502672,0.00046734334434888773,0.00011642005019367306,0.0000332628714839066,0.000016631435741953296
0.016142107693790014,0.021580953077084086,0.03722967742364186,0.06036719681842496,0.08737868916184637,0.11394165118960209,0.1321038065272789,0.13710741138203814,0.1251848111022882,0.10303239717857816,0.07511387686347736,0.04695780160341281,0.02515756703866995,0.011836216663399596,0.004578331666572531,0.0016811580720505802,0.0004335793051434796,0.00013123664791699202,0.000028240797653023585,0.000013289787130834632
0.016308294051086573,0.021944334134763172,0.03767440237537822,0.06077518813108447,0.08760951812854227,0.11532281782065364,0.13280417917689222,0.13698967002912735,0.12496988407237125,0.10236092256925002,0.07406607392982531,0.04614507818510203,0.02456296596609403,0.011694118546260561,0.004652391578506616,0.001531966084065393,0.0004436387683790237,0.00011464822104177015,0.000024923526313428297,0.000004984705262685659
0.016543051004138252,0.022495224129245282,0.038117184655364185,0.06155843853549939,0.08863583840016226,0.11540565389942158,0.1320235227221715,0.1363729319107972,0.12526497977424975,0.10119858145415912,0.07328654725742818,0.04611604077404853,0.024989151416301304,0.01155020857545211,0.0044840812621267205,0.0014481404446838612,0.00040900407507718734,0.00007814305499442189,0.0000232766546791895,0
0.016537830640394744,0.022493176339330186,0.03874876310773746,0.06228956228956229,0.09058866110148164,0.11478692247923016,0.13258156847900437,0.13567462926437282,0.12516021490380463,0.10126079997874872,0.07279899587591894,0.04492990390426288,0.02452865273378094,0.01132462029897927,0.004426248015991607,0.001391296263091135,0.0003519747109490698,0.00010293600037189786,0.00002158335491668825,0.0000016602580705144808
0.016774819012900257,0.02301661213397943,0.03900456680129684,0.06305705098515749,0.0905558017965076,0.11545657222634471,0.1336955565405194,0.13581876223250341,0.1242415640339912,0.10056259140657811,0.07209437059982636,0.04448937650130894,0.02414876716285602,0.011026061146331867,0.004322773746619722,0.0012666191891977138,0.00034695073465573035,0.00010126313308133756,0.0000166005136198914,0.00000332010272397828
0.016990931861981043,0.023047976641618485,0.03989283562319174,0.06333421309045395,0.09111295915437082,0.11693632052373769,0.13275700942336074,0.1367258759808047,0.124120450369249,0.09939761536022736,0.07110595429578762,0.044246803410801755,0.023499474635606258,0.010734696790878408,0.004226154017253199,0.0013644534965365788,0.00039838058293038803,0.00008465587387270748,0.000023238867337605966,0
0.017524671298309438,0.023667185596542538,0.04007156585153736,0.0636059762133167,0.09182901205267194,0.11693846863682984,0.13358848307613666,0.13662571657134515,0.12345939235413811,0.09847773193343978,0.07071774972532122,0.043415842077135766,0.02319085444182951,0.010821181633201771,0.004202336180255658,0.0013957996554482656,0.0003618125147297528,0.00009128297389970823,0.000014937213910861346,0
0.017370620827482256,0.023590182818937207,0.04032341058404459,0.0639218927918148,0.09227094516759783,0.11738323589850844,0.13464098503786176,0.1366693556686486,0.12309985492668325,0.09861001835824809,0.0694144283214984,0.04290950014440936,0.023372738831512453,0.010512005895885822,0.004139735149903561,0.0013511405020134317,0.00032035640895404467,0.00008631364386326587,0.000011619144366208873,0.0000016598777666012674
0.017496666511877833,0.023861804528236802,0.04049773455483837,0.06436285598667932,0.09263945921203642,0.11802372249457688,0.13411568033009824,0.13695329136344644,0.12341037394771237,0.09826161082106634,0.06905959149015209,0.042006925694725465,0.02276722633886814,0.010619066888678082,0.004162714023205057,0.0012969093092216556,0.00037812701087280994,0.00005970426487465423,0.00002155987342695847,0.000004975355406221185
0.017974857112502227,0.023778338869549484,0.04055797090622962,0.06457203472128842,0.09310637337171335,0.11817787937190921,0.1344661410996403,0.13629217940992397,0.12404942255688525,0.09801675639154911,0.06893460624803907,0.04204536211169711,0.022018701952366965,0.010189293771383324,0.004100286024000784,0.001309767478921708,0.0003237067913684827,0.0000614212886186352,0.00002158045275789886,0.0000033200696550613632
0.018360062423216125,0.024391539661984936,0.0404655178138593,0.06508284357671748,0.09260882558023709,0.11831523724142513,0.13417007006009896,0.13643623202842245,0.12320616263240032,0.09831822558687783,0.0691519739681907,0.041836836338280683,0.02211707673407046,0.010050801872696484,0.003818441411827206,0.0013082312315303645,0.0002672908988279046,0.00007636882823654414,0.000014941727263671683,0.0000033203838363714848
0.018522294556371728,0.02445546310709709,0.04097019490433824,0.06484709533353561,0.0930358625971662,0.11828374106253285,0.1340955772281708,0.13688229316384268,0.1232819258014088,0.09775554151974655,0.06843617326377316,0.04193667639779252,0.022179341167967184,0.009873694296764523,0.0037664596108544324,0.001248302855181949,0.00034315895222133226,0.00006796868135784845,0.00001657772716045085,0.0000016577727160450848
0.018589449294194274,0.024750021960610127,0.04147157634088169,0.06560007159987605,0.09275167273552962,0.11880607206726408,0.13445528571168122,0.1367060410737992,0.12263799135829273,0.09762278467165987,0.06815578939692019,0.041317437718881,0.022197618972641216,0.009740566467722875,0.0036612066236514943,0.0011270350855966578,0.00032153648030257585,0.00007624060873153855,0.000011601831763495003,0
0.018699916863445305,0.02467380103315008,0.04165622619780526,0.06586871062007262,0.093831466771099,0.11882553437223606,0.13494174633228406,0.13561214888910647,0.12249947313660449,0.09785388211203355,0.06790646888684966,0.040941019509710054,0.021660308351987893,0.009808785924201367,0.0036473881680586366,0.0011366974045132698,0.00034681716429674935,0.00007301413985194729,0.000016594122693624372,0
0.019003469334331825,0.02467303097880293,0.04215224645196777,0.06574670214422756,0.09501900346933434,0.11877085494073633,0.13492297547608076,0.13527918697624486,0.12287308598448574,0.09655816850957798,0.06771497778234317,0.041043848807271376,0.021145708728341515,0.009829780606851852,0.0036780908389029347,0.0011730127540285035,0.0003164483559596669,0.00007786949073353062,0.000021538369777359526,0
0.019015307712196443,0.025441033154555513,0.04249895584033307,0.06635386073893357,0.0942644143755925,0.12028387883770114,0.13463858816353866,0.13560982239341282,0.12206557985666834,0.09637262246501234,0.0671891884724773,0.04044544182870478,0.020936230020087643,0.009685823957994947,0.0036197535120227517,0.0012065845040075845,0.0002701555963643354,0.00007458283335211712,0.000023203548153992003,0.000004972188890141143
0.019111033814504717,0.025620512310864877,0.04297912163449196,0.06673292090072633,0.09543094238366169,0.11960545603617478,0.13484227351404177,0.13519507731040936,0.12156326865263735,0.09656720249778461,0.06669151200443903,0.04008215525023397,0.020995966773501615,0.009527358857777005,0.0035479142338940097,0.0011147274880535334,0.00033127117029822686,0.000048034319693242915,0.000008281779257455673,0.0000049690675544734036
0.019443988751849682,0.02572757536741251,0.04318143027820447,0.06706800756284001,0.0949447949134764,0.12027964611741619,0.13572348241937965,0.13572016829141784,0.12032604390888134,0.09559436399398819,0.06588817800844107,0.040687548986953946,0.02108613915691898,0.009269615909139859,0.003522918023387798,0.0011566306586663609,0.0002916432606379363,0.00007125375117858673,0.000008285319904486832,0.000008285319904486832
0.019224937234333446,0.025784052963450904,0.04312974885447479,0.06796920960832567,0.09514197883782019,0.12010738521961765,0.13478502241335028,0.135308691076918,0.12134364098867322,0.09516352216891628,0.0663634028520056,0.04015676916320732,0.021100864219012822,0.009298433136957582,0.0035828216792197997,0.001168311417136891,0.00031154971123650415,0.00004640102082245811,0.00001325743452070231,0
0.01927154072945308,0.026615761751747437,0.04344088514923642,0.06760691688475169,0.09522973465399015,0.12100738728591776,0.13420677775201248,0.13501838539768776,0.12129393447510511,0.09570179216218903,0.0658975718024315,0.03953523039719084,0.020691025938317818,0.00941464868983337,0.003556166561764998,0.0011412197303475005,0.0003213303740020539,0.000041408553350780135,0.000008281710670156028,0
0.019531981382648212,0.02618955698457225,0.04421703895294793,0.06793278797991127,0.09593834866276842,0.12028704788384204,0.13508847218747252,0.1346775516426052,0.12078744306347892,0.09496572624407024,0.06640343450042503,0.03960081057391352,0.020546027243369347,0.009119784995766522,0.003231028477787922,0.0010637539911486388,0.0003297305985024597,0.00008118994636492723,0.000006627750723667532,0.000001656937680916883
0.020284725225740267,0.026402787927597374,0.04388036304040538,0.0681951880740862,0.09591703827434829,0.1204423167108287,0.1345112095436475,0.134569208512923,0.12068591238178564,0.09508516734359745,0.06643201940811219,0.04018665725426248,0.02009747141065092,0.008804243536014875,0.003087202278862359,0.0010390101067346746,0.00029330907319304213,0.00007954144357777414,0.000006628453631481178,0
0.020265524256339915,0.026573961791543244,0.04407788799872771,0.06846675811250486,0.0957944854183647,0.11918937902974637,0.13559164794677583,0.13468050281958005,0.12119224168207333,0.09515337057431962,0.06558091300055001,0.03953375875527635,0.020447753281779082,0.008894433068935583,0.00318900794518551,0.0010188259149553703,0.0002832833031827129,0.00005632533513574405,0.00000828313751996236,0.0000016566275039924722
0.020566642813601536,0.02642389547056797,0.04418780313270254,0.06860075269672154,0.09604005989769689,0.12016312846200737,0.13489073971005272,0.1345925763960669,0.12109406058678542,0.09546858021255733,0.06495653441467228,0.03898319684079403,0.020324799236701906,0.008878640905356337,0.003425565185126288,0.0010485409875168959,0.0002716599082982162,0.00007454082849646179,0.000004969388566430787,0.0000033129257109538577
0.020112801253200058,0.0262098977635148,0.0441468204684928,0.06792748396241723,0.09608971110824083,0.12013863360126116,0.13494421206370655,0.13564301019715377,0.1208076251792533,0.09573534428227468,0.06532272219959132,0.03938605119441492,0.020031661185572307,0.008751535865565813,0.003368140766425896,0.0010929070333535358,0.0002516998016208141,0.00003477431469761249,0.0000033118394950107137,0.0000016559197475053569
0.020211185863098443,0.02652987218569255,0.04401554502809133,0.06865775935011582,0.09599733740890809,0.11948211940926244,0.13585506761623584,0.13501390077874167,0.12044913010433449,0.09519425489673353,0.06578487654883156,0.03885263518693608,0.02021615338379231,0.008848810196001805,0.003584894100738008,0.0009935041387726582,0.000245064354230589,0.00005629856786378396,0.000011590881619014345,0
0.020182914912434704,0.02690889697869085,0.044186770634239744,0.06851359274435306,0.09584979909834405,0.12019318358734503,0.1358081944025784,0.1356790078472551,0.12000271623013756,0.0947086511929882,0.0648897442437452,0.03931080628972899,0.020211070956543623,0.008999996687524223,0.003216413979972772,0.0010401173941415557,0.0002351857802039823,0.00004968713666281314,0.00001159366522132307,0.0000016562378887604384
0.020165007489056048,0.026680900010757756,0.04442954908434911,0.06927666476337065,0.09602376637455215,0.12027341260974984,0.13485431510306767,0.13485266006305707,0.11982324172686876,0.09502081212813317,0.06517547561712307,0.0394114677722334,0.02046291469096266,0.008864394296732121,0.0033746265815976094,0.0010128844864824604,0.00022508544144054688,0.00006951168044487477,0.0000016550400105922561,0.0000016550400105922561
0.020499166289965513,0.027016510273592673,0.04404671425519974,0.06874837521753456,0.09644377548942175,0.12092686698889105,0.1348838518562674,0.13526469258701795,0.11993502525967548,0.09412727034889977,0.06522477054345972,0.03899146751180193,0.02013985133964867,0.009193164074465954,0.003283509430775575,0.001016679168177611,0.0002218811213938108,0.000029804926754392508,0.000006623317056531667,0
0.020509185577988403,0.02715347276620621,0.044367012405871216,0.06887403180049917,0.0967909682740255,0.11993501449918602,0.13406654555029837,0.1355586947917201,0.1198803630841284,0.0940650219350907,0.06549889289481922,0.03917678407888353,0.020504217267528612,0.008923085585772088,0.0033668583882469657,0.0010035987128763706,0.000271600971801526,0.00004140258716486675,0.000011592724406162694,0.0000016561034865946703
0.020769116162034203,0.02650024003840614,0.04427798102868871,0.07004320691310612,0.09654841326336354,0.12012680649593589,0.13504560729716755,0.13457711854586393,0.11956726869402555,0.09466618107173008,0.06497922426208884,0.0388580793616634,0.02018143592629994,0.00899399076265996,0.0034764182958928586,0.001037959176916582,0.00028142433823894565,0.00005628486764778917,0.000011588060986309534,0.0000016554372837585048
0.020582256184775116,0.027003761190867188,0.04454660433331566,0.07003893627165331,0.0970592519997881,0.12046074588123114,0.13455858981829744,0.13479697515495048,0.11899732478677758,0.09435424061026647,0.06476631615193094,0.038984279811410706,0.020373669015203676,0.008782182020448169,0.0033274619907824334,0.0010197594956825775,0.00026487259628118874,0.00007118451025056947,0.00000827726863378715,0.0000033109074535148594
0.02083322983783496,0.027006529324000522,0.04502302567847509,0.06977914888614005,0.09689828131235603,0.12121889546292294,0.1349200435177872,0.1347975048477292,0.1185379480734106,0.09351853231791828,0.0645116420016195,0.03864107926761617,0.020429183412238296,0.009100980143767664,0.0033052322356186803,0.0011177513822858759,0.00027322811566988077,0.00006292526300276044,0.000016559279737568533,0.000008279639868784267
0.020351532490926912,0.027257344565418958,0.045206495536305596,0.06998364195078013,0.09744794564094411,0.12127804710058546,0.13514761980449813,0.13484297597287345,0.11917368672017799,0.09316968661421496,0.06408944607804182,0.03846128374261571,0.019874698667514373,0.009006861108903547,0.003309690322922461,0.0010364512967230921,0.00029967681263079823,0.00005629288193064721,0.0000016556729979602108,0.000004967018993880633
0.02068516502904969,0.027051742732608717,0.04512931127313329,0.06990644792013531,0.09717355758000469,0.12203849766658219,0.13581866767392126,0.13498867666963213,0.11852967342090487,0.09328535620861439,0.06391759067361802,0.038121602793806046,0.019739207217774068,0.0090387842702623,0.003167550499402771,0.001030447913508642,0.0002982003608224367,0.0000679234155206661,0.000008283343356178794,0.0000033133373424715177
0.021107349496320694,0.027217720240706546,0.044997558169372,0.06929832548360662,0.09720306925693853,0.12178692337618262,0.13554891524778373,0.1349049341533469,0.11939144614314921,0.09274817690442096,0.06396271862661512,0.03827134946321112,0.02028954317073777,0.008673051294997972,0.003332478002830868,0.0009585219888917399,0.00023011149646969228,0.00007284104924220477,0.000004966435175604871,0
0.02122726536066175,0.02724022398105487,0.04513853287778612,0.06968979351539785,0.09731368262294648,0.12195424462620769,0.13553301339189738,0.13462511617446174,0.11913463669227742,0.09354979543372349,0.06363714539916057,0.038207754665996366,0.019740562995498555,0.008563008728381626,0.0031321627137031295,0.0009889299381174606,0.00025302053600664143,0.00005622678577925362,0.000011576102954552221,0.00000330745798701492
0.021007965113102614,0.027781042997703686,0.0454248198288436,0.06951055365069064,0.0975896054528989,0.12133097354509619,0.13617181200942374,0.13447978424162552,0.11830287297043589,0.09323536569819324,0.06391957735729104,0.03872127733196029,0.019259646793342487,0.008885629187644557,0.003177104976912596,0.0009105824582084041,0.0002400626480731246,0.00003311208938939652,0.000011589231286288782,0.000006622417877879303
0.02099518639681366,0.027741511660039485,0.045945172248890935,0.06911798043780791,0.09754123995373379,0.1215513404122589,0.13566782332140273,0.13461707116487873,0.11864232893010267,0.09288318118111161,0.06426962796754748,0.038530336952223035,0.01968795143042945,0.00836299432924781,0.0031588753807942353,0.0009762894052742793,0.00023993553180469594,0.00005957020099978656,0.000006618911222198504,0.000004964183416648879
0.021207204793493126,0.027518262540663817,0.045449208058175525,0.0701427099509967,0.09767751090294764,0.12190628343860033,0.13562654944240743,0.13418936150155547,0.11865483177954954,0.09274906433938145,0.06387465207317256,0.038317845111162936,0.01977828605828467,0.008396551410478409,0.0032216825187338853,0.0009410356022379781,0.0002910760386535751,0.000047961392732691315,0.000004961523386140481,0.00000496152338614048
0.021431432326060974,0.028195681605280312,0.04603727867647786,0.07077718526462828,0.0974220712803249,0.12228610771822854,0.1355382104778833,0.13471067814619514,0.117398701767278,0.09203318073637139,0.06385239471306145,0.037644445768496175,0.019564519385772403,0.008606336249557265,0.0031479329897419104,0.0010625515138876474,0.00022012360022906095,0.00006123739254492672,0.00000827532331688199,0.000001655064663376398
0.021823389653716566,0.028242423238987725,0.04651440019205775,0.07088089936008342,0.09747427502338635,0.12224641340430636,0.13523514656820954,0.1341490268798066,0.11762047070705396,0.09181684975620256,0.06340720382128695,0.038022467445383575,0.019551810061508152,0.008597895643103719,0.0030133198672152453,0.001069562985835741,0.00027980827338427273,0.000051325777958061876,0.0000033113405134233465,0
0.021670637436940917,0.028665705293238208,0.046337978499893205,0.07046392614532855,0.09875711303201838,0.12276054351263331,0.1357059720495301,0.1334344375882662,0.11653865830459424,0.09177694591198299,0.0634506462780444,0.037922373786624775,0.01960440200861925,0.008518254229739553,0.003071207307321063,0.0009834485932877148,0.0002897365384265153,0.00004470220878580525,0.0000033112747248744613,0
0.022006451079315197,0.028555123645686884,0.04617318666776942,0.07052683814407412,0.09890662476221987,0.12237697460921348,0.13557687536183938,0.13351087585807628,0.11721941940286164,0.09188652716896865,0.06276403936812505,0.03799189479778347,0.019394591018112646,0.00849061285253494,0.003349598875196426,0.0009891654949962783,0.00021999834587709853,0.00004962368703994707,0.000011578860309320983,0
0.022043852844712233,0.028095657883637985,0.04620972423682587,0.07060053290286514,0.098974054477823,0.12180353383073143,0.13514099101408666,0.13402953624880706,0.11735771476961296,0.09203242404645613,0.06368040382856471,0.037762998810809544,0.019048548410305434,0.008769245782012627,0.003139198131697467,0.0009493676120096656,0.00028117159240704376,0.00006615802174283388,0.000011577653804995923,0.0000033079010871416925
0.021928685882860694,0.027878419070895756,0.04638079946025766,0.07145963590543264,0.0980118498577058,0.1225797169990723,0.13622375494639785,0.1337003272518616,0.11709961255628516,0.0916239067489289,0.06354870661928486,0.03741320549730211,0.019249817688136748,0.008395440632477475,0.0032609432592565647,0.0009607545809472938,0.00021662452685730738,0.000059530404327198934,0.000008268111712110965,0
0.021662757655651968,0.02841613930855165,0.04616878326656588,0.07074758595137828,0.09815477037179163,0.12276665354473974,0.13657279526816699,0.1335426225549384,0.11788893556913327,0.09113509078939971,0.0630679506306795,0.03726351586044004,0.01942486263327302,0.00864723959866752,0.003227001617635869,0.0010205330589858183,0.0002431415877972696,0.00004135061016960367,0.000008270122033920733,0
0.021799645830230217,0.028467636496036272,0.04608841004253346,0.07076113400526289,0.09807689125002071,0.12214388560647442,0.13613193651424124,0.13452493255879386,0.1176340135378912,0.0918557502937623,0.06240007943994837,0.03774390546646145,0.01916654254174735,0.008693709349088922,0.003227247902288863,0.0010112043427171773,0.000231699849395098,0.00003971997418201678,0.0000016549989242506993,0
0.022145771900038733,0.027844795917354226,0.04636165966699431,0.0710508113331811,0.09704226610669286,0.12263492158050285,0.13616431193055265,0.13439039969287492,0.11848807077115539,0.09134820639601272,0.06283819338952931,0.03700063212171156,0.019681821040055343,0.008445940355510545,0.0032698233037791614,0.0009696945627604189,0.00027800117157636596,0.00004467875971763023,0,0
0.021918601764345656,0.02862013604991808,0.04572237210149126,0.07042155613300453,0.0982257236961883,0.12267498634535495,0.13580992734073719,0.1341465433059137,0.11834191231235207,0.09207368543007995,0.06260282361508797,0.03750475843691554,0.019311805888876012,0.008265611810854202,0.003095052880716331,0.0009533424916003246,0.00023999073139244271,0.00006123901421738197,0.000009930650954170046,0
0.021976167111540622,0.02791370382812254,0.04633363727078509,0.07008047447339112,0.0983036318594849,0.12250223816009174,0.13645081591484903,0.1350210411871102,0.11769495160444222,0.09190439705373733,0.062498034887165314,0.03747035782429326,0.01954521910801253,0.008080543976329293,0.002977042517595,0.0009581476474082852,0.0002217474693483769,0.00006619327443235131,0,0.0000016548318608087826
0.02221342905013874,0.028263057860543974,0.046360620128343535,0.07140184502089392,0.09803577459751919,0.12262832696472208,0.13645936119628346,0.1341133502427136,0.11744458645969229,0.09134045469897549,0.06285223276667042,0.037397103330441515,0.019094244408977428,0.008475109436361348,0.0028195177515380706,0.000802974814736326,0.00022847530811054222,0.000057946636114992594,0.000011589327222998523,0
0.021603064170547893,0.028093745088144537,0.046975124295795055,0.07150337935655728,0.0979111688354663,0.12241956965941708,0.13553825663255592,0.1343519659830743,0.11887062482937766,0.09203927829849191,0.06257228183089153,0.03728791125156145,0.018548820741059378,0.007989675796858066,0.0030525889097542205,0.0009281855709333977,0.00025314151934547203,0.000056253670965660445,0.000004963559202852392,0
0.02174520571956787,0.028310108130722586,0.04650332131145914,0.0715921624656252,0.09829163710806953,0.12211214573091178,0.13499886726494922,0.13489799596845536,0.1191273475313817,0.09139435550682865,0.06255012559303227,0.037211586639348745,0.018783558309397076,0.008152385110073733,0.003084015868212478,0.0009177634353125603,0.0002678877054425852,0.000047955206529845496,0.00001157539467961788,0
0.022193347623500982,0.02825149591571561,0.0464391826465501,0.07077108972183829,0.0979880657789107,0.12264936397719083,0.13542278757583026,0.13441640665734222,0.118666876329358,0.09173956583270573,0.06281935628036316,0.036939807496544706,0.018824950963758705,0.008489683767969608,0.0030704549404530364,0.000966655355916212,0.0002631818520388319,0.00007448542982231086,0.000008276158869145653,0.000004965695321487391
0.022077732948960236,0.02844239533721457,0.04647395055885243,0.07167112932212873,0.09783972171564556,0.12301373218109665,0.13461939451308508,0.13407824927102613,0.11844130311745997,0.09170012279197845,0.06265700658972587,0.037595527856568375,0.018723294399560473,0.008276046958829934,0.003091312881242616,0.0009763782654888343,0.00024823176241241555,0.00005295610931464867,0.000014893905744744934,0.000006619513664331082
0.021893330598390135,0.028538250055415673,0.04653924919192353,0.07109749521109238,0.09826110546845279,0.12263904374034358,0.13581805128680174,0.1337023301054387,0.11824218142598612,0.09207439927744564,0.06262799368757466,0.03721618071798875,0.01901336924049083,0.008181670807679457,0.0028931949540297957,0.000980940313173053,0.00021339173760425584,0.00005128018500567392,0.000013233596130496492,0.000003308399032624123
0.02193391545941655,0.02846133492094992,0.04718198055169676,0.07110868558576434,0.09759211483760005,0.12251934907719784,0.13541542634120526,0.13416021697426744,0.11784249520407489,0.0918105444201892,0.06295065158430907,0.037175034729112925,0.01952106899517099,0.008184494277965203,0.0029867037110537812,0.0009128795395911889,0.00018852947013296283,0.000041344182046702375,0.000013230138254944765,0
0.021769457228105176,0.028248166847871955,0.046489499194918966,0.07026297107169276,0.09847307653482537,0.12316995070223258,0.13504013821247185,0.1343715817153108,0.1180995123178225,0.09217970931031119,0.0633076667212765,0.03713963729155186,0.0190886118682017,0.008214639732445015,0.0029969203375217403,0.0008737570061907668,0.00022836830843622313,0.00002978717066559433,0.000016548428147552406,0
0.021750960598507046,0.028335795134070266,0.04619308567562786,0.07114962510606694,0.09881056153867786,0.12258113604522876,0.13685902896434,0.13312249512464214,0.11743203031571146,0.09200242816807291,0.06283463811529166,0.037406690033097836,0.019218586402589603,0.008222359325869089,0.0028317600414177985,0.000965974219735978,0.00022826103137596747,0.00004796789789784822,0.000006616261779013548,0
0.02143434821223313,0.028162351956628532,0.046541974771639856,0.07078296564715687,0.09853680803523439,0.12307715207636975,0.13546971157901355,0.1338555199235244,0.11734147926772591,0.09202380932691845,0.06298986003172152,0.037756538220452926,0.019449686340730056,0.008499314464711886,0.0029472228791820546,0.0008782128781401074,0.00021665892097241823,0.00003307769785838445,0.000003307769785838445,0
0.021634925731840136,0.028316908378878517,0.04661663593539481,0.07133351650716196,0.09819055154081188,0.1225515672948646,0.13612077555357666,0.13420407109351468,0.11783594466384846,0.09117753185403918,0.06233427458198298,0.03774980882610956,0.019413667195222466,0.008393444142465097,0.0029958852095961015,0.0008474548217200025,0.00022841555741671957,0.00004634518556281262,0.0000066207407946875175,0.0000016551851986718794
0.0215144292399073,0.02848135289320858,0.04603264132748676,0.0712405987055284,0.09844501307538732,0.12334366021526004,0.1357938108179189,0.1341844051401738,0.11857829766892554,0.09068413800860445,0.06214654689027425,0.03771930840215623,0.019058142054448526,0.008561442742043533,0.0030335560256777106,0.0009312388453961571,0.00021668257326269382,0.000031427243450314354,0.000003308130889506774,0
0.021901962957021348,0.028194870081650676,0.04634258884079855,0.07136371680098703,0.09905746970556471,0.12325332548304879,0.13588213988611578,0.13340301563386364,0.11775757505594152,0.0911570183693349,0.06230722286814333,0.03750771108527428,0.019287222835066297,0.008203106264957025,0.003105934186610745,0.0009823881293113854,0.00023484699387578593,0.0000529232662255292,0.000004961556208643362,0
0.02186149370057511,0.028558716065228862,0.046273522566943275,0.07127439093981103,0.0988588753496235,0.1235140486189563,0.1357986301211256,0.13370130289011037,0.11751317859204502,0.09073090530766043,0.06274779640047042,0.0371001969965877,0.01921171592132707,0.008476973232613108,0.003112909975371291,0.000959345263398167,0.0002481065336374568,0.000047967263169908314,0.000006616174230332182,0.000003308087115166091
0.022145115835990523,0.028077493020732727,0.046903322263531846,0.07129437292441221,0.09998213836810836,0.123331260501978,0.13545897778542224,0.13256142416744948,0.11746007594501265,0.09112905359812652,0.06247932681494026,0.03683630806684219,0.01952375597041585,0.00832219737764782,0.0032184014500998923,0.0009840436088434923,0.00023815509188817297,0.00004961564414336937,0.000004961564414336937,0
0.02145427365691683,0.028330092206744185,0.04669206651585507,0.07236476564670394,0.09873033826778317,0.12276759137992617,0.13547743779021318,0.13383868449947744,0.11716341892553345,0.09150064161077376,0.06278525221256501,0.037013334920823905,0.019077998703549374,0.008253297350213648,0.0032179756849360377,0.001041790689367782,0.00023977722215607665,0.00004795544443121536,0.0000033072720297389902,0
0.02196233704802638,0.02833321755928457,0.04685375752944795,0.07156986302276114,0.09950117924138223,0.12284949704445396,0.13549036925305893,0.13390426478517303,0.11625533801060489,0.09127129829018263,0.06273134135812884,0.037125429604416615,0.01894228829061271,0.008575549182469826,0.003319407369183596,0.0010386586087928731,0.00022658635255513334,0.000046309619500319214,0.0000033078299643085146,0
0.02202521468546161,0.028536499423480008,0.046889190704876335,0.07197484156039236,0.09952869282981161,0.1220220715348005,0.13586351447255451,0.1336202974743957,0.11670022117854918,0.09106534610224505,0.06262314119859914,0.037312506927338625,0.01882912675003184,0.00841702661256036,0.003176236457569948,0.001067016934964904,0.0002911550086105787,0.00005459156411448347,0.0000033085796433020286,0
0.022201057886112735,0.02864460615320003,0.04660287603486162,0.07228943552400745,0.09954513212002161,0.12234309042297259,0.1356038697665805,0.1317083091514258,0.11685193728081272,0.09213430755417985,0.06292752372307127,0.03714671679968784,0.01926119932340263,0.008308655386736905,0.0030820564459457895,0.0010268009940624118,0.00023479185371475425,0.00007109894161784816,0.000014881173826991475,0.0000016534637585546081
0.022255433255191883,0.02895586937042683,0.047403973641314226,0.07207143164166473,0.09890954659225043,0.12248423669914661,0.13531475352380445,0.13267293341224626,0.11682035953882221,0.09141226611295353,0.06290441504680222,0.037276445478982824,0.018990355207427513,0.008218077455917312,0.0030038718039432227,0.0010001884652645293,0.0002578998356715151,0.000034717285571165476,0.000009919224448904422,0.000003306408149634807
0.02210867756496885,0.029074085407710417,0.04688706974836203,0.07245115861313786,0.0999952031149979,0.12205425773166888,0.13459893906136544,0.13259582604840886,0.11697121372769242,0.09125660191974648,0.06270355746916348,0.03753645219077046,0.019235508858523327,0.00841439793303879,0.0029227916547433733,0.0009213327400634177,0.00021999507078713574,0.000044660653468065164,0.000006616393106380022,0.0000016540982765950056
0.021863941528590808,0.02844693587326785,0.0470020173959057,0.07256010847637002,0.09903594933359793,0.1222674207097265,0.13487779872341832,0.1334408175414228,0.11810695505506495,0.09127393590633993,0.06225650692859741,0.03711347025167841,0.01888414855971161,0.00829943446770513,0.0032989383867447174,0.0009938155240268546,0.00022489003538710852,0.00003968647683301914,0.000013228825611006383,0
0.02230767831841801,0.02846283183353477,0.04687208093125836,0.07188286856936907,0.09901811827219238,0.12260543366305206,0.13596391886373516,0.1336030380634164,0.11699420856761661,0.09158332768463393,0.06199461362069507,0.03678047280440565,0.01926895359083687,0.008334173749584613,0.0030651771735230853,0.0009886601670802614,0.00021657940114968934,0.00004959833614115025,0.000008266389356858375,0
0.022581430030339186,0.02899685352939326,0.04650685487007775,0.07119034574763021,0.09935796110028816,0.12310297284369108,0.13598678515448495,0.1335139671184718,0.11746216704266525,0.0909033730628351,0.06176748558764187,0.03691847810794662,0.01880103083739814,0.008358588408210289,0.003214332413612747,0.0010096512730709457,0.000271447227514156,0.00004965498064283337,0.0000033103320428555586,0.0000033103320428555586
0.02189547019902569,0.028573175487649302,0.047190108865930315,0.07118258673911175,0.09932611526436508,0.1223783272852261,0.13574365279237477,0.13460839331865926,0.11765386318718729,0.0920221169036335,0.061624594314118195,0.03668524063534871,0.018603713471745754,0.00815007237898828,0.003134770337173716,0.0008923436911301039,0.0002726605722897538,0.00005618460277485835,0.000004957464950722798,0.0000016524883169075994
0.021822654560604157,0.02851989498674108,0.046784795561404316,0.07172544455392509,0.09913602126716875,0.12286485163901358,0.1359898557720921,0.13472513374642078,0.11727527625496792,0.0910649455425575,0.06239130003504851,0.03649177682698601,0.018550909607919632,0.008409988162863131,0.0030535184070784763,0.0008646400253936347,0.00024798471091595645,0.00007439541327478688,0.000006612925624425502,0
0.02189888446821247,0.028493519464756395,0.0469512215288044,0.07159015368740637,0.09907661881091523,0.12237281184785374,0.1363607801115862,0.13482126025657565,0.11776252038086164,0.09076221942209302,0.0621198741926202,0.036571451249640355,0.01886449248760612,0.008139115710378446,0.003080693329629225,0.0008863401098664867,0.00018685901569946448,0.00004630134902287617,0.000013228956863678906,0.0000016536196079598633
0.022169546627557248,0.028799057136283196,0.04651251330454201,0.07161030065368129,0.0994559000988219,0.1233171720047607,0.13521884005912763,0.13383003623470288,0.1180930184053751,0.09114294085417225,0.061567544035344146,0.0369829023185906,0.018949971611459365,0.00801665902465913,0.0031037034216881837,0.0009352492977353724,0.00023008788032781723,0.00006124641418798017,0.0000033106169831340616,0
0.02226923210514041,0.028284769624926185,0.04706740478431229,0.07164063572504845,0.09825488214541489,0.12313575399312937,0.1362898837415089,0.13401565660658854,0.11828627474979367,0.09103193676490776,0.06201941445680706,0.03663407768098298,0.018752863458710783,0.008106172500541681,0.0029970178679823547,0.0009560023883519877,0.00022824970517746411,0.00002150178382106546,0.000006615933483404758,0.0000016539833708511895
0.022382678644668776,0.028263630710609534,0.04670858526388211,0.07151575089636557,0.09842160274135717,0.12339580328909942,0.13564227405633542,0.1339636558485374,0.11776953812365216,0.09186589577021284,0.062394982998822485,0.036588915496870975,0.018650027122501092,0.00834843814085178,0.002902438379000568,0.0009344032388235452,0.0002116878133971924,0.00003969146501197359,0,0
0.021910739537076087,0.02854780156623418,0.04722187766172981,0.07126448187749636,0.09865290629884144,0.1217776013628057,0.1357050121147469,0.13443647820585974,0.11736998354379094,0.09228708228931506,0.06260636582400954,0.036848677301181715,0.019028008633307697,0.008123909466041496,0.0030580432823108165,0.0008897930156209947,0.00022658297981426818,0.000036385587999371515,0.000008269451818038981,0
0.022013249281242205,0.028517201415857805,0.04653450450763231,0.0717154132423375,0.0977742067211914,0.12183585373878048,0.13507025557853594,0.13408490848340868,0.11813749559817674,0.09250524498936122,0.06295475173717023,0.03725967698470563,0.018933212975500234,0.008312626164933213,0.0031709659873392815,0.0009225229514782686,0.00020665836726663732,0.000047944741205859846,0.000003306533876266196,0
0.021883089618508877,0.028407682058775887,0.04665240634639354,0.0714184169722056,0.09781929507291606,0.12189598341659201,0.13594195807201354,0.13434841687302257,0.11772864175408554,0.09196418830234965,0.06337797673165362,0.03734903511411012,0.018661293148764677,0.008104909230967594,0.003200306806272337,0.0009538104479437709,0.000254569859589845,0.000029754918653358506,0.000008265255181488473,0
0.021746389101019222,0.028609493961723985,0.04731773596881848,0.07027078849669574,0.09868027386300898,0.1219936724553452,0.1364025561429086,0.13318919490754977,0.11794556460277635,0.0922518984286928,0.0629217123380509,0.03740491326899999,0.018860314658150603,0.008036709015594057,0.0030960008198699447,0.000947148141903619,0.00025125046696221657,0.000059506689543682856,0.000014876672385920716,0
0.021923674724693278,0.028674890042660144,0.04707662290419657,0.07094149938820725,0.09797777704289164,0.12280333344356627,0.1358708952015609,0.13422401534442277,0.1178858427858064,0.09204834815966138,0.06244584807698669,0.03689110089619367,0.01875227355401964,0.008376599755282911,0.002941565527960581,0.0008895796818677868,0.0002199146797182448,0.000042990839644168125,0.00001322795065974404,0
0.021661461173632112,0.028934278584766916,0.04657676862822865,0.07063110406028456,0.098532546725497,0.12228446780030738,0.13559565713152547,0.1340835853452977,0.1189083337464677,0.09208599805000577,0.0625584585130468,0.03654421364004428,0.019133078842562753,0.008416373341265514,0.002987787748087188,0.0008345314230000165,0.0001900418091980236,0.0000347032868970304,0.000006610149885148646,0
0.021817417872450243,0.0286989447774008,0.046728214425731614,0.07135283209570616,0.09829334824330828,0.12175836246127072,0.13619633525608046,0.13419473728613096,0.11740943596292581,0.09221576895273419,0.06250775412436706,0.037408377266478866,0.019058190257676792,0.008070906194532164,0.0031529303559701366,0.0009032004062747614,0.00019519715740004006,0.000033084263966108476,0.000004962639594916272,0
0.02183722364511494,0.0286825409685628,0.0467300382114211,0.07109043920812574,0.09829478846481357,0.12280069379109879,0.13596552870155573,0.13419798178881037,0.11799574399835976,0.0913552240187965,0.06295873133452272,0.036977941212943934,0.01867085101844763,0.00829043986950907,0.003002680255889205,0.000886253643808708,0.00023644453556836788,0.00002314841606963044,0.0000033069165813757764,0
0.02200571112809671,0.028855094187289262,0.04624988005307447,0.07105324981718433,0.09815794611156888,0.12253777914544844,0.1354506860964142,0.13456390606749455,0.11721379009122584,0.09188265385468057,0.06305899403408809,0.03731424770942735,0.0188424211741894,0.00853856665905624,0.0031268922661531287,0.0009595754044279444,0.00016048071418881134,0.000026471045639391563,0.0000016544403524619727,0
0.021903644484455143,0.028223531027680743,0.04620186237243146,0.07082112189156405,0.09835623375140458,0.12339086156651768,0.13609351909618503,0.13392069609768933,0.11782393348811733,0.09143232558254993,0.06336435080914075,0.036840354602065584,0.019034128049274922,0.008312330480917054,0.0030548600572910373,0.0009912574075391831,0.00020354701356814603,0.000026477660301547452,0.000004964561306540148,0
0.021687217209536168,0.02809382689916123,0.0462056465483026,0.0712813880877411,0.09874679173391897,0.12341405815891826,0.13524826025983647,0.13414851956711563,0.11848093562299894,0.091108141719366,0.0622155557907549,0.03732503373640622,0.01935212870108221,0.008318339375016538,0.003142116264916783,0.0009045987352155163,0.00027121424602439604,0.00004961236207763342,0.000006614981610351123,0
0.021557300300091647,0.027926389867688365,0.04626440489543113,0.07089541127775517,0.09947525319198917,0.12277123222858581,0.13528607965166872,0.134374555404462,0.11852131246257128,0.09116896781045591,0.06236579418411135,0.037329482102031165,0.019330600414900687,0.008479987824285915,0.0029959535602383544,0.0009247587190354716,0.0002713066724898343,0.0000496292693578965,0.000011580162850175854,0
0.02126969952539234,0.027856327826561497,0.046438788840932034,0.07049825536207437,0.09876304344231118,0.123012683765772,0.13646210580278148,0.1345802120024475,0.11826164607828546,0.09098245439962957,0.06287476641696017,0.03724099154966844,0.01914967505085082,0.00839741363628847,0.003087430338509369,0.0008698384349522908,0.0002083643399315374,0.000039688445701245235,0.0000066147409502075375,0
0.021019581129498685,0.0279340693135279,0.046387585005051114,0.07101817574572145,0.09847937475302446,0.12292643890631377,0.13728284753900769,0.13390661968826933,0.11861439079920046,0.09115153839921827,0.06254123147993526,0.03691695173912109,0.01896276063668845,0.008443876412204024,0.0032290759022977193,0.0009209397222630975,0.0002298215823959975,0.00002976106822394211,0.000004960178037323686,0
0.02104675109167418,0.027801743373099704,0.04617591738646092,0.0710918725228665,0.09831844160824021,0.12343107990625318,0.13686668848362238,0.135245292000119,0.11780660260415117,0.09128082058198382,0.06274027575309818,0.03702105997348909,0.01870473394883593,0.008184664002353589,0.0029816506179818005,0.0010015966044883426,0.00023139195483229034,0.00006280638774019314,0.000006611198709494012,0
0.0212402436624121,0.027651019587930675,0.04685026802534539,0.07063927476856866,0.09883114155145409,0.12347194127755716,0.13660609288347636,0.135390427170046,0.1179725011453721,0.09111538569682454,0.06212299890672786,0.03686692347260286,0.018673286945073413,0.008236755446099695,0.003078032507066573,0.000980802405529542,0.0002117077705021608,0.00005458090958258835,0.000006615867828192528,0
0.02144446391319729,0.02820361082918153,0.04647595370257109,0.07148264838220174,0.09923168219942541,0.12214732262404988,0.1360110949851064,0.13467546507360842,0.11852723660154922,0.09144105871812588,0.06245722843569308,0.03695463156119929,0.01860625035126406,0.008152632083549603,0.0029671481325976357,0.0008942769580698165,0.00026448117059366116,0.000052896234118732196,0.000008265036581051908,0.0000016530073162103816
0.021513898080741233,0.028496029119788224,0.047349437458636665,0.07211118464592985,0.0985737921906023,0.1225926538716082,0.13598941098610196,0.13427531436135012,0.11791694242223692,0.09076604897418931,0.06199371277299804,0.037071475843812034,0.019091661151555257,0.008095632031767044,0.002908669755129053,0.000957974851091992,0.0002498345466578424,0.000036399735274652546,0.0000066181336863004636,0.0000033090668431502318
0.021496184720695092,0.02897462818594423,0.047400401782392666,0.07173882491050833,0.09884838915022198,0.1228643943089095,0.13561230479245379,0.133692677805243,0.1176924793941849,0.0907069220657898,0.062423425732260826,0.03701192946486884,0.019285554848256874,0.008139813658947927,0.0029216028306644284,0.0008978100379461144,0.00022651929134183754,0.00005952331743289161,0.000006613701936987955,0
0.02179318148357075,0.02869805012729507,0.046734414004277906,0.07186423182095647,0.09969545128957603,0.12198325561082608,0.1358558546635985,0.1340014325865466,0.11720245293225325,0.09082036258004535,0.062254653011326704,0.03720920230074062,0.01943255676996399,0.008320912620491944,0.0029644285121116424,0.0008916445134085799,0.0002167076646688756,0.00004962770946615472,0.000011579798875436102,0
0.02183652468541441,0.028657646836938288,0.04676679140899269,0.07162922742478237,0.0993471707977222,0.12259159627162723,0.13610976001164707,0.13401197129272097,0.1170625663831012,0.09090472928929959,0.062240464822333176,0.037295308431191526,0.019035612775996538,0.008295199240296073,0.0030275657378822916,0.0009248137964350826,0.0002084553458869774,0.0000496322252111851,0.000004963222521118512,0
0.0218366182272325,0.028540944693028522,0.046794643817148714,0.07217282704888882,0.09905960779772884,0.12322694302232293,0.13648010454316128,0.13379705062568747,0.11670292042644344,0.09061840919053488,0.06210889361244594,0.03688620179145957,0.01913536850637268,0.008231119786282015,0.0030949407395766994,0.0010206191535643097,0.00023158295218639126,0.00005293324621403226,0.000006616655776754034,0.0000016541639441885085
0.021788924445767494,0.028467002389753006,0.04652328148644289,0.07203823604805969,0.09883654585596982,0.12440276847510601,0.13605715561509263,0.1338675134165199,0.11696228490155704,0.09042527680616541,0.06198142773271149,0.0370221527622733,0.019119677838141783,0.008154928762207171,0.00304796870994683,0.0009459783516492606,0.00027783979558929317,0.0000694599488973233,0.000011576658149553886,0
0.02227581119480253,0.028648598582207804,0.046923430620474306,0.07151316072391424,0.09902382062910808,0.12359701092619606,0.13626981055305806,0.13457282642134824,0.11684711595396644,0.09054055395119433,0.06232033635350197,0.0365149304831939,0.01831618155414637,0.008241785505175306,0.003101213690990105,0.0009593087684129398,0.0002662908822663501,0.0000645052447725942,0.000003307961270389446,0
0.022395725640368225,0.02882546089142895,0.04663915240639501,0.07172951111184628,0.09939044058656656,0.12288287692193174,0.13598054703201637,0.13439254964559538,0.11757962731686343,0.0905257760096603,0.06168046515090109,0.03708800979265056,0.018551448634074125,0.008007807653816569,0.0030420074933626678,0.0009941525304572932,0.0002166954766886948,0.0000612040659349748,0.000016541639441885085,0
0.022646617883571817,0.028911173885231352,0.04680400204300559,0.07177296852349867,0.09934527951655475,0.1235786978649269,0.13588631897003425,0.13284991016395284,0.11784968702013744,0.09048068483663393,0.0617910018496143,0.03689972247521038,0.01878540341922441,0.008074500281822371,0.002955415865690564,0.0010578669765335352,0.0002611609098317165,0.00003967001162000758,0.000006611668603334595,0.0000033058343016672976
0.02252046789424452,0.028516230536081984,0.046650603046799355,0.07174587750002479,0.09926722129123737,0.12251484893256254,0.1357276720641752,0.13464354298670947,0.11765114180606646,0.0906933468188414,0.061521019874598,0.03697772577483829,0.01894581668302776,0.008339200190383637,0.0029929234135522716,0.0009651393006706388,0.0002545059114782164,0.000056189616819866,0.000014873722099376297,0.0000016526357888195883
0.02233276061364242,0.02897884464964604,0.046444865945557995,0.07143176064175476,0.0989752231208979,0.12305260146481743,0.13627696922692764,0.1355840831331019,0.11744501973650487,0.09046049639748845,0.061202182177779035,0.03659232335125358,0.01880383716680696,0.008309672127623333,0.0028939156663364855,0.0009111700183722303,0.000248049914257413,0.00005457098113663084,0.0000016536660950494198,0
0.022293056879567855,0.028434818875119144,0.04687665501535853,0.07200971825018536,0.09935553701938349,0.12300901652367333,0.1360488825336299,0.13467025473996394,0.11756898104014409,0.08992029446033262,0.06168738745895562,0.03666024520707552,0.01922300338947145,0.008015239381421459,0.0030551583518695054,0.0008755031246689973,0.0002350121809130388,0.000054615506831903376,0.000006620061434170109,0
0.02244963805584282,0.028412823164426056,0.04699069286452948,0.07237394002068254,0.09953092037228542,0.12310734229576009,0.1358941054808686,0.13483846949327818,0.1173526370217167,0.08994415718717685,0.06134105480868668,0.03661302998965875,0.018490175801447774,0.008297828335056875,0.0031156153050672184,0.0009398138572905895,0.0002432264736297827,0.000057911065149948284,0.000006618407445708376,0
0.02221020299807968,0.02866254153661921,0.046628524926933604,0.07213684713697115,0.09948278742348082,0.1233139316591326,0.1363658166649299,0.1336102165610574,0.1177316085195348,0.09088022071265181,0.06097385487944665,0.03648937208375306,0.018569701300226435,0.008541367909002343,0.00314925726156864,0.0009494084391493695,0.00024644922897779797,0.000052928693471741876,0.000003308043341983867,0.0000016540216709919334
0.022524004715787808,0.02835094588583891,0.04697764630599375,0.07121633263169733,0.0998219178308699,0.12354140451769824,0.13642714587360297,0.13393697180944378,0.11708943957855542,0.09104347552899664,0.061407758562246915,0.036269567129702356,0.018585362869289003,0.00834687827083371,0.003275587530610454,0.0009424961597415243,0.00020503425229464732,0.00003141653865805082,0.000006614008138537015,0
0.02233899932140551,0.028588688988563205,0.04682301924891176,0.071384829275559,0.0992651318293914,0.12379714990317615,0.1361988778364422,0.13424419470696303,0.11657922176798688,0.09112034293847962,0.06217084029858158,0.0361459143646866,0.018863271487446,0.00820437279663682,0.003091742663731607,0.0009318260811996227,0.00020523345305284758,0.00004137771230904186,0.000004965325477085023,0
0.022655765622029148,0.028768176444815538,0.04665569948829019,0.07119131664007539,0.09868807195350797,0.12306496813180455,0.1359792340059686,0.13482189357428062,0.11723693238651862,0.0911835459257483,0.06153909743979761,0.036383476485322454,0.019180437640017523,0.00844031843395306,0.0030967123265022707,0.0008944588193474251,0.00017029437780551732,0.00004133358684599932,0.000008266717369199864,0
0.022471147880041373,0.028234126163391934,0.047559875904860396,0.07092285418821095,0.09910734229576007,0.12288397104446742,0.1361224405377456,0.1351726990692865,0.11699524301964843,0.091064322647363,0.06154622543950362,0.03644426059979318,0.018943536711478793,0.008279627714581182,0.0030692864529472596,0.0009745604963805587,0.00016049638055842805,0.00004467425025853153,0.000001654601861427094,0.000001654601861427094
0.0220740441910758,0.02819148584390935,0.046575224691978556,0.07115245987288948,0.09833704788799463,0.12296223058456289,0.1364900434503693,0.1355261330493958,0.11743669274570626,0.09118460124200599,0.06168034548665072,0.03652443339263394,0.01937244968817582,0.008228785704365537,0.0030603741890256396,0.0009473767748847604,0.00020336360089149305,0.00004629415304846998,0.000006613450435495711,0
0.02221453813878999,0.028736449909335167,0.04688596084867575,0.07099155559673344,0.09872705253265919,0.12316850422881948,0.1357970563710243,0.13473488809180312,0.117817955607322,0.09121576906277715,0.06186551162759916,0.03654553756965309,0.01879971675512554,0.008278956494116712,0.003075655500112503,0.0008768678940611229,0.0002167352719283152,0.00004467062856537797,0.000006617870898574511,0
0.021827555532039435,0.028307533573859178,0.046651212164302756,0.07159887960369453,0.09909124880536253,0.1228087290380399,0.13713611095494935,0.13381923523361983,0.11781522720433342,0.09118431974285116,0.061831788434256074,0.0365583859414735,0.018694215805260046,0.008404625768453635,0.003186251004487537,0.0008432734884736092,0.0002017242462623142,0.00003472302599597213,0.0000033069548567592503,0.0000016534774283796251
0.02146063290343707,0.0285805484898502,0.04682936349112367,0.07196655210852043,0.09886015195768731,0.12267093585956644,0.1365204534253327,0.13482854317100038,0.11730081602005814,0.09082729945984572,0.06143800794519735,0.036987175882588375,0.018870670578623388,0.008461205142877931,0.00317543273540376,0.000979091760082826,0.00020508003082815948,0.00003142355311076636,0.000006615484865424499,0
0.021542242642559196,0.0283977202435886,0.04697449332314521,0.07255725026710727,0.09901658215161108,0.12360699010628057,0.1361205108612597,0.1350272730580557,0.11748585075732769,0.0902657179810329,0.06149421295147741,0.03649859582618014,0.01834026323710856,0.008319192360235914,0.003144092381075243,0.0009543089447030062,0.0002083932877514365,0.000041347874553856447,0.000004961744946462772,0
0.021726982657430526,0.028358159604543118,0.04729941971002035,0.07220063815365284,0.10009092862929224,0.1227817547572206,0.13589200985335692,0.1337080695025377,0.11723014862697774,0.09106419561228032,0.061824854927505064,0.036569841453535486,0.018732950882007705,0.008229867574850794,0.0030601616876353606,0.0009919486831881231,0.00019838973663762464,0.0000347182039115843,0.000003306495610627077,0.0000016532478053135386
0.021982111314725758,0.02842739668027283,0.046746098427462815,0.07211045469280283,0.09985809456393023,0.12312529356893821,0.1357115449499527,0.13457365520617637,0.11717287323775942,0.0909881778548132,0.06243673796119266,0.03608995944613878,0.01854363344072719,0.007899071825982257,0.0030216926771502476,0.0009807683402025711,0.00024312469816151406,0.00006946419947471833,0.00001984691413563381,0
0.022046102114710586,0.028305963341484445,0.04689184065747581,0.07159685235436011,0.09945745661888025,0.12353499214413079,0.13547359550468793,0.13437261488691354,0.11819565005041333,0.09035325749536015,0.06206219464343955,0.03671315067540607,0.01873157099172692,0.008019774605261197,0.0030877125596226536,0.0009172079131533247,0.00017880587476635197,0.00005297951844928948,0.000006622439806161187,0.0000016556099515402968
0.021354168390601055,0.028654271992162025,0.047208219277834224,0.07134274904921571,0.09908016377652516,0.12424905418063742,0.13561874625561451,0.13425835515144696,0.1175662570046902,0.09069274027783748,0.06245221253876782,0.0369192271919343,0.01854070746957325,0.007985264084681863,0.0028449054842628226,0.0009549217361370852,0.0002234218966698554,0.00004799433335870964,0.000006619908049477193,0
0.02167844657368423,0.02884065208978969,0.04600778565309854,0.07160386438278687,0.09895618006886034,0.12393707975167934,0.13609844187715603,0.1337733296731283,0.11713703609381154,0.09116225843473312,0.06218434865437852,0.03742339201788651,0.018710042301828017,0.008222231776974443,0.003022976606659147,0.0009244222774192904,0.00025467089574699597,0.00005291862768768751,0.000009922242691441404,0
0.021817712581249808,0.027846203986017348,0.04619637595684102,0.0705651131665627,0.09862638407975344,0.12346495980730003,0.13726729344889596,0.13378320922868725,0.1173355523828588,0.09201555761063955,0.06271186160277799,0.037196652235124396,0.01887791312288758,0.008060046686066807,0.0030771114195575246,0.0008652307916282717,0.0002249930930429157,0.00006617443913026936,0.0000016543609782567337,0
0.021738806797223016,0.027864115088968324,0.04628635609495468,0.07078097267182873,0.09891471380766567,0.12401474837934895,0.1360155886862926,0.13493873864634492,0.11731875919085724,0.0917158637710263,0.062381211530731596,0.036973505519063234,0.018779536871775446,0.00817479707745215,0.002950999187813564,0.0008386527960882721,0.0002613553092346094,0.00004466198322363578,0.000006616590107205301,0
0.021666702455735792,0.027832883767564858,0.04699214897943339,0.0706443188706952,0.09856970361695346,0.12304116789092816,0.13724502352993645,0.13410990107350684,0.11807089208934936,0.09149668235329096,0.062140836043667075,0.0366865488710751,0.018870199653451682,0.008270578577103694,0.003067398525600472,0.0009927337177629962,0.0002395114626882434,0.00004955409572860214,0.000008259015954767021,0.000004955409572860213
0.02167573679651389,0.027950988236383232,0.04672053640505459,0.07078338149429012,0.09923526572284413,0.12349979170661711,0.1360899695164287,0.13429633205271477,0.1172427246096979,0.09217478129194798,0.062068121854935224,0.036960503607112394,0.018956350964431427,0.00821436364718407,0.0029326385812245013,0.0008497047523953745,0.00026449953381957157,0.00006943112762763754,0.000009918732518233935,0.0000049593662591169685
0.021748011518225883,0.028693018770870996,0.04595381793462531,0.07135875039488461,0.0983961482417504,0.1229029766443326,0.1363728835425326,0.13456840559239308,0.11744157775215969,0.09213753727628028,0.06229501147026085,0.03656424751946306,0.019075200915636116,0.008240063380013792,0.0030730706061954305,0.0009080278594194247,0.0002083998365880645,0.000059542810453732744,0.000003307933914096264,0
0.0216560362129794,0.028829525878459026,0.0465061683083526,0.07139267209596838,0.0986565619492582,0.12228328257829003,0.1352745897438441,0.1341900520115199,0.11813360314515943,0.09185836201737242,0.062220392615885176,0.037092513052477745,0.019162922035624416,0.00842004675415712,0.0029940515750596,0.0009985682779326329,0.0002678279156044476,0.00005125102088727091,0.000009919552429794368,0.0000016532587382990612
0.021605581180049273,0.028982128982128978,0.046904395840566056,0.07092529220188797,0.09782935740382552,0.12223544776736263,0.13598340194084874,0.1352047479707054,0.11771065813619001,0.09103803997421021,0.06203276628808547,0.037547322653705625,0.019408487493593876,0.008206450759642249,0.0030898179834350048,0.0010018350443882357,0.00023640661938534272,0.000052902180561755044,0.0000033063862851096894,0.0000016531931425548447
0.021635870822728328,0.028752520411198898,0.04697715928998777,0.07093180841569431,0.09824645489703504,0.12194327835256008,0.1360840247248207,0.134385019667471,0.11831719168346942,0.09097775427230358,0.06194426998975309,0.03738472217631309,0.01941460351039566,0.00866525633821439,0.0031186989720027765,0.0009255280468052749,0.00024790929825141314,0.000041318216375235525,0.000004958185965028262,0.0000016527286550094206
0.021837827121332268,0.028474425059476567,0.04643470790378003,0.07137853555379331,0.09766058683584447,0.12232850911974605,0.1355818794607454,0.1345212133227596,0.11785785091197444,0.09165840602696267,0.06261895321173665,0.03762721385144067,0.019386069257203275,0.008447330161247685,0.003063045202220457,0.0008376288659793811,0.0002362542955326461,0.00003965107057890564,0.000008260639703938674,0.0000016521279407877347
0.021689624206381368,0.028213876398083582,0.04685719577883363,0.07056280564343681,0.09824415752802786,0.12213995471887831,0.13618404841011666,0.13426894472494774,0.11762838057972404,0.09195143773349633,0.06265266667438445,0.03753636298987707,0.019288302487154088,0.008320282072611866,0.0031405715873365,0.001035280575920299,0.000248070425540008,0.00003472985957560112,0.000003307605673866773,0
0.021721796899296618,0.028315588875581464,0.04682981862936471,0.07132246388798824,0.0977290623118304,0.12252443309269688,0.1357020916183078,0.13432907422234278,0.11818536727388222,0.09223533849014405,0.06230355925810738,0.03695236456754914,0.019109755371310228,0.008362172212774686,0.0031149298272314017,0.0010057765984900124,0.0002117424417873709,0.00003639323218220436,0.00000661695130585534,0.000001654237826463835
0.021588715222680632,0.028215249127261186,0.04630639743996616,0.07121251190098384,0.09811038823653867,0.12219004548820482,0.13647287898021793,0.13520178779223524,0.11803461863958531,0.0918045197291865,0.06221073997672697,0.03669470009520787,0.01910603776578864,0.008434822278641702,0.0032231831164709615,0.0009372024754046335,0.0002297551041997249,0.00001818205860573363,0.0000033058288374061143,0.000004958743256109171
0.021767467404214202,0.02838918425344817,0.04652405355600916,0.07140966641633281,0.09865249799016089,0.12223957282234346,0.13563353768076142,0.1342655237326434,0.11856892838356001,0.09127316277546374,0.062367871687900936,0.03704389885629403,0.019142270142227136,0.008406586317213818,0.00314626666181438,0.0008618322454286503,0.00026136179419909136,0.00004300890284288849,0.000001654188570880326,0.000001654188570880326
0.021528676760285925,0.02876615271537782,0.04674561894324906,0.07129542873602417,0.09826214495479058,0.12270435274914825,0.13664626091332577,0.1330093133668169,0.11831253579835718,0.09101639192289737,0.06225189462287983,0.038051377471121285,0.019032310397001706,0.008123123172835298,0.0029963018020851607,0.0009601409089554659,0.00023341356579779435,0.00005793953760938159,0.00000662166144107218,0
0.021906319397708502,0.028297316112091304,0.04641533706926914,0.07087640159601295,0.09958049266068854,0.12147854427480788,0.1358314165855046,0.13463589507851917,0.11804906764204465,0.09132097685516663,0.06258877532628807,0.037281089760019315,0.0191283441117672,0.008380225445922911,0.003004512556282937,0.0009673306799259865,0.00021330881659906384,0.00003472469107426618,0.000006614226871288798,0.000003307113435644399
0.021757834474999172,0.02841755187133923,0.04675038882822067,0.07070882557331479,0.09955326119328897,0.12254045468082994,0.13631490122108605,0.134063006717628,0.11773056686190805,0.09100234951520564,0.06247063105992919,0.03713226777854992,0.018999635990601945,0.008178629339157485,0.00303120553294285,0.0010556272543763862,0.00023329693239352727,0.00005294682153611965,0.000006618352692014958,0
0.02210627080057733,0.028390463105789687,0.046462682544957334,0.0714242019935488,0.09959642953388521,0.12218050395882615,0.13597233037558012,0.13395365139513699,0.11744545350838467,0.0915746192037378,0.06252448950237331,0.03685039786658202,0.019036093186586438,0.008211939800049927,0.003083404011897144,0.000919234654485154,0.00022484876440644048,0.00003471929450393568,0.000006613198953130606,0.0000016532997382826515
0.022435605941599296,0.028828298495418788,0.04670832554778564,0.07101246293941493,0.09868657121171787,0.1221242391521828,0.13528663768513755,0.13502702756331922,0.11838717625212279,0.09135630579757356,0.06194595148763218,0.03665628777368611,0.01884405699516993,0.00844477001354272,0.0030524858909339848,0.000978912051697139,0.00017858530672853215,0.000038032056062557765,0.000004960702964681448,0.0000033071353097876324
0.022105210950932416,0.02861724639597937,0.04690186483269411,0.07116287528104746,0.09822113477053299,0.12236476656526916,0.1364634307631265,0.1347424282502315,0.11727119428647005,0.09167603491601639,0.06200072741700833,0.036893268086231966,0.019031874090728738,0.008277674910726094,0.003043578891680994,0.0009754000793545825,0.00020499933871181056,0.0000413305118370586,0.000004959661420447031,0
0.022272625003308722,0.028878477461023323,0.04651889938854919,0.07188351994494298,0.09858155324386562,0.12270209640276347,0.13577483522591915,0.1345075968130443,0.11766457555784958,0.09007318880859737,0.06192924640673388,0.03731405013367215,0.01934937399084147,0.008263519415548322,0.003025821223431006,0.000992614944810609,0.00023161015378914224,0.000034741523068371316,0.0000016543582413510151,0
0.02190316079306088,0.028738694315470385,0.04727455645975294,0.07168126656760575,0.09907635080798625,0.12266564296375228,0.13613483755886568,0.13416575382813037,0.1173209871231852,0.0906605862243564,0.061456923397678796,0.037032011675508236,0.01927054548583418,0.008387634816047866,0.0030115398234774344,0.0009382104834679702,0.00023165690949826425,0.00004136730526754718,0.000008273461053509438,0
0.02197827632383818,0.028786350786119342,0.04688610775869193,0.07163853389984626,0.09919486831881229,0.12257179228594565,0.13686411956288125,0.13431811794269843,0.11680526394101211,0.09022434572718102,0.06174715228065533,0.037070775538545486,0.019265296675318667,0.008413378081240593,0.002995685023228131,0.0009291252665862086,0.00024633392299171724,0.00004959743415940615,0.000013225982442508308,0.0000016532478053135386
0.021907188792409202,0.028018976970001636,0.04688515427469643,0.07196399071987143,0.09956956210426753,0.12335195863298345,0.13636762009018863,0.13425594435891544,0.11680030691230674,0.09020840602381547,0.061255132430345305,0.0372164244385539,0.019610307358784787,0.00840370874418958,0.0029484086365387688,0.0009376038681533833,0.0002463897290209068,0.00004795504793024358,0.000004960867027266578,0
0.021690288470917325,0.02827838294931714,0.04669694269432397,0.07221444288857774,0.09935871471815028,0.12301303235853782,0.13659260777775387,0.13413426486950286,0.11681675178010811,0.09037344659014449,0.06176937866912226,0.03694623222165096,0.019218719777013255,0.00852567207656407,0.003139470869380487,0.0009588694598423819,0.00021161257044797374,0.000056209589025243054,0.000004959669619874388,0
0.021724570742524898,0.028684966438291593,0.04659446641100565,0.07238381563302558,0.09900497265617893,0.12349451883308776,0.13568554688468962,0.13434770889042136,0.11696739081902476,0.09082249750705713,0.06161827132809774,0.03720644874294493,0.018640432473908848,0.008516521224328479,0.0030973678161489763,0.0008880333781484249,0.0002645909506587487,0.000052918190131749785,0.00000330738688323436,0.00000165369344161718
0.021606261264466926,0.028472931351504333,0.04729048712147666,0.07200321735518181,0.09922992007917608,0.12269311164917591,0.13533082984262432,0.13400350532833077,0.11725637719848467,0.0906602363696847,0.0625282387462907,0.03725445737749143,0.0189516122358798,0.00864084948768915,0.0029674474490378557,0.0008672294831543977,0.00020356722600761622,0.000033100361952457953,0.00000662007239049159,0
0.0219377883613633,0.02839046815829075,0.04703907658216335,0.07193530783350698,0.09886557192703944,0.1224438160440542,0.13594946337914038,0.1340344958740553,0.11799705644027715,0.09118585768384842,0.0618445205139654,0.036885449223594775,0.018947925451869484,0.00834449570868681,0.003064278745183642,0.0008781068611400505,0.00021001802516908938,0.00003638107522614146,0.000008268426187759421,0.0000016536852375518844
0.02215317422560524,0.028790371603763604,0.04705174965641188,0.0724409292737076,0.09891538481869118,0.12221165028015644,0.1354397927899355,0.1341480336187758,0.1176161592134475,0.09154475895972095,0.06139159794904324,0.036762276667723866,0.01893533935934031,0.00822959615181309,0.003151760228353948,0.0009283486626493286,0.00023621683053176871,0.000046252246537688976,0.000006607463791098425,0
