0.10623348546721115,0.1000480422772039,0.09926735527263993,0.10058851789574827,0.10094883497477783,0.1046120586115782,0.10010809512370887,0.09764592841700695,0.09752582272399718,0.10857554648090317,0.10190968051885659,0.10010809512370887,0.09716550564496763,0.09632476579389862,0.09902714388662026,0.09866682680759067,0.09722555849147246,0.09866682680759067,0.09746576987749221,0.09770598126351192
0.013395499469540453,0.01652241889552739,0.025445306828968672,0.03246970796806075,0.039410352336813864,0.04542967223183873,0.049879948629180874,0.05266625718912277,0.05513429002177676,0.062225696577139986,0.06595566474956722,0.06813334077837958,0.06650287564911497,0.06366631302696968,0.06430286448154558,0.06358814004131998,0.06071807471103915,0.056893182198894415,0.05092411636607292,0.04987436484449159
0.009800590917981822,0.013582191475270323,0.021262066291251866,0.030571941347443992,0.03963474268301471,0.047544533322352284,0.05199186029353727,0.056761755733311374,0.06379649361211485,0.069715968168669,0.07400201090555955,0.07400887406446564,0.07223817906667905,0.06794527317088234,0.06638733609918639,0.06333666196540283,0.056888724173075146,0.04799063865125202,0.03822093194834787,0.034638362999337695
0.009019143138467169,0.012574133864578329,0.02038538160335233,0.029911153854960952,0.04041583659636831,0.049503675207803806,0.056573584300794566,0.06333150145405418,0.06909047193789924,0.07573962125895903,0.07756291360399349,0.07820979597444527,0.07619186645600054,0.07025829497836092,0.0659963133429507,0.05947310572233291,0.05077740376909163,0.03960007785486939,0.029146916718188278,0.02631609076961828
0.008749549842000886,0.011742149498105533,0.019624352660116758,0.03000461570455432,0.04139424710757635,0.050625656216238164,0.05931433962455556,0.06735124497217898,0.07352411578824569,0.08003682419237854,0.08211642734323088,0.08106394526078729,0.07787860189801829,0.07202274375738638,0.06407206585748124,0.05473921269268031,0.04395570952508966,0.03340045548381206,0.024980598824263386,0.02342343256252758
0.008288855888459578,0.011360513267019406,0.01930756066523323,0.029610315225951575,0.04174451662967591,0.052280532389818724,0.06230152589776693,0.07151187899979446,0.07787228833855671,0.08305484409606666,0.08553988420082637,0.08340358113679036,0.0786944763286073,0.06968736070726647,0.06089272063391618,0.049897111025402396,0.03986226041649826,0.02989669531237369,0.022998168553157006,0.021797219803644876
0.00807551396435488,0.011001765583518938,0.018414651350692774,0.02929244133602944,0.04160877576234306,0.05372845923981585,0.06476228747803706,0.07407755742421457,0.08150326825326934,0.0870458324961418,0.08745623447633134,0.08539994955475656,0.0777262875293373,0.06823787924776734,0.057689265850707716,0.046666125164053905,0.03675448984041348,0.027864584446619954,0.021163489613837384,0.021531141387757188
0.008029834834293228,0.01046263231091713,0.01832814309818963,0.029015218009915553,0.04216114177157354,0.05474395507941659,0.0668678634266774,0.07756095019378213,0.08493950069537123,0.08903557816013177,0.08953456215657274,0.0852801725001703,0.07719021911208906,0.06625265022624616,0.05483814081368457,0.04398473790314501,0.034337713971952684,0.02594917176672398,0.02098137527203645,0.02050643869711071
0.0076083139960918394,0.01045546836834392,0.018147746702491446,0.029179515754763075,0.04290005190522717,0.05689919699560333,0.06977818148510016,0.08104657730825597,0.08837055752320468,0.090362802271617,0.09100780105031754,0.08539173180263801,0.07520914753297508,0.06373465742550073,0.05236893930141671,0.04221116267708842,0.03283005617977528,0.024574835124572546,0.019071354421104046,0.018851902173913034
0.007642663667670009,0.010195118544898579,0.018197955830953617,0.02907115634107707,0.0435920335475999,0.05915116633773259,0.07204942464102082,0.08351433895277682,0.09044584348618662,0.09397591247046029,0.09245987555633961,0.084385371070708,0.07439239078102546,0.061911272331683136,0.04981054132624747,0.040618763575421456,0.030925315427559164,0.02309521446868877,0.01769812305441929,0.016867518587531376
0.007475381684509914,0.010523491373527592,0.01802928260305705,0.029956979437781184,0.04402228840770256,0.0600248642750454,0.07480211435777726,0.08623252569159354,0.09504592735696335,0.09713703077624836,0.09330542810378602,0.08530592896688044,0.07295428729864858,0.05880311608396611,0.0480792794726627,0.037514645773520434,0.028797839133506843,0.021603298541236236,0.015677014855957138,0.014709275805629344
0.007516721893595139,0.010410202772186725,0.018459564219981895,0.030741915920297434,0.045409719353449424,0.062434848338357954,0.07749114464767563,0.08940434022131788,0.09793360463378835,0.09903579935485572,0.09456901022210895,0.08498677190546086,0.07157058353036314,0.05763054503265274,0.045314793492304856,0.03505752682973992,0.026749756093273454,0.018904309458307324,0.013635924164784267,0.012742917915498397
0.007625928504099393,0.010379109156842764,0.018673369660504705,0.030913392852493046,0.0470783476055487,0.0641668156670908,0.08036996082012146,0.09273670670293598,0.10056747462508313,0.1029474309144344,0.09555932444654298,0.08479831128995016,0.069739142208898,0.05590380185431751,0.042702074953867734,0.03245663219693748,0.024059951984251676,0.016868005298050034,0.011665431265091718,0.01078878799293825
0.00766943694983397,0.010644353076114861,0.018929408507572285,0.031436093470832926,0.04793913975055415,0.06623745333422754,0.08311365383325682,0.09608807127417557,0.10387616094812123,0.10470157120281189,0.09773201336476772,0.08455812177896543,0.06922096748399478,0.05338684743151244,0.04040039275771286,0.02975603968159799,0.021130502520080682,0.014738731860319947,0.00984817610127784,0.00859286467226914
0.007874581384927462,0.010597503531931049,0.019419634457964033,0.032432192054951035,0.04933072899741048,0.06805766027099235,0.08575665422651571,0.09969452644757863,0.10732794450164714,0.10714322365247854,0.09847160601095326,0.0845371545463564,0.0673153561178519,0.05128740169601107,0.03761463810106968,0.026644272114335364,0.01851313399445153,0.012701268758573272,0.008409929771869749,0.006870589362131539
0.007754645206242559,0.011044236571192995,0.019955604996908023,0.033018570603557396,0.05084130745498746,0.07038294523196645,0.08790415040468279,0.10253439931312103,0.11024134459278744,0.1095650277766894,0.09963662877361783,0.08418355613174033,0.06518535680396864,0.0491701064560147,0.035151438749035355,0.024391698168493178,0.016400256898176,0.010318516259712475,0.006943746454447424,0.005376463152658505
0.008046595560112653,0.011451969124160324,0.020583327250288174,0.03435930256048103,0.05194467880672723,0.07213755943700995,0.09110647479327548,0.10508276619547113,0.11373540281359229,0.1107646133135507,0.10025311126540357,0.08270338449315785,0.06436767169890115,0.04650558763065106,0.03292992841246103,0.0214066603402997,0.013910085236194743,0.009182285946128552,0.005437393582076123,0.004091201540057276
0.008139202358168902,0.011542099643465711,0.0208234977587581,0.03508825365883374,0.05300126741425495,0.07418180710598052,0.09379203914939414,0.10968801980482838,0.11540069073230819,0.11272541444784569,0.09979914276093249,0.08219240668260666,0.062060994945572254,0.044396726043924625,0.030182734399721134,0.019919894004233742,0.012298487055960825,0.007365893527049733,0.0043065010398211775,0.0030949274663390693
0.00822858919402067,0.011913713019926032,0.021287884036030068,0.03608920669303646,0.05450637757903752,0.07576215828966999,0.09676618134323693,0.11199498512264318,0.11837847793065345,0.11388063307757686,0.1001894096198459,0.08085982843307048,0.06037621718068597,0.04182049510086359,0.02742975707920567,0.017741311403945997,0.010582269840277504,0.0062128382887913745,0.0034384351149552503,0.0025412316525271227
0.008677410930167901,0.012171964380491835,0.021900774227247073,0.036551276758860655,0.056165595329362494,0.0785415209900673,0.09903706012687553,0.11398074120253751,0.11981735313692615,0.11485859190052147,0.10105055644950676,0.08029722238603527,0.057885913107945296,0.03955888423659846,0.025218409590645245,0.015612599937657439,0.008842534477965276,0.005044692878625767,0.00284079899577924,0.0019460989561832871
0.008747411136742494,0.01274646820118204,0.022650659212985567,0.03762649648924885,0.05783394231254945,0.08048628533903583,0.10145144723770391,0.11625385172338316,0.12227853642930508,0.11567293606560138,0.1003738065971813,0.07860714947212445,0.05600363703716174,0.03715839633602182,0.02318611190624527,0.013824108841704692,0.007609153210190441,0.004019262826449343,0.002008789506474263,0.0014615501187088512
0.009122562791174686,0.013088675143622363,0.022974533826281257,0.03849768573393255,0.05941098439950976,0.082015639159433,0.10415962635489223,0.1192927239743842,0.12265357967279154,0.11655898142030201,0.09971939629011292,0.07711642279867313,0.05455548101931947,0.03490145244784285,0.020975505599464685,0.012328741789105048,0.006610747676907274,0.003344043013572881,0.0016728621410281625,0.0010003547476500065
0.009463494590609392,0.013322786617090385,0.02350003190885487,0.03917735613304985,0.060641938983551816,0.08448793005579013,0.10622793670626726,0.12154754587317741,0.12433705155463298,0.11718778864918061,0.0983968319545349,0.07528138571759656,0.053000607947656035,0.03316001786895872,0.019308216026306335,0.010672672249036855,0.005553820161693922,0.002485531853434233,0.001356966038901933,0.0008900891096757727
0.0098305863955691,0.013689666223152128,0.023934684234987774,0.04065121133160067,0.06256575116988843,0.08588298263246291,0.10833443792502313,0.12363317265019792,0.12576573372013616,0.1166197145287644,0.09802398334219804,0.07390809014139332,0.05039622682664509,0.031282036654546916,0.01756720251947576,0.009521860009362462,0.004676198034553864,0.0021375946523220757,0.0009983271727877826,0.0005805398349320551
0.010210269571218936,0.013910759396128307,0.0248145567118074,0.04133190830692121,0.06405080509525118,0.08812325361673047,0.11124922103767833,0.12456026320550537,0.12715680427775952,0.11635519341718212,0.09672199253536323,0.07232623277069358,0.048193477488826485,0.029729557683416306,0.01604662382653095,0.008246949483037048,0.0040439033215623485,0.0017438704878816917,0.0008074405140816286,0.00037691725242399674
0.010480561464632084,0.014415168925143636,0.025686336912279523,0.042676002077017126,0.06573256729368016,0.09023299442220399,0.11237332707994842,0.12623239141722917,0.12819215758530006,0.11659603691730457,0.09521951056096212,0.07063198271385736,0.04607628012931107,0.027748278923301124,0.01482554731076532,0.007165709117100217,0.003348352623909147,0.0014941123264266929,0.000571179712232626,0.00030150248739552096
0.01088405078888859,0.015151616618895827,0.026320283410570307,0.04444697436446921,0.06663530309930087,0.09193766574696638,0.11430178671881276,0.12708941630280463,0.12858281321154,0.11673609064852271,0.09435857598242747,0.06824756904449386,0.04441014170528517,0.02614281696177441,0.013571160697543598,0.006460783263239665,0.0028712732045752865,0.0011418124347057413,0.0004587340280196084,0.00025113176716401914
0.011179081083884086,0.015509866797811356,0.027428309521539355,0.04457581216868819,0.06811494564353734,0.09311942028694593,0.11593926528864376,0.12950370768116456,0.12945687029221514,0.11601621242763206,0.09289694268943632,0.06692059222532801,0.04277591822191889,0.024099509378350748,0.012883627488863576,0.005745943965755176,0.0023870340725276966,0.0008899103900383565,0.00033288001431885895,0.00022415036140063872
0.011378334207861395,0.01588688842915821,0.028045613601195164,0.0459812371954052,0.06956675768442792,0.0952511455203553,0.11779725877229631,0.130514122235628,0.1294095431621374,0.11459715449735802,0.09191735542714292,0.0653389436815069,0.04102817762834674,0.023147699434174787,0.011625652971668636,0.005312340203670344,0.0020336955104960077,0.0007235744914090152,0.0003007930911169116,0.00014371225464474666
0.011655953249328567,0.01624121797450479,0.02857319314363547,0.046800747129410625,0.07094057183108467,0.09759753494031809,0.11894146651688468,0.13229164754053208,0.12968437287699908,0.11404573246557709,0.09003109700831091,0.06312876298003817,0.03978681106272314,0.021951516709425748,0.01085974965489498,0.004673731791224402,0.0018511316273099514,0.0006493148809951047,0.00020197198097791165,0.00009347463582448804
0.012008068781523887,0.0164495692812344,0.029376971937792297,0.04834428135954631,0.0723754352653805,0.09862733942106994,0.12042940066438976,0.1333901729715841,0.13022172464365386,0.11374545964191028,0.0882760737936454,0.061301716701676986,0.03828166321012702,0.02083767833992662,0.00967719868456837,0.004252961973614617,0.0016267704685265804,0.0005339144101830828,0.00017519066584132395,0.00006840778380470746
0.012261628110658278,0.017206317324262515,0.029668135281625412,0.048584407546489926,0.07255213694320115,0.10040688586342714,0.12218420468744531,0.13391032495816865,0.12991153277024378,0.11353266681236036,0.0883454475994735,0.06024212961958923,0.03637616339495288,0.01970702215934778,0.009222078938193051,0.0037635691180469472,0.0014113384192676048,0.0005221618501545629,0.00012678690291292904,0.00006506170017900308
0.012631596495761406,0.017154431561486716,0.02999108102926589,0.04992623094299361,0.07440755528511536,0.10102276421408868,0.12364860922404955,0.1342030024422976,0.13023364369128693,0.11352766131250576,0.08693579174620114,0.05884353457976645,0.03513907759504537,0.018519784277605048,0.008418841534062967,0.003412548241629087,0.00137368820278572,0.0004584517667063994,0.00012503230001083618,0.00002667355733564504
0.01277448902043918,0.017620961828193536,0.03120208524992334,0.05076130288121811,0.07602695892164316,0.10193425596309479,0.12402670559844271,0.13472461101555935,0.13024645680839436,0.11201885257923017,0.08657153713851444,0.05768935909230299,0.03399697345439516,0.017694292228310867,0.007839686412543494,0.0032198712051517936,0.001113288801781262,0.00040331720064530754,0.00011166220017865951,0.00002333240003733184
0.013166798334650022,0.018546852135188016,0.03154364876982102,0.05144384777181107,0.07646743134098007,0.10340270069367359,0.12556458897922312,0.13524301909685763,0.12947796144628107,0.11146111461114613,0.0850441837751711,0.056442231088977564,0.03326033260332604,0.016920169201692023,0.00768507685076851,0.002933362666960003,0.000968343016763501,0.00030166968336350035,0.00009833431667650014,0.00002833361666950003
0.013455214499196622,0.018408718166454376,0.03173072920569112,0.05269029363037706,0.07843685739737091,0.10430163923507914,0.12629353047445407,0.13518486142677552,0.12923066676656922,0.11115995237976309,0.08342033184311963,0.05548257115978588,0.032581566306184806,0.01664543736523556,0.007044797988627754,0.0026241081612094876,0.0009340892629686055,0.000299707784909713,0.00005661147048294579,0.000018315475744482464
0.014063634365487986,0.018477877167158426,0.032709689021506734,0.05377683346765331,0.07957292908571387,0.10575699851470967,0.12702728804641034,0.13572589400488877,0.12905374353099464,0.10931037238825353,0.08262510073998093,0.05412983968189478,0.03151413023931157,0.015808683952870335,0.006840327962754514,0.00251433671464443,0.0008075849712599658,0.00021480095111863003,0.00005827932782288411,0.000011655865564576825
0.014002898758126759,0.019181392036236138,0.0334638495574485,0.05420943943475882,0.07999540724889216,0.1074454153194874,0.12747879596703207,0.13611017277729984,0.12949228467735094,0.10816927283104835,0.08184914809459073,0.05316941427447013,0.030731495456338093,0.015024619475594364,0.006356633779684398,0.002291383433148015,0.0007454900348949243,0.0002246454346223544,0.00004825716743739463,0.000009984241538771305
0.014322767193892232,0.019718136459752674,0.03399099274461753,0.055259694778154324,0.08159601777493843,0.10836656568026072,0.1288782855935488,0.1361270132812929,0.12832427450334485,0.10766282186297459,0.07985246335291508,0.05235654356972804,0.02959550535627238,0.014655506587408145,0.006147360295206391,0.0021594786639182397,0.0007603095141838487,0.00017468818159585155,0.000038265030254329356,0.000013309575740636297
0.014602133441546568,0.019982304476102723,0.03431168736133794,0.0555113906619523,0.08277979384049414,0.10954261062197104,0.12987250574605594,0.1361058538256592,0.12819276146633357,0.10750862324167365,0.07900120076769303,0.050946145070033665,0.028721964070103537,0.01402835940540379,0.005900725449955261,0.00205394473807631,0.000665245259295971,0.0002045629172335111,0.00006153518648487733,0.00000665245259295971
0.01477385330557902,0.02050649411107491,0.03460200708932146,0.056380389314144706,0.08334441732561003,0.10981964127767394,0.13025796883624732,0.13655755584669502,0.12871175191365128,0.10622510258234855,0.07868914056940687,0.050343492920654126,0.028028091270026007,0.013545192761709679,0.005569706119028776,0.001893700080469784,0.0005503202165368733,0.00014963389573510147,0.00004322756987902932,0.000008312994207505637
0.015379139194017339,0.020713435040352356,0.035771551752816017,0.05678438599876247,0.0837752243830713,0.11061303650674312,0.13057298354635027,0.1363463982275567,0.12836408274063374,0.10611872176499153,0.07715184862376166,0.04954391521014498,0.027709396477734675,0.013173565046140739,0.00541413563449345,0.0018346517987238942,0.000562205174948936,0.00013639297143731573,0.00003492990731931258,0
0.015470388605387034,0.02095087020935905,0.03651769932840823,0.05742700035084395,0.08488261692996593,0.1119092395000391,0.13008162525544265,0.13768712369493538,0.1284371482207556,0.10587505632624825,0.07578727883114099,0.04831836011220354,0.026486223140069865,0.012710194593677825,0.005104696154185101,0.0016877089890872568,0.0005038185455107771,0.00012969586320079408,0.00003325534953866516,0
0.015638862398612393,0.020965346287909255,0.036913231145476476,0.05827731609010163,0.08542643437924699,0.11243599413854172,0.13122489192520995,0.13683547710741692,0.1271943086702398,0.10563251580832633,0.07603780042465666,0.048074590711382995,0.026054248394246197,0.012156544796626674,0.004784863880591062,0.0017544500895500562,0.0004419353445268136,0.00012959006343267462,0.0000199369328357961,0.0000016614110696496748
0.015224163484247235,0.021348350037923482,0.036821464195084384,0.05878389255952825,0.08659168272398507,0.11258877166078313,0.13176627183089942,0.1380331901037129,0.1268071744264591,0.10484474606201524,0.07558474363889539,0.047028441784544815,0.025792949385008857,0.011876606769134762,0.004746659496887288,0.0015534521989812944,0.0004547498958556356,0.00011949632299856104,0.00003319342305515585,0
0.015504287925388107,0.02169703531975102,0.03709669919422873,0.05924876610047894,0.08684460505251132,0.11304379595985092,0.1322331754561941,0.1377466968692498,0.12775925175535907,0.10436498183195055,0.07417014859936628,0.04648961398707312,0.02524096745693807,0.011784321670796271,0.004723028583954988,0.0014896472010575332,0.0004184962036415812,0.00011790964467679471,0.000023249789091198962,0.000003321398441599851
0.015823540730812356,0.02169412576554818,0.03801033780331633,0.060985077201759684,0.08725922141345245,0.11314851800489684,0.132110557431872,0.1374586122925638,0.12770637453635814,0.10332992721071733,0.07351418959717074,0.04586156102157137,0.02495040110411455,0.011474099091626916,0.004540206623360248,0.0015808611297268237,0.00042631826898194535,0.00009952955696076539,0.000026541215189537453,0
0.01640272338334393,0.022223365911886835,0.038484972747904425,0.060572202696488206,0.08847177420024278,0.11427784021954417,0.1325084379394328,0.13694779849885197,0.12679072748070436,0.10253362309264388,0.07299543944522936,0.04537478064677864,0.024414822882131156,0.011342450015688838,0.004529011071838281,0.0015854859140782833,0.0004233496419790182,0.0000979514857912239,0.00001660194674427523,0.000006640778697710093
0.016428737425716274,0.02263371070017595,0.03849971780485378,0.06149530228080075,0.0889977092394011,0.11530161681219084,0.13316622954085194,0.13814614388632518,0.12569967796553896,0.10159191261910294,0.07192490289167029,0.044317917731815,0.024084525746157163,0.011261246306563529,0.00449686265396235,0.0014441751601872448,0.00038345340460144085,0.00007967862952757213,0.00003153945752133063,0.000014939743036419774
0.01678275972469439,0.022182372545083873,0.038912048518548625,0.06152074994069548,0.08950584004206888,0.1160244915157236,0.13250699627252535,0.13878083212097786,0.12532078344981343,0.10156082817287386,0.07205123909087441,0.044170657624734364,0.023431499566206212,0.011048055724667856,0.004309737052956019,0.001398425071455706,0.00039812813422226485,0.00007299015794074856,0.000018247539485187144,0.000003317734451852208
0.017061550027133197,0.0226674167708017,0.03903362690284988,0.06231672649245002,0.08958102037395678,0.11542144401684083,0.13400643562795497,0.1384539557206227,0.12514624541349492,0.10081100860794281,0.07134950703886438,0.04413997739730462,0.023231654394498348,0.010723833895081678,0.00429318450736247,0.0013591488641398774,0.0003202878275689823,0.0000730189865960374,0.0000016595224226372135,0.000008297612113186068
0.0169526939742733,0.023169621462246548,0.0390112614442707,0.0627264601653978,0.09055421694738747,0.11615157429717544,0.1345685379358607,0.13834943808858913,0.12489739333467104,0.10072119012123758,0.0703678583688069,0.04327804043241558,0.02282303894824644,0.01055501292636697,0.004086025428211816,0.0013614557128903825,0.0003515573826221205,0.00005804013392346331,0.0000165828954067038,0
0.01719445757357149,0.02318299791868786,0.03928455931739595,0.06327686426693864,0.09114157068583797,0.11693159863014836,0.13516422464903774,0.13745449720971498,0.12494506496844858,0.1003706559864673,0.06964352347073308,0.04246042604708242,0.022781661235354113,0.010496115160410295,0.003995124256822309,0.0012836140202492606,0.0003416337056477357,0.00004146040117084171,0.000004975248140501007,0.000004975248140501007
0.017287875447736082,0.023609635462852614,0.03992786497224492,0.06395850909892543,0.09105886993981566,0.117355336284814,0.1350890831127458,0.13781900936992902,0.12508266853192287,0.09925859379791258,0.0692675278006607,0.04171300800745218,0.02265656466875403,0.010381012840764243,0.003915049070714537,0.001258053448210133,0.00028011993774375803,0.00007624566352788682,0.000004972543273557838,0
0.01796913466655394,0.023862692535324033,0.04063487958408558,0.06346806454233335,0.09134766023265868,0.11820935310120517,0.13547888680555897,0.13772192022228075,0.12503792268248903,0.09879459748906246,0.06853271131844943,0.04135603223469454,0.021974433066258167,0.01013924048534402,0.0038842773801767566,0.0012168414840161071,0.0002834875936876763,0.00007957546489478635,0.000008289110926540241,0
0.017782860173353888,0.024289431379373196,0.040570775120568774,0.06398515056596893,0.09239960887651434,0.11753426473756608,0.13529392267024642,0.1388985564891695,0.12374915063226108,0.09818359601584381,0.06841014932299176,0.041855184872139066,0.021362634448698195,0.010096289298795143,0.004038847180099107,0.0011965726975919383,0.0002850560997033428,0.00006132020749432375,0.000006629211621007972,0
0.01806274269533611,0.024020732080908106,0.04069581632568574,0.06481424750991482,0.09253926593199148,0.11867460402884604,0.13543082820689029,0.1377391765124732,0.12421364641204181,0.09713940337310291,0.06835294215053941,0.04086637577724603,0.022013760670315203,0.009882512688464056,0.0039742008130552505,0.001230346335041688,0.0002881295589465057,0.00005298934417407,0.000008279585027198438,0
0.018049249328870188,0.024212043880290322,0.041490736751400276,0.0657508368408842,0.09334504358201041,0.11877009246677492,0.1355781659099195,0.13754184204421172,0.12320452059788557,0.09708845656712956,0.06746428926523713,0.041098001524541815,0.02139164153382163,0.009699068703808041,0.0037682696450468964,0.001135120803367249,0.00032147946839889953,0.00007456997978324992,0.000013256885294799986,0.000003314221323699997
0.018414285785338526,0.024563433708073807,0.042291349248059835,0.06538754221425691,0.09407582899101918,0.11922284319755688,0.13543212312222197,0.13597757194038856,0.12362953912061715,0.09698212618933538,0.06719962597795327,0.04069147657471405,0.021088477103583875,0.009675499400669463,0.0037451941648581743,0.0012616612480996338,0.000281842854371797,0.0000696317640212675,0.000008289495716817563,0.0000016578991433635127
0.018606685286604575,0.025358897646665154,0.04182362744221027,0.06599972832119061,0.09342272228793314,0.11968445500236892,0.13600837565890395,0.1364871267315382,0.12236314179977267,0.09636646158229714,0.06765630642719174,0.040942327889817665,0.020957369619020172,0.00923376636285024,0.003589804755704425,0.0011678875647307887,0.00024020382537016233,0.00007288943666404927,0.00001490920295401008,0.00000331315621200224
0.01891947871185823,0.025020505215366903,0.04211398414263346,0.06636399035633508,0.09409201249368274,0.11960298589075484,0.1358149476806323,0.13705437403169815,0.12231713076113698,0.09591304131697335,0.06704998301588222,0.040718801004134185,0.02089626432258225,0.00924433103288291,0.003388538620226843,0.001130065202442399,0.00030157165226468724,0.000049709613010662706,0.000006627948401421695,0.0000016569871003554237
0.019037996488554667,0.02497267035478849,0.04222513002285752,0.06708185642826382,0.09511710338887601,0.11949183423327925,0.13567760956703218,0.1360983204690761,0.12138006426607484,0.09665418888925698,0.06677212044920001,0.04007022890648292,0.020951071653360718,0.00941464868983337,0.0036572034319409022,0.0010584026236459404,0.0002650147414449927,0.00007122271176334186,0.000003312684268062411,0
0.01907917626203218,0.025209165161782,0.04275418744512004,0.06744644543481504,0.09395284878808466,0.11971868321211415,0.1352159578521844,0.13636077469805669,0.12264451034642723,0.09562451332858396,0.06621216388608163,0.040598750807667464,0.020790602892692057,0.009392137046670752,0.0035123179641809834,0.001121622293278549,0.00030152918371742396,0.000053016120214052595,0.00000994052254013486,0.0000016567537566891434
0.018693416046977107,0.025685635132089973,0.04356053074588089,0.06780132819024137,0.09460870083906629,0.11932503545817262,0.1351685423045824,0.13647751222809876,0.12150886122930499,0.09579340146604631,0.06636477512228098,0.04004619503983244,0.020830847947402607,0.009253920282074736,0.0034911387706949805,0.001067059026258931,0.00025185244098036876,0.00005964926233745578,0.000009941543722909294,0.0000016569239538182155
0.0191590866563668,0.025456580740564096,0.04337372141661327,0.06747409714667049,0.09463462777223043,0.11906784502501283,0.1351170989466642,0.13579934127185206,0.12167758751165358,0.09598752092678976,0.066925984987357,0.04034668508058572,0.02073884194333083,0.009337777844014898,0.0035503095757346936,0.0010250194157554926,0.0002566688359323122,0.00006458119097651729,0.000006623711895027414,0
0.01929687668255413,0.026503385402429667,0.044122056721021964,0.06766994521396703,0.09454276773008231,0.11858103014971313,0.13490087323005662,0.13606882464327782,0.12139902355948519,0.09608181292566026,0.06629491021684132,0.040199065307535684,0.02033063793340523,0.009068604306344548,0.0035154509203622814,0.001070207961618301,0.00025512697537030687,0.00007952009621931641,0.000014910018041121829,0.000004970006013707276
0.019844899582421943,0.02615993902034864,0.0440031152647975,0.0676907271160602,0.09499072048783719,0.1200023198780407,0.13483462583681316,0.13549910518989852,0.12194273215350962,0.09518956717703984,0.06602372903824485,0.039477696029694434,0.02042486909259627,0.009077351362099823,0.0033986213296215264,0.0011234837939948293,0.00025518658447670165,0.00005633989527407701,0.0000049711672300656195,0
0.01982546304961003,0.02612422963086876,0.04323342205379873,0.06770470163257802,0.09567400777449653,0.11980409726236355,0.13453820914952572,0.13666153777355244,0.12178498730474735,0.09552825666769904,0.06528324574464738,0.0395498940820082,0.020610531511223665,0.0089736306435077,0.003350619193764503,0.0010616643120133688,0.00023850181112312826,0.000051344139894562326,0.000001656262577243946,0
0.019749500756730255,0.026281887818464224,0.04353268842914719,0.06794841649638855,0.09551691134830456,0.1203747553459598,0.13441317803528316,0.13601771113105504,0.12175905840897872,0.0950367105250085,0.06539176107856416,0.039639750030633504,0.020615518103571033,0.009069172100663339,0.00331504154565054,0.0010531300814354354,0.00023182108710842925,0.00004305248760585117,0.00000662345963166941,0.000003311729815834705
0.020055322743610556,0.02646050386762295,0.043854040713564024,0.06855382372915045,0.09576135027247279,0.12036175111390854,0.13482848293111158,0.13488811223560196,0.12137213655110726,0.09552614579364949,0.06529574478657678,0.03876236065790999,0.020472727875043478,0.009144816391433257,0.003277955377403809,0.001058420154704918,0.00025011180494591945,0.00007288026104384411,0.000001656369569178275,0.000001656369569178275
0.02022434309816128,0.026632252592237955,0.044625092565135194,0.0682637845431548,0.0958171327089984,0.11974408121544854,0.13648118297828635,0.1350432136295639,0.1208639743948684,0.09497886947114864,0.06486434548373256,0.03902893996146638,0.01998247267775405,0.008853120045590919,0.0033050101966605318,0.0010287776100883154,0.00019879760581416737,0.00005466934159889602,0.000008283233575590305,0.0000016566467151180608
0.020621050503845523,0.026675149695638202,0.04449945158543173,0.06844412633085803,0.0957339642586131,0.12155584053231006,0.13479400488436902,0.13560751410800612,0.12076055656622896,0.09397936900844658,0.06532097992239354,0.03889435646615569,0.019797600230632352,0.008791201508388587,0.0032126158546485995,0.00100570284877344,0.0002551536057843652,0.00004142103990005932,0.0000066273663840094905,0.0000033136831920047452
0.020472894563020327,0.027174137968139295,0.04428978904657926,0.06861324985473467,0.09640486899631995,0.12102299910440399,0.13538895519867833,0.13570183439916436,0.12037903080287451,0.09403261558734377,0.06500768954437174,0.03856691393504361,0.01990342130922563,0.008715920584968225,0.003059263293641267,0.0010015445306563679,0.00021520791567822777,0.000044697028640862694,0.00000496633651565141,0
0.02068225794971704,0.026647752759703443,0.04472134816210121,0.06796426661987849,0.09666120988312325,0.12141039922799476,0.13585735780223487,0.13550479110009087,0.11958466649341797,0.09410717034599539,0.06497158775848687,0.03869460937099121,0.019917535807038422,0.008782717941672558,0.0032426205140852872,0.0009650065133801548,0.00022842349716374144,0.000051312524725188335,0.000003310485466141182,0.000001655242733070591
0.02048071925823184,0.02659150118011579,0.044470338211586656,0.06897636127101617,0.09677280536530623,0.12102890207852654,0.13587055470407722,0.13536242630483072,0.11990340594990222,0.09383658458268919,0.0643121729026876,0.03870548083511812,0.020139760136913296,0.00903045129084475,0.003219249956138753,0.0009848091125463027,0.000254891770306102,0.00004468881687184902,0.000013241130924992304,0.000001655141365624038
0.020622086090469914,0.026450318617762876,0.044641218041058944,0.06892331508013821,0.0972954288729052,0.1209540174946208,0.13530132656790864,0.13456535509383222,0.12002454340825909,0.09374126550708434,0.06467783468922986,0.03924795292428755,0.020097809781970514,0.008916004981451866,0.0032812750664441654,0.0009195508754752807,0.0002695805624145157,0.00004961605443211945,0.000018192553291777132,0.0000033077369621412967
0.02047217247668764,0.026707007444727277,0.04477098112170755,0.06888441638833075,0.09723330232742901,0.12106205704865722,0.13493195803941166,0.13464562237456673,0.11983064817787896,0.09372941445184099,0.06536232219879308,0.0387397258460143,0.02024211087314171,0.008844958340643446,0.0032142419718431087,0.0010195535811819546,0.0002217860062960744,0.000072825255798711,0.00001489607504973634,0
0.020459015742034615,0.027316767882805626,0.04499261574733271,0.06900799353629544,0.09767743730007883,0.1215851970568952,0.13484704994138946,0.13474605455737532,0.11918448710901539,0.09321708378312157,0.06448969184818241,0.03876898216520858,0.020235501367576837,0.008806466353636166,0.00331960237620615,0.0009917415577792936,0.0002897408557785916,0.00005298118505665675,0.000008278310165102618,0.000003311324066041047
0.020532306800778173,0.027790885384328824,0.04514590835713399,0.06908729665962998,0.0971315037874084,0.12223188045862826,0.13520758309532682,0.1353565958855913,0.11891055093339958,0.09298894821805537,0.0635903803965396,0.03861418105054017,0.019846847965561496,0.008905997764808144,0.003332919408915932,0.001018254066807401,0.00023676476675359067,0.00005960511610579907,0.00001158988368723871,0
0.021052370438363638,0.028116136181332543,0.0453943288099432,0.06873568351154002,0.09788550117012743,0.12119047028372489,0.13507818766693952,0.1347887568533082,0.11874271254558537,0.09359861734765605,0.06435122015761573,0.037819510944619494,0.0197077575727505,0.008896276265846338,0.003360705218851041,0.0009509869590744833,0.0002795074714497177,0.0000446550398174105,0.0000066155614544311855,0
0.02080036024820042,0.02789274669386187,0.04536047997774939,0.06883124623361832,0.09778520201050282,0.12181388942234471,0.13596058460866053,0.13391101074784614,0.11945969392147383,0.09261160078671848,0.06462779871131803,0.03822008251273119,0.019616640288198563,0.008570794731370065,0.003254816001907196,0.0009486315203930941,0.00027151059222420146,0.00005959988609799548,0.0000016555523916109848,0.0000016555523916109848
0.021375038680926623,0.027694716061313622,0.04554999726958165,0.07008901163820139,0.09751895985954065,0.12177831319718753,0.13523182906588252,0.13449047911395437,0.11858124152949763,0.09268363718200967,0.06356744877983395,0.03840788478627443,0.019998245913060163,0.008669491960159061,0.003120950913697269,0.000906829851912038,0.000269732236973836,0.00006288236199390042,0.000003309597999678969,0
0.021204208408211623,0.02749067537737003,0.04575104995085338,0.07001492601528346,0.09773892380451223,0.12138557107728763,0.13620402638363494,0.1346899128598708,0.11816870037761829,0.09235265110522013,0.06381616179668186,0.038561079174071755,0.019468355854737773,0.008697465225032019,0.0032317636195752547,0.0009068133453800504,0.00023663194961559718,0.0000612264485019377,0.000016547688784307496,0.000003309537756861499
0.02121929863762834,0.02759998477242219,0.045798595421464604,0.07019085782573359,0.09781070465616296,0.12210696711339745,0.13564295964526366,0.13429233970077809,0.11890586543124665,0.09232215596018982,0.06324410303773625,0.038189772033229215,0.01981902354812494,0.008558891829576925,0.003068687962103193,0.0009268960403332192,0.0002499308965898502,0.00004137928751487584,0.000009931029003570203,0.000001655171500595034
0.02117432862994993,0.027887615343236652,0.04553813050854471,0.07071461083295401,0.0972615550130343,0.12218148715190133,0.13584143666983906,0.13557661273637606,0.11837960855712334,0.09272479000289656,0.062764927380312,0.037664583936773285,0.019333802292382168,0.008514089460835022,0.003202714445317994,0.0009484007117143221,0.00022344519385939494,0.00006124053461331567,0.0000049654487524310014,0.000001655149584143667
0.021325743786610184,0.02751100373961676,0.045727570572856334,0.0705910580137009,0.09740377932951647,0.12261971737763512,0.13619320250190292,0.135041532911937,0.11791044776119401,0.09225436012840454,0.06365952940397789,0.037483866697554366,0.019297084422675966,0.008725220902141175,0.003071118906575767,0.0009216666115100768,0.0002035278154681138,0.000054605023662176923,0.000004964093060197902,0
0.021010496971422606,0.027752992572163567,0.046166147143006125,0.07047091522797516,0.09758160770362817,0.12241114158909686,0.136776812304351,0.13459994470921846,0.11804912933573256,0.092179996324984,0.0629669298220928,0.037928813946520236,0.019303766560334,0.008369766206075697,0.003223088370891887,0.0009733826204850688,0.00020030492700458063,0.000029797427157706185,0.000004966237859617699,0
0.021108585637023704,0.028198858735868707,0.046420347411793725,0.07032001417061352,0.09837319370202313,0.12251290005909944,0.13507773144369747,0.13517374728300008,0.11764257938275062,0.09262052057139354,0.06300625592856421,0.03740313574487598,0.019229654988602254,0.008513956233331732,0.003127136559355171,0.0009369821559528992,0.00029632474543386746,0.000026487128083474178,0.000011588118536519953,0
0.021375002272881315,0.027925859438408217,0.046477529882190366,0.07077339125461393,0.0978198522544503,0.12179337773303645,0.13542405353090042,0.13428843938184237,0.1183171090933435,0.0929881198560564,0.0634819880355528,0.037420717767650366,0.019183118194786755,0.008334449111427385,0.0030828535487528916,0.0009835377273501181,0.0002727457563239823,0.00005124314209723304,0.000006612018335126844,0
0.021333364210498456,0.02765380963566048,0.04643649945578996,0.07034204179665403,0.09829359552457546,0.12143161976094453,0.13600123067558129,0.1346944649373249,0.11832515639835516,0.09235194675012323,0.06346415326542564,0.03772583062331071,0.019196223281603055,0.00839307513406755,0.0031015009610517643,0.0009941344413824586,0.0002183456676580441,0.00003639094460967404,0.000006616535383577097,0
0.021801781508485187,0.028402108129416095,0.045673928958291234,0.07085123509750595,0.0971713832363298,0.12179880018152967,0.13685118872130886,0.13437834364099524,0.11780547835391,0.09153833158318399,0.06339460512324474,0.038283550694152284,0.01910699319926196,0.008452061918848277,0.0031171429612526884,0.0010633399474623934,0.0002550690839707299,0.000043063611579473897,0.00000993775651834013,0.0000016562927530566883
0.021624250927344508,0.02804534640163861,0.04576167990814243,0.07028460624671168,0.09776080633473082,0.12241609228111852,0.13616660103836115,0.13403064786719035,0.11833279837991839,0.0920114358701155,0.063061080650018,0.03801864285076123,0.01944031739833954,0.008482596366066967,0.0032659733229210438,0.0010175144851045806,0.0002200478479982264,0.000046325862736468706,0.00001158146568411718,0.0000016544950977310253
0.021324594288173317,0.02832245090493806,0.04588495245661511,0.06997525592326855,0.09843011660335825,0.1227438615655801,0.13525161995084287,0.13427013249253128,0.11790759452816607,0.09256932893070831,0.06361958671598929,0.03735279757028063,0.01933844766089856,0.008446088532485909,0.0032307985137002746,0.0010046591689631488,0.00025985418373511416,0.000049653665681868935,0.000018206344083351954,0
0.02148437823229673,0.02818190393758905,0.04608665575512245,0.07083456763971382,0.09799041130122645,0.12281610517448811,0.13519502592457133,0.13426660686831512,0.11867545547974111,0.09186218355556365,0.06277502966472653,0.037591869630767244,0.01924194004829103,0.008340877082943733,0.003318146537956782,0.0010442645712971223,0.00023500090194008143,0.00004468327008719857,0.000004964807787466508,0.000009929615574933017
0.02169321278053852,0.027826242414410715,0.04670206884222304,0.07114810976881543,0.09815164888281198,0.12211929694457596,0.13512363724247067,0.13414036609469204,0.11822759581927673,0.09206331339202059,0.06303529513032481,0.03742389580636512,0.01936249598580381,0.008510095910320373,0.003165007465577233,0.0009733391159829568,0.0002665095198524762,0.000059592190774466714,0.000004966015897872228,0.0000033106772652481518
0.021783164590897516,0.02870552100537174,0.04663116400838031,0.07110350602541231,0.09852815113673596,0.121981088049461,0.13576622525543056,0.13468062501448022,0.11826423112693911,0.09141713858282835,0.062142339402324095,0.03706431188500579,0.01916018230140631,0.008368720150130569,0.0031525433826376783,0.0009548648460797586,0.0002349927350837534,0.000047991474066400354,0.000011584148912579392,0.0000016548784160827704
0.022324344615120038,0.028518936832026675,0.04644621238554641,0.07094676718685144,0.0984668963042461,0.12189753621918206,0.13651088683872398,0.13481423664797484,0.1177352861898297,0.09123711595926057,0.06202695127174351,0.03765207426234578,0.018909546716585002,0.008114485853806959,0.0031006034187666706,0.0009806175079086052,0.00027119944569479153,0.00003968772376021339,0.000006614620626702231,0
0.022086303679230767,0.02848388692474279,0.04636800248822476,0.0706712085592285,0.09787127738246697,0.12204709428618224,0.1360201969734319,0.13481082708657666,0.11823534569614871,0.0924200136653834,0.062083193398263195,0.03720094565776651,0.01899752997367842,0.008359707302708094,0.0030854648960123893,0.0009562459570483435,0.00024485190595701533,0.00005128654786937481,0.000004963214309939498,0.0000016544047699798327
0.021917159919976302,0.028183697074898942,0.04626845666458719,0.07083818037102797,0.0972744617512878,0.1227360955518673,0.1368180155910518,0.1345361157398138,0.11789264314826059,0.0921811421413454,0.06292847675324868,0.03714913100818936,0.018663921988479635,0.008207558565729139,0.0031324412026058988,0.0009663738311261728,0.00024821245662487337,0.00004633299190330966,0.000011583247975827415,0
0.021647736203373572,0.02819963435113872,0.046553221763552595,0.0703733423780412,0.09872850158420264,0.12295894309279379,0.1360577758291212,0.13417327785177158,0.11825845252769254,0.09180599101595786,0.06287836798173409,0.03711253215972733,0.018861524970839094,0.008146855171615059,0.0030062623571942663,0.0009232220117305449,0.00024155988120548312,0.00005294463149709217,0.00001985423681140957,0
0.02139321662292795,0.027937414875593793,0.046222967810517226,0.07081852307079031,0.09837723814902168,0.12248613095040363,0.1374082317377005,0.13478556954456364,0.11796830880643128,0.0915689466166163,0.06173138889811647,0.03735674185297148,0.01921237086004718,0.008367936750489986,0.003031259342922632,0.0010214928744643398,0.00024250074743381055,0.00005979470484669301,0.000009965784141115503,0
0.01857103918463392,0.024688355018234628,0.042990273709342955,0.06708173327398878,0.09529798194132486,0.12034171402152273,0.135842019369775,0.1366148782229767,0.12128018548612474,0.09440953928641665,0.06552566477937295,0.040338746795568495,0.02194022074780995,0.009608981723958283,0.0037228334937705497,0.001330076285309126,0.0003277749600632088,0.00008625656843768655,0.0000017251313687537307,0
0.016392000307934255,0.02285312085869666,0.03966119900068003,0.06448289956760897,0.09275236403694477,0.11816243898594317,0.13476339468190204,0.1364460354381006,0.12323052361654119,0.0978846016375504,0.06848054607008072,0.043668010213152815,0.023611958846786196,0.011059972029305072,0.004540197334535742,0.001534172454181032,0.0003665884000432572,0.0000953129840112469,0.000014663536001730296,0
0.014003272102833305,0.020514277176990513,0.03654647437375384,0.06043430063874251,0.08894992059524971,0.11498287402772986,0.13296099483730786,0.13738220706471718,0.12549086153692918,0.10217482325295715,0.07400780951713426,0.04681652430375591,0.025868794947607618,0.012260240999411613,0.005140558397075396,0.0018020543788814718,0.0005182981376312115,0.000116202073561446,0.00002582268301365467,0.000003688954716236381
0.01258097656765247,0.01875628166376541,0.03433573669866406,0.05713643448584642,0.08475067484343446,0.11249867632223798,0.13220614818131315,0.13679489775634293,0.12739074781755727,0.10570286824715337,0.07724518970856796,0.04970526108498847,0.02803595944808675,0.0140597800744232,0.005833471119673476,0.0021123110391938677,0.0006390809124737817,0.0001932105084223061,0.000022293520202573788,0
0.01125689230763497,0.017154601983792015,0.03146935892920698,0.05398500695985643,0.08204245232917602,0.11025828800575423,0.13074467668811457,0.13858033835896463,0.12903592478510162,0.10756192595159964,0.08010822716524209,0.05310920173148556,0.030392304839848765,0.014624083898414048,0.006412012320902488,0.0023833082703964784,0.0006689661212449853,0.00016770738415612443,0.00004285855372878736,0.0000018634153795124933
0.010619350194240488,0.015647409225443925,0.02954917184361543,0.05162153038749253,0.07916395463556827,0.1072919911001863,0.1284150610510061,0.13798441227100045,0.13204063477380254,0.11008204166052768,0.08275222821718378,0.05571895089622915,0.032040821274508524,0.01633746183729305,0.007075836782042219,0.0026110098826724057,0.0007814379577426703,0.0002331258823814649,0.000022380084708620624,0.000011190042354310312
0.009591558679752362,0.014676488422754732,0.02801483743945622,0.049419453365373824,0.07595765864905935,0.10361503507235315,0.12631100231320327,0.1366717572109806,0.132468315104693,0.11408808138882023,0.08598341081441224,0.05814636812121485,0.03473360732439493,0.017966626990365397,0.007989534439778114,0.0030449689701379672,0.0009638346770873098,0.00026388483392099165,0.00006924637485869997,0.000024329807382786475
0.008914194558240902,0.01399384375725531,0.02660215842963385,0.04707054215378622,0.07338061607363527,0.10105000636594445,0.12394868299843474,0.13551597852055453,0.13275802670700929,0.11576657205125708,0.08976356133400236,0.060794769440470936,0.03687192468713256,0.01973442777648795,0.008807471371973368,0.003536843839638116,0.0011121679411037803,0.0002977015195883854,0.00006553178104146853,0.000014978692809478518
0.00822808068033226,0.012744105012022213,0.025105812259485796,0.04468271244993852,0.07122671337515459,0.09814938135503115,0.12200354044369333,0.13474951081066458,0.1334922615749938,0.11755653424511886,0.09280140871605755,0.06446480168478858,0.038741556937161796,0.02092182110872967,0.009586059083252657,0.0037530941575217628,0.0012647106554670748,0.00040664737889649366,0.00009326774745332418,0.00002798032423599725
0.007572786523988272,0.011974527051001925,0.024339365417296956,0.043008945412441414,0.06850990718434274,0.09589332735727493,0.12009823146021245,0.13466300633088685,0.13364707640017176,0.11911965189459728,0.09453190654938651,0.06680673053579099,0.041176910004295283,0.022391543877341404,0.010360991278689752,0.004073057314135246,0.001301660223728687,0.0003977813883130709,0.00011578613180943845,0.000016807664294918485
0.00695341825118454,0.011682264774382186,0.023237730824956237,0.04205242381354622,0.06556612833149661,0.09329589041606767,0.11793586595137272,0.13245431982740463,0.13380435329853826,0.12085783066030434,0.09733480270677984,0.06987542025385851,0.04355722631521045,0.023495057646802157,0.011210498934331316,0.004596453738045025,0.0015849840476017329,0.0003915842941133691,0.00008577560728197611,0.000027970306722383516
0.006481783375408722,0.011389233047965944,0.021876717560807474,0.040111041761763236,0.06403346157787362,0.09172124046317083,0.11585791871221365,0.13106654121680156,0.13372893513558834,0.12269555739797108,0.0987042022599607,0.07170391347685542,0.046093509832598974,0.025262000801140223,0.011745088358314624,0.005127297455913998,0.0018612536913001757,0.00045087426756220474,0.00007266155551622308,0.00001676805127297456
0.006211122458453253,0.010920063132485374,0.021364775786835016,0.03850338872899453,0.06306749605421968,0.08936774672732335,0.1139838455110946,0.1302460310091913,0.1347952836319748,0.12324575248352058,0.10087828428186794,0.07312598644508403,0.04730851360133692,0.02650821650728808,0.012892024881626595,0.005013462074087829,0.0018809766966855449,0.0005551945037600964,0.00010955343050784519,0.000022282053662612573
0.005998308454758586,0.01013628809686322,0.020561919458705523,0.03718617384336886,0.06107925037837197,0.08814026471199214,0.11350416951063892,0.13108548238715614,0.1343239012374989,0.12436381576994986,0.10294128557438349,0.07468765765498414,0.04792526040893848,0.02710552868207852,0.012935127756180071,0.005386236163456685,0.001899278867554975,0.0005879603525536397,0.00013354304537495923,0.000018547645190966554
0.005807621157553527,0.009705963666186099,0.01995372457774141,0.036235473989093554,0.06014691611605596,0.08730357530517843,0.11281257711797267,0.1301630772599161,0.13501884229803673,0.12523680436109674,0.10419577435258016,0.07574956350067819,0.04849456440058112,0.02732365149077739,0.013652548395296756,0.005518167834685045,0.0019667982194909706,0.0005455081854059859,0.00014658213145262892,0.00002226564022065249
0.00559007710259119,0.00938858183586969,0.019057502975124065,0.03622874944535519,0.05878585233359261,0.0860363178639259,0.11192221791089665,0.12954460643889254,0.1365809372986802,0.12621580928015919,0.10453499878395862,0.07649921189381266,0.04990596565750703,0.02752523517868382,0.013649367936981207,0.005779445373751701,0.0019382399518781805,0.0005885268819400222,0.00018565516780442342,0.000042700688595017386
0.005385214296307282,0.00885733353106926,0.019067922289781995,0.035525730387068064,0.05787854070888328,0.0855109001927925,0.11129133916654312,0.13027213406495622,0.13667136289485388,0.12595654753077262,0.10543155865341838,0.07719857630134955,0.0504208067625686,0.028030920955064514,0.013691976864896928,0.005869049384546936,0.002089203618567403,0.0006043304167284591,0.00017610855702209708,0.00007044342280883879
0.005087679714749648,0.008954760152242022,0.018264603730595238,0.03455035711775826,0.056909516605698346,0.08444327727207157,0.11141667190661306,0.1292448189259466,0.13622257812760075,0.12858828446620973,0.10589993305197902,0.07834397967147388,0.05097481496824592,0.028543529159376965,0.013822362118516495,0.005866274102212243,0.0020121394146301774,0.0006343417456049182,0.00015534899892365333,0.00006472874955152223
0.004800138834784759,0.008599633343241313,0.01784174680744612,0.03368220496223583,0.056266858179898134,0.08352610813974315,0.11045857941737389,0.1294191278147737,0.1367670326464827,0.12874895458514796,0.10752126369193449,0.07873520034117913,0.0513984096770799,0.02925684619801311,0.01425456613206659,0.00579893695386882,0.002056674869980855,0.0006277104630103142,0.0001883131389030945,0.00005169380283614357
0.004609246898118859,0.008395875102135675,0.017896567688054137,0.032995125154241016,0.0556577168457922,0.08200918160506558,0.10973106270899767,0.12911609067987778,0.13778678682555873,0.12988522071449776,0.1077925599119097,0.08001165683889404,0.051559378867552866,0.029066475337116884,0.01459871516551051,0.00601470753692101,0.002076835537127585,0.0005736197620307983,0.00016231041497977579,0.000060866405617415906
0.004613888894013384,0.008325661966686285,0.017195545134385745,0.032500152197454515,0.054379689295814645,0.08131402670189035,0.10937554768023408,0.1305466748084618,0.13716588046688644,0.13020169391154837,0.10896599816625126,0.07948581243001222,0.052023857181598326,0.02953368544752509,0.014896902366716541,0.006246552497052906,0.0022580567797970343,0.0006881169761963185,0.00019739548646918517,0.00008486161100544409
0.004522743650373853,0.007880705724938306,0.017033087537390038,0.03177900112607839,0.05382507266062282,0.08105552801281261,0.10932175432323799,0.1303025667583871,0.13788286204526062,0.12991737791448807,0.10937704458791242,0.08127853208033306,0.052192166843902675,0.02960793673319314,0.014674036244611503,0.006323363269939973,0.0022116105869798798,0.0006155649467093998,0.00014375468815369219,0.000055290264674496994
0.004351220661945326,0.007938261647755521,0.016579936876917358,0.0317475224005922,0.053952926531950066,0.08084652694147672,0.10939186028954116,0.1304519156051014,0.1379077312886463,0.13133762747069413,0.10921876898940464,0.08044326104009457,0.05186662394626067,0.029825104130989606,0.014705394924373833,0.006330722232656806,0.0022409799177263907,0.000677634026066813,0.0001381047607473125,0.00004787631705906833
0.004451557125250629,0.00793186542317385,0.016419255743796334,0.03217261740522046,0.05357504184831594,0.0808785387119916,0.10836966319003734,0.1292901421922999,0.138033221124662,0.13050052425362832,0.10979158618913601,0.08136416312565531,0.05295513492632856,0.0300075418943031,0.014859371263543222,0.006322314809705131,0.0022404944539484574,0.0006474992182182736,0.00014164045398524732,0.00004782664680021338
0.004407628361138551,0.007694953854191384,0.01626738630949424,0.031859647573688886,0.05362185271236544,0.07963164294531122,0.10802552598127674,0.12978037280883292,0.13870048546457614,0.13059898492098093,0.1098264726280024,0.0818078634591788,0.053029508667170704,0.030209546304932087,0.014917136218895032,0.006409088985895953,0.002336263780737044,0.0006567292674985238,0.00018395777801079094,0.00003495197782205029
0.004406499586890664,0.007478197007252361,0.016606995318094186,0.03139998163958506,0.052571376113100164,0.07906912696226936,0.10771504636004772,0.13010373634444136,0.13826677682915628,0.13166069953180945,0.10958780868447628,0.08157532360231341,0.0536858533002846,0.030713302120627933,0.015297897732488751,0.006527127513081795,0.0023886899843936476,0.0007362526393096483,0.00017625998347562647,0.000033048746901679976
0.004398094587497291,0.007549297223048587,0.0161618498808199,0.03086195308454256,0.05257146215067745,0.0791859025918458,0.10735207160355076,0.12863738031489994,0.1388071706387245,0.13188774666975178,0.11063916526184732,0.08138219533783607,0.053965263316402064,0.031030898680387994,0.015625631250527957,0.006607241889693215,0.0025139839207865508,0.0006353823495925107,0.00016160013515647672,0.000025709112411257658
0.004342257864158782,0.007466118479513522,0.015939933931722116,0.030549707859486734,0.052975545942737144,0.07983525070584593,0.10672610246629254,0.12949272534394526,0.13785477804100038,0.1309731238056501,0.11062680583877942,0.08269344575567197,0.05426356589147288,0.03126975315088522,0.015210727758753675,0.006449260625248487,0.002370836150304417,0.0007383670545383923,0.00016856022088717647,0.00005313311310574039
0.004450845312027006,0.007439479695082237,0.01596506838633924,0.03075413024134736,0.052764349206058006,0.07992991661544956,0.10656527203177601,0.12855714456074047,0.1374166383825782,0.1310174015943053,0.11162521901057676,0.08242136258978286,0.05427059158082064,0.0312274682835992,0.015399998165356421,0.006745984423876051,0.0024088870134754575,0.0007870620935117828,0.000227495803252823,0.000025685010044673568
0.004305927650167624,0.007484591623113298,0.01581463100414306,0.03034645058339555,0.052672127307596565,0.08019309880392929,0.10753839284407164,0.12864347724244954,0.13801660151960995,0.13094192396094104,0.10991918837015241,0.0823286778807443,0.05491567482102859,0.03118640842080607,0.01572313232904388,0.006560455004611536,0.002318576427013337,0.0008051883408728241,0.00023057666124994507,0.00005489920505951073
0.004352324408113128,0.007165523595045551,0.015564906482605322,0.03032003568138281,0.05245455741924162,0.07987913662752438,0.10826704005381453,0.1291987774739336,0.13768224558735356,0.13163176520480235,0.11022659140429639,0.0823304037553193,0.054220347162306406,0.031327230452012925,0.015427811005659297,0.006472734451544978,0.0024238480324057145,0.0007933258265943298,0.00020655718526534366,0.00005483819077840982
0.00417522032330537,0.007398037061478473,0.015757617857658626,0.030557348040443334,0.052566828203576714,0.07985200269817215,0.10777881569254001,0.12920698234305908,0.137230205635085,0.1307151070220113,0.1108535620076887,0.08249350592373095,0.05423764754486443,0.031071024446244034,0.01568632469101725,0.0069136091342998736,0.0024806365931372095,0.0007641165040024715,0.00022484767940742574,0.00003656059827763022
0.004268232597691249,0.007173331484191663,0.015403228455370599,0.030780909558724222,0.05228265590271568,0.07986467202674445,0.10706165305966037,0.12940646202021158,0.13771847548001653,0.13081704081371962,0.11042660428246612,0.08272050102006931,0.05397608037926868,0.03138492195283958,0.016069284418670008,0.006888660990288358,0.002645975744614071,0.0008248145079762484,0.00020255400527735307,0.00008394129948430845
0.004118277665055272,0.007445772966931419,0.01566771799933888,0.030811291568579813,0.052525846529780366,0.07945627777097992,0.10660221090329992,0.12979605850693718,0.13839604499241176,0.13012661649246934,0.10994249021566624,0.08298101209184759,0.054889062183253304,0.03109984494821563,0.015633018542294066,0.006720736943416142,0.002573238682954713,0.0008547024156300962,0.00026663793308118384,0.00009314064785712589
0.004041548355605259,0.007551266102901938,0.016047806471941383,0.03072414565601851,0.052465453777181176,0.07891127717663515,0.10748442300932343,0.13032946177649637,0.13730518516629725,0.13085036435860678,0.11033117383393404,0.08273790768367736,0.054589133535016134,0.03120497880873587,0.015144422972896669,0.006562279731971945,0.0024660912453760785,0.0008705994204503439,0.00028048600575178445,0.00010199491118246708
0.0040949757867047,0.007393150420776498,0.01582505302911781,0.030453085148572492,0.05130453448984715,0.0797583400339823,0.10849957613089369,0.13004959086625748,0.13725354649280147,0.12993316330057597,0.1098948877383582,0.0826799442603029,0.0550702385673588,0.03129718499976349,0.01580868040269385,0.006791001604517388,0.002555948902852112,0.0008677492004700761,0.00032199498633795297,0.00014735363781567332
0.004077859642291102,0.007269544520728667,0.015607229875917334,0.030391973112693423,0.05209870567533975,0.08001775988849122,0.10732176878299271,0.12841163636628317,0.13799578930512624,0.13033865705400569,0.11139780876457776,0.08260167809110314,0.0544715432360482,0.031722145088826745,0.015650901732862887,0.006639941916430264,0.002656704630854532,0.0009171089958566323,0.00028932605226429474,0.00012191726730633804
0.004070820273012225,0.0072943863042988135,0.015763292437255917,0.03062842265259667,0.051938866788360974,0.07841283462906265,0.10722856955848237,0.12897536781015684,0.13808607812193185,0.13137531544766293,0.11078303746100086,0.08283819262125194,0.05435517770521372,0.03179385177050684,0.015656022050427994,0.006798033497450963,0.0027272132244387393,0.000832709104528629,0.0002963571703890099,0.00014545137197006616
0.0038730089461051728,0.007291439377409269,0.015766601207360533,0.02989126481925958,0.05176012800930977,0.07817841297548912,0.10655320386937238,0.1293021310640774,0.1385046185177104,0.13219506873227144,0.11164811986326278,0.08330424030838608,0.053876645574223586,0.03126772856207724,0.015737508182413266,0.006758673358062404,0.002674739981089533,0.0009127936577205616,0.00035275292748563534,0.0001509200669139574
0.003991224399951974,0.007169286855155299,0.015424608790880943,0.02971770364522127,0.0515020756549865,0.07839827107581145,0.10627680978559448,0.1286778750823167,0.13853041443971867,0.13195235271217706,0.11160693170531161,0.08431234150618694,0.05426900925221847,0.03142043201274864,0.015944886903180973,0.006941892575303889,0.002592294790306091,0.0009150345821220801,0.0002583199019112035,0.00009823432889580975
0.003954019980884056,0.007028561252784713,0.01524914323510065,0.029949520829471984,0.05166392283846302,0.07870244182539075,0.10692026180845533,0.1276298048792897,0.13711327467719128,0.1324978285597991,0.11209355909043005,0.08373945624956844,0.054965602206692034,0.03133597176946029,0.015877861485737544,0.007181198053517372,0.002740193994105311,0.0009121865948546861,0.0003198104396303282,0.0001253802291732537
0.0039481893099646,0.007111093378213686,0.015020167140618662,0.029989553711334216,0.0515150745748941,0.07874978236898612,0.10653582206488307,0.12818466716963606,0.13803609773083395,0.1327821223376473,0.1114415878358772,0.08382421217572979,0.05441500783471649,0.03143679995357205,0.015560617491730017,0.007379504961987116,0.002622453717137717,0.0009738987870698158,0.0003228193372410191,0.00015052811792699207
0.003860367676482357,0.006929468620027195,0.015204271753950453,0.029783859245055493,0.05126032313377839,0.07863416859956657,0.10700207684883906,0.12855821061456257,0.1378397512851294,0.13197315125145084,0.11200860434671611,0.08295082738977945,0.0556602731590374,0.03138087814311246,0.015754718176863504,0.007047162756505316,0.0026725622375647086,0.0010212229688255391,0.0003168688289795556,0.00014123296377374482
0.003950468596676745,0.0072280153157744855,0.015342981569921296,0.029962254705465177,0.05155016895599164,0.07838905041835424,0.10750063029744597,0.12820703502639996,0.13816301396448932,0.1325293337710651,0.1114492850885228,0.0825390376310248,0.05451392730629918,0.03157654168941481,0.015914330333903475,0.007066586617379522,0.002673549454316584,0.0010374968031676298,0.00029746411839071915,0.00010882833599660454
0.00390251152808793,0.0074008149415620145,0.015501290565818858,0.029686639018589957,0.05152475276239087,0.07821517647400018,0.1070607725994026,0.12839136045938343,0.13760295525071778,0.13188966387285747,0.1128066906412227,0.08302035903831097,0.054343334010034494,0.03151191960790001,0.01611757199617181,0.006967605347872737,0.0026463849656332456,0.0009751747339114289,0.0002936399756387574,0.0001413822104927351
0.004062021009453892,0.007270691485699585,0.015438216334324984,0.029977787521152592,0.05161411887480932,0.07914418543977449,0.1069025368607571,0.1285243739378413,0.13789673552655896,0.1312837218403383,0.11138851545995773,0.08373705932869759,0.05476300046019328,0.03150693369955539,0.015619394791481715,0.006942758478245902,0.0026415819053451275,0.0008968333629258147,0.0002772030394497972,0.00011233064343717274
0.004011781893756573,0.007085791666138639,0.015674191171545313,0.02986568858362012,0.05191238529037441,0.07873121966497276,0.10714861153604542,0.1289690118814641,0.13852595981338697,0.1310020583917027,0.11138668979113754,0.08276110526763618,0.054846996504173795,0.03130493344171421,0.01593669495069455,0.007009756088729898,0.0026865904017756106,0.0008382017223868656,0.00021724450688212504,0.00008508743186216558
0.003973454862962809,0.006961680926874329,0.015548537432367202,0.02996541756527367,0.05154644766265767,0.07896834794304111,0.10718927781825152,0.12948437282503966,0.1386153648690911,0.13088900177341184,0.11158213283053522,0.08360705821527162,0.05479499106063045,0.030791563549065298,0.01555576846942446,0.006737518778099355,0.0025615948775333484,0.0009291882618575453,0.00021150783392477184,0.00008677244468708593
0.004015134525092782,0.007149471521482778,0.015489014447249814,0.02998871421647001,0.05249878822516585,0.07816671127927251,0.1065493716857054,0.128981675070717,0.13954039370021773,0.13096030442677623,0.11150317955247524,0.08350756364530809,0.05415548337155549,0.031037713326629378,0.015646364313773718,0.00699212165495887,0.0026496270627301465,0.0008319648115057118,0.0002441635859853719,0.00009223957692780719
0.0037529223575735204,0.007209085184461381,0.01587120636368242,0.03071642093529918,0.052092154691333895,0.07847118175435552,0.1054907751214181,0.12981239007230796,0.1380167053901664,0.13206341968311872,0.11046873529773671,0.08290267011197246,0.05484622789684349,0.03202288667404946,0.01578254040634342,0.006557661824419691,0.002690740378838875,0.0008631359520552403,0.00027142640001737113,0.0000977135040062537
0.003995385203310047,0.007260879093413409,0.015496154034234263,0.030622834550120714,0.05197260824759071,0.07768180723262523,0.107585617337726,0.12833952442962526,0.13819939616435775,0.13189661261607172,0.11157738025164048,0.08235093826351067,0.05515841177099161,0.03142517165123874,0.015910906170026634,0.006726591407567325,0.0025790700496434752,0.0009544732557318202,0.0001956036273606007,0.00007063464321355025
0.004103947382693998,0.007054450523027303,0.015361780136894666,0.030058250742145555,0.05146928547925789,0.07877771068436486,0.10713110575167326,0.12884767665956762,0.13793059809157407,0.13212541084671486,0.1114610414263658,0.08290877666209864,0.054410749087911235,0.03205960305608487,0.015546186583165502,0.006835693856372691,0.0026359274378712997,0.0009401112947140437,0.00028384129475020163,0.00005785300275163344
0.004099198431233503,0.00743499803723288,0.015512191768679302,0.0301813886260811,0.051688612875390526,0.07969739015287876,0.10756506527783556,0.12907048052518946,0.13711149421752528,0.13162840929031042,0.11055534551032854,0.0826279733208392,0.054789242227170847,0.03166296122766108,0.015783542062008965,0.006977320542483504,0.002521748726010373,0.0007887248526115655,0.00021708023466373362,0.0000868320938654935
0.004139267367751311,0.007445258640946574,0.01584851365958231,0.03022930456693141,0.0515618956037004,0.07938897906506782,0.10692685607279326,0.12857938174890376,0.1392800205336582,0.1317245019322606,0.11083837335830146,0.08262989888619365,0.054444922438444246,0.030950513160701187,0.015568344907616622,0.006794544120252044,0.0025233263080265637,0.0008079705298623739,0.00024040286458992333,0.000077724234416291
0.004020681925009944,0.0072531366381024705,0.0160989984452399,0.030941533788914205,0.0524695375492642,0.07976280869219363,0.10643959937809597,0.12872871244169645,0.13769027732581265,0.13138807535162883,0.11083270058213109,0.08270419785226162,0.0542864374299454,0.031017463933181475,0.015923635969194053,0.006940376758144413,0.002352026611707705,0.0008171529811620927,0.0002657555049354594,0.00006689084137831289
0.004068089443750666,0.0075181039920047855,0.016100670304031395,0.03169712161436825,0.05288877724183175,0.07958346812305829,0.10624743598316379,0.12936018404896893,0.13783973787841264,0.13125597517579896,0.111023962149238,0.08218227426260231,0.0540779388828748,0.03079531058263499,0.015408498710536728,0.0067572574101216094,0.0022301298860898816,0.0006433762070081017,0.0002277118036039912,0.00009397629990005983
0.004261307114357132,0.007730401785552792,0.016061293368205148,0.03135569615216267,0.05256637040091737,0.07959021997460579,0.10667375678716251,0.1287182436758657,0.13806743572769595,0.1316320661551651,0.11090431592998146,0.08307197557525837,0.0537510716572433,0.03032292604931976,0.015169602193596463,0.006645179260674067,0.0023892982589413282,0.0007650818800395027,0.00022247061760013897,0.0001012874356553478
0.004384234848786419,0.00776604868798651,0.01613644506045286,0.0308343978779073,0.05246968309744475,0.07952419381104546,0.10713781660400029,0.1284636902844777,0.13817486999287087,0.13179303082173188,0.11065895610698763,0.08275582544122813,0.05422482457632333,0.030821731908472077,0.014835469057036667,0.006461453836160258,0.0024879582819155293,0.0007581487419073496,0.0002008460867582717,0.00011037487650679802
0.004446188284049774,0.007438641155177216,0.01587356118164822,0.030586303787306222,0.0530577263144191,0.07898629076878012,0.107927197509122,0.1284277598371237,0.13764740768599312,0.13201508702523063,0.11194124305226576,0.08189556972324784,0.05342658455351879,0.030906342553583908,0.015412488382773598,0.006480332984967217,0.0023758810106715754,0.0008371635524664681,0.00022782420650275387,0.00009040643115188642
0.004206018983141566,0.007554921458110692,0.016098962599703084,0.030986389206841738,0.05251918114633003,0.07864676854418584,0.10683758365475203,0.1289707188024961,0.1375147599440885,0.13199413399588078,0.11225513863045804,0.08311679387794585,0.05359690570090971,0.03040412862534064,0.01513515859367795,0.006638132281647763,0.0024013728330232165,0.0007775529504517945,0.00022603283443366125,0.00011934533658097307
0.004205431820317639,0.007406041942269742,0.015963291477810795,0.030332603211092077,0.05208627008739779,0.07936464907144355,0.10694122154511217,0.12832621283424775,0.13700635423217883,0.13252803018802456,0.1126105123144875,0.08423694996855415,0.05328627297897101,0.030791640461784245,0.014931361280388626,0.0063723045115771345,0.0024271142822030905,0.0008512068703780011,0.0002421692582391764,0.00009036166352208076
0.0043339160143173044,0.007516946606878532,0.01564733685837233,0.03031388771266952,0.05204861224209131,0.07914870670155517,0.10675728984578856,0.1281681016543073,0.13864007325132366,0.13312631872287914,0.11121787563923001,0.08304832633030414,0.053932372814493916,0.030661324821124183,0.015126181195690331,0.006608543333731438,0.0025152998997499177,0.0008523066566778496,0.0002497204217017905,0.00008685927711366622
0.004181357107765223,0.007273574545559633,0.01545024997832558,0.03000643007831692,0.05163389012513364,0.07921459122041442,0.10680251712279284,0.1286647834002832,0.1388607924168425,0.1313939542814207,0.11304294425338839,0.0828468629887582,0.054140898188018385,0.03120936046007572,0.015182932115712509,0.006531225616276046,0.0024022483599687883,0.0007983411842903793,0.00027815507325954387,0.0000848914833973933
0.004046578120284038,0.00729974498786388,0.015759786158497904,0.030261681128198267,0.052328996379948194,0.07882242588653315,0.10595745219200191,0.12833201098124544,0.13855237689022548,0.1333057416587898,0.11096732916807482,0.08315455976519363,0.05454295716482893,0.030966533949507245,0.015501340124017946,0.0066689920785386785,0.002456140985022782,0.000766301528807696,0.0002530240897006543,0.00005602676271943061
0.00414497643336543,0.007241943541438902,0.015790731181082977,0.030694546007428374,0.05189365691903358,0.07822240242110065,0.10632860069939687,0.1286046814703263,0.13913907572455642,0.13206727532055698,0.11127723195215719,0.08306243167124003,0.05431186151072627,0.031156104518567325,0.015629638210528606,0.006691693394826198,0.0026010179627712336,0.0008561457873283183,0.00022987423888096498,0.00005611103468747963
0.00420127068109374,0.007352675441449648,0.015616077946671872,0.030467795679106038,0.05169098886166342,0.07837312343242911,0.10583407420257175,0.12834565706066453,0.13860217851696047,0.13268787359686593,0.11177548409480238,0.0837886968652196,0.05437438110313622,0.030785827352169486,0.015626919935526305,0.006772629037737351,0.0025912353362100736,0.0008059211715130356,0.00024936574365201565,0.0000578239405569891
0.0040908482861099155,0.0071711865448510995,0.01570357890474451,0.030177914842385745,0.05146912611671299,0.0783515851811145,0.10598966712823535,0.128808393560213,0.13833321884501776,0.1319538093878009,0.11179060930681545,0.0843079904408282,0.055135162495073976,0.03109623164722173,0.015361921668299628,0.006730105244890507,0.002547063736247844,0.0007140455470673516,0.00020607896801437499,0.00006146214835516445
0.0041480662823791155,0.0072017798581314385,0.015521388636068128,0.02974075037200769,0.05143999479911586,0.07849903928112223,0.10683844031263091,0.12933407012525464,0.1386956615958046,0.13160403935335677,0.11173955127927299,0.08400872592785216,0.05468874153050464,0.031096953148701943,0.015499718285441859,0.006445123448764065,0.0024668082462907573,0.0007783267599936435,0.00018961556797988997,0.00006320518932662999
0.004182801791495089,0.007418247698376323,0.015352578792942292,0.029411340120611938,0.05149104793801225,0.07831294864067968,0.10680039121286812,0.130063842764186,0.13839516108659017,0.1315832211543667,0.11099943339095661,0.08413783396550542,0.05491957399661479,0.03132409676383229,0.015592575617044465,0.006479914250758786,0.0025046285101791134,0.0008138238170682855,0.00016059937853453966,0.00005593910937719919
0.004338822066732204,0.00739461053605505,0.01577769906898745,0.02971758804140404,0.05160867113861099,0.07933123229052218,0.10736822702827732,0.13007972879199678,0.13823693112820212,0.1310338720869716,0.11003910541837739,0.08354355808708727,0.055269834615162224,0.03123554328340947,0.01513798935985659,0.0064892586595732375,0.002417885849765802,0.000715607471231134,0.00020239403226739137,0.00006144104550974382
0.004332815154911247,0.007429232493402263,0.0155128158779509,0.029382524131448613,0.051789523155345095,0.07947471168793607,0.10657785329525325,0.1291891110227396,0.13855066700408514,0.13133292361086005,0.11161020931998115,0.08330682187918004,0.05509200679657279,0.031614909077762904,0.01504284009977947,0.006333827410433463,0.0023516864900039757,0.0007555764433679184,0.00022956509164527686,0.00009037995734066014
0.004272005438083943,0.007506291400306616,0.015585678748083651,0.03020956871366174,0.05179558011049724,0.07870397153683724,0.10789209163749966,0.1291382227878858,0.13830775794741254,0.1316800931416505,0.11119146105117005,0.08349845246015443,0.05433383471695929,0.031167741748864653,0.014875184403112437,0.006396256978392293,0.0023665066095860687,0.0007936565329322267,0.00020428972259986706,0.0000813543143096815
0.0043204346443949946,0.007419876889287058,0.01577717249949426,0.030266523133832327,0.05182354131144699,0.08007253706326042,0.10799822269745397,0.13064979915036268,0.1378673814409155,0.1310742565673496,0.1096870213565298,0.08256509551194981,0.053618905875213146,0.031771089211918055,0.015224474756524003,0.006408403895615987,0.0023877987457734877,0.0007784729647718405,0.00022216281825275256,0.00006682946565326708
0.004184326712806636,0.00760966956258372,0.01564119713929787,0.030045665228623612,0.052973828577815706,0.08026659984243424,0.10809480627883372,0.12947255128549512,0.13861641388237372,0.13006207081806198,0.11044747597302274,0.08202253875595152,0.05397078362830344,0.03088757844485829,0.015415845636023065,0.0066902354292225,0.0024950918442586748,0.0007932372915273242,0.0002596049317725789,0.000050478736733557
0.004271476888387824,0.007455242390078917,0.01582322435174746,0.030638105975197293,0.053416910935738464,0.08044735062006766,0.10728658399098083,0.1290696730552424,0.13872018038331455,0.13107012401352874,0.11052626832018037,0.08104441939120631,0.053465614430665165,0.03121352874859076,0.01569154453213078,0.006502818489289743,0.00243337091319053,0.0007125140924464485,0.00017136414881623442,0.00003968432919954904
0.004172220596681729,0.007338412244293449,0.015877918296722547,0.03132235912885478,0.052831872153046466,0.08061235916497791,0.10807315654677405,0.12933522618492868,0.13847798837557934,0.13107816682380224,0.10977636175139341,0.08208798870068743,0.05305222319754651,0.03046443498018647,0.015350520714804335,0.006695420671817825,0.0024021876162712984,0.000776647124057638,0.00022035104450007412,0.0000541846830737887
0.0043062580438160405,0.007444472884453852,0.016112867582114523,0.031243353149210312,0.05280708901282326,0.08052828719442513,0.1090407985954641,0.1308767173659905,0.13740910713191315,0.1302368171543728,0.10979606109875371,0.08146019820683736,0.05295309441322051,0.030626885903088454,0.015435114118541968,0.0064404604397466396,0.0022802077963278737,0.0007210143229495248,0.00019827893881111953,0.00008291664713919541
0.004234323265694769,0.00732891386362161,0.01601216195745479,0.03125788976332513,0.05370809859408925,0.08106709274394246,0.10921957166249487,0.1293506409192882,0.13769485461194989,0.13095023407800677,0.1098309156092881,0.08092642953494578,0.05265853465003715,0.03078179890210562,0.015123098341616834,0.006506575103333355,0.00240029142531505,0.0006942991726117906,0.0001677138261114197,0.00008656197476718433
0.004299297379175694,0.007424257979456312,0.01586255216522846,0.030932607117705648,0.053682680513754334,0.08223779599320613,0.10879365714048993,0.13023250787544102,0.1375523003132166,0.13067198360251223,0.10900799161393855,0.0810400445239343,0.052562377635728665,0.03040307488918548,0.015017822181636756,0.006712811618009137,0.002435127799181206,0.000765480262316577,0.00025395933408620575,0.0001116700617967713
0.004294730619645103,0.007654100269254198,0.016349893487797054,0.030793020296792373,0.053263310420894425,0.08154761690209887,0.10855593963227153,0.13062793539341033,0.13765846168264045,0.1302746969538591,0.10992023299319117,0.08097270331935999,0.05230091589681113,0.030529893704065496,0.015410928043888075,0.0064069523092061854,0.002341105780494751,0.0007695551718793368,0.00021626843237826786,0.0001117386900621051
0.004363168442451593,0.007515246759613027,0.016039735290301185,0.031493749909889124,0.05306629276662003,0.08068347294511166,0.10905398001701293,0.13075628253002491,0.13850761977537163,0.12958664340604684,0.10920897071757088,0.08194862959385227,0.052305757003417,0.030264637610115486,0.015034097954122753,0.006588906991161925,0.0024780489914791163,0.0008362288960336797,0.0002000461367666777,0.00006848426303724101
0.0043428999619928715,0.007403284464450726,0.01608728310267869,0.031198269324643934,0.053944905873812746,0.08127401339075835,0.10984420679481015,0.13065085858285644,0.1383855796267376,0.13004742785400222,0.10880306362681681,0.07996808121637222,0.053200974855852116,0.03018054287150168,0.014808370214659226,0.006360340010699639,0.0023614856284415817,0.0008177837340293501,0.0002341671485106069,0.00008646171637314713
0.004273981887401938,0.007574555837563454,0.01594225888324873,0.0316627970696816,0.05476861732810336,0.08118041935856023,0.10944710429164746,0.13123882383479463,0.13891432568066453,0.1308025928703276,0.10874048223350254,0.07982485867558836,0.05203586467466545,0.029757441162898014,0.014482146977388088,0.006116246538994001,0.0022442460775265343,0.0007102272727272727,0.00019828680203045696,0.00008472254268574069
0.004237272868122089,0.007579169624230282,0.016217657465491087,0.03183179179712977,0.05467198968065519,0.08139995748314637,0.1100015493429705,0.13158605879576413,0.1396264281879533,0.1304348609374606,0.10865037814777849,0.07929032885705332,0.05154808187737131,0.029246550910329072,0.014482753650864566,0.006074865693583199,0.0021294458036225793,0.0007062121446870145,0.00020898114485636145,0.00007566558693075157
0.004298198326515231,0.007711155303064449,0.016451786799266573,0.032027346926265354,0.05449012081471053,0.08272409136556141,0.11025311412041086,0.13136188341858215,0.13904058588193294,0.13035043658084097,0.10735940257927956,0.07947700445865957,0.051439553881630073,0.02937883461852588,0.014174679212694104,0.00610834560831947,0.002356436750316866,0.0006761008273671188,0.00024159336231251708,0.00007932916374440864
0.004464510921656662,0.007527331166538146,0.016411311535662033,0.03233437349111062,0.055083921274709735,0.08295018052622855,0.10983813895835284,0.13238590093758335,0.1380539200495817,0.12889788917635359,0.10722753511433326,0.07949820194435035,0.051421148593625,0.02964089333458248,0.014633074134663197,0.006158070351179366,0.0023511649526884357,0.00081434985334496,0.00021980239404443606,0.00008828128941128991
0.004200362143717671,0.007520614057236018,0.016664382227544565,0.032576703049365545,0.05540185688830536,0.08149135399909099,0.11028069745128731,0.13094164580613046,0.13863359279752413,0.1298144554498301,0.10898397766539941,0.07960849522792689,0.05123035081770897,0.029350233373491363,0.014348682359561103,0.0058668003664721306,0.002050584696181621,0.0007105808006117484,0.00023445559411047537,0.00009017522850402902
0.004225910508010308,0.007640878701050623,0.01687480852750896,0.03255482871096213,0.05480528373970552,0.08224576958425692,0.10997098628606447,0.13156547908669874,0.13873420915103352,0.12959218612027176,0.1087167288389108,0.07930835631003223,0.051757942729451625,0.029264205006217226,0.014007676920581712,0.005885639112648898,0.001978699248526788,0.0006163161593771964,0.00014596961669459906,0.00010812564199599933
0.00443040711459602,0.007741951757388815,0.016557723213963975,0.032632587905475054,0.05481345085292995,0.08266069459558795,0.11047911096377121,0.13106906318239803,0.13886866968873646,0.12933942071390994,0.10814589534221694,0.07934014139827181,0.05202440237249292,0.029636342671000376,0.013923621871329015,0.0055204422119244445,0.001969270018809862,0.0006396073711596532,0.00014774029418335654,0.00005945645985427762
0.004474946248380242,0.007791056235097781,0.016786004574069098,0.032353699174757194,0.05476988179149237,0.08289914520056157,0.11080132716488818,0.1308800126877252,0.13781320568712863,0.13009063433219129,0.10820611065354398,0.07911986115591664,0.05151144328280469,0.0296485464084186,0.014098874144614835,0.005704069623891852,0.0021266357523514632,0.0006776398668509751,0.00017842113515491109,0.00006848488016047089
0.004459909468342751,0.00801342117402837,0.016871972667512405,0.03229875446891939,0.05373515165494177,0.08204251239764736,0.11059494291315881,0.1308690606619767,0.13792923249913505,0.1307807634644216,0.10875151366624379,0.07999365701764502,0.051410592780532775,0.029343501326259944,0.014087907969092378,0.005796981317033789,0.0021101228232037824,0.0006342982354976358,0.000219842002075885,0.0000558614923307577
0.0045758542075493465,0.007831438300819575,0.016943466466582013,0.032173467620916545,0.054289795682788855,0.0823888231559506,0.11147985686251873,0.13097548482050103,0.13802414002077804,0.12944058063026662,0.10768137481242063,0.08006752856977951,0.05170697218053793,0.029457174189079997,0.014311944476509297,0.005663453768902227,0.0020633729654853977,0.0006691532956250722,0.00019479395128708303,0.00006132402170148907
0.004704062369844959,0.008001774165339948,0.016876206892199618,0.03260569716223697,0.05452493297297101,0.08224806942323398,0.11010102284959086,0.13099434394647208,0.13774122067623826,0.12965831090083965,0.10874695966838975,0.08041260162235159,0.051420143628059946,0.029228652770240178,0.014076126838397698,0.005766037354834873,0.0020175721701251475,0.0006544939211397934,0.00015505916588986828,0.00006671150160378054
0.004799323126220758,0.008226896731743757,0.017085662337194746,0.03233872492101639,0.05459815119848063,0.08137606999162908,0.10943212810196311,0.12993636306357392,0.1380570482182558,0.1305376286015176,0.1083124060522597,0.08094942348716005,0.05227769826911135,0.029364800763283204,0.014244952699844281,0.005674218489815392,0.0019442119190991813,0.0006030657341650244,0.00015661707126076737,0.00008460922240524217
0.004761235398217331,0.008023096136587264,0.016338137819923663,0.03203111202419185,0.054748800680485425,0.08108697454306919,0.10937685844966102,0.12967968887975811,0.1388759736023557,0.12932106441183783,0.10983820449884482,0.08171411682867842,0.0519627030553363,0.029272046394112072,0.014217027273480887,0.0058299002699595225,0.0020382124282300523,0.0006577785466878597,0.00016399410342080888,0.00006307465516184958
0.005035119507388451,0.007709688364001241,0.01658882383939593,0.031755542240862786,0.05446772109408275,0.08125311311152336,0.1099893883502855,0.13049983035798074,0.13801100146541825,0.13071278523320365,0.10843012553509424,0.08097699365466662,0.05214145978762264,0.029299342366470086,0.01408389700202849,0.006045752813530938,0.0021728616082063415,0.0006478881373306287,0.00011008684227623494,0.00006857868863109718
0.004719602225573892,0.007902086295112255,0.016570927538951147,0.032016078400242474,0.05448109633328765,0.08227551219230575,0.11024853685114484,0.13056122853988206,0.13854810891167707,0.12909266729690916,0.1085815213861486,0.08019715524893377,0.05240815177778901,0.029403699186698516,0.014308549407884763,0.005701048559944001,0.0021216560463589067,0.000667527837714962,0.000138917955416357,0.0000559280080247671
0.004637197424219759,0.008009213118240424,0.01680240636844182,0.03235945579163069,0.0548281461483146,0.08248732565453332,0.1103231259720903,0.1314419286992598,0.1383463606200472,0.12982170309320712,0.10776572871403828,0.07880352016090518,0.051706643645886105,0.029654273773071102,0.014025134222805345,0.005925808445718837,0.002141076774183084,0.0006560201563995305,0.00020185235581524023,0.00006307886119226257
