0,0,0,0,0,0,0,0,0,0,0,0,0.09251801009699927,0.09841738045266324,0.10471382381303533,0.09921152646207952,0.09802030744795506,0.09694253786374722,0.0964887401440808,0.10255828464461965
0,0,0,0,0,0,0,0,0,0,0,0,0.0455011582207647,0.046021706879050515,0.049587465188308484,0.051003357538845946,0.0487858202545483,0.046698420134822116,0.0438510189739986,0.04845266911324534
0,0,0,0,0,0,0,0,0,0,0,0,0.045021246527789036,0.04612003720978477,0.04749433587989148,0.0476952946476901,0.04770501845903521,0.04495642111882171,0.042233753942195196,0.04795135501311095
0,0,0,0,0,0,0,0,0,0,0,0,0.04433207457469625,0.04440770814087293,0.045493590055266535,0.045296402543448785,0.04552600444077082,0.04410517387616627,0.04062332863324742,0.048362263172395885
0,0,0,0,0,0,0,0,0,0,0,0,0.04424922765463058,0.04359114871866048,0.04383762919286018,0.044249227654630616,0.04333270317289768,0.04170545344031703,0.03924064869831986,0.04695572684220224
0,0,0,0,0,0,0,0,0,0,0,0,0.04336322948202304,0.042676170617436886,0.04202619112014587,0.04249077378096126,0.042045821373419764,0.03978616110766975,0.038488383252340344,0.04613545747214684
0,0,0,0,0,0,0,0,0,0,0,0,0.043168976459540855,0.041983048926593936,0.041246397694524484,0.04078902632516272,0.03954643331282583,0.038168247903377264,0.03720898228799017,0.044211216526891806
0,0,0,0,0,0,0,0,0,0,0,0,0.0431821599264531,0.041884049419561864,0.04088667419139327,0.03998066157954544,0.03794593997856785,0.036800100498877955,0.0353116512079851,0.04194115105476237
0,0,0,0,0,0,0,0,0,0,0,0,0.042500267223215614,0.04055633155969586,0.03965411351642201,0.038550798680370216,0.03699999818831719,0.035563333713786734,0.03363389151280951,0.04031175437929029
0,0,0,0,0,0,0,0,0,0,0,0,0.04289485836767769,0.04039592572907317,0.038376216574162014,0.03717380128780421,0.035248194198781904,0.03354215859683364,0.03207312079045735,0.039259730415007535
0,0,0,0,0,0,0,0,0,0,0,0,0.04255589667781576,0.039492577341608416,0.037376903555450834,0.0353426018379916,0.033920285887201376,0.0322640252389033,0.03126382689448585,0.037493875904204735
0,0,0,0,0,0,0,0,0,0,0,0,0.04145255167437785,0.03899372742129353,0.03641686630413278,0.03445346438196064,0.03281923568636774,0.030569885304742923,0.029796826969594695,0.035713632592804405
0,0,0,0,0,0,0,0,0,0,0,0,0.04042074861746994,0.03752605064080474,0.035391128833751784,0.03312328722164788,0.031992648386091005,0.029593527954183695,0.028044437880503453,0.034439357390177054
0,0,0,0,0,0,0,0,0,0,0,0,0.039498939451117154,0.036642614545785775,0.034656525303525185,0.03215317448957019,0.030056475854620218,0.028076893047223706,0.026907361380405222,0.03241017866670137
0,0,0,0,0,0,0,0,0,0,0,0,0.038722927075186944,0.03580153954537521,0.03373168477452964,0.030991268153644305,0.028422127571564305,0.026893569715811038,0.025833597249242186,0.03104297412762327
0,0,0,0,0,0,0,0,0,0,0,0,0.03820659696823056,0.0348047388077098,0.03267455824878259,0.030166572081290918,0.02787723086173439,0.02580974995699447,0.025038061905458577,0.029455976000501604
0,0,0,0,0,0,0,0,0,0,0,0,0.03699181129112383,0.03446308671057481,0.03164110699806098,0.028804704902007924,0.02659167027226255,0.025102959793599673,0.02392032434338093,0.027763088313061877
0,0,0,0,0,0,0,0,0,0,0,0,0.03642939486336579,0.03319801288395646,0.030542235809340464,0.02838051961133878,0.026023737306712674,0.024116246608328045,0.022368646161274902,0.026533787208460113
0,0,0,0,0,0,0,0,0,0,0,0,0.03553472762770044,0.03219467377850371,0.02978613446986615,0.027340908800898345,0.025460334069187275,0.02356221368688351,0.02164176247655263,0.02505997422384422
0,0,0,0,0,0,0,0,0,0,0,0,0.03499934726472078,0.03197766053307776,0.028712392099674276,0.02684334034891089,0.024284936461792705,0.022571904363137333,0.020648723345316068,0.023958568822178984
0,0,0,0,0,0,0,0,0,0,0,0,0.03381439692119302,0.031079093215015553,0.02785397931028999,0.02544945651741768,0.02327393589529512,0.02202078512758124,0.019557421499169073,0.023504528358897287
0,0,0,0,0,0,0,0,0,0,0,0,0.03339516153344515,0.03038044176751432,0.027333988109310568,0.024327201816447992,0.022191510866478064,0.02062861667203499,0.019175204405933604,0.02197889378824926
0,0,0,0,0,0,0,0,0,0,0,0,0.03245352794349454,0.02972118351903127,0.026313285568844613,0.023536538565225813,0.021746163141419046,0.019809893528958417,0.01814479681062617,0.02119430251477178
0,0,0,0,0,0,0,0,0,0,0,0,0.03189587684739994,0.028604390972105573,0.02552842848585311,0.02293105470173782,0.02067915223241028,0.019037371121767552,0.017379742703107024,0.020091217104950387
0,0,0,0,0,0,0,0,0,0,0,0,0.030924929622510665,0.02801008242636885,0.024656662349547345,0.02185739573206838,0.020220268083610677,0.017848491277624556,0.017069509843348735,0.019111961164925566
0,0,0,0,0,0,0,0,0,0,0,0,0.03018002703963442,0.026894158015828475,0.024248701385978913,0.02115732797811529,0.019323060380610525,0.017156727097350596,0.015635550003557836,0.018298400550280283
0,0,0,0,0,0,0,0,0,0,0,0,0.029573372911864078,0.02625446047936338,0.023033441753244698,0.020578204439953264,0.01829033378596015,0.01681245460574099,0.015050367890864301,0.01744086904348375
0,0,0,0,0,0,0,0,0,0,0,0,0.029179586604103646,0.025603579480508003,0.022141246755543197,0.01939885188857383,0.017720575697676617,0.015769165187846945,0.014605581412972779,0.016550676678434073
0,0,0,0,0,0,0,0,0,0,0,0,0.028523370909440585,0.024386898859790306,0.021298732417235084,0.018894723318257704,0.01680126490288591,0.01506880195221303,0.013432499365499237,0.015929516029617393
0,0,0,0,0,0,0,0,0,0,0,0,0.027536828556150233,0.024006587259898623,0.02096692015628968,0.0177426962020724,0.0161100779082295,0.014061023643783196,0.012786477188300036,0.01488127631315354
0,0,0,0,0,0,0,0,0,0,0,0,0.026469485668202914,0.023413799729713546,0.020041519526463193,0.01716854470594536,0.01535718448467589,0.01356787560523058,0.012206992795511608,0.01425776758515755
0,0,0,0,0,0,0,0,0,0,0,0,0.026155499256346262,0.022648352617913238,0.019286155436234846,0.016897640474930056,0.014617837606191234,0.01294461670321914,0.011480942297511914,0.013844248657641986
0,0,0,0,0,0,0,0,0,0,0,0,0.0256155106963533,0.021469857019821362,0.018716059723864503,0.015932346962714308,0.013663495102523444,0.012035463996737638,0.011013614685659307,0.012695178729159547
0,0,0,0,0,0,0,0,0,0,0,0,0.02499944872687409,0.020771971384199565,0.017802971834668467,0.015125359508831395,0.013107699868009462,0.011108941020075794,0.01015760111136662,0.01241467079543987
0,0,0,0,0,0,0,0,0,0,0,0,0.02417026849208123,0.020441474140834786,0.01709830858488398,0.014771943852447407,0.012343269439626268,0.010624466809165685,0.009854783213657238,0.011644415622845595
0,0,0,0,0,0,0,0,0,0,0,0,0.02337714221003096,0.019614905503686754,0.016555728917633437,0.013897626896846767,0.011906409643405391,0.010221896469285553,0.009253026146915972,0.010792837909253339
0,0,0,0,0,0,0,0,0,0,0,0,0.022847946233463444,0.01899511828291934,0.015949354741778717,0.013323642267520612,0.011207654683412073,0.009938062132946953,0.00851901321037007,0.010118983004450653
0,0,0,0,0,0,0,0,0,0,0,0,0.022027989058279903,0.018550960542875226,0.015785678036272337,0.01275643674494825,0.010916581168111896,0.009480519684569248,0.0081638681274481,0.009460094302418206
0,0,0,0,0,0,0,0,0,0,0,0,0.021069088509341184,0.017772575145734805,0.015054287195763868,0.012334427981081973,0.010719167858209075,0.009226466382791508,0.007586066024543157,0.008863504234558395
0,0,0,0,0,0,0,0,0,0,0,0,0.02049484289853615,0.01723433542215322,0.014031967115228696,0.012006524157610577,0.010262349073858746,0.008790013890547514,0.007250111564352205,0.008354755784061696
0,0,0,0,0,0,0,0,0,0,0,0,0.020055759280655044,0.016440510875571406,0.013457891696388209,0.01133552268046416,0.00983322449389662,0.008230459134977644,0.006988747676696639,0.00794004621489928
0,0,0,0,0,0,0,0,0,0,0,0,0.01917944563756704,0.015628336033558145,0.013328435251120908,0.010972018135463371,0.009193323537168906,0.007703490197555982,0.006530776283234745,0.007529231503460055
0,0,0,0,0,0,0,0,0,0,0,0,0.0191165016833325,0.015454625395708755,0.012515074619365863,0.010311981809959297,0.008817082056178082,0.007352017486558466,0.006222991306969499,0.006998706095171097
0,0,0,0,0,0,0,0,0,0,0,0,0.01807970565586767,0.014673293382746174,0.012303547091454016,0.009889887566438367,0.008243141301807814,0.006957110885620141,0.005978473105496839,0.006784594610277891
0,0,0,0,0,0,0,0,0,0,0,0,0.017348022444660924,0.014274980038558132,0.011829409282501854,0.009503058139954413,0.00777594242320139,0.006411191584350229,0.0054731214675306965,0.0064253096964762765
0,0,0,0,0,0,0,0,0,0,0,0,0.017075549506549544,0.013875255976442324,0.011273939481367424,0.008887439357495211,0.007397836783461962,0.006209290729654384,0.005306121168977381,0.00605405846141302
0,0,0,0,0,0,0,0,0,0,0,0,0.016439609900124275,0.013062359248573484,0.010551753427791877,0.008432940025983673,0.0070710695776321,0.005912931187146701,0.00502904748994269,0.006027334573486937
0,0,0,0,0,0,0,0,0,0,0,0,0.016160083277417903,0.012507289909511056,0.010086726407344468,0.008202323991797674,0.0068023478211793045,0.005490164109188735,0.004922648573059003,0.005606175572375475
0,0,0,0,0,0,0,0,0,0,0,0,0.015196539401918377,0.012224938875305623,0.00981599899692809,0.007726788289135478,0.006298978120494015,0.0052880697134975885,0.004734812864397215,0.005305310011911479
0,0,0,0,0,0,0,0,0,0,0,0,0.014815372242106698,0.011814671451483188,0.009365823679824907,0.007641282995558524,0.006175423413932094,0.005030955505282581,0.0043944432163624415,0.004966677170687197
0,0,0,0,0,0,0,0,0,0,0,0,0.01457033110258917,0.011235180590019298,0.008954307341404118,0.007246785472591926,0.005940296262876908,0.004839022984184277,0.00419204451462516,0.004755996691480563
0,0,0,0,0,0,0,0,0,0,0,0,0.013947263672236171,0.010866328798121975,0.008570515171175236,0.007138178205284916,0.005420627532838755,0.0045994627952823785,0.003906800936503908,0.00442394666817109
0,0,0,0,0,0,0,0,0,0,0,0,0.013823041225953615,0.010633591355069076,0.008515658582961782,0.006771109514381548,0.005373273884790732,0.004554339879575911,0.00384365577160213,0.004242140900576391
0,0,0,0,0,0,0,0,0,0,0,0,0.01342018890459785,0.010330818158164492,0.008134872741749921,0.006471847697627249,0.005167760198371772,0.004252391088317445,0.0035721339072154286,0.004006307269347361
0,0,0,0,0,0,0,0,0,0,0,0,0.013040038228635442,0.010031883308657062,0.007771066876610812,0.006317125331954595,0.004971289354735103,0.003907467901263581,0.003392008021746453,0.003721024966119089
0,0,0,0,0,0,0,0,0,0,0,0,0.012617085930891886,0.009543873938786378,0.007532658751292251,0.006096300241220513,0.004601986153315998,0.0037232542840136586,0.00320322045048714,0.003572883055042136
0,0,0,0,0,0,0,0,0,0,0,0,0.012062035112324376,0.009446454957549652,0.007211237446467481,0.005819704976332991,0.004503305867915548,0.0035390943925467707,0.0029755941796689115,0.0034263943499711984
0,0,0,0,0,0,0,0,0,0,0,0,0.01186953839988227,0.009067312900569524,0.00701026021559916,0.005537134967077762,0.004389631452554722,0.0033861529357617185,0.0029697328336292096,0.0031904667975415574
0,0,0,0,0,0,0,0,0,0,0,0,0.01161840535742798,0.008775637352969722,0.006879936883036376,0.005181476924425574,0.004118569724520753,0.0032810802518416934,0.0026690085063884013,0.0028537258106428472
0,0,0,0,0,0,0,0,0,0,0,0,0.011062061232831016,0.008611307293224487,0.006624082533249606,0.0050095602893299035,0.00400733503607228,0.0030771447228925466,0.0024773755478961876,0.0026872164602970033
0,0,0,0,0,0,0,0,0,0,0,0,0.011220231479887174,0.008485613121159091,0.00656652777038598,0.00487911014548107,0.0037458166756933597,0.002964720762124205,0.0024340764440882474,0.0024309457991440815
0,0,0,0,0,0,0,0,0,0,0,0,0.01110024641138968,0.008273164626276055,0.00610630891383424,0.004497985684671648,0.003492001408065083,0.002744162396839676,0.0021418234442836474,0.0023014041537919977
0,0,0,0,0,0,0,0,0,0,0,0,0.010756977721041346,0.008073990985790338,0.0058963131225428745,0.0044836384741862275,0.0033947995425624945,0.0026344895989286825,0.0020885057093644843,0.0022027086432847886
0,0,0,0,0,0,0,0,0,0,0,0,0.010518709225338126,0.007829986376511918,0.005959298460749183,0.004252843179731505,0.0032377290849739666,0.002394668226616012,0.002000509903227876,0.002166306658303838
0,0,0,0,0,0,0,0,0,0,0,0,0.01011358624076779,0.00770797293450413,0.005841980298371127,0.0041089376824152484,0.003028132224269479,0.0022648426966643616,0.0018910185222839868,0.002167867387829285
0,0,0,0,0,0,0,0,0,0,0,0,0.010004081064641875,0.007305262071585938,0.0054414195224998015,0.00405291936848261,0.0031694705092261783,0.0022312947294848315,0.0017637704659137284,0.0019498419955624284
0,0,0,0,0,0,0,0,0,0,0,0,0.0099308687632877,0.0072776309840602346,0.0053972112843954905,0.0038922497610365155,0.002930138184252971,0.0021667065590978986,0.0016801753389683342,0.0017787331102486002
0,0,0,0,0,0,0,0,0,0,0,0,0.009786550608414435,0.007109245616147653,0.00502776609237015,0.0038877220857331876,0.002907190409242958,0.0021612356888508696,0.0015701017594835546,0.0017687102489799805
0,0,0,0,0,0,0,0,0,0,0,0,0.009712381527241111,0.00695707380690641,0.004908576012559948,0.0036450750829172492,0.0027897099733695282,0.001957800945436463,0.0015731212069561352,0.0018123732394256075
0,0,0,0,0,0,0,0,0,0,0,0,0.009401309708326363,0.006869165236893922,0.004821866217063743,0.0035518839373829924,0.002547784647290574,0.001914357525036012,0.0014983288472095583,0.0016218862364888438
0,0,0,0,0,0,0,0,0,0,0,0,0.00931000309499767,0.006655808122649439,0.004687827280372399,0.0033857398763876686,0.0024978819586645865,0.0019382813696771511,0.0014318272053421535,0.0015006049313629562
0,0,0,0,0,0,0,0,0,0,0,0,0.008621188451079094,0.006553854670501084,0.004580348444260958,0.0032042109806386843,0.0023957302207605973,0.00170766148894946,0.0014027219373513415,0.0013417340270317183
0,0,0,0,0,0,0,0,0,0,0,0,0.008993407858633456,0.006440400096363528,0.004499050443804106,0.003081755693426318,0.002222931391045075,0.0016722826580064642,0.0012639891372022663,0.0012749395381433746
0,0,0,0,0,0,0,0,0,0,0,0,0.008756310061861667,0.006383148363253202,0.004385190095254769,0.003103245040670489,0.002210573545344116,0.0015664743227968912,0.0011553138967533962,0.0012162844542275265
0,0,0,0,0,0,0,0,0,0,0,0,0.008639241298200838,0.006108775617446139,0.004427532967995396,0.0030231088757100314,0.002166066111152817,0.0013950404123814527,0.0010994544954082525,0.0011229136951680305
0,0,0,0,0,0,0,0,0,0,0,0,0.008489089143255723,0.006036824630244492,0.00417416708241517,0.0029871334310277164,0.0019690057537507305,0.0014857469944902252,0.001108836441151126,0.0010838133338755011
0,0,0,0,0,0,0,0,0,0,0,0,0.008567399481578525,0.005873671505892432,0.004177388944302522,0.00295168799657304,0.002008961374786206,0.0013648430196018348,0.0010302766894817975,0.001185052702013964
0,0,0,0,0,0,0,0,0,0,0,0,0.008257849958429446,0.005880826910213854,0.004092980514974776,0.0027724121548550035,0.0019550662940944806,0.0014158993304952828,0.001018947421062831,0.00109865036350793
0,0,0,0,0,0,0,0,0,0,0,0,0.008131669899846967,0.00566965911702133,0.004006434054845785,0.0026886720929905367,0.001900828642486334,0.0014146792117188587,0.0010488947525561926,0.0010645265670503241
0,0,0,0,0,0,0,0,0,0,0,0,0.007708185865252848,0.00524869173350584,0.0038830005828407316,0.002606376246349433,0.0018813411274608614,0.0014000678157848271,0.0009984858641590452,0.0011563060085722902
0,0,0,0,0,0,0,0,0,0,0,0,0.007792394597856779,0.005368997401492813,0.0036866907025975685,0.0024140163039909437,0.0018808689207908719,0.0012539126138605811,0.0008943117395614121,0.0009896841453538002
0,0,0,0,0,0,0,0,0,0,0,0,0.007584270101910213,0.0053010187895486185,0.0035960036069432096,0.0024832897572502205,0.0017925320022441813,0.0012252354749428408,0.0009283034083112846,0.000904861403050899
0,0,0,0,0,0,0,0,0,0,0,0,0.007540968740081271,0.005244123813857059,0.0033178386204545857,0.0023859668872826083,0.0017589860735209273,0.001289923120582013,0.0008192966244666358,0.0009131092150544191
0,0,0,0,0,0,0,0,0,0,0,0,0.007535963544639521,0.00496038106735766,0.00331056958373145,0.0024395316724709804,0.0018327763590615309,0.0012760627209848201,0.000777209770011588,0.0007975392006155126
0,0,0,0,0,0,0,0,0,0,0,0,0.00716420149785574,0.005273127367749844,0.0033179755191858062,0.0023443067728585545,0.0016457033545467046,0.0012049736812492966,0.0008251959840462109,0.0008111301434090594
0,0,0,0,0,0,0,0,0,0,0,0,0.007208649128538097,0.004825043334734845,0.0034151991209574453,0.002386731834188567,0.0016568014042173417,0.0011566349425668238,0.000804955399218803,0.0008706022473104331
0,0,0,0,0,0,0,0,0,0,0,0,0.00699798048005802,0.004920625988658176,0.003426306279268971,0.002375905814091622,0.0015302709157866432,0.001150438604718049,0.0008690813372598302,0.0009628670930792365
0,0,0,0,0,0,0,0,0,0,0,0,0.007001796174102267,0.004727267611182238,0.0034094479695729045,0.0022854713120199844,0.0015663763711655442,0.0010348714148818263,0.0008222694323683394,0.0008425916806968347
0,0,0,0,0,0,0,0,0,0,0,0,0.006794134142359681,0.004688249381747852,0.0032541231130225837,0.0023183479115340935,0.0015122377212702166,0.00101544888308434,0.0007451832572788156,0.0007545566315842094
0,0,0,0,0,0,0,0,0,0,0,0,0.00674380268595848,0.0047062867678653725,0.003089086633489324,0.0022468925538480775,0.0014328236939351092,0.0009546949585543637,0.000759380932663537,0.0007203181274853711
0,0,0,0,0,0,0,0,0,0,0,0,0.006840389861598507,0.004565468062035368,0.0028733387289811914,0.002028055285599558,0.0013780776285815166,0.0009124686338907098,0.0007109130623634811,0.0007437244344725649
0,0,0,0,0,0,0,0,0,0,0,0,0.006879874025194959,0.004438174865026993,0.0029134798040391925,0.0018355703859228157,0.0012903669266146776,0.0009107553489302137,0.000681113777244551,0.0006201884623075385
0,0,0,0,0,0,0,0,0,0,0,0,0.006670115289223263,0.004511861021552851,0.002899030895386399,0.0019378966632232538,0.0013221456266829614,0.0008689278586710719,0.0006860779315766196,0.0006657612730105693
0,0,0,0,0,0,0,0,0,0,0,0,0.006466170109773426,0.004440905045205415,0.002871597882606455,0.0018831685951187518,0.001252322730750613,0.0008369638200527786,0.0005840008744398124,0.0006480223606751927
0,0,0,0,0,0,0,0,0,0,0,0,0.006682764063733189,0.004400997100905676,0.002877214368880451,0.001892616295879534,0.0012409061427979774,0.0008564440381023823,0.0005923216978846771,0.0005813817192957778
0,0,0,0,0,0,0,0,0,0,0,0,0.006676330736114667,0.004419124860193822,0.002871103390963679,0.0019135482339121357,0.0013230819217335346,0.0008575820248308267,0.0005670351093143719,0.0006076491942790372
0,0,0,0,0,0,0,0,0,0,0,0,0.006495981802502155,0.004361900238717177,0.0029058504455637345,0.0019716039044631365,0.0013248178375473369,0.0007983277299371339,0.0005046181150091861,0.0005811700891127467
0,0,0,0,0,0,0,0,0,0,0,0,0.006622816610942722,0.00441364872043246,0.0027778645751960753,0.0018045183264068995,0.0012280098740743049,0.0007811767646783111,0.0005171390182170419,0.0005608849170390273
0,0,0,0,0,0,0,0,0,0,0,0,0.006318303878099046,0.004280896771373259,0.002777430837444576,0.001842253169299943,0.0012224442640354713,0.0008040342221944671,0.0005698494972834571,0.0005495534877911697
0,0,0,0,0,0,0,0,0,0,0,0,0.006444611012211499,0.004170960991911053,0.002865486117617664,0.001772385146319373,0.001218026796589525,0.0008260720197382802,0.0005809050876042347,0.0005371810487523033
0,0,0,0,0,0,0,0,0,0,0,0,0.006314948041566747,0.004054795379382767,0.002915314806977947,0.0017836711023338195,0.0011974733938339528,0.0007539066785787057,0.0005658218523220638,0.0005407438754878451
0,0,0,0,0,0,0,0,0,0,0,0,0.00870447299777799,0.005951115834218914,0.003957749653817667,0.0029272534054680713,0.002191414678130937,0.001494219560106914,0.0012961710623772263,0.0013380349724664282
0,0,0,0,0,0,0,0,0,0,0,0,0.01071377371414008,0.007320919415728189,0.005122732123799361,0.003811784195351949,0.002913394606476688,0.0021615508370633487,0.0019162458783988266,0.0022523455295560615
0,0,0,0,0,0,0,0,0,0,0,0,0.012717622458945501,0.009162454183679914,0.006705419890478142,0.004985333918572877,0.003909875269472037,0.003482283276456039,0.0028749082863764987,0.0036150959409534315
0,0,0,0,0,0,0,0,0,0,0,0,0.014245456617761228,0.010834409781527818,0.008100616796556251,0.006671776354259926,0.0054147271327714885,0.004673051573706691,0.004499608514237197,0.005565044450978384
0,0,0,0,0,0,0,0,0,0,0,0,0.01654328880514149,0.01270904135401595,0.010052491671994348,0.008531579124465827,0.007416131094585957,0.006845788889262761,0.006852518590800498,0.008841145395201724
0,0,0,0,0,0,0,0,0,0,0,0,0.018754134547162116,0.0150831708077834,0.01209258643560047,0.010745538116668781,0.009972613445118926,0.00989206475429222,0.010054875937878105,0.014053175846361086
0,0,0,0,0,0,0,0,0,0,0,0,0.020414066120944107,0.017519924449137338,0.014698963963493043,0.013529807394087656,0.013165643872469586,0.013923591872009589,0.015125854216107529,0.021260876989395702
0,0,0,0,0,0,0,0,0,0,0,0,0.022170840997732102,0.018987644310522783,0.017516433828280876,0.01670912699326005,0.017123402869126003,0.01871146039327882,0.02122367179436337,0.03084407824502823
0,0,0,0,0,0,0,0,0,0,0,0,0.02366268816470496,0.021071214347031207,0.019927230409499553,0.020135554015078324,0.021130478821032063,0.024833610499509724,0.029299996767392332,0.04402991239633207
0,0,0,0,0,0,0,0,0,0,0,0,0.024836345801276652,0.022510709690029804,0.021906225284460585,0.022780374888921463,0.02575212157737854,0.03112189771906678,0.0390598276676494,0.05955981228406424
0,0,0,0,0,0,0,0,0,0,0,0,0.02526107355922703,0.024038059046849455,0.024300133585216075,0.02591625990514358,0.030475264895479585,0.037913449883704424,0.04875678390862331,0.0771045131419461
0,0,0,0,0,0,0,0,0,0,0,0,0.026019824801542937,0.02498004977104954,0.024956418520356502,0.028255704674806717,0.03412170821222318,0.04374508060983167,0.059396239722678205,0.09522303356182937
0,0,0,0,0,0,0,0,0,0,0,0,0.025738055242124216,0.02478385330687207,0.025821502559655773,0.029507697108006225,0.036907297286510904,0.04953323924345935,0.06890571541562207,0.11274458227361286
0,0,0,0,0,0,0,0,0,0,0,0,0.025453815449890848,0.024761133105332945,0.026139263514087855,0.030622708767766932,0.039189905285184366,0.055069150677399925,0.077074022965223,0.12784601110823748
0,0,0,0,0,0,0,0,0,0,0,0,0.025552487431800296,0.024722112646373823,0.026361247255350155,0.030893184262146264,0.04132780710808021,0.058574745438792715,0.08445866228603442,0.14348371943058985
0,0,0,0,0,0,0,0,0,0,0,0,0.024770923130093467,0.02437517571364361,0.02660461251672078,0.031142277463706732,0.04236646210763255,0.062012366659085986,0.09110427854887837,0.15471754199668006
0,0,0,0,0,0,0,0,0,0,0,0,0.02471545120419556,0.02405366844683856,0.02601411091621332,0.03104152508903825,0.043152861143034016,0.06540619585211647,0.0968248659534119,0.1650258486652269
0,0,0,0,0,0,0,0,0,0,0,0,0.024406954902193363,0.02423345413471803,0.026244646704636183,0.03178427835188435,0.04452419184935886,0.06773080470718205,0.10096505375868167,0.17439836838461925
0,0,0,0,0,0,0,0,0,0,0,0,0.02413257836340866,0.02420313630029458,0.026369264962692488,0.03191335485350408,0.04560512250621791,0.06985941331075479,0.10540121006861759,0.18155791924644124
0,0,0,0,0,0,0,0,0,0,0,0,0.024165384264041436,0.024163627548116445,0.026087231485970867,0.03287166838824827,0.04659513319420143,0.07266304080499754,0.10972096324247602,0.1878122562556654
0,0,0,0,0,0,0,0,0,0,0,0,0.023778124545742723,0.024569736263697777,0.026720398187699536,0.033762590041454536,0.04885925599006633,0.07414179307059528,0.11378893039596348,0.19325133496909735
0,0,0,0,0,0,0,0,0,0,0,0,0.02385541622259008,0.02439615759645693,0.026813794835745447,0.033864364620164074,0.048607416529591635,0.07590090129376735,0.11577621679891575,0.19825671958373378
0,0,0,0,0,0,0,0,0,0,0,0,0.023904833376572954,0.02436276703365203,0.027079027509102085,0.034587050054064025,0.04996700439999373,0.0776136607007604,0.1183889092995356,0.20329990823914929
0,0,0,0,0,0,0,0,0,0,0,0,0.023552579344351347,0.024712187375942836,0.028008190384655556,0.035611806411622544,0.051017529930423515,0.07835363517965219,0.12108327587527772,0.2067323429653928
0,0,0,0,0,0,0,0,0,0,0,0,0.02349619163723131,0.024789958286879295,0.028290942938812656,0.03668392846599215,0.05203546830879518,0.08024131787065114,0.12358857873221288,0.20949121106978003
0,0,0,0,0,0,0,0,0,0,0,0,0.0235502255214371,0.024804758909526305,0.0282148717655478,0.03703645944339611,0.05300750120861469,0.08274028906251356,0.12570805760456896,0.21354098979911862
0,0,0,0,0,0,0,0,0,0,0,0,0.02373994985735282,0.024666724301893324,0.028785337598340108,0.03767614766145067,0.05503933604218898,0.08462003976830636,0.12794328693697585,0.2164675369585891
0,0,0,0,0,0,0,0,0,0,0,0,0.023151627611253077,0.025124699158421054,0.028925712646835747,0.03863730210973526,0.056427772968919813,0.08706048621873448,0.12909969540060087,0.21938067668406494
0,0,0,0,0,0,0,0,0,0,0,0,0.02311640291938577,0.024872035429974765,0.029769870724741656,0.03946034133083152,0.05807901381051585,0.08839385494129495,0.13186041859245867,0.2218029552572398
0,0,0,0,0,0,0,0,0,0,0,0,0.023310573385329818,0.025320729237002022,0.03014200278355771,0.040132494591354435,0.058773374305833063,0.0900935661232758,0.13364866540809436,0.22586434979123324
0,0,0,0,0,0,0,0,0,0,0,0,0.02298682561000984,0.025120935775493677,0.03041407928021502,0.04020415919326852,0.059297652478817964,0.0907057008772035,0.13646611304765038,0.22875391009910456
0,0,0,0,0,0,0,0,0,0,0,0,0.022933372661732322,0.025286216996727975,0.030352034901667563,0.0408523744520891,0.06031135744712958,0.09169233302007809,0.13856229549804155,0.2332488458715471
0,0,0,0,0,0,0,0,0,0,0,0,0.022846205778635297,0.02533936031309223,0.030752332941511102,0.041365803172731926,0.06128533682432086,0.0936517945572123,0.13956182166491318,0.23580958125284862
0,0,0,0,0,0,0,0,0,0,0,0,0.02283524982958769,0.025457372944347967,0.030866037083089277,0.04131856312448834,0.06322382415504606,0.09487940973970589,0.14244756610113754,0.23829464374406986
0,0,0,0,0,0,0,0,0,0,0,0,0.022467907881577688,0.025702807118490798,0.031138259833134684,0.04268046251010371,0.06310022878906196,0.09684319044291917,0.14350006164974724,0.24122176099078
0,0,0,0,0,0,0,0,0,0,0,0,0.022620398758565672,0.02539530918596351,0.03115397585947757,0.042856189111600704,0.06361580586240483,0.09847593907864755,0.14503143814312097,0.2436409015976705
0,0,0,0,0,0,0,0,0,0,0,0,0.021862356492986377,0.02500119803112143,0.031162500941310164,0.04244281968604739,0.06403647491322831,0.09850725322270376,0.14765904718873446,0.24679783395973237
0,0,0,0,0,0,0,0,0,0,0,0,0.021106144601799565,0.02445939337147704,0.0314617155090748,0.04324340037550916,0.06467101910719113,0.1009839160336932,0.15016090806181878,0.2488090067475368
0,0,0,0,0,0,0,0,0,0,0,0,0.020830453016268038,0.02453091369631303,0.030998185613605688,0.04363402990067815,0.06572072787105741,0.1020852642125512,0.15186567737376533,0.2520341439185625
0,0,0,0,0,0,0,0,0,0,0,0,0.02074184648784236,0.024257327041935273,0.030739580084964552,0.04381144209681461,0.06690659864049907,0.10225737134755541,0.15229716120259087,0.25567750961517155
0,0,0,0,0,0,0,0,0,0,0,0,0.020290136847993665,0.02348280190468394,0.030736223104525662,0.044296522178107055,0.06666393789311392,0.10387417625148378,0.1552586877327985,0.2593341110337959
0,0,0,0,0,0,0,0,0,0,0,0,0.01962237786070923,0.02350425165720907,0.030668166249169265,0.04390538997665422,0.06738237649745242,0.10517867184704252,0.15695005367823728,0.26212531738322853
0,0,0,0,0,0,0,0,0,0,0,0,0.01932101830251175,0.023781022791422097,0.030176019696794502,0.04437219868189271,0.06733195492045786,0.10607771256010719,0.15802834814900463,0.2651058634691115
0,0,0,0,0,0,0,0,0,0,0,0,0.018956669256096917,0.02298020190756584,0.03038132618491932,0.04464812362631294,0.06867542993324709,0.10732990078005879,0.16018997465531407,0.2668110401520341
0,0,0,0,0,0,0,0,0,0,0,0,0.01820611750001698,0.02195738263923325,0.03024956356942473,0.04450572963720222,0.06933811991821597,0.10846573425623399,0.16148610554487589,0.27120509180325647
0,0,0,0,0,0,0,0,0,0,0,0,0.01818629532138915,0.02192748577736265,0.02967648806996688,0.04446293623163793,0.06990744671817949,0.10900908550564659,0.16276640910248785,0.27146981404432363
0,0,0,0,0,0,0,0,0,0,0,0,0.017665228384590174,0.021450270590612615,0.029962794852070915,0.0443286347188048,0.06933130921026934,0.10989188262123933,0.1639981185164808,0.27423471337092903
0,0,0,0,0,0,0,0,0,0,0,0,0.017278771649374317,0.021030820767108226,0.0293596570718744,0.04337681026612227,0.06972600368586643,0.11143636789427064,0.16652751332987142,0.2765231350907381
0,0,0,0,0,0,0,0,0,0,0,0,0.016650205078075367,0.020707718423821242,0.028904064798233996,0.04346706468133696,0.07028053596447685,0.113141091344028,0.16809456123795663,0.2785402439251656
0,0,0,0,0,0,0,0,0,0,0,0,0.016744830671013126,0.020353703415044076,0.029059049968485896,0.044611088896870967,0.07155395010606362,0.11291027630749628,0.16854452298496134,0.27876254633928144
0,0,0,0,0,0,0,0,0,0,0,0,0.016007486661840573,0.02011870834739061,0.02924477281473732,0.044969136168748265,0.07189975739553682,0.11303570913911867,0.16980786608098014,0.28100242604463177
0,0,0,0,0,0,0,0,0,0,0,0,0.01568241914706082,0.020187809343006305,0.0291816394331819,0.04510983795511561,0.07150823784663365,0.11407553054444368,0.17061665197640524,0.2826750966167198
0,0,0,0,0,0,0,0,0,0,0,0,0.015221223353545893,0.02038753244818028,0.029358724052039,0.04505068943387344,0.07187959841302362,0.11404826291111614,0.17272845804892673,0.2849039127467797
0,0,0,0,0,0,0,0,0,0,0,0,0.014815253134060877,0.020081658875542065,0.02904046594588197,0.04566472522549177,0.07248535465819086,0.11535880030770013,0.17259271156495942,0.28627944918298853
0,0,0,0,0,0,0,0,0,0,0,0,0.014615258397430147,0.019642636633212838,0.0287687152274415,0.04556103815698884,0.07335878598626777,0.11639429395953399,0.1731011582253964,0.28904380010250974
0,0,0,0,0,0,0,0,0,0,0,0,0.014359165172682065,0.01911003619389101,0.02827859148259649,0.04535568108784631,0.07392010283124176,0.1165849203396137,0.17384906809187162,0.28969150627473533
0,0,0,0,0,0,0,0,0,0,0,0,0.013707875431542662,0.01877390293863425,0.02858795689394157,0.045213661190169716,0.07269368886302778,0.11595536483009775,0.17522027493559636,0.2918319398233741
0,0,0,0,0,0,0,0,0,0,0,0,0.013534452718224232,0.01860078016367875,0.02813291877975093,0.04454139164149011,0.07293481607286038,0.11674882180398474,0.1757956417742803,0.2940787403705945
0,0,0,0,0,0,0,0,0,0,0,0,0.01311505874998944,0.01827458334389227,0.027867176875058075,0.044628029362323976,0.07310509110260767,0.1180693173850975,0.17657940751628184,0.2940354611726346
0,0,0,0,0,0,0,0,0,0,0,0,0.012550106516004474,0.017379283271657265,0.027482652020081523,0.0449025450472173,0.07367117265745164,0.11776659881453357,0.17871507349519708,0.29453409611990705
0,0,0,0,0,0,0,0,0,0,0,0,0.01257662853057451,0.017584631532333982,0.027330208754117707,0.04459201592825524,0.07349071161643732,0.11874527805994395,0.1789697677523819,0.29596232927070426
0,0,0,0,0,0,0,0,0,0,0,0,0.012527485147043426,0.017340552371237793,0.026569819873070142,0.044558869722936205,0.07339336438465359,0.11990110413450919,0.17967939905900324,0.2959850575372633
0,0,0,0,0,0,0,0,0,0,0,0,0.012143399409531849,0.01715900463939266,0.026733024040489255,0.04420413327709828,0.07431126107127796,0.12047406157739349,0.18022606495149732,0.2968300295234078
0,0,0,0,0,0,0,0,0,0,0,0,0.011959122648927954,0.01701479239017081,0.02651189162372047,0.04449023121757941,0.07425557119280732,0.12130738674523546,0.17952858748367367,0.2985207609829193
0,0,0,0,0,0,0,0,0,0,0,0,0.011512227414198693,0.016531200551208897,0.026729578335328883,0.04430105057307824,0.07499244283149796,0.12002978959829641,0.18055131021881163,0.3010421293145522
0,0,0,0,0,0,0,0,0,0,0,0,0.01122746902941951,0.01661226117340146,0.02636300967133676,0.044524644674682166,0.07462338557612373,0.12036117137392455,0.18083574947790998,0.30180518102498605
0,0,0,0,0,0,0,0,0,0,0,0,0.011138454881651808,0.016105969130084986,0.026433125325364563,0.04432564177106503,0.07428453597095548,0.12017361791888365,0.18149427696384987,0.3014397171271914
0,0,0,0,0,0,0,0,0,0,0,0,0.010926283086066454,0.016201798171402687,0.026577034183512184,0.04433562485526562,0.0746127880108384,0.12097004568957796,0.18100882182416872,0.3018757574784357
0,0,0,0,0,0,0,0,0,0,0,0,0.010653589244948001,0.015787604633465804,0.02631436543502157,0.04380992643950284,0.07430793946055635,0.12070178405343708,0.18242157774583578,0.3036509681237845
0,0,0,0,0,0,0,0,0,0,0,0,0.010625185725477484,0.015604316935462086,0.025869870599994602,0.0437130237458465,0.07426655320528405,0.12134796174730526,0.1820920117783722,0.30429599913553224
0,0,0,0,0,0,0,0,0,0,0,0,0.010328842825477472,0.015757262915692488,0.025335438575183108,0.04379847707344393,0.07342030951103735,0.12098055687695468,0.18308687833793852,0.3064206502633239
0,0,0,0,0,0,0,0,0,0,0,0,0.010202202932626605,0.015499240746652614,0.02528423438716683,0.04362793038854516,0.07345755022135744,0.1217659945712119,0.18324946919829932,0.30629073913608956
0,0,0,0,0,0,0,0,0,0,0,0,0.010104457212751102,0.015162598810306167,0.025093045139774648,0.043874394551938874,0.0748145432552199,0.12159137176327087,0.18317770903690891,0.30601756665208124
0,0,0,0,0,0,0,0,0,0,0,0,0.010037880707872496,0.01516579990470687,0.025122580078329602,0.04405786523118722,0.0751396449824113,0.12190255094972104,0.18274991636507404,0.3049025272953986
0,0,0,0,0,0,0,0,0,0,0,0,0.00998226911468728,0.014991117686853326,0.02537996561794076,0.04448410884165528,0.07418460702723403,0.12197870606713443,0.18392714647465802,0.30515005457603606
0,0,0,0,0,0,0,0,0,0,0,0,0.010253751207615241,0.015346002878008903,0.02550010471628643,0.043898080651808224,0.07580107959113357,0.12257548017484245,0.18350515812159254,0.3045267837237111
0,0,0,0,0,0,0,0,0,0,0,0,0.009839186937799936,0.015232256463665566,0.025623410141671465,0.04411007600936486,0.07499658185734279,0.12219733401752444,0.18310779218367831,0.3066116162835254
0,0,0,0,0,0,0,0,0,0,0,0,0.010021786492374729,0.015069834996875578,0.025464862947763085,0.043535829491141834,0.0751802874465893,0.12242150951681281,0.18377666312002833,0.30644981506814617
0,0,0,0,0,0,0,0,0,0,0,0,0.009884979393619877,0.015172176064156048,0.025070673378314205,0.04357670659522446,0.07509204859016538,0.12247067033678209,0.18382006295971492,0.30720826215303304
0,0,0,0,0,0,0,0,0,0,0,0,0.009989251963713551,0.014967823488853137,0.02533055281409278,0.043267605824218895,0.07493375424175647,0.12255634269336328,0.18438459042546002,0.3079126502359159
0,0,0,0,0,0,0,0,0,0,0,0,0.00959641058795528,0.015068981058694246,0.024729536519532955,0.043039521681811056,0.07523687182335176,0.12215884633758091,0.18572810338803092,0.3068589437365063
0,0,0,0,0,0,0,0,0,0,0,0,0.009358130604822223,0.014722534892289392,0.02475839899404743,0.04278678605592907,0.07463180986955742,0.12184837022840128,0.18515307312423315,0.3095551972525597
0,0,0,0,0,0,0,0,0,0,0,0,0.009494461282984224,0.014353073802307296,0.024237371657699864,0.04306090901113143,0.07416176698911159,0.1222989894625993,0.18514537022661148,0.3102390322602422
0,0,0,0,0,0,0,0,0,0,0,0,0.009156585029169106,0.014382892407594593,0.024300557394035225,0.04286517071985337,0.07410151220343615,0.1217812308569828,0.1851904978070435,0.30971566660310273
0,0,0,0,0,0,0,0,0,0,0,0,0.009282738863497175,0.014637775786932292,0.024406415921364968,0.042779557728614026,0.07418936314877518,0.12316247492462627,0.18479095278828028,0.3080614057731145
0,0,0,0,0,0,0,0,0,0,0,0,0.00892296579332879,0.014246028799222302,0.02471156897028941,0.043023310762916114,0.07404188241330192,0.12157308832166557,0.18490639915209042,0.31082704939613454
0,0,0,0,0,0,0,0,0,0,0,0,0.009382481756754478,0.014236653981096591,0.02442788304061971,0.043282332163829575,0.07360106977513785,0.1218675815585354,0.18535340062200933,0.3102854422108686
0,0,0,0,0,0,0,0,0,0,0,0,0.009134055094836757,0.013969631969192828,0.024236999003496202,0.04260307058287027,0.0741618389717432,0.12272028645261536,0.18526356680797879,0.3105798300876586
0,0,0,0,0,0,0,0,0,0,0,0,0.008937991104209045,0.014125233155811377,0.02403045162597166,0.04258163618409393,0.07424018635584852,0.12167146341669272,0.186013183325878,0.3105762008051789
0,0,0,0,0,0,0,0,0,0,0,0,0.00898787995447807,0.014073638816564848,0.02463519980008173,0.04265148368403457,0.07386169842733208,0.12265425282232596,0.1852705481880717,0.3107260207820452
0,0,0,0,0,0,0,0,0,0,0,0,0.009082224427656138,0.01383178390348301,0.024171443231455786,0.042832114718570874,0.07493636873054774,0.12305308569461038,0.18575942316650804,0.309588911618361
0,0,0,0,0,0,0,0,0,0,0,0,0.00880252281619988,0.013952091463898184,0.02370623836833588,0.04254130875308562,0.07519855029181455,0.12330112322013395,0.1853102311400423,0.30937062889866385
0,0,0,0,0,0,0,0,0,0,0,0,0.009088574749303998,0.01398593129172636,0.023675906154553072,0.042216260777900895,0.07460402194772552,0.12307585750195962,0.18645430710598157,0.3083273643808958
0,0,0,0,0,0,0,0,0,0,0,0,0.008772432870058022,0.013840912157603562,0.023910403454324665,0.04241161786533531,0.07542673053569018,0.12436412090136281,0.1857222372149507,0.30910639589798933
0,0,0,0,0,0,0,0,0,0,0,0,0.008452979877792711,0.013865113243282906,0.024147997982888282,0.04322960499353208,0.07483045973619015,0.12449087324409246,0.18622865883995837,0.30895877570088714
0,0,0,0,0,0,0,0,0,0,0,0,0.00881724757796262,0.014098464337835515,0.024620312138004957,0.043173059199345235,0.07472338295501242,0.12325206606678715,0.18623772070598857,0.30922767066717843
0,0,0,0,0,0,0,0,0,0,0,0,0.00906881471249479,0.014101610528392962,0.02448259519556897,0.04317342737780207,0.07455756428873808,0.12359190502453152,0.18538701423991116,0.30892494826373595
0,0,0,0,0,0,0,0,0,0,0,0,0.009084217670077959,0.01415557798989104,0.024738919482869815,0.043293953196273806,0.07420662923358982,0.12402379690248602,0.18492401400532799,0.3089646929328467
