0.11840343974364179,0.11556402871861432,0.11467164239646295,0.12071553157830686,0.11674035614326858,0.11864681783150123,0.12108059871009613,0.1187279438607877,0.11686204518719834,0.11690260820184158,0.1187279438607878,0.11690260820184153,0,0,0,0,0,0,0,0
0.06607100433568927,0.05938929144146821,0.0630976420977609,0.06371013244639782,0.06274870820217379,0.06134183643166835,0.0624331828710578,0.06111540060580863,0.05977905802696445,0.05940413969234424,0.05827196056304567,0.05785620953851635,0,0,0,0,0,0,0,0
0.07340084806406569,0.0616224378020736,0.06419997823101525,0.06494568175133798,0.06454735564731466,0.0633500614858027,0.062277823194158526,0.06174286197305739,0.06006850282649426,0.05958449029311707,0.05755349033248651,0.05713432158348519,0,0,0,0,0,0,0,0
0.07827054645390419,0.06415196585993671,0.06610863275239745,0.06570220342755395,0.06519706983810566,0.06384617617743543,0.06377843795662819,0.06179854653131926,0.06027346887428757,0.059061922410706534,0.05733943622446514,0.05680527196895656,0,0,0,0,0,0,0,0
0.08226252096379146,0.06664115677037817,0.06733061342682366,0.06668597145304715,0.06551044785380761,0.06527086166569279,0.06405741795034879,0.062411340183085216,0.060598069176633663,0.058350440476621405,0.056987039938500454,0.05691119970629145,0,0,0,0,0,0,0,0
0.08507703354707048,0.06933806578400371,0.06886723523261234,0.06804052607047026,0.0658863581965458,0.06485336541489779,0.06468329953011427,0.06292595205401799,0.06070407276300374,0.058386137740769194,0.05718150439021932,0.056310704072763,0,0,0,0,0,0,0,0
0.08843817187383372,0.07072448580841469,0.07047275037065116,0.06943800063519291,0.06640985749139783,0.06573807513131955,0.06502384900557186,0.06283579970640621,0.06070922068855495,0.05850507202999749,0.056701943778109824,0.05567012119890464,0,0,0,0,0,0,0,0
0.09145258916111351,0.07316482385226654,0.07171837281828115,0.07030219954142962,0.06771620382986104,0.06622433616017487,0.06516323839880209,0.06305480549293564,0.06093673875525389,0.0582956925761692,0.05672400172858469,0.05514405331087275,0,0,0,0,0,0,0,0
0.0939572441827573,0.07480303617638742,0.07304948192228311,0.0716377332397406,0.06863613028947399,0.06662196565705247,0.0654786849521734,0.06342261312323857,0.060813890140284335,0.05859804712464248,0.05631279531477546,0.05457495625936364,0,0,0,0,0,0,0,0
0.09614386626090812,0.0765886051714061,0.07449011467381447,0.07254277595276001,0.06987242790060257,0.06792508917954813,0.06598152925290715,0.06373440617505391,0.060523690521775926,0.058314355388056995,0.056228460871843466,0.053985116588403645,0,0,0,0,0,0,0,0
0.09903245350452565,0.07841961285900502,0.07584560870975439,0.07331689136674356,0.07087017986205883,0.0679889598110194,0.06632925956071799,0.06388499599150563,0.06075898239322412,0.05824617663078405,0.05577131386816644,0.05399044081198018,0,0,0,0,0,0,0,0
0.10211185221713887,0.08009824354271877,0.0777969353485978,0.07422738796720572,0.07144374093364961,0.06894205814702696,0.06675473549953867,0.06367352619687824,0.061300227131199786,0.05780986970852094,0.05539937535920446,0.05323724951676129,0,0,0,0,0,0,0,0
0.10472342886472848,0.08242317731278184,0.07918623477472087,0.0756335218100387,0.07241313652281177,0.07001470047341911,0.06654713908445498,0.06407537806708288,0.060837252868248044,0.05782501587722087,0.05464365839553145,0.05263668306228719,0,0,0,0,0,0,0,0
0.10789711841170199,0.08416935258216673,0.08130801840900918,0.07664254513567334,0.07293475244893442,0.07046445166932622,0.06711139885757371,0.06400537612378197,0.06107262567216183,0.057451469126508684,0.05436886156598336,0.05199690451409417,0,0,0,0,0,0,0,0
0.11084732935526123,0.08732702663367775,0.08343705428613014,0.07846427012079757,0.07438451462669189,0.07107902779799155,0.06736952408674136,0.06390685489739484,0.060560617086304766,0.05732266045699314,0.05337912967544754,0.051230970746616214,0,0,0,0,0,0,0,0
0.11512391025254794,0.08919823323028729,0.08452292119521135,0.08006312540264458,0.07576902220512513,0.07189668197681694,0.06786328391136487,0.063916787556602,0.06027155046556146,0.0566622327482724,0.05323714665764435,0.05014692182553844,0,0,0,0,0,0,0,0
0.11846500283646805,0.0913874199463209,0.08703970939777911,0.08142569782314073,0.07690005811582264,0.07264824445155645,0.06844264615320626,0.0640267679399385,0.06008113107486542,0.056091589612172185,0.05210204814947896,0.04950358920085546,0,0,0,0,0,0,0,0
0.12161920960295898,0.09354916346057517,0.08906850422444058,0.08332575233274099,0.07815877263792338,0.07309543193854437,0.06831882579321254,0.06429417813700843,0.05943581233971943,0.055784265067094746,0.05194962223586167,0.04837062226004405,0,0,0,0,0,0,0,0
0.12484819098808851,0.09571235050331081,0.0907338191987701,0.08503717525510233,0.07924057003206803,0.07408279781280125,0.0690502644377982,0.06407862701459317,0.0597653552589399,0.055072920029827534,0.05126060365122932,0.04739658316261402,0,0,0,0,0,0,0,0
0.1281323752298978,0.09831306943802255,0.0924524686690768,0.0861191647840768,0.08032969895007132,0.07431535493464189,0.06985680078661471,0.06369559755066354,0.05927605288308747,0.05460638860556022,0.05087639387184008,0.0464132503731716,0,0,0,0,0,0,0,0
0.1312397871490129,0.10047899487797254,0.09439966471503637,0.08779358904919005,0.08118178788874676,0.07550438744650953,0.06979034383885255,0.063388095780654,0.05913748859195201,0.054481516385793,0.04999043842402324,0.04627001203498966,0,0,0,0,0,0,0,0
0.1339507593057449,0.10337249192160956,0.09723257179551457,0.0892154203109565,0.08228568943038615,0.0760862473343887,0.06957889350947255,0.06374688511229624,0.05883059932900427,0.0540150430332396,0.04936088284817204,0.045075301015192984,0,0,0,0,0,0,0,0
0.1374319854475441,0.10656061027018314,0.09873557817085869,0.09144563009001529,0.08329588888545891,0.07607797134556481,0.0695712124798057,0.06358581752948965,0.058938132625376026,0.053200842871663316,0.048425103672528565,0.043987793681663896,0,0,0,0,0,0,0,0
0.14187747464028572,0.10789716906856534,0.10084437293898837,0.09308184712285625,0.08415203277079841,0.07709809559670924,0.07019705838724774,0.06389050536861444,0.058143064160932914,0.05251429158251463,0.04712856148518354,0.043277536256689376,0,0,0,0,0,0,0,0
0.14475480571663393,0.11034998401899464,0.10282178895940818,0.09407675448609652,0.08619241130541988,0.07737888680882145,0.07019770786722065,0.06373224966896489,0.05785466417058582,0.05226245376923429,0.04698872197616547,0.0420585817999178,0,0,0,0,0,0,0,0
0.14853615403647952,0.11383644284917771,0.10511733229651136,0.09551228622672428,0.08646707843094778,0.07818352433586188,0.0695430875935962,0.06313174214601631,0.05697466133205021,0.051667029630381306,0.04644149233956529,0.04115438424060959,0,0,0,0,0,0,0,0
0.15185341748238768,0.11613868414366102,0.10675338318621679,0.0977759901737483,0.08777540907583783,0.07840833864107401,0.06985366587325914,0.06289758206298873,0.056418910065413386,0.050962286745612394,0.045131937710861623,0.040971960316709764,0,0,0,0,0,0,0,0
0.15534682492243765,0.11805311245837256,0.1097167904818832,0.09884609910909975,0.08888737084792077,0.07899012324595109,0.07001508553212078,0.06300401332080949,0.05571741667378246,0.049887000825434784,0.04491276008311275,0.03978026356986306,0,0,0,0,0,0,0,0
0.15954831020066507,0.12084032772417307,0.11170099036025093,0.10009257616493575,0.08911991229147613,0.0794562799394047,0.07009630650671687,0.0623683576033009,0.055278433620387694,0.04900395325244861,0.04356879978527786,0.039153803811317514,0,0,0,0,0,0,0,0
0.1634135553946087,0.12296749238502494,0.11332128884376312,0.10153413748682516,0.0904496445207995,0.07953115175715764,0.07007937311046859,0.0620442811224797,0.054348011465383844,0.04841179874863136,0.043313545957610805,0.037717292559438884,0,0,0,0,0,0,0,0
0.165382299819386,0.1262787818204537,0.11538173185055606,0.10317380982131702,0.09091590653504936,0.08060272852225868,0.0698965160791976,0.06180182431588155,0.05392296070791635,0.0476980223325344,0.042287551259186894,0.03684640986902639,0,0,0,0,0,0,0,0
0.1690860379704049,0.12868832191136007,0.11696123334626381,0.10434375262297055,0.0927176129777209,0.08008878967916386,0.06990202283487248,0.0614676838688163,0.053484779398253676,0.04712386319039421,0.04128924247476844,0.03597864873632369,0,0,0,0,0,0,0,0
0.17349765974362083,0.1303330569861218,0.11824447315027878,0.10592226061848092,0.09299896454854656,0.08078902988519306,0.07051730610235885,0.060918115410307554,0.053181149566596086,0.04587628339841289,0.04042230087973679,0.03533804144300877,0,0,0,0,0,0,0,0
0.1762494569304746,0.13294455416118867,0.12071854195332607,0.10622496633819702,0.09387190705599033,0.08138386025729302,0.07021846425042792,0.06084987686642926,0.05253963698567205,0.045353536843084366,0.03946513181701136,0.03454205768617783,0,0,0,0,0,0,0,0
0.17907994873481609,0.13536050085631005,0.12258730392768434,0.10749129512640496,0.09406594154408014,0.08157969354308206,0.07014823804284953,0.060390840318025635,0.05202735655389081,0.04512583787952679,0.03901144393154057,0.0334437273871769,0,0,0,0,0,0,0,0
0.18082730186777213,0.1378776037242176,0.12454948067099346,0.10934792211763908,0.09503211118284682,0.0820471870150758,0.07040787431898242,0.05993407862992285,0.05108566380101259,0.04465323320534169,0.03798634000475721,0.03255179131695493,0,0,0,0,0,0,0,0
0.18452516530400628,0.13900267999297428,0.12638801538871225,0.11061061911803866,0.09655793714198299,0.08150011615191542,0.07012856033950354,0.05990832497606137,0.051155569909288184,0.04347481203220525,0.03724340342109886,0.031774631288493026,0,0,0,0,0,0,0,0
0.188298726340377,0.14092343436333438,0.1275765594093317,0.11161646869406015,0.09605945631978151,0.08270012669793922,0.07029414528709708,0.05920949090979083,0.05024552679282112,0.042776122816611806,0.03694280929752277,0.031006461708123715,0,0,0,0,0,0,0,0
0.19070498672334993,0.14319201001464618,0.12966861571964422,0.1121599626940847,0.09707687327533716,0.08315619814692823,0.07005385362408405,0.059336325955907473,0.05001663825712558,0.04216383363553842,0.035687363753047506,0.03021145300654438,0,0,0,0,0,0,0,0
0.1933668980460542,0.14570116096812932,0.13079946893567743,0.1142342427922946,0.0972901696555998,0.08301272699720215,0.07066910033451626,0.05846909626332467,0.04911214097179344,0.041508059828421894,0.03439591433308227,0.029404181113742316,0,0,0,0,0,0,0,0
0.19694930208356906,0.14728751442209803,0.13258941700789534,0.11524670271248558,0.0984390199760197,0.083272628554623,0.06977128249213853,0.057957604687464644,0.04864715064588378,0.04049272673800419,0.033921905753003176,0.028614573671470276,0,0,0,0,0,0,0,0
0.20011350365664923,0.14889780487997897,0.13363812004481354,0.11568328862148451,0.09938013889501256,0.08335057367958734,0.06934236840528493,0.05764380427176212,0.04851942167399806,0.04007786983934258,0.03363393714113231,0.027700997000745017,0,0,0,0,0,0,0,0
0.2021118117806747,0.15029833441732893,0.13505754602267905,0.11715069422843083,0.09989310861635044,0.08331193620450757,0.06956875830670477,0.05719989819868225,0.04799705907304244,0.039688940417950964,0.03223708395780901,0.0271266578061816,0,0,0,0,0,0,0,0
0.20358094007021313,0.15284869590370376,0.13622419405685074,0.11781667964190605,0.09997299493005231,0.0835032920197194,0.07010809937413771,0.057211201115456266,0.047533442784844164,0.038973174587212236,0.032018521636258665,0.026425421375134307,0,0,0,0,0,0,0,0
0.20684447780224352,0.1543963720379254,0.13708849713570043,0.11831004064728194,0.10035673754696592,0.08343431100822439,0.07021716228619483,0.0568903698947873,0.04707556596479645,0.03862848203426308,0.031479036582553764,0.0258171279236428,0,0,0,0,0,0,0,0
0.20988572610665032,0.15573647257776987,0.1385789975232555,0.1193359023952414,0.10093383780093124,0.08365992975586377,0.06921432600559105,0.056481304592094536,0.04660936957752915,0.03782715692115,0.0312323019028316,0.0252116989155906,0,0,0,0,0,0,0,0
0.21203987773357705,0.15734518810262335,0.13979112631223564,0.12032199384151206,0.10121306629238477,0.08361496690970145,0.06904529887410557,0.05597742565268795,0.04591540039769332,0.037392432534973194,0.030604997476307197,0.025058519185146462,0,0,0,0,0,0,0,0
0.2144515770359432,0.158685534072406,0.14108971584764907,0.12182719894054458,0.10116352517505989,0.08402647282490168,0.06895612684085457,0.05604288443958811,0.04522911739547538,0.036956642104989605,0.030064984299133433,0.02410780772060029,0,0,0,0,0,0,0,0
0.21633762882816168,0.1603739191188836,0.14189919037616525,0.12188602961509852,0.10247334268657861,0.0839150893882052,0.06822940357823712,0.056165748837146305,0.04515743814385866,0.03600698445878908,0.029445791999024792,0.023538122751750334,0,0,0,0,0,0,0,0
0.21866448099276545,0.16187534433395648,0.14430753876861663,0.12322301099159147,0.10198494413887156,0.08412925280660397,0.06780782326749214,0.05548857037057107,0.04467083931684142,0.03554090913196232,0.028732128503174643,0.02265040055635336,0,0,0,0,0,0,0,0
0.22012979239090422,0.16400237628950975,0.14501238968437363,0.12405835010514855,0.10292134526899277,0.0841515946212732,0.06786768675444481,0.05486924760620456,0.04394780294867712,0.03528631803879316,0.028098719920850588,0.022143313749274345,0,0,0,0,0,0,0,0
0.22175616064567022,0.16498918353459743,0.14674733030224038,0.12432559310003174,0.10311584169253706,0.08434021818001261,0.06768274861225372,0.05477746970317632,0.04363148860970332,0.03506408064557992,0.027677061081150006,0.021483971657136676,0,0,0,0,0,0,0,0
0.22331838362691306,0.16535856735489457,0.14752156728270283,0.12565874963904128,0.10439376985272887,0.08448689719896049,0.06778578905573203,0.05428254945134276,0.0433533966214265,0.03422114135142939,0.02677072805371067,0.021251443834825304,0,0,0,0,0,0,0,0
0.22485626836821454,0.16682680704888336,0.1478907707263382,0.12649736896118507,0.10425026107393297,0.08492289578921015,0.06794012103004099,0.05415338742018356,0.04252291022439953,0.03331145499942485,0.026356625864701676,0.021168979680215444,0,0,0,0,0,0,0,0
0.22770141602664185,0.16726645487938052,0.14865008167648888,0.12648123245760498,0.10443534922339645,0.08509020513885007,0.06817843379691887,0.054293430683284766,0.041985550932736475,0.03299436838352752,0.025803678600759904,0.020061505554903745,0,0,0,0,0,0,0,0
0.2278196939386862,0.16924989817137223,0.14882550127328104,0.1273100430670219,0.10503524229571934,0.0854864023522695,0.06842996616243162,0.05418411292879441,0.041908262843100424,0.0326020853149015,0.025124874054065636,0.019904252882511762,0,0,0,0,0,0,0,0
0.22894934175288248,0.17019366842387157,0.14948721562878806,0.12826769655794545,0.10568488709722888,0.08569672708820789,0.068826431370338,0.053515631607137806,0.04188199475657543,0.03221154117215912,0.024755729709920217,0.019036450257942664,0,0,0,0,0,0,0,0
0.2301416796076323,0.17090532626457758,0.15113807192582998,0.1293047741167157,0.1061677938557762,0.08620994926239318,0.06801027157419656,0.053209641385827955,0.041669345080008455,0.03208344469894069,0.02418466278494089,0.018806408794668883,0,0,0,0,0,0,0,0
0.23154626044713456,0.1718486708257957,0.15173607001763964,0.1291516616790933,0.10697527628901994,0.08647944950716013,0.06799443195202913,0.05307341595234476,0.04132866699353585,0.03159810866710626,0.02416465191246668,0.01828438748654482,0,0,0,0,0,0,0,0
0.23204949872285358,0.17265937276668458,0.15279540633094887,0.13015733812479288,0.10689929593499964,0.08611776800348084,0.06810470571525833,0.05326703744868305,0.041419898234088655,0.031170037446428624,0.023552248025664677,0.01786539575757439,0,0,0,0,0,0,0,0
0.23309524909802637,0.17344043930429962,0.15428174040064443,0.13005102449107941,0.10773865812463863,0.08654100838460761,0.06817241701898401,0.05242774911775082,0.040719279638331385,0.03082321090235691,0.023200532899920096,0.017697958005953415,0,0,0,0,0,0,0,0
0.2346064325606822,0.1751590669574675,0.15473763109991492,0.13035656922582717,0.10776088953511308,0.0859598401722262,0.06772842804086994,0.05275669095643059,0.04015081069200467,0.030090001747059586,0.022942837337481183,0.017423256180927743,0,0,0,0,0,0,0,0
0.23616988921492968,0.1757331696245023,0.15456178788066524,0.13124116451047868,0.10833506992357123,0.08629069957364366,0.0672809502621782,0.05250209798874693,0.03992205056575294,0.02992267010605403,0.022474669249961988,0.017009197357379012,0,0,0,0,0,0,0,0
0.23751661223110718,0.17646469196981646,0.15583173780831175,0.13126140331118374,0.10783759432368507,0.08567293614145739,0.06757292487892781,0.052446221421331214,0.0395900439238653,0.029862597139317482,0.022548710440364907,0.016410631827908556,0,0,0,0,0,0,0,0
0.23756897363624283,0.17838401726791173,0.1562144429498748,0.13147067902277676,0.1077487050192754,0.08588668158232111,0.0671880386365019,0.05193216306280124,0.03944762509885565,0.030276300106572576,0.022419670638917245,0.016143604856825484,0,0,0,0,0,0,0,0
0.23968359612107937,0.1781449786537745,0.15657690103031716,0.13245470895145037,0.10788881268588559,0.08622613823074643,0.06700608910796318,0.05200010360605374,0.03888830704329718,0.029570519122636914,0.021949843408458975,0.01573798479468546,0,0,0,0,0,0,0,0
0.24047293005824358,0.17858075937278997,0.1572540867301204,0.13243302897760797,0.1087031923567223,0.0863292176991788,0.0669248510128424,0.05190563921459107,0.038996797282870636,0.028861616493767988,0.021373970153018704,0.015727548322289734,0,0,0,0,0,0,0,0
0.24112346746660182,0.17920731652388547,0.15811555819798398,0.13331914529452565,0.10835157509751453,0.08696592168202576,0.06682115864479457,0.051169274563323715,0.038234512517003126,0.028843382068120618,0.021224630435370102,0.015386139862533675,0,0,0,0,0,0,0,0
0.24211667301404166,0.1803108936728315,0.15798315729696488,0.13403853044373776,0.10867870189046609,0.08636786680878773,0.06682884397401255,0.05088528978959013,0.03835805053712313,0.028466286425105857,0.020959858299549525,0.015357642652556715,0,0,0,0,0,0,0,0
0.24380829088452982,0.18120282554245354,0.1592480229645681,0.13356710663327054,0.10883066445276221,0.08640081051416988,0.06658261334534096,0.050389215658683484,0.03796245743393466,0.02812709312470099,0.0206365913376298,0.015047420707511323,0,0,0,0,0,0,0,0
0.2454000508916165,0.18153782755848594,0.16015771897469155,0.13384157394709512,0.1090262812414852,0.08599669880044421,0.06599359125925218,0.05044912977587428,0.03773410706605327,0.027822626953190977,0.020269950752227636,0.014720287515115482,0,0,0,0,0,0,0,0
0.24627316112961667,0.18247040037476725,0.15993482114101287,0.13466956750876677,0.10896513358963443,0.08578880157834641,0.06665292820641024,0.05009357918420574,0.037401268893198114,0.02723706051003472,0.020173014510967122,0.014581911627917455,0,0,0,0,0,0,0,0
0.24680153778281969,0.18234723460191415,0.1615898675598052,0.1348159702527258,0.10890977680540918,0.08613226913000027,0.06627974502336387,0.05011299282428038,0.03725049293682306,0.027093518443490075,0.019728727187604114,0.014274910190962373,0,0,0,0,0,0,0,0
0.24798988724457802,0.182889587036222,0.1614202432959658,0.13498007053264188,0.1094944410237476,0.08576593653863256,0.0660278280876604,0.050187813139152826,0.037254202297882774,0.027064903313098056,0.019362144480477447,0.014040115580779913,0,0,0,0,0,0,0,0
0.24875244979124,0.1838730847726268,0.1612398842336445,0.135405210386552,0.10979567530936882,0.08554147562703958,0.06597916790962031,0.049943659022830204,0.03691150132663021,0.02654273527845726,0.019511651494189725,0.013889936409554434,0,0,0,0,0,0,0,0
0.250158986001353,0.1838744860390593,0.1613812028458776,0.13527823394410227,0.11032559207512471,0.0857252519294991,0.0660256201016835,0.049770215984593254,0.03664725818088496,0.02652505563103092,0.019062562257792577,0.013610327280422052,0,0,0,0,0,0,0,0
0.2510554651139226,0.1851921903462376,0.1600625510845116,0.1361780791998505,0.11014890220369859,0.08581635019600695,0.06619764611577578,0.049582655021086795,0.03614362881853204,0.026388316592249335,0.018705656392347062,0.013551609148039821,0,0,0,0,0,0,0,0
0.25165378110790676,0.1851345922961199,0.1607636142276372,0.1353911970123357,0.11064777359823831,0.0865907298240955,0.06606797858945611,0.04931919016204188,0.03627010051523483,0.026009287504177338,0.01878092224668934,0.013298886827249494,0,0,0,0,0,0,0,0
0.25277471071087293,0.1850966435595534,0.16200191114847864,0.13534487901124517,0.11057085712420547,0.08661059280494236,0.06610345188531759,0.04874891808511479,0.035830094623234755,0.026005350765528637,0.0181660403097006,0.013256482203696001,0,0,0,0,0,0,0,0
0.2512499985932943,0.1862185615366177,0.16271982588360803,0.136980489556055,0.11068747390561119,0.08641111139870425,0.06573141376163208,0.04876429353556883,0.03542984984261778,0.0255840360296691,0.018216274795999556,0.013185895581931596,0,0,0,0,0,0,0,0
0.25216821111757215,0.18670291318045162,0.1631925425459764,0.13633383084185408,0.11089341207989682,0.08657660525229535,0.06593318839226764,0.04827932160382947,0.03526161937336421,0.025592258212546008,0.018039651466600384,0.01275113963943192,0,0,0,0,0,0,0,0
0.25285016653164105,0.1867067242776127,0.16305585561256636,0.13698240165631465,0.11086393914843824,0.08670897470519395,0.06585651273742013,0.04858335583760914,0.03543748312179314,0.025130524799711937,0.01761409667836889,0.012613646592852643,0,0,0,0,0,0,0,0
0.2531412372282612,0.18729595321990178,0.163238549465835,0.1373220059352925,0.11084164338052827,0.08661205537355543,0.06543901920248307,0.04824310165735784,0.03513796685284323,0.025341470633581782,0.01756616995823688,0.012558196589401325,0,0,0,0,0,0,0,0
0.2535903207653347,0.1873247045582443,0.16403489026449067,0.1368531232414181,0.11083736634777715,0.08641643218908274,0.06582667416994938,0.04854586381541921,0.03479797411367474,0.024934158694428808,0.018028137310073168,0.012507597073719744,0,0,0,0,0,0,0,0
0.25406343376319,0.18808471780038707,0.1638238843199196,0.1378525456837579,0.11118171052764758,0.08536556565314643,0.0650070680637104,0.04827763039368607,0.03529645944550843,0.024901851191674422,0.01789901384485798,0.012525710995478013,0,0,0,0,0,0,0,0
0.2554395326889397,0.18836761713428893,0.16306955785201596,0.13805946225032367,0.11062192280998563,0.0859177886189105,0.0654757418720564,0.048148427279609364,0.035185562220964875,0.02484136688260193,0.01748816930464644,0.012105723165665735,0,0,0,0,0,0,0,0
0.25556977455513774,0.18825905467892548,0.1644640961514241,0.13769926590978607,0.11070053437449397,0.08601944979218767,0.06494022022706417,0.048092579931269,0.034936756688677365,0.024988080030227244,0.017303073103150476,0.012132505082855037,0,0,0,0,0,0,0,0
0.2562409519835052,0.1892864735598257,0.16488621574408296,0.13755347258233064,0.11038945700090096,0.08597682582926788,0.06484425881910941,0.047991748096471665,0.03461052612634096,0.024885068396536814,0.01721921199720587,0.011843551288122586,0,0,0,0,0,0,0,0
0.25653894107638786,0.18928495874762002,0.1645706646741894,0.13737627661825005,0.11092006535565266,0.08600884911936409,0.06549293555806611,0.0477688156313437,0.034467004847661006,0.02451399610206643,0.0174473036292192,0.011728684019822749,0,0,0,0,0,0,0,0
0.25805503835303717,0.1895700452311426,0.16457696836521732,0.13692720915519752,0.11083431082733146,0.08622059919443983,0.06517427160749545,0.04800489910235655,0.0345672647203842,0.024346917685624428,0.017115338287970853,0.011493528276781273,0,0,0,0,0,0,0,0
0.2585853720027734,0.1890830264449266,0.16491275065054337,0.13759443008796968,0.10976850559602375,0.08664495187329488,0.0653796112046533,0.04817960400140463,0.034797318590684405,0.024286203077588008,0.016768937790943714,0.01131810446511376,0,0,0,0,0,0,0,0
0.2583775321537985,0.18921931162305267,0.16534969926807655,0.13728850920640057,0.11052291815683049,0.08636876886603596,0.06515333504280425,0.047956282530556796,0.034740497815925975,0.024338592205712325,0.01697212212820132,0.011484945409395788,0,0,0,0,0,0,0,0
0.2577768219854259,0.19062390221493622,0.16559440275988796,0.13713643610553147,0.10982804745133715,0.08550000450373356,0.06558224267918107,0.04816968266693088,0.03478346048874517,0.02433254668119871,0.01692052711697998,0.01166129221124312,0,0,0,0,0,0,0,0
0.25820178448867526,0.19055998739831453,0.16602158038637668,0.13751701790114423,0.10977418229688221,0.08549568504787515,0.06550513631198172,0.04810243370050746,0.0347986543200153,0.024075970161009024,0.01683675191556871,0.011567672176153553,0,0,0,0,0,0,0,0
0.2588439230931907,0.19083728171415973,0.16593548503214953,0.1380065963832381,0.11015195079260091,0.08556287487119958,0.06481194008360219,0.0479047709039205,0.034326165503525415,0.02418748846982807,0.016628195263742835,0.011446929712071922,0,0,0,0,0,0,0,0
0.25841364140127027,0.19121702587298095,0.1665715909154839,0.1381850095357041,0.11043864238578248,0.08576057788054209,0.06519946217504065,0.04750524604366734,0.03403711892344995,0.023777939050255128,0.016546556176267067,0.01137758575101405,0,0,0,0,0,0,0,0
0.25929175172506885,0.19070290576372606,0.16615322322136553,0.13850375944077967,0.11044264111259203,0.08638559434031236,0.06460501971105449,0.047428002631889725,0.03368818855127967,0.023815227844043666,0.01629409680630303,0.011290132100619172,0,0,0,0,0,0,0,0
0.25858023705456673,0.19109009558216483,0.16656131408042948,0.13872123705681616,0.11083279532279507,0.08595983704466877,0.06544082746395705,0.04703186896987665,0.03376531642892976,0.023690834774901644,0.01612569425854649,0.011167749061387193,0,0,0,0,0,0,0,0
0.2597955131754886,0.19222864526353223,0.16639541322816354,0.1385744900210249,0.11087850097020943,0.08543245226614807,0.06477779728701537,0.04688520014226738,0.03357914972739593,0.02355065123335899,0.01619304240557904,0.01102572067874138,0,0,0,0,0,0,0,0
0.26015899023544903,0.19148663404694133,0.1659928680430526,0.1382263670989849,0.11115484398422468,0.08589386181636613,0.06516710393292229,0.04701221384175423,0.03357597580847402,0.023642740911590507,0.016370214014936397,0.010837380810739993,0,0,0,0,0,0,0,0
0.2599010320363884,0.19058279502607486,0.16705164248190238,0.13787857053302863,0.11105714547115952,0.0867070957160946,0.06465221717831739,0.04737856883875857,0.03369903211997239,0.02359440529425517,0.01624240261053135,0.010893027174962754,0,0,0,0,0,0,0,0
0.23639369867077,0.17791429524851227,0.15912756530283076,0.1363758551009436,0.11260103631745794,0.0908168183756326,0.07073121558740103,0.052584073339389324,0.0390693072060214,0.028577519882834936,0.020419300717450548,0.014435911458816118,0,0,0,0,0,0,0,0
0.2387580924237417,0.17830149731996536,0.15859263588009995,0.13503669251591607,0.11132293187897475,0.08868758927254246,0.06941329713447283,0.05265264532626433,0.03945317458592978,0.02845628404364448,0.020455634476898632,0.014532912334792166,0,0,0,0,0,0,0,0
0.2400117057217978,0.178787820128148,0.15844969784890284,0.1349858745643092,0.11048470570016272,0.0880958047285195,0.0685593194284237,0.05226923615610514,0.038919247599928486,0.028209878581603554,0.020087610723261012,0.014538779758210794,0,0,0,0,0,0,0,0
0.24133629417502575,0.18050397289259143,0.1598433379354617,0.13379331852912485,0.1104226256261531,0.08688803169663743,0.06749307688893087,0.05080476542234676,0.037757560788500524,0.027286106314856153,0.01975462650484475,0.014199064625947128,0,0,0,0,0,0,0,0
0.24269337414824893,0.18013532287052242,0.1579154306136939,0.13399175116273504,0.10900363208681449,0.08666977413138194,0.06714972927448296,0.05030445936382067,0.03724057133284022,0.02719677431486669,0.019238549581346995,0.01414428285374668,0,0,0,0,0,0,0,0
0.24156277758709754,0.17910161840048258,0.1574682118231151,0.13363976478288478,0.10839622931958307,0.08656213332846814,0.06595041831199677,0.049550900422702056,0.036959920271569274,0.026923169022676767,0.019397316007147284,0.014056240927641206,0,0,0,0,0,0,0,0
0.23953740595709705,0.1783510097838869,0.15579212950806565,0.1323929994405946,0.10832829107348757,0.08563355519276654,0.06618108752982545,0.04944116538992843,0.03616499035311041,0.026642539928989746,0.01903919262954802,0.014368728094710763,0,0,0,0,0,0,0,0
0.23725013413701376,0.17661221274701194,0.15585921892302243,0.1307327876525452,0.10705846090619543,0.08467413267577655,0.06524538511592859,0.04911469570875714,0.03642133863031837,0.026294279484457228,0.019068004612030093,0.014126054545246984,0,0,0,0,0,0,0,0
0.23437494646118429,0.17530921164593458,0.15422262781642726,0.1295896328293736,0.10651226167374615,0.0841910013671672,0.06445102583226447,0.04891077777765087,0.03648063522448613,0.026221741499178212,0.01903411978760367,0.013848707016183287,0,0,0,0,0,0,0,0
0.23011667446326423,0.17299296704955777,0.1520233600552662,0.12933125779898044,0.10490751023946808,0.08361993931235151,0.065640108290738,0.04884978262933299,0.035880742937597854,0.026114217677193415,0.018812484773759516,0.01409220725300894,0,0,0,0,0,0,0,0
0.22598610487289467,0.17070160220255706,0.15105322046256897,0.12788362745333334,0.10524090182323542,0.08341990644389662,0.0644321089666885,0.04849579934695874,0.035927555163928905,0.025930789512481962,0.018766078883818323,0.01377626765320012,0,0,0,0,0,0,0,0
0.22323848470917584,0.16795319550892798,0.14875246727642413,0.1263554296091468,0.1041745287873693,0.08349515007215996,0.06411259242994995,0.047940067196830895,0.03536982272204345,0.025627654537844526,0.018749013661220938,0.013677231069728724,0,0,0,0,0,0,0,0
0.22075897834676067,0.16496600778761858,0.14781380615576387,0.12470367596187389,0.10312362415877134,0.08183860989290592,0.06415922878560029,0.04788870909641897,0.03542394492632638,0.02542811890698884,0.018717730269364703,0.013668929002304268,0,0,0,0,0,0,0,0
0.2165242262949957,0.16481699956101842,0.14556697212467073,0.12372649619549311,0.10136587284167399,0.08142650717003219,0.06330022680714076,0.04766722453906935,0.034808722929470286,0.025443782923617216,0.018382352941176475,0.01362443298214808,0,0,0,0,0,0,0,0
0.21382454169036158,0.1622577130994224,0.14480118028863176,0.12295739039279767,0.10073676685873759,0.07994125962924137,0.0628866826992251,0.04721725486971833,0.03473150032316339,0.025037740459828383,0.01838148810461816,0.013465522005942558,0,0,0,0,0,0,0,0
0.21064123860075515,0.15932820336355613,0.14312318443769437,0.12215326118146308,0.09973031647515972,0.07936743837234161,0.06167738808248042,0.04695397088698328,0.034597000899707235,0.025052330493215626,0.018592043935893286,0.013742541975857664,0,0,0,0,0,0,0,0
0.20808979990684853,0.15818409300541564,0.14133348249755706,0.12064379583375193,0.09905569913880494,0.07911031150969415,0.06165238951953898,0.0463759943013178,0.034274285609914246,0.024988812683220844,0.01835861514717029,0.013465876400697727,0,0,0,0,0,0,0,0
0.20626704024324352,0.15638588648099772,0.14073998773273816,0.11929398138894187,0.09843506746422911,0.0786680997508855,0.06095481330118412,0.04531576777182437,0.03436660837623256,0.024866904777949995,0.018047951972641946,0.013412891590072425,0,0,0,0,0,0,0,0
0.20322462047169298,0.15567511280805274,0.13898911196770125,0.11876815433237731,0.09817155044849196,0.0783148212426241,0.060886662160434056,0.04543835291108719,0.033968011837994846,0.024710444107491927,0.017727305942746487,0.01327435649171523,0,0,0,0,0,0,0,0
0.202873449703784,0.15347176157491713,0.13785091810417172,0.11759702516666073,0.09764910986766467,0.07801402245282182,0.060180549640875866,0.04541941199774855,0.03349770117173451,0.02442569253129135,0.017811780367424344,0.0131616052865629,0,0,0,0,0,0,0,0
0.20078785997050366,0.15155060704713458,0.1358196620261083,0.11687540808452544,0.09718119181228341,0.07687970010638731,0.06039765125952576,0.04593490737908141,0.03378483272529691,0.024537580304185642,0.017662354858888365,0.013029025939336381,0,0,0,0,0,0,0,0
0.19843004667397954,0.15022081392389022,0.13499840767421128,0.11610280831479428,0.09589453895034337,0.07695328150379474,0.060493541092849136,0.045776798158152755,0.033716214442337834,0.0247033080425579,0.01773930830280899,0.013061637276175498,0,0,0,0,0,0,0,0
0.1978804634318327,0.14958615637743633,0.1336919141322976,0.1155076687151564,0.09498777980370104,0.07692105821651316,0.06059437391746859,0.045517093441713855,0.03381719681704393,0.024463212759208496,0.017542998888658148,0.013039440084525875,0,0,0,0,0,0,0,0
0.19634310636160207,0.14870301867835778,0.13407201899803625,0.11517787824816185,0.09571059962551955,0.07684157647166276,0.05998652783486323,0.045413755308946445,0.03367013746175274,0.024012421792939675,0.01768735443211399,0.012988080558980684,0,0,0,0,0,0,0,0
0.19564830226934907,0.14954094714898616,0.13335822105318437,0.11397434053250591,0.09470005731025403,0.07643612418287218,0.05971568634166503,0.04506275586973448,0.033769667577694215,0.024456180488484292,0.017355188861261233,0.012866266179872004,0,0,0,0,0,0,0,0
0.1953581074447903,0.14778395976356756,0.13242133188435912,0.11479163765293568,0.09529555193819331,0.07591361860775182,0.05900422592126681,0.044902981888582716,0.033258297166052914,0.024319023951453276,0.017381983557490568,0.012756528945620094,0,0,0,0,0,0,0,0
0.19477290137995668,0.14726731567752832,0.13252128960368623,0.11392435411926288,0.09468579068086773,0.07629550049834627,0.05914279875373475,0.04457830087327619,0.033305285895487716,0.0241192742982337,0.017226911383416088,0.01273551570561379,0,0,0,0,0,0,0,0
0.19444796161756508,0.14712696386589413,0.13136128288224158,0.1130290161078924,0.0943134725221325,0.07519754155302395,0.0588866036769478,0.04486620103096898,0.03325610761865325,0.024259368893664646,0.017610200638566543,0.01276334596093542,0,0,0,0,0,0,0,0
0.19346616074445444,0.1461923417623261,0.13197012867227378,0.11349004136872959,0.09348031560779153,0.07531528816562101,0.05870158808434473,0.04457412125695185,0.03334155228623874,0.024396591874195232,0.017579427047660794,0.012592120763814689,0,0,0,0,0,0,0,0
0.19378715939949603,0.1454795123614702,0.1309915522064971,0.11248327720099409,0.09383814041334541,0.07509720037819473,0.058752482045445,0.04507200640513141,0.03335777836831104,0.024251907796217366,0.017643764748282668,0.012655152789072036,0,0,0,0,0,0,0,0
0.19297018758106785,0.14528263788514698,0.1308903569664412,0.11257830137773918,0.09413961744550703,0.07503356791899439,0.058398482285151064,0.044848108731537634,0.03367173142014258,0.024280699672933823,0.01760932532190408,0.012767787574679354,0,0,0,0,0,0,0,0
0.1929266353962459,0.14547246047576193,0.13049299380635834,0.112669310169045,0.09347255627136156,0.07547096652057836,0.05808520562411403,0.04462706430963875,0.03336766008984258,0.0246331541727537,0.017410850220158817,0.01272827007972703,0,0,0,0,0,0,0,0
0.19306559101269205,0.14522127184827074,0.1303344459477033,0.11192725646635804,0.09307517333740963,0.07488472691515308,0.05834152774197083,0.04416196866579817,0.03308525759342196,0.024162288076622084,0.017910961951326354,0.012692017239058469,0,0,0,0,0,0,0,0
0.19256139598197622,0.14527824591710878,0.13023376285513136,0.11210735724856546,0.0930053708291068,0.07426166788947068,0.058024808278402236,0.04418525309761168,0.033702608737324585,0.024024390661352528,0.017278620175011215,0.012756717529989123,0,0,0,0,0,0,0,0
0.19284087708435252,0.14475039084281788,0.13012813714791363,0.11209406226801732,0.09285695551974964,0.07414097252868175,0.057364664616381074,0.044215697342268816,0.0329357056437589,0.02410168869184253,0.017365850543530938,0.012712226794883638,0,0,0,0,0,0,0,0
0.19203739861135186,0.14562671642199576,0.13014584454805064,0.11169972537248066,0.09305288176418532,0.07448130981816192,0.05777100079377389,0.043812669361240134,0.03241927684461192,0.02382576206855652,0.017376349187522247,0.012856628012006963,0,0,0,0,0,0,0,0
0.19160480930751309,0.14491557026422003,0.1307175529688682,0.11228635975380981,0.09272388676710573,0.07433260765689381,0.0575333311285542,0.043736735687657305,0.03259956003252429,0.023564147098301583,0.017263420547553098,0.012761109520882493,0,0,0,0,0,0,0,0
0.19272585024936395,0.14558449689849007,0.1300592702584649,0.11217098848010619,0.09235074946027232,0.07406330296260052,0.05733145839962316,0.043502111581365153,0.03257982439033292,0.023595196793908976,0.017222246932419135,0.012558862540215847,0,0,0,0,0,0,0,0
0.19177245815130814,0.14465245157785653,0.13012694978156977,0.11212984392617649,0.09247796296042689,0.07350967529888658,0.057578185270903796,0.04361302456370997,0.03222817180445808,0.023857292194482887,0.01726101623733812,0.012702966726466813,0,0,0,0,0,0,0,0
0.19251255811620274,0.14463780409110708,0.12886576781793183,0.11117495627746195,0.09308055207827418,0.07434427593880899,0.05713344323822684,0.043565205296412605,0.03230337398902319,0.02350300186291075,0.016928089821028315,0.012481730021593349,0,0,0,0,0,0,0,0
0.19161874658630004,0.14510576625947427,0.12954670625703407,0.11146877754478146,0.09261888227909162,0.07433342341510255,0.05761926427140382,0.043393186397424795,0.03219225958145046,0.023339160141439767,0.017053961260278156,0.012408478632946432,0,0,0,0,0,0,0,0
0.1918865645793455,0.14518617263695194,0.13067860723726185,0.11192461945128067,0.09223521101084678,0.07357351198614528,0.05701622459210646,0.042962127426852625,0.03166074195606599,0.0235233798195242,0.01717824263968645,0.012547853431774678,0,0,0,0,0,0,0,0
0.19190748018254966,0.14520522020085938,0.13083108452443248,0.1120414168465144,0.0925528797864857,0.0733824252021648,0.05723318409678827,0.0436628052138164,0.03188577304872363,0.023163016698759937,0.01656537050908017,0.012407496713717794,0,0,0,0,0,0,0,0
0.1920033822552395,0.14595776055501808,0.13152163879838777,0.11202922779056003,0.09188953882585146,0.07337260304881597,0.057034532506914384,0.04313856876359652,0.03222486983217496,0.023254144345263527,0.01675515457749729,0.012144438708589316,0,0,0,0,0,0,0,0
0.19220453242355065,0.14536766524674594,0.13095947811357617,0.1122197157346751,0.09267633215886847,0.07307481428371133,0.05678695147153869,0.04317668609416162,0.032119770335320916,0.023281077057583734,0.016905682228800636,0.011946028572438181,0,0,0,0,0,0,0,0
0.19375712396844938,0.14519901518260153,0.130652441526467,0.11226804358728856,0.09165070897734008,0.07379747412574655,0.05687206492499885,0.043301189987689774,0.03213536679888752,0.023554689280992108,0.016691743035608442,0.012102767519263207,0,0,0,0,0,0,0,0
0.1929895943743518,0.14528327691729062,0.1303176394160084,0.11179722136743364,0.09212796754083039,0.07314368425251598,0.05670325161555034,0.04270979359706407,0.032183357837271054,0.023537456833179468,0.016727641581472743,0.011927149223282156,0,0,0,0,0,0,0,0
0.193339892806204,0.14559635527412404,0.1306311801464594,0.1121054197739604,0.09212601028613518,0.07348851845222283,0.05629441468105799,0.04255030481026743,0.032176380653127404,0.02346360689679548,0.01657045979776606,0.011980348944194693,0,0,0,0,0,0,0,0
0.19375568789615705,0.14564549495815757,0.13100579110509983,0.11112466956031854,0.09227791830413454,0.07348248641177285,0.05612171584582295,0.04237724978388845,0.031578515205357274,0.023024147471323878,0.017022062764722384,0.012260766232314776,0,0,0,0,0,0,0,0
0.19431657284349202,0.14634591225082136,0.13070149638273468,0.11117875195797446,0.09144396487844027,0.07313419564012942,0.056565228196657054,0.04236179036961542,0.03142905349174972,0.023166230041200126,0.01651196672982346,0.012151412135679938,0,0,0,0,0,0,0,0
0.1940409577317121,0.14639369109619482,0.13161517510171053,0.11096878596907084,0.09157939121813347,0.07276550160115784,0.05615334647688293,0.042338944033550235,0.03147158372175182,0.022982598092285953,0.01635802117403047,0.011904409167056039,0,0,0,0,0,0,0,0
0.1936927282717989,0.147011210951483,0.13109425908994524,0.11096037520320848,0.09162678498548758,0.0733340325452759,0.05597609607172089,0.042131699609429335,0.031228553383691814,0.02284029011215513,0.01643566072108512,0.011700019836338801,0,0,0,0,0,0,0,0
0.19385757593377356,0.1466321899230771,0.13037772784122456,0.11248151606463475,0.09213750109735008,0.07339077177057003,0.05568495735441158,0.042062995303911825,0.031201224927688908,0.022999317077731153,0.016423197467145052,0.011843399881201167,0,0,0,0,0,0,0,0
0.19443218933292292,0.14676949560241,0.13074550978413907,0.1118532578646466,0.09142541197124897,0.07261866082981355,0.05662431528126907,0.04230008493077286,0.030996882071626854,0.022346483352998513,0.016328368588154146,0.011797967361502992,0,0,0,0,0,0,0,0
0.19429724697039102,0.14692663070110062,0.13149083880907939,0.11218384831556706,0.09159367571275864,0.07327927102492747,0.05600531506337281,0.04191196413471818,0.030318881010500204,0.022510387393362544,0.0161332230206973,0.011980544862371309,0,0,0,0,0,0,0,0
0.19420182482375806,0.14693079689289842,0.13163008850566194,0.11221355339119735,0.09222711704061685,0.07307957530959884,0.056440738819962505,0.042399512164541894,0.030203625711664166,0.0221190067761257,0.016319691797411513,0.01172058882195715,0,0,0,0,0,0,0,0
0.1959245522240858,0.14784329866815957,0.13175996542984098,0.11212384143789966,0.09206015116463355,0.07290176123102603,0.056651962187178245,0.04193570087234922,0.030452980821086887,0.022009971985857236,0.015957913795796627,0.011838455197324689,0,0,0,0,0,0,0,0
0.19581993166144265,0.1479704086527232,0.13130847031237713,0.11242706699069943,0.09218755162705694,0.07301333388022405,0.055523083916968294,0.04184739697090881,0.030827548254563988,0.022345044770983803,0.015699182740127764,0.01148698456970522,0,0,0,0,0,0,0,0
0.19625405588372388,0.14754014284916497,0.13142145974204186,0.11208542229627692,0.09218181756016725,0.07269761997836861,0.05569111574839675,0.04182446670898729,0.030598487171041754,0.02226390967246353,0.016022948865378278,0.011681856879587978,0,0,0,0,0,0,0,0
0.19648270020645073,0.1479890151355381,0.1320098904819501,0.11265641975041234,0.09185745211791517,0.07302039313411769,0.055121539157804274,0.04151471659482879,0.030712249218257503,0.02203926781250036,0.0157522682787529,0.011582214916205638,0,0,0,0,0,0,0,0
0.19665942933342445,0.14692812245339898,0.13161688863054838,0.11275765191276443,0.09243727169632833,0.07270157682685677,0.05571720832692233,0.04150924042193084,0.030894864912610613,0.02216447552128745,0.015764849355193497,0.01158315240000229,0,0,0,0,0,0,0,0
0.1970796263471961,0.14809212513607328,0.13112158534569726,0.11226682321024525,0.09217187117071422,0.07293980861407641,0.05601828368204175,0.04175154026342635,0.030340197313301842,0.02198373390631322,0.01567791538667593,0.011456938167186266,0,0,0,0,0,0,0,0
0.1969465196387985,0.1478329955522322,0.13140292763885306,0.11225769240414274,0.09267816718226728,0.0730028929868436,0.05591398094595427,0.041524278064138144,0.030763917227292104,0.02232318926152465,0.015917126983656563,0.011198070430209256,0,0,0,0,0,0,0,0
0.19643085072436012,0.14828984436968354,0.13147092074432687,0.1120855100608116,0.09238099796686818,0.07337509003218366,0.05607637464329021,0.04152648997565713,0.03040124723065562,0.0219382219669411,0.016092967916632478,0.011344055140723721,0,0,0,0,0,0,0,0
0.1979300612644462,0.14821235152284115,0.13160523327528453,0.11268033945446283,0.09238642045473956,0.07275992970363225,0.05541818480017586,0.04148533537130536,0.029623108051622035,0.02166750000284739,0.01563217186391298,0.011232384620904168,0,0,0,0,0,0,0,0
0.19850416396094647,0.14905271312530616,0.13226357701903685,0.11256593412853019,0.09133599917973953,0.0727605181311733,0.05539036421841713,0.041080237419825236,0.029926974036478808,0.021531836358043666,0.01551545393440195,0.011468835799810877,0,0,0,0,0,0,0,0
0.1976248761770299,0.1491192913341,0.1321484281599053,0.11223541735457203,0.0919136484224669,0.0720962801871862,0.05531328634702313,0.0413642729456773,0.030137656984754117,0.021844079838773945,0.015532808817334072,0.011340476163366624,0,0,0,0,0,0,0,0
0.19809411531309254,0.149573638682299,0.13232535946266724,0.11301909875232735,0.09216450626116647,0.07237481942780137,0.05477993279920827,0.04070812805775577,0.030021446333429472,0.021454314521140203,0.015404647047623177,0.010963739620305266,0,0,0,0,0,0,0,0
0.19860906217070598,0.14928146270612028,0.13235667701421122,0.11268988693646223,0.09180417509184627,0.07182752826588439,0.05501893885455529,0.0406595847691738,0.02950474183350895,0.021576054452766783,0.01528664597157748,0.01080283655626121,0,0,0,0,0,0,0,0
0.19851768843213893,0.149677481072512,0.1328067346325198,0.11241697870828433,0.09113209609970757,0.07181057023897379,0.054954628693251684,0.04065879501826697,0.029582456428057322,0.02141129362888457,0.015233097366095433,0.011001175280837461,0,0,0,0,0,0,0,0
0.19885943641534548,0.14899081649272708,0.13310105958288676,0.11275907274253497,0.09131798079014837,0.07189969783151687,0.054839080760876846,0.0413559654072327,0.02965305864437629,0.021230382682203727,0.01530090992235648,0.010934102668946125,0,0,0,0,0,0,0,0
0.19845161496081193,0.15009789884810812,0.1336208222136416,0.1122903774373624,0.09103396902090898,0.07183121532393186,0.054769820957301554,0.04094552404644014,0.029861711470054574,0.021217681705159877,0.01543259445046228,0.011064449220738837,0,0,0,0,0,0,0,0
0.19976690082917686,0.14852951564134173,0.13239258184105054,0.11289473624247783,0.09180074236275515,0.07207731692145036,0.05543567670534944,0.04069893293898637,0.029529312847341702,0.02109741175612769,0.01500675600236061,0.01081416094552133,0,0,0,0,0,0,0,0
0.19741234916764464,0.14964392739537163,0.13273133324977499,0.11227168624591223,0.09178925059535341,0.07232774631678497,0.0551200391964723,0.040864601255654436,0.029709558697856752,0.021143306404749155,0.015121406515274084,0.010619509360436631,0,0,0,0,0,0,0,0
0.1983783950005637,0.15017100996675467,0.1325506623432977,0.11277660278422219,0.09114495244408147,0.07182874174704644,0.054858721736089994,0.04061073849199164,0.030030101854287904,0.021259221041913655,0.01505206607146315,0.01061594339074667,0,0,0,0,0,0,0,0
0.1977931398801391,0.14935583911689154,0.13297971656010343,0.11269172268065647,0.09186863580887843,0.07179923310927737,0.05519313441535966,0.040544109878499726,0.030063118203180497,0.021257992240013113,0.014951864400604772,0.01057207133358835,0,0,0,0,0,0,0,0
0.1992406300515019,0.14951932770811763,0.1329034110132565,0.11304314146312568,0.09129982582108437,0.07212305757473234,0.054434043832938615,0.040288984351237636,0.03012190245752894,0.02102222176655469,0.014849065824593064,0.01069109955993908,0,0,0,0,0,0,0,0
0.19778231915557717,0.1490862945318926,0.13301072843548017,0.1138617583333903,0.09188202138396592,0.07205070547038571,0.05472550105142769,0.04069469410630923,0.029635907565494952,0.021091206510422005,0.014860102021520665,0.010616799604490046,0,0,0,0,0,0,0,0
0.19948245221563052,0.14978830178067865,0.13355374083675162,0.11210044024577256,0.09182090068797658,0.07189997871063881,0.05515993774854192,0.040497601816084985,0.02944876493243759,0.020819173631247776,0.014584920073818296,0.010305416947014538,0,0,0,0,0,0,0,0
0.19869963830773096,0.1495450100242381,0.13426900478271717,0.11294999493380359,0.09112095003136488,0.07191835796036068,0.054589689322621086,0.04078003485998511,0.029435170332353874,0.021108392695114022,0.014724985228337456,0.0106447048001357,0,0,0,0,0,0,0,0
0.19818620545937576,0.14902540428327893,0.1331330658798691,0.11278936957885764,0.09203914097560917,0.07198126990670253,0.055002567872105175,0.04095385915306909,0.02959828459310898,0.021094129878529978,0.01508952251243795,0.010257823469326166,0,0,0,0,0,0,0,0
0.1998924212846312,0.14963242039573918,0.13337937337677508,0.1131525235983713,0.09156156659225048,0.0714418396872012,0.054409302823827325,0.040957404982581117,0.029616055667426776,0.02091175240485153,0.014981247799137776,0.010303169127643744,0,0,0,0,0,0,0,0
0.19891010346614427,0.15043419336837244,0.13360400425936586,0.1133515172566952,0.09169480619316339,0.07176689652816132,0.05463035196710948,0.04030339439563132,0.029436317356915487,0.020481399440815878,0.014844003576045053,0.010477584233513467,0,0,0,0,0,0,0,0
0.20061493348086282,0.15016579981763728,0.13328188018017711,0.1128713705321417,0.09176419429712376,0.07173047654498908,0.054391219268978164,0.04041576879776067,0.02905054133953504,0.02059947476803393,0.014858805490005907,0.010572939967147393,0,0,0,0,0,0,0,0
0.20016866000763534,0.1512344659004792,0.1333018045481222,0.11239024279063936,0.09141714292226258,0.07111070592190356,0.054729032883003514,0.04017982803516786,0.028951401986313473,0.020847744457296532,0.014462595654725607,0.010235839112027858,0,0,0,0,0,0,0,0
0.1995866215708379,0.15054946306355554,0.13336066413856715,0.11302768382813486,0.09106738182273698,0.07179688656577046,0.053930511427692916,0.04033229704030155,0.028987735301151302,0.020615398631182166,0.01452860054889367,0.010274105200824477,0,0,0,0,0,0,0,0
0.20041451792636203,0.1510198872894083,0.13373957153567612,0.11193351305651711,0.09123154438121973,0.0713704614388945,0.05455958324882696,0.03955809061968038,0.0293546600793486,0.02049687459408463,0.014503569776424672,0.010254704060634928,0,0,0,0,0,0,0,0
0.20191860888896995,0.15022345427045938,0.13316826721577346,0.1132031634382346,0.09127799442389345,0.0715201723855167,0.05435678881863077,0.04022062977203563,0.029086639211327158,0.020272609654317854,0.014314968019388809,0.009932439819961005,0,0,0,0,0,0,0,0
0.20179366068286222,0.15095201376795164,0.13321586685816664,0.11300814026727232,0.09146439387640512,0.07164961428550273,0.05482920473222085,0.03990405259339323,0.02869082588347583,0.020336430970601862,0.014167732559132826,0.01021092711573485,0,0,0,0,0,0,0,0
0.20115354094489704,0.15011174500961472,0.13377181247787012,0.11295069443574754,0.0917367895539194,0.07231831900894757,0.05456663087942128,0.04058683492364564,0.02907305721367264,0.020242753652063718,0.014243930874070273,0.010103160624770163,0,0,0,0,0,0,0,0
0.200846094846047,0.1505556486290278,0.1345204189901794,0.11246998380521583,0.09173815279169134,0.07215055564862902,0.05526854735863184,0.04000373813455688,0.028893044904341348,0.020388788787419815,0.014162743334894685,0.010032560519600704,0,0,0,0,0,0,0,0
0.202744788023903,0.15091322068341756,0.13342339858887636,0.1121152956775512,0.09199755775833195,0.0722454726261616,0.054587062953791066,0.04011814799711123,0.029149703490901974,0.020166719445210163,0.014119209643209453,0.00999223130215678,0,0,0,0,0,0,0,0
0.20337087099059775,0.1497538371110204,0.13363193351209857,0.11270296192847719,0.09146984646999452,0.07239307691080953,0.05442124951872366,0.04025065100458608,0.029034918450711593,0.02049724675750733,0.01428109273084748,0.009941062156983805,0,0,0,0,0,0,0,0
0.2030589227123588,0.1508373587313161,0.13320839409405763,0.11265949690120308,0.09184742982136347,0.07250956981407217,0.05427337768866205,0.040122584761210334,0.029099070360918706,0.020315348158950055,0.014418519868756826,0.009992480860371853,0,0,0,0,0,0,0,0
0.20216713856811627,0.15025266192296516,0.13330864633597483,0.11282109712814263,0.09239735431348309,0.07218098227663487,0.05512644490147038,0.040449835071867675,0.028670719132233048,0.02033600902404704,0.014465820852157162,0.010095082919826132,0,0,0,0,0,0,0,0
0.2017181997512562,0.15004350737803135,0.134210010797119,0.11320688099934857,0.09185295872949346,0.07289649799774947,0.05488649357867546,0.04019990615162438,0.028909627658847477,0.02041657744996651,0.014356295813724643,0.009772076008072785,0,0,0,0,0,0,0,0
0.2004900256978593,0.1510247804855813,0.1333792969840627,0.11314921282499812,0.09309690543073824,0.07249075503843283,0.054701682611495106,0.0407541837368448,0.02882718616987938,0.0204500259257782,0.014383963624138886,0.009824445444755301,0,0,0,0,0,0,0,0
0.20137488198132422,0.15030197975260778,0.13325034537190267,0.11387079617192404,0.0931234261803861,0.07270064313771937,0.05456477445762661,0.040755592860909365,0.028814209847170803,0.020307753983592972,0.014215769458987585,0.009712552631489032,0,0,0,0,0,0,0,0
