0,0,0,0,0,0,0,0,0,0,0,0,0.11641585202612262,0.11759217945077681,0.11751105342149029,0.11268405467894378,0.11536121364539817,0.11856569180221473,0.11945807812436622,0.1116699793128626
0,0,0,0,0,0,0,0,0,0,0,0,0.057240007127160444,0.056066995307952706,0.05501276949575339,0.05310848132090038,0.05437058264536435,0.05327181208053692,0.051256162024113545,0.05778939240957413
0,0,0,0,0,0,0,0,0,0,0,0,0.05588376288480733,0.055198271449976494,0.05428582676983004,0.051849553156850164,0.050749524671902045,0.04934148821116843,0.04795661024485478,0.055246904288258396
0,0,0,0,0,0,0,0,0,0,0,0,0.05578726327911052,0.05469183947977049,0.05284548911833873,0.05115203359815755,0.04814639197205317,0.046596154404435895,0.04464529364518722,0.053329333552676154
0,0,0,0,0,0,0,0,0,0,0,0,0.05557710107606948,0.05396549614162816,0.0519953737458352,0.04939612215103581,0.04644352401980807,0.0445302817981719,0.04219302373282173,0.051462768478731116
0,0,0,0,0,0,0,0,0,0,0,0,0.05488718962976026,0.0530085914765498,0.05065758808782957,0.04759482747760801,0.04527059371889999,0.04293218780312671,0.04129924037238131,0.049585228203222434
0,0,0,0,0,0,0,0,0,0,0,0,0.05464415293220559,0.05248391161744411,0.05021390194319269,0.047332116612050806,0.04400540353044314,0.0413197376682566,0.03987225890111627,0.04734382523706309
0,0,0,0,0,0,0,0,0,0,0,0,0.05294341087191685,0.05168826021254984,0.049721582260537356,0.046443326919953884,0.04270952896067467,0.03971340726611121,0.03839770109247655,0.0455872921500786
0,0,0,0,0,0,0,0,0,0,0,0,0.05246257163511403,0.051463346918249546,0.04902487192113064,0.04551645381303103,0.04193600771092418,0.03896714475793356,0.036895357730306236,0.04360443797211076
0,0,0,0,0,0,0,0,0,0,0,0,0.0526461637679115,0.05028315766137973,0.04770727946955804,0.044937423164513594,0.04086136359056009,0.03855000100767848,0.03517049920393398,0.04223306596263528
0,0,0,0,0,0,0,0,0,0,0,0,0.05167836575827863,0.049127616996015984,0.04683145352288513,0.04357937124777389,0.04056841061669614,0.03732367214800218,0.03481576225650689,0.040922137292460976
0,0,0,0,0,0,0,0,0,0,0,0,0.05050279624543606,0.04834786949014865,0.046113752776147994,0.04254900478619313,0.039398204307693745,0.036003834713758294,0.03383570963201865,0.04000052793305809
0,0,0,0,0,0,0,0,0,0,0,0,0.05031630262396947,0.04740459179872059,0.04484886186640426,0.04144279883768102,0.038072215632173584,0.035107285072100904,0.033049455325580616,0.03845894570522653
0,0,0,0,0,0,0,0,0,0,0,0,0.0490583002691574,0.046428776311337516,0.043937401875789525,0.0401816080838544,0.03695382644907727,0.03359609060267145,0.03181419591709624,0.03778389434137213
0,0,0,0,0,0,0,0,0,0,0,0,0.04824217726677338,0.04513578809489158,0.042379857371561656,0.038714597584048896,0.035733954300684045,0.03293377965361665,0.030473584631058075,0.03653500218308833
0,0,0,0,0,0,0,0,0,0,0,0,0.047109996709321894,0.043832064182127456,0.04097357724519257,0.037608743007309035,0.0345243116225824,0.03157892297495841,0.029617261692335497,0.03508859339732388
0,0,0,0,0,0,0,0,0,0,0,0,0.04573357072626289,0.04319172560088641,0.0396308316570635,0.036692689768957835,0.03331319113635498,0.03072859679750622,0.028349660836983377,0.03393478780792432
0,0,0,0,0,0,0,0,0,0,0,0,0.045145146413111945,0.04197724778586802,0.03883238004649935,0.03575660497075652,0.03213384630797593,0.02964535887305258,0.0271395982722228,0.03196572082648645
0,0,0,0,0,0,0,0,0,0,0,0,0.0439013853254544,0.04091748368735329,0.037650932914491744,0.034345316814061694,0.031351074353957155,0.028500454421678024,0.02629326341405686,0.03053759635635393
0,0,0,0,0,0,0,0,0,0,0,0,0.043469181936774806,0.03967723096939707,0.03635913045573399,0.033618140785214946,0.030413626699924166,0.027315815017043707,0.02495115209911161,0.029432653000345338
0,0,0,0,0,0,0,0,0,0,0,0,0.04228735799342025,0.03889213969748775,0.035187744693325335,0.032208197305124205,0.028792367228643045,0.026337275145513445,0.023855845787238324,0.028367535529556735
0,0,0,0,0,0,0,0,0,0,0,0,0.04115257426796562,0.03780904207402015,0.03395156056303205,0.030456934137795655,0.027635363833764297,0.02509423358023505,0.02348256177979846,0.027383540114946085
0,0,0,0,0,0,0,0,0,0,0,0,0.040641231882318093,0.03659608816995548,0.03281848646683335,0.02967429618729768,0.026539252643120684,0.02420569178474531,0.022042488872424767,0.025928708057930856
0,0,0,0,0,0,0,0,0,0,0,0,0.03931697075502915,0.035598306689943966,0.031682241924257476,0.028752039617065468,0.025415625463549325,0.02314152375084152,0.021166375700316063,0.024571252524560973
0,0,0,0,0,0,0,0,0,0,0,0,0.038177480480343355,0.034471028720149774,0.03086845349527418,0.027281859275832158,0.024651842381626408,0.022260399068535684,0.020109812337336188,0.023388201451988503
0,0,0,0,0,0,0,0,0,0,0,0,0.03726402132630363,0.03335997601018884,0.02984815954592669,0.025919029826495757,0.023384364891413042,0.021532679846620262,0.01959205919007023,0.022330819952134408
0,0,0,0,0,0,0,0,0,0,0,0,0.03622404856611243,0.03203900420327488,0.02840429374385431,0.025180909452412067,0.02267649139918122,0.020396536656453766,0.018622478918109624,0.021540501954653846
0,0,0,0,0,0,0,0,0,0,0,0,0.03520792417385364,0.031088720006831164,0.027320183303446887,0.02424045768935188,0.021742521276292937,0.019173995958215923,0.01753906583553925,0.020262431332365573
0,0,0,0,0,0,0,0,0,0,0,0,0.03437600935314964,0.029997406957542348,0.026543428911968484,0.02337263839795467,0.02059876534785436,0.018351461884550477,0.016727398450543402,0.019545626174261557
0,0,0,0,0,0,0,0,0,0,0,0,0.033404698260522524,0.029441159181687222,0.025719798480302276,0.022527137053632858,0.019607352671977916,0.017649459873999022,0.015957622194909243,0.018489693775106106
0,0,0,0,0,0,0,0,0,0,0,0,0.032073199822793726,0.02834618836118275,0.02499971601558507,0.021644156168709457,0.01912578237706316,0.016925471130144372,0.015031863051355746,0.01765247123237876
0,0,0,0,0,0,0,0,0,0,0,0,0.03101060077084141,0.027543175512741117,0.023865912612263143,0.02100644938829492,0.01836249509433619,0.0161291420249219,0.014547987033167963,0.01638208145330148
0,0,0,0,0,0,0,0,0,0,0,0,0.03048967894200224,0.026447675678005215,0.0229092216421829,0.01975636836667457,0.017388326050393487,0.015258448909600434,0.01377728834204148,0.01589695840388504
0,0,0,0,0,0,0,0,0,0,0,0,0.029879883797300916,0.02539013093789101,0.021899739440062717,0.019316827044692217,0.016483223547267747,0.014624025736107353,0.013079042564172952,0.0150346600299695
0,0,0,0,0,0,0,0,0,0,0,0,0.028989780988782902,0.024752464017965485,0.021191121596025823,0.018402159489162864,0.01611677573750411,0.01372931529222288,0.012402318275130709,0.014356519865258762
0,0,0,0,0,0,0,0,0,0,0,0,0.027850079853206016,0.024213077803074055,0.020203427458176167,0.017589226046869858,0.01525932470239107,0.013067609047764678,0.011778631055534793,0.01354219760553649
0,0,0,0,0,0,0,0,0,0,0,0,0.02719201328097998,0.023247380915957013,0.019443264038800413,0.016919651204297045,0.014386972854447486,0.012620330551353314,0.010991937357288954,0.01291495980010539
0,0,0,0,0,0,0,0,0,0,0,0,0.026523913528373442,0.022495394603505657,0.01904884833950972,0.01609709206150794,0.013615216433820994,0.01173342934749995,0.010546839175138677,0.012438816444237619
0,0,0,0,0,0,0,0,0,0,0,0,0.025549345448700966,0.02187987404726171,0.01819229297820276,0.015427173103521657,0.013317396825828005,0.011110281084678538,0.009961449045054593,0.011507561918085446
0,0,0,0,0,0,0,0,0,0,0,0,0.025138477057704618,0.021128353361334094,0.01769950535022426,0.014775032739165535,0.012454453544311525,0.010589621627979034,0.009517541181233609,0.010764909042795005
0,0,0,0,0,0,0,0,0,0,0,0,0.024259665633554285,0.02033685496459517,0.016892518607334345,0.014197000203606093,0.01182951383390268,0.010003845892812703,0.008818405990543628,0.010192747098613217
0,0,0,0,0,0,0,0,0,0,0,0,0.02348869994223072,0.019405281537680612,0.01629297509589589,0.01366452886373117,0.011318711258680943,0.009876174745888597,0.008420072058994766,0.009505365987114392
0,0,0,0,0,0,0,0,0,0,0,0,0.02251845148884428,0.018787998755761676,0.015723779091140457,0.013316743488957387,0.011164211181178062,0.009634929163249723,0.008230070978140993,0.009097644430619577
0,0,0,0,0,0,0,0,0,0,0,0,0.021769024167842727,0.018325030310083746,0.015078772320142285,0.012692382875395898,0.010674347104412448,0.009024665007191934,0.007738816906755681,0.00851959110482374
0,0,0,0,0,0,0,0,0,0,0,0,0.021168010272594507,0.017659412852498748,0.014541915531421392,0.012054021548937248,0.010279376590963556,0.008546554475948475,0.007234221484733534,0.008051462443087022
0,0,0,0,0,0,0,0,0,0,0,0,0.02048655425042588,0.01692686990817619,0.014002480135740517,0.011572082760117522,0.009740806598020187,0.008111875147660772,0.006840155590648736,0.007706055306800933
0,0,0,0,0,0,0,0,0,0,0,0,0.020145504721620317,0.01639892186940709,0.013422432297847694,0.011008268904830247,0.00919595260651734,0.008001291769374001,0.006587572139786611,0.007179256713192194
0,0,0,0,0,0,0,0,0,0,0,0,0.01972241274691153,0.015947198985743226,0.012518884543544904,0.010227315100968035,0.008836327929463051,0.0074250013842073834,0.006090512473120955,0.006824989858562255
0,0,0,0,0,0,0,0,0,0,0,0,0.018809955675549987,0.01555814155606247,0.012228446431977713,0.010008273445850695,0.008396475263751355,0.007055567532425022,0.006039728342026283,0.006494598557282606
0,0,0,0,0,0,0,0,0,0,0,0,0.018465331779879163,0.014442833789434706,0.01182702468366435,0.009514906837907892,0.007911778253447856,0.006755719330569628,0.0058683537901572415,0.0062815545379828605
0,0,0,0,0,0,0,0,0,0,0,0,0.01770584156112281,0.014131242559977596,0.011230904413076814,0.009085015597223444,0.00758515225645856,0.006491878375539577,0.005424581043444085,0.005999453363059539
0,0,0,0,0,0,0,0,0,0,0,0,0.01702873895924952,0.013571081161294542,0.010822107794513107,0.008769405596575745,0.007268529333103127,0.006093783325377559,0.005117649514923561,0.005576940221114061
0,0,0,0,0,0,0,0,0,0,0,0,0.0163886532630667,0.013182888752526711,0.010494874386370196,0.008538929396477041,0.0070465907450187664,0.005717811507363558,0.004839102656656078,0.005185397415535663
0,0,0,0,0,0,0,0,0,0,0,0,0.016186583844767583,0.012789803343099633,0.010349354138050026,0.008094983546139602,0.006593949400150215,0.005460561483757029,0.004550467903130857,0.005003823069688135
0,0,0,0,0,0,0,0,0,0,0,0,0.01608146891329657,0.012536889795402654,0.009678212683772098,0.0078021353212458155,0.006352490456034585,0.00525933413355234,0.004456106784112346,0.004928792541718187
0,0,0,0,0,0,0,0,0,0,0,0,0.015507287093545812,0.012166405466363836,0.009416750442573734,0.007648712107621294,0.00584795321637427,0.00489792878878655,0.004250287433162623,0.004697092270840456
0,0,0,0,0,0,0,0,0,0,0,0,0.015198037944352042,0.01142953795844727,0.008955543652919121,0.0071761621514955035,0.005658388069799566,0.004679615482197728,0.0040560426239675245,0.004260141516082654
0,0,0,0,0,0,0,0,0,0,0,0,0.01464612802928549,0.011027168697185919,0.008481830207765932,0.006657125876405041,0.005391787026104097,0.004411769681263171,0.0036448976507777535,0.003913302861447651
0,0,0,0,0,0,0,0,0,0,0,0,0.014088063074486734,0.010836277974087163,0.0081446790764254,0.00642128932997447,0.005210746107156746,0.0041839259246735545,0.003366752892510752,0.003596688476733109
0,0,0,0,0,0,0,0,0,0,0,0,0.013571794114530614,0.01044036188445037,0.007921013060033774,0.006238065500814981,0.004875249962237949,0.004050120951288081,0.003197938530143135,0.0034391647710492455
0,0,0,0,0,0,0,0,0,0,0,0,0.013301082819275018,0.009792374166075873,0.007754550444590466,0.005875649922623563,0.0047316283090684304,0.00372511471211795,0.00319987917328377,0.003464751172481264
0,0,0,0,0,0,0,0,0,0,0,0,0.01290795250252197,0.009748592489898053,0.007325251773829046,0.0057641694985938975,0.004500650920587689,0.0036936221053758714,0.003073697736148916,0.003150342930889703
0,0,0,0,0,0,0,0,0,0,0,0,0.012391932458842814,0.009424897635045705,0.007209196230942095,0.005508276495204196,0.0043840924579416594,0.003518988910228611,0.00287466699708816,0.0031202302437046275
0,0,0,0,0,0,0,0,0,0,0,0,0.012173668205879049,0.009246536772159034,0.006967000788377075,0.005247212523932882,0.004168262191688255,0.0032492397792544246,0.002722153395652665,0.0030667868003153545
0,0,0,0,0,0,0,0,0,0,0,0,0.011839019081673341,0.008893064671303588,0.006920458104360007,0.005004179537614712,0.003971124013978356,0.003131836811024065,0.002475052328712184,0.002908777930238899
0,0,0,0,0,0,0,0,0,0,0,0,0.011553201145522584,0.00879525304089398,0.00653055984432064,0.004953945982956803,0.0037928824893381495,0.0030068278641724603,0.0024133453606447887,0.0026701081894954727
0,0,0,0,0,0,0,0,0,0,0,0,0.01154734931238429,0.008518056387641386,0.006274803039653332,0.004916688813913575,0.0036013675737278095,0.0028096973409790127,0.0022669021031626263,0.0026148766435884845
0,0,0,0,0,0,0,0,0,0,0,0,0.011656712518804783,0.008466655856732338,0.006070453746993484,0.00445008963237215,0.0033206767018890346,0.0026461818411119787,0.002183381527623886,0.002395076074912844
0,0,0,0,0,0,0,0,0,0,0,0,0.011457950706812122,0.008161071587121664,0.00600446644867753,0.004323351053401331,0.003188710836884485,0.0024529411632146737,0.002011254008423607,0.0021780134444161522
0,0,0,0,0,0,0,0,0,0,0,0,0.010899164157262262,0.008280753102749557,0.0055993020572425636,0.0041696451186221265,0.0030349252807249597,0.002258182534545351,0.0018934511580784045,0.0020082739988179993
0,0,0,0,0,0,0,0,0,0,0,0,0.01085612759834355,0.00789157833818605,0.005583440858762253,0.003910322666360417,0.0028744756024238834,0.002303633796537119,0.0017733251366304802,0.0018161101240539448
0,0,0,0,0,0,0,0,0,0,0,0,0.010657441628435462,0.00769691605350342,0.005345612363713349,0.0037882115002173373,0.0028220148690679702,0.002151983405741776,0.0016317236812767306,0.0017623516640428456
0,0,0,0,0,0,0,0,0,0,0,0,0.010226750938605733,0.007651775022733617,0.0050745482537881866,0.003608117476523603,0.0026863931430011973,0.001976248998370383,0.0015508377675138873,0.0016555024354230252
0,0,0,0,0,0,0,0,0,0,0,0,0.010487593751793986,0.007211979517843094,0.004921300835337912,0.003436580844072883,0.0025383196211543895,0.0018314173053739207,0.0015297456164739755,0.0016107917418500806
0,0,0,0,0,0,0,0,0,0,0,0,0.010082839810388126,0.007212320494044516,0.004850614797695931,0.0033478135085513324,0.0023166779423667264,0.0018472636071058294,0.0014442652089681782,0.0015444519615778172
0,0,0,0,0,0,0,0,0,0,0,0,0.009827304621680865,0.006939105828961461,0.004773519516727586,0.003373317140210462,0.002378318023778681,0.0016838446585768585,0.0013450497105610601,0.0014328437502462172
0,0,0,0,0,0,0,0,0,0,0,0,0.009477232350934554,0.006588353969787242,0.004823053384581089,0.003403382442014154,0.0022606655453405295,0.0017135124302830116,0.0013476178574564808,0.0013543728341855858
0,0,0,0,0,0,0,0,0,0,0,0,0.009298756302596651,0.006550987317729637,0.004647127726249295,0.003093209229893295,0.00224142334883501,0.0016405598607436987,0.0012287320767709999,0.001291743978143872
0,0,0,0,0,0,0,0,0,0,0,0,0.009143798728377178,0.0063783736329041715,0.004451467746274218,0.0031165901869616443,0.0021362543065558694,0.001520589867311369,0.0012200735870951326,0.0012572160486948928
0,0,0,0,0,0,0,0,0,0,0,0,0.00917509658440627,0.006459592100391514,0.004287638658970673,0.0030823733036537205,0.002097679385911111,0.0015091137642203863,0.001055591879820077,0.0011940117105427518
0,0,0,0,0,0,0,0,0,0,0,0,0.009015889154951596,0.006247912207554406,0.004270625139889124,0.0030052963849838666,0.0020515196879530577,0.0013935487354023238,0.0010516287874101475,0.0010774977308437665
0,0,0,0,0,0,0,0,0,0,0,0,0.008907192366549644,0.0062573138896390304,0.004309568818075435,0.002728643442254028,0.002054640381672519,0.0013941398865784508,0.0010633270321361065,0.000951930866864705
0,0,0,0,0,0,0,0,0,0,0,0,0.008819660065520046,0.006149116064565721,0.00422582921347809,0.002761700370139874,0.0019277884001832131,0.0013414616304835902,0.0010207262574233357,0.0008958082700209211
0,0,0,0,0,0,0,0,0,0,0,0,0.008664040517726509,0.005992121553179517,0.004064153066966797,0.002765334833989872,0.0018244231851435005,0.0013033202025886318,0.0009285312324141806,0.0008835115362971293
0,0,0,0,0,0,0,0,0,0,0,0,0.008531158521430798,0.005868123538732648,0.0039248277405475205,0.0025696938072066132,0.0017926004064277206,0.001276412460034795,0.0008996739806412653,0.0008681853913188211
0,0,0,0,0,0,0,0,0,0,0,0,0.008533173753460343,0.005835763964270006,0.0038278922070953806,0.0025275562119727642,0.0016940363396666606,0.0011799761755048649,0.0008582667511060176,0.0008076481353789258
0,0,0,0,0,0,0,0,0,0,0,0,0.008245020601306252,0.005674355422011909,0.003782903614674608,0.002521186059482899,0.0016575505136832256,0.0011267745011605112,0.0008973713093074723,0.000789416866082514
0,0,0,0,0,0,0,0,0,0,0,0,0.008177663392976656,0.005514017324947947,0.0037682492938750766,0.0024769208791381846,0.0016715278957308538,0.0011304747881625227,0.0007873953748395676,0.0007558995598459854
0,0,0,0,0,0,0,0,0,0,0,0,0.007943277414940874,0.005517196368530265,0.0037336442077877652,0.0023416858337571853,0.0016001332319090422,0.0011410232750743805,0.0007933149989422465,0.0007685590698972403
0,0,0,0,0,0,0,0,0,0,0,0,0.007890121419388824,0.0052052962538527555,0.0035550012045127578,0.002273939972487578,0.00156248944644196,0.001111078590517445,0.0007666104560713073,0.0007159533774762873
0,0,0,0,0,0,0,0,0,0,0,0,0.007871800181882029,0.005197594114945841,0.003328125984819154,0.002245387669839098,0.0015048036664535715,0.0010737342541486214,0.0007360819729698093,0.0006539199178829653
0,0,0,0,0,0,0,0,0,0,0,0,0.008018768191244812,0.005099171806325944,0.0033143492089198405,0.0021098470023527723,0.001468795407821279,0.001051549545415694,0.0007186525770274103,0.0005938162138818044
0,0,0,0,0,0,0,0,0,0,0,0,0.007795962853205307,0.00498112935623632,0.0033102441924355297,0.002183184860249148,0.0014062908150857074,0.0010279771930930739,0.0007003305740458838,0.0006485376377016543
0,0,0,0,0,0,0,0,0,0,0,0,0.007590265197970228,0.004866275864396862,0.0032393082574794386,0.0020860290063796022,0.0014773225918966665,0.000946251561146303,0.0006762154438156106,0.000661588487460198
0,0,0,0,0,0,0,0,0,0,0,0,0.007582915997354253,0.00488316842375238,0.003208200033296887,0.0020214359957343997,0.001328500785176587,0.0008999158578672902,0.0006974347898471496,0.0006468145228421144
0,0,0,0,0,0,0,0,0,0,0,0,0.007437286571815946,0.005004697529718206,0.00324720257885943,0.0019712747464177825,0.0013085573801848635,0.0008967499845290937,0.0006053343684776067,0.0005670790366407313
0,0,0,0,0,0,0,0,0,0,0,0,0.0076504760458668665,0.004971347268852035,0.0032190035935417472,0.0019750420371276414,0.0013080716908766786,0.0008637997064430687,0.0006174818214026625,0.0005275026853148427
0,0,0,0,0,0,0,0,0,0,0,0,0.0075741386020124245,0.004882586229779614,0.0031943204083331274,0.0019908264516724076,0.0013035976595979202,0.0008503190946126208,0.0005432594215580635,0.0005117661217575962
0,0,0,0,0,0,0,0,0,0,0,0,0.007606351607486147,0.004917453414191623,0.003195388016225686,0.0019876911717698342,0.0013101203419819292,0.0008137603155093941,0.0005346281464273337,0.00048397916413421755
0,0,0,0,0,0,0,0,0,0,0,0,0.007295018088541078,0.004988546360531557,0.0032600982640173548,0.001935367061874391,0.0012887452951237956,0.0008029355503650874,0.0005274184497496164,0.00047456414881521993
0,0,0,0,0,0,0,0,0,0,0,0,0.007214202049615005,0.004982283582409862,0.003168285071108516,0.002094117833096323,0.001214226898909681,0.0007816232688795339,0.0005048924872675598,0.0004856907595638719
0,0,0,0,0,0,0,0,0,0,0,0,0.01011521847944977,0.006877885096679705,0.004889601601750058,0.0034876068296842856,0.00207634267069576,0.0013255223299530965,0.0010149978680410075,0.0011239131643833071
0,0,0,0,0,0,0,0,0,0,0,0,0.010430806846524974,0.007467730370333086,0.005264006568858072,0.0037773221153461238,0.0027881051520477896,0.0019040997039210705,0.0014329350925003617,0.0015472954350782041
0,0,0,0,0,0,0,0,0,0,0,0,0.010438361062305643,0.007506237168399565,0.0054611519204557455,0.0038920386288819313,0.0030471314718806468,0.002313815826181417,0.0019141360254975198,0.002008647203437018
0,0,0,0,0,0,0,0,0,0,0,0,0.010481698287803369,0.0077625347293755025,0.0058480796832157365,0.004294434535767414,0.003380458672469977,0.002825016304737536,0.0025677827491893154,0.002863715158227092
0,0,0,0,0,0,0,0,0,0,0,0,0.010440397649115564,0.007949107477631378,0.006106282131204144,0.004924457836680315,0.0039409338577275,0.0034907693482415644,0.0034132726731908205,0.004246361929986311
0,0,0,0,0,0,0,0,0,0,0,0,0.010862314519080887,0.008111957326132837,0.006336540182923838,0.0051688926847568385,0.004734445715224002,0.004408325417884389,0.0046192773584712,0.006248738564409327
0,0,0,0,0,0,0,0,0,0,0,0,0.01095293002865526,0.008365965316863224,0.006878403525395869,0.005848640873129129,0.005502722820316691,0.0055072893952713125,0.006324706312148227,0.00896761156713436
0,0,0,0,0,0,0,0,0,0,0,0,0.011048323572725092,0.008488875189789604,0.00701622201673573,0.00649908101875635,0.006432868705549276,0.006975124718883067,0.00838499035355092,0.012373711428473582
0,0,0,0,0,0,0,0,0,0,0,0,0.010825405781392594,0.008554788911440233,0.007498289613298416,0.006815277094067269,0.007248156265954565,0.008477121936009267,0.01062895402000838,0.01644369772470027
0,0,0,0,0,0,0,0,0,0,0,0,0.010668948076947266,0.008830933544394284,0.007915929421156953,0.00740695837760619,0.008168699310201264,0.010221739811715026,0.013343047627108372,0.021075976223617853
0,0,0,0,0,0,0,0,0,0,0,0,0.01075220890005863,0.008917887547529497,0.007841295202306786,0.007828723529485713,0.009138463261571942,0.011848230194186632,0.016064312106635215,0.025888502976629268
0,0,0,0,0,0,0,0,0,0,0,0,0.01073250949744181,0.00867063260624441,0.007833531172879741,0.008128575120704997,0.01028536925093145,0.013716112830294839,0.019113816061826577,0.031498800383328404
0,0,0,0,0,0,0,0,0,0,0,0,0.010641935354759767,0.008511489882385231,0.00783336096927836,0.00885226967345749,0.011050184970238948,0.015494044930328826,0.02201574677088276,0.036918573070391605
0,0,0,0,0,0,0,0,0,0,0,0,0.010279484928299679,0.00854527911911033,0.007959970368744513,0.009136303775241442,0.012038840722856308,0.017263178592332454,0.025233437591454497,0.04254120024875621
0,0,0,0,0,0,0,0,0,0,0,0,0.01018935319360799,0.008401106292208223,0.00812361970405998,0.009275817100938888,0.012540566712115089,0.01874461870145412,0.028364153757259737,0.04783845941273335
0,0,0,0,0,0,0,0,0,0,0,0,0.010362066422857828,0.008178533008508923,0.00801276738281228,0.009712722454611663,0.013535620746539788,0.020918478751704807,0.031120495604924494,0.053219911538316435
0,0,0,0,0,0,0,0,0,0,0,0,0.010295756125626722,0.008298020986493024,0.007978383364231635,0.009722691531429515,0.014262687330477909,0.02193627339062457,0.03383021762755825,0.057713997388103996
0,0,0,0,0,0,0,0,0,0,0,0,0.01007423178271641,0.008074234067122706,0.007994279846624963,0.00995544265511975,0.014838361121232303,0.02361961893818511,0.03611189478938346,0.06218382389054952
0,0,0,0,0,0,0,0,0,0,0,0,0.009843301850600126,0.007966212389703872,0.007874869836862202,0.010063665759330643,0.01526676592557409,0.02493309158004348,0.03854541551727287,0.06640375235207073
0,0,0,0,0,0,0,0,0,0,0,0,0.009989941555987628,0.00806958936202521,0.0077419192789888154,0.010231983568544125,0.015934813062505063,0.02581058385785282,0.04023377604948618,0.0700665958046812
0,0,0,0,0,0,0,0,0,0,0,0,0.009706133481879905,0.008133153129294876,0.007894580637502226,0.010280305555428724,0.016330229988448065,0.02705115268182877,0.04197962659409804,0.07397345338818595
0,0,0,0,0,0,0,0,0,0,0,0,0.009829044707257466,0.007885151647629148,0.007884010195450857,0.010072174021233291,0.016812449134037306,0.027860564767708772,0.044257525308848446,0.07709596302608102
0,0,0,0,0,0,0,0,0,0,0,0,0.010022614779705572,0.007909467856662003,0.007836443340962876,0.01043451868857098,0.0167534213126613,0.0286347382185213,0.04536533937002663,0.0793377132829312
0,0,0,0,0,0,0,0,0,0,0,0,0.009809562953829294,0.008022788509841533,0.00792688496141024,0.010559665707631182,0.017129058775174684,0.02885440927981002,0.04638306617344841,0.0810088139927844
0,0,0,0,0,0,0,0,0,0,0,0,0.00966853667057107,0.007853331415380612,0.007760858694833169,0.01056243963586298,0.017431678642454797,0.02970543442770803,0.04738827354572376,0.08292862247612261
0,0,0,0,0,0,0,0,0,0,0,0,0.009831944859832284,0.007989525377216559,0.007814872229236252,0.010771418982628289,0.01750412660869248,0.030075728691745185,0.0485375938047218,0.08441568819047926
0,0,0,0,0,0,0,0,0,0,0,0,0.009538792803263396,0.007796578821482433,0.0077269359296812294,0.010665637626341906,0.01774752054179887,0.030468194319651747,0.049437319684848796,0.08605349715777078
0,0,0,0,0,0,0,0,0,0,0,0,0.009508915178332083,0.007691772438518863,0.007711164420048571,0.010777378911334165,0.018173708807723947,0.03128154761701065,0.050183026084496575,0.08780575166172169
0,0,0,0,0,0,0,0,0,0,0,0,0.009484899957078803,0.007789740920340082,0.007867364364446634,0.010869565217391304,0.018272330438435472,0.03192492443129413,0.050828516113713765,0.08810489210341266
0,0,0,0,0,0,0,0,0,0,0,0,0.009624804829396085,0.007574159126913071,0.007893503285253026,0.011001406254811554,0.018623467005475614,0.03150558224993926,0.050893194205728354,0.08935933859262749
0,0,0,0,0,0,0,0,0,0,0,0,0.009412706869074278,0.007922827439791646,0.008047174191546472,0.010797633076692285,0.018166033715081655,0.031807670939707794,0.05118751147925864,0.09028144575344435
0,0,0,0,0,0,0,0,0,0,0,0,0.009613772670199703,0.00780620094039347,0.008114115367552893,0.010827183597968675,0.018040364160129198,0.03200713449131968,0.051640670706047775,0.0910217855159334
0,0,0,0,0,0,0,0,0,0,0,0,0.009591450741147183,0.007774231303629648,0.008065123303985565,0.010763004013168856,0.018612525011008275,0.032214863098239364,0.05235941931112212,0.09196293921840178
0,0,0,0,0,0,0,0,0,0,0,0,0.009499076336060782,0.0079313008542893,0.00827132785106361,0.011101082723547784,0.0186683949470619,0.03281374621891121,0.05261404311496676,0.09213590582393225
0,0,0,0,0,0,0,0,0,0,0,0,0.009537591039864256,0.007977640711966806,0.008047199900564565,0.01125490477803206,0.018997640689160517,0.0328433401638176,0.05288778962564616,0.09291397124810846
0,0,0,0,0,0,0,0,0,0,0,0,0.009688375318193844,0.00781342663978176,0.007997043876536226,0.011259956388055069,0.01920681915640995,0.0333316606297273,0.05318969371276335,0.09273468791912629
0,0,0,0,0,0,0,0,0,0,0,0,0.009475608490528387,0.007790092863015932,0.008068351193944917,0.011224986685795024,0.01933667319357315,0.0341493677035591,0.05368675182435966,0.09244562843617679
0,0,0,0,0,0,0,0,0,0,0,0,0.00944195631769406,0.007636591315772362,0.008166910157145445,0.011184595435152272,0.019463271713705373,0.03390847267033215,0.053727571219539444,0.09295862030425471
0,0,0,0,0,0,0,0,0,0,0,0,0.009747196012106104,0.007891565440078883,0.008059325399542596,0.011215951575574147,0.019908656413908328,0.03367980900471556,0.05384524086678263,0.09395698954182131
0,0,0,0,0,0,0,0,0,0,0,0,0.009414881852239486,0.007881457767562553,0.008342055039093764,0.011545714279199475,0.01959134533166424,0.033782073645399396,0.05450781077204771,0.09417960101331398
0,0,0,0,0,0,0,0,0,0,0,0,0.00936052206376193,0.007885005490426821,0.008261296424894043,0.011468891572337372,0.019552305010028706,0.034164936298505914,0.05467051167585162,0.09413544877255041
0,0,0,0,0,0,0,0,0,0,0,0,0.009248245374168263,0.007736304803573056,0.00824446267432321,0.011622687084130891,0.019690547807857083,0.03413316926442438,0.05455405159055694,0.09424277641053685
0,0,0,0,0,0,0,0,0,0,0,0,0.009513972257279693,0.007868836011952604,0.007972583342738999,0.0117166078955139,0.019627626888115916,0.033940198214405824,0.054364741412628224,0.09398824120912384
0,0,0,0,0,0,0,0,0,0,0,0,0.009378692931565166,0.0076294470445721525,0.008028297898283914,0.011551860297360404,0.019613205837809,0.03435017509552479,0.05423573908772555,0.09387923479893927
0,0,0,0,0,0,0,0,0,0,0,0,0.009052992263578632,0.007653209526273859,0.008211754755328695,0.01176592623327357,0.01986369216634618,0.03368483686489703,0.05455733010820964,0.09461186236077686
0,0,0,0,0,0,0,0,0,0,0,0,0.00879724615875621,0.007583321934983814,0.008367528381890298,0.012034377422149271,0.019874162221310356,0.03371859754707517,0.05393926959376282,0.09407741758993295
0,0,0,0,0,0,0,0,0,0,0,0,0.009120023706135103,0.007713611652477177,0.008406560217002312,0.011990973433172635,0.019848189557903385,0.03418128355044962,0.05460047184326596,0.09476299563487992
0,0,0,0,0,0,0,0,0,0,0,0,0.009190482759721489,0.007605720194777582,0.008224803700363582,0.011705580758474207,0.01966017674093008,0.03399258695957031,0.05445768626945752,0.09492955787404671
0,0,0,0,0,0,0,0,0,0,0,0,0.009186166124201985,0.007671674676288856,0.008252153702635079,0.011618703969381725,0.019664439786420202,0.03443871441572334,0.05450344523995792,0.09507311298699223
0,0,0,0,0,0,0,0,0,0,0,0,0.009081353698548305,0.007688256256968339,0.00829702387873896,0.01179686769678356,0.01973478707953424,0.034706594526563474,0.05491904758647578,0.0941959593334108
0,0,0,0,0,0,0,0,0,0,0,0,0.009175033333713204,0.0075932489259136855,0.008196104798915086,0.01167648634172469,0.019683415195614774,0.034314920967760315,0.05517555755621145,0.09573784316630393
0,0,0,0,0,0,0,0,0,0,0,0,0.008733689171411043,0.007434066973863914,0.008210420233977597,0.011727380303655584,0.019967441043893034,0.03505559874962664,0.055081180786567825,0.09601813998983108
0,0,0,0,0,0,0,0,0,0,0,0,0.008803882738028056,0.007360511131404958,0.008052554231894861,0.01181717749024356,0.02006126918652444,0.03451550712393956,0.0547249898245722,0.09585652019751162
0,0,0,0,0,0,0,0,0,0,0,0,0.008898920980180922,0.007790830896561158,0.008314095658270489,0.011784287237013856,0.020053922490694657,0.034220831409565826,0.054849319128804065,0.0959774733950079
0,0,0,0,0,0,0,0,0,0,0,0,0.009003927038675516,0.007528153653650227,0.008079716833845011,0.012029547376314235,0.019853995300317024,0.03468922149820059,0.0546537573532261,0.09563923209641871
0,0,0,0,0,0,0,0,0,0,0,0,0.008853985604294774,0.007594503872478895,0.00832967646706826,0.011684115142845751,0.019588645287771645,0.034418615253976485,0.055237107409285946,0.09480649003527689
0,0,0,0,0,0,0,0,0,0,0,0,0.008856892995552175,0.00750464336981519,0.008220674368940676,0.011807670425069292,0.019606479396436043,0.0340433974074661,0.054663493934829756,0.09420026292475861
0,0,0,0,0,0,0,0,0,0,0,0,0.008852794099048749,0.007499239480043615,0.00792991594972707,0.011602059499435447,0.019645911023152846,0.034566913792926646,0.05475287943679369,0.09480123369439517
0,0,0,0,0,0,0,0,0,0,0,0,0.008844020427863681,0.007413705268460472,0.008145388401796617,0.011872185669723707,0.019628938637770117,0.034256902837722494,0.054636899395848565,0.09501053646505876
0,0,0,0,0,0,0,0,0,0,0,0,0.008741380312742604,0.007160225579595237,0.007959352809542105,0.011641493968926386,0.019753604337402673,0.034280392199332654,0.054940282054292765,0.09488980366093748
0,0,0,0,0,0,0,0,0,0,0,0,0.008688219103140549,0.00732851224363029,0.007774149613344047,0.01146234022304663,0.01955675607907497,0.03431635694299603,0.05448743154451531,0.09561030094769174
0,0,0,0,0,0,0,0,0,0,0,0,0.008596978176989234,0.0071413508722934955,0.007715850607271299,0.011100155593678223,0.019666356999150772,0.03417703482904642,0.0547860729409485,0.09589016112209829
0,0,0,0,0,0,0,0,0,0,0,0,0.008431609015905731,0.007124179579479627,0.007648519196529328,0.011261903079241388,0.019424503074225982,0.03432144754210106,0.05488923895524191,0.09546514623375973
0,0,0,0,0,0,0,0,0,0,0,0,0.008349060474275865,0.007152430185169989,0.00770743870973624,0.011240347182334545,0.01980708040443824,0.034041282605326253,0.05505411048202549,0.09560164291640456
0,0,0,0,0,0,0,0,0,0,0,0,0.008025084368169823,0.006976105840908341,0.007701620848362808,0.011597989514770556,0.01958548833310364,0.034027451118853476,0.05492273891596443,0.09643768714471687
0,0,0,0,0,0,0,0,0,0,0,0,0.008275516365334886,0.00681385784431001,0.007622725770987843,0.011394784510748827,0.019802453945794444,0.03398156692527655,0.055353908199186556,0.09562755619353587
0,0,0,0,0,0,0,0,0,0,0,0,0.008128479852437174,0.007004679654320422,0.007575119268562059,0.011340476163366621,0.019497421066414652,0.034191080191740574,0.05502863584091452,0.09651132339713302
0,0,0,0,0,0,0,0,0,0,0,0,0.008172637853405591,0.006981174885100785,0.007608260657892786,0.011003645078573846,0.019711016072778437,0.034559267016542515,0.054852902780042276,0.09660655384443481
0,0,0,0,0,0,0,0,0,0,0,0,0.008122347848375247,0.0068795033178594795,0.007508330248056276,0.011047760088855978,0.019752228519351808,0.034043231851451014,0.0550952638623871,0.09817104776008886
0,0,0,0,0,0,0,0,0,0,0,0,0.008099416003862938,0.00685808256120116,0.007444584141908331,0.01105811718187699,0.019629012126347243,0.03448515410756098,0.055315640345842326,0.09791045999945341
0,0,0,0,0,0,0,0,0,0,0,0,0.008077568346683947,0.006654996030692934,0.0076162858903377805,0.011167591319689247,0.01955609821102135,0.03421804650866129,0.055427927748360736,0.09715519705872633
0,0,0,0,0,0,0,0,0,0,0,0,0.008105272869546796,0.006692886928254211,0.007484506467930299,0.011255804735365575,0.019682281504464393,0.03421960551149444,0.05526187799491311,0.0969500436814523
0,0,0,0,0,0,0,0,0,0,0,0,0.007992134327099885,0.006737773686453133,0.007441856225889731,0.011141137788269391,0.019714311104224724,0.0344202939829425,0.05528984731206807,0.09728073753215648
0,0,0,0,0,0,0,0,0,0,0,0,0.007907660403586935,0.006820641956177432,0.007482652142702503,0.011384068457094677,0.0197224342832401,0.03477547485842552,0.05569659195788656,0.09738044506227
0,0,0,0,0,0,0,0,0,0,0,0,0.007712817148603847,0.006868871858126075,0.007314192517473998,0.011103404368242593,0.019507550519977362,0.034483308447767064,0.05577897517024116,0.09771770314765402
0,0,0,0,0,0,0,0,0,0,0,0,0.007837404594057962,0.0065543199081917036,0.00727954168715959,0.0110263311292056,0.019504708818332512,0.0347252582108312,0.05637147749421644,0.0975702224165255
0,0,0,0,0,0,0,0,0,0,0,0,0.00793886764339003,0.006628823477814119,0.007333968989545851,0.01100095348431877,0.019365870273730882,0.035182090443170826,0.05609153449460207,0.09677467126435205
0,0,0,0,0,0,0,0,0,0,0,0,0.007838433270224892,0.006735744212591162,0.007202792263861645,0.011118021903414467,0.01984156818787634,0.034697113643043155,0.055889703754838496,0.09750938083098103
0,0,0,0,0,0,0,0,0,0,0,0,0.007905525329216628,0.006679394744601666,0.007482015043722882,0.011172929951171081,0.01940405727407378,0.034713043319865244,0.05596028111064434,0.09723090304460634
0,0,0,0,0,0,0,0,0,0,0,0,0.007754126673125593,0.006642978877945651,0.007338584721034736,0.011027231090279609,0.019595364601062634,0.03480306157648648,0.0558852694362633,0.09721290889612706
0,0,0,0,0,0,0,0,0,0,0,0,0.007606822910201912,0.006728849786883697,0.007233314240359661,0.011033309457626693,0.01957618153432351,0.03484904214384868,0.05617775368697471,0.0978114441689945
0,0,0,0,0,0,0,0,0,0,0,0,0.007680937940528572,0.006567543820662638,0.0072456088168962405,0.010929951897271443,0.01962969673970396,0.03435795222091927,0.05591016265582673,0.09750574645839243
0,0,0,0,0,0,0,0,0,0,0,0,0.007689635733117711,0.006400437325254965,0.007293309720806549,0.011174571358612403,0.019679636473381806,0.03477646871245296,0.05615187941667185,0.09681515605336731
0,0,0,0,0,0,0,0,0,0,0,0,0.007729356414398235,0.006494253069829439,0.007173844495366369,0.01104307607895099,0.01974344000755861,0.03470014308985292,0.05607710687571217,0.09692089305371049
0,0,0,0,0,0,0,0,0,0,0,0,0.0075349998005709365,0.006448966102757249,0.007259217896194325,0.011311616458025878,0.01993492914570287,0.03508356077743146,0.056082871322670515,0.097502578332887
0,0,0,0,0,0,0,0,0,0,0,0,0.007561522781364948,0.006469429355562389,0.007394121599307624,0.01120676892942959,0.02023960005921675,0.035251044833908424,0.056353842825094244,0.09717809435960506
0,0,0,0,0,0,0,0,0,0,0,0,0.007528092192068331,0.0064331176807049814,0.007315022229919579,0.011215228007647734,0.020099219958844453,0.03515996198923027,0.056134250027915576,0.09778999733377695
0,0,0,0,0,0,0,0,0,0,0,0,0.007450753503289171,0.0062697031543269485,0.007224110282996519,0.0110633781001148,0.019858046175993592,0.034897361371795096,0.05581687227800354,0.0977606738706562
0,0,0,0,0,0,0,0,0,0,0,0,0.007553694214339494,0.006430663078130391,0.007257560243331002,0.011269036573684398,0.019908175689451142,0.03467501005147037,0.055826948419157134,0.09683808647339746
0,0,0,0,0,0,0,0,0,0,0,0,0.0074561188789294295,0.006359731265490886,0.0072386629763678935,0.011140345584108185,0.019854520862673742,0.03451628585318425,0.05565618741738667,0.09696939336634262
0,0,0,0,0,0,0,0,0,0,0,0,0.007358882571289532,0.006321778166786901,0.007280244984574497,0.011073083949612678,0.019518076957705518,0.034997145113699696,0.05528222346066924,0.09716186692468906
0,0,0,0,0,0,0,0,0,0,0,0,0.007462278529460685,0.00614661195923826,0.006995245374663113,0.010553810193169467,0.01953565513360565,0.034293902825208875,0.05555758063156552,0.0978434459300908
0,0,0,0,0,0,0,0,0,0,0,0,0.007302870343580061,0.006050982259413083,0.0067367298723962675,0.010905893100832238,0.019752265131442563,0.03463595003383173,0.055732371615972234,0.09714605968510287
0,0,0,0,0,0,0,0,0,0,0,0,0.00739951695224207,0.006048350346336128,0.006821910317170981,0.010510845789281817,0.019308239154210722,0.03445360918702151,0.05599138716733503,0.09739564345606999
0,0,0,0,0,0,0,0,0,0,0,0,0.006932108858264352,0.00592829756567216,0.006639283089596706,0.010652249460209302,0.019483737915240038,0.03444633711424194,0.05560613225014386,0.09808068090536717
0,0,0,0,0,0,0,0,0,0,0,0,0.0070112936953025725,0.005978278201209094,0.006735671038664619,0.010720810193938128,0.019503150298629167,0.03488676692345891,0.05593887099492945,0.0966866056500367
0,0,0,0,0,0,0,0,0,0,0,0,0.00716349194591484,0.0059201941869277104,0.006903664366584805,0.010877430897829637,0.019762850354129034,0.03486817738930264,0.05555523900148718,0.09645643044768978
0,0,0,0,0,0,0,0,0,0,0,0,0.0071671076113931165,0.0061272904734299945,0.006790131190072425,0.010893593564750536,0.01981233179847364,0.03450530101738078,0.05521280945379422,0.09663693753922087
