0,0,0,0,0,0,0,0,0,0,0,0,0.09306431273644385,0.09464060529634298,0.09722572509457753,0.08972257250945771,0.1044136191677175,0.10365699873896592,0.1034047919293821,0.10113493064312735
0,0,0,0,0,0,0,0,0,0,0,0,0.04676985590304283,0.04755669340348324,0.047873777172317424,0.04726896924287441,0.05078037838663082,0.05000528472948057,0.046212023346760465,0.050968279879273284
0,0,0,0,0,0,0,0,0,0,0,0,0.04633412521418983,0.0468943839518614,0.04650875131424331,0.046497837182989936,0.04685072742684804,0.045428252320162385,0.04203031945662178,0.04824046013977365
0,0,0,0,0,0,0,0,0,0,0,0,0.04551878225887682,0.04500294545865218,0.04566223983053694,0.045463841061219756,0.04438943541814829,0.043513428544394016,0.04005213309199902,0.046141449165656885
0,0,0,0,0,0,0,0,0,0,0,0,0.04485173797770982,0.044564087673641756,0.04430357419071216,0.04342162750371095,0.0428463268955748,0.040764932714251995,0.03926969386952074,0.045568150055766185
0,0,0,0,0,0,0,0,0,0,0,0,0.04386166761926676,0.04422538765875638,0.04340639899840903,0.0425008103286594,0.04149872450557581,0.03967022716419608,0.038019878413586804,0.04374042760610356
0,0,0,0,0,0,0,0,0,0,0,0,0.04363168097226106,0.04353315338682848,0.042838877610408166,0.040714806175617395,0.040141971376590764,0.03867322295188646,0.036517072768350194,0.04325590134409958
0,0,0,0,0,0,0,0,0,0,0,0,0.04355410439735351,0.043257276583296776,0.04224203942217518,0.04042020494024727,0.03888659456762083,0.03729060733551867,0.03539779228935979,0.04203555050804876
0,0,0,0,0,0,0,0,0,0,0,0,0.04310760554170585,0.04216355388450694,0.041844783195063136,0.039525522089174044,0.03756181290612611,0.03603130491642486,0.034267849115207,0.04088234092116555
0,0,0,0,0,0,0,0,0,0,0,0,0.04281724490598694,0.04193611832271261,0.040771772480528684,0.03842144599166075,0.0365923216112029,0.03506411769333647,0.03339430414601526,0.04026630477539138
0,0,0,0,0,0,0,0,0,0,0,0,0.04262027090144791,0.04107548946792137,0.03948859503372868,0.03792658555447509,0.03555102947144355,0.03468771295778747,0.032804113291628696,0.03821754810453212
0,0,0,0,0,0,0,0,0,0,0,0,0.04192679573576146,0.04090693952985191,0.03887473987093091,0.03664157407198719,0.03491364090543697,0.033604543712952725,0.031589247748052315,0.03765955208967222
0,0,0,0,0,0,0,0,0,0,0,0,0.04085726468788816,0.0400415283931849,0.03784089434361038,0.03596470086579284,0.0339364838057806,0.03224197704814698,0.030413986169561914,0.036648806985669
0,0,0,0,0,0,0,0,0,0,0,0,0.04052604314009325,0.03916115260688581,0.03670141044811761,0.03505913300977651,0.0326342938390715,0.030778924473607836,0.029482002917155012,0.03488278107008888
0,0,0,0,0,0,0,0,0,0,0,0,0.03970970284313152,0.037843350458287114,0.03609011033919084,0.03439160196158559,0.031501766010858766,0.029963804074960593,0.028024476034794788,0.03381691867592971
0,0,0,0,0,0,0,0,0,0,0,0,0.039203368381299605,0.03701551830259148,0.03522529408881037,0.0331772485379533,0.030638979318008103,0.028712581862813634,0.027274592433488457,0.03279051653233932
0,0,0,0,0,0,0,0,0,0,0,0,0.038165495339407586,0.036132702998911255,0.03429161527415569,0.03185009422462717,0.029857089634567593,0.02743365392614669,0.025950655955321984,0.03164030426777879
0,0,0,0,0,0,0,0,0,0,0,0,0.038068371292349024,0.03503465431308753,0.03272737104900274,0.030998711165989203,0.028606707344551303,0.02662568835452849,0.025425180031184377,0.0298667003145476
0,0,0,0,0,0,0,0,0,0,0,0,0.037483839297434256,0.03407278474753341,0.03197436584414159,0.029739288983031027,0.027831471968036422,0.026027946552353486,0.02403202111725073,0.029077576766708677
0,0,0,0,0,0,0,0,0,0,0,0,0.03649144978476363,0.033375100078626804,0.030738050701717222,0.029151153731541563,0.026943140978921552,0.02454843446510442,0.023634712114629967,0.028057918149146772
0,0,0,0,0,0,0,0,0,0,0,0,0.03513040424689464,0.03218316256053492,0.030391526277033554,0.02840997654748105,0.025996642473604715,0.02362093276168191,0.022157165918061293,0.026772420984360806
0,0,0,0,0,0,0,0,0,0,0,0,0.0342517326179298,0.031103957075788065,0.029424547283702213,0.027455399061032858,0.024726134585289515,0.02278381399508159,0.02123317683881065,0.025817124972054552
0,0,0,0,0,0,0,0,0,0,0,0,0.03336424435069889,0.031025370262171875,0.02836666541593186,0.026410158825452817,0.024266042013968918,0.021782440040666748,0.02054599934604438,0.024848527081088694
0,0,0,0,0,0,0,0,0,0,0,0,0.033128935053442686,0.029740930978560495,0.02768743298477986,0.025228944509167597,0.02314154863364775,0.021036311767738854,0.01934676997789501,0.023867676942482433
0,0,0,0,0,0,0,0,0,0,0,0,0.032258179555257574,0.029093165531125013,0.026523709075477114,0.023959601939306623,0.02193042675087684,0.020568133390630485,0.01931639263291722,0.022757788163382475
0,0,0,0,0,0,0,0,0,0,0,0,0.03175701214511378,0.028009356658417795,0.025647014355909607,0.023092118869498864,0.021070310438522047,0.019547713965811113,0.01831751306865591,0.02216679384685604
0,0,0,0,0,0,0,0,0,0,0,0,0.030860046327430318,0.027536711464082014,0.024533612294204088,0.022505452902224925,0.020592934177332285,0.018885010478823527,0.017547136914991657,0.020496863469291172
0,0,0,0,0,0,0,0,0,0,0,0,0.03011404165695714,0.02702596933629571,0.024181598575502117,0.021733909915807335,0.019864345394485228,0.017811559992386553,0.01623728349251018,0.01948900941541866
0,0,0,0,0,0,0,0,0,0,0,0,0.02906507318287716,0.025833644560635968,0.023727969553077585,0.020987390848138856,0.018728769851855807,0.016993010724003634,0.015397748492770633,0.017901794447704917
0,0,0,0,0,0,0,0,0,0,0,0,0.02795202542545919,0.025654501389345098,0.022731993998739392,0.02015038661967454,0.017776515185142443,0.016040055751356048,0.014761680708077731,0.016934918281650876
0,0,0,0,0,0,0,0,0,0,0,0,0.027204484497561965,0.02475668441129432,0.02174086690109219,0.019374719319515125,0.017255304306459596,0.015441198658768857,0.013795723183808664,0.016296774903570167
0,0,0,0,0,0,0,0,0,0,0,0,0.02684861262072744,0.02385735588508042,0.020984898320321577,0.018791546463774227,0.016474076070478048,0.014552011872824603,0.013328557724871756,0.015411976020298696
0,0,0,0,0,0,0,0,0,0,0,0,0.026099319949793996,0.023213184039030194,0.020339457803558388,0.017619966103858346,0.01573724108098909,0.014368631177359077,0.01283869549493331,0.01436863117735908
0,0,0,0,0,0,0,0,0,0,0,0,0.02492176487797095,0.022049449916224147,0.019226779904433472,0.01693424703681705,0.014936037801083324,0.013707325289669415,0.011987482380475346,0.013572574711217103
0,0,0,0,0,0,0,0,0,0,0,0,0.02407462228848065,0.0210628570820799,0.01846944183960533,0.016556731623180134,0.01447561781958126,0.012506182184318615,0.01105968400396369,0.01283767135064995
0,0,0,0,0,0,0,0,0,0,0,0,0.023759880775806826,0.020271298757845328,0.017927877858920402,0.015904818880467835,0.013391482266817228,0.01192595922730829,0.010518844714736296,0.012223311728078218
0,0,0,0,0,0,0,0,0,0,0,0,0.022998362690562664,0.019902327242636533,0.017144008968070695,0.014963876639519622,0.012815571060290474,0.011169420859251506,0.009929945788436985,0.01196155328681913
0,0,0,0,0,0,0,0,0,0,0,0,0.022220885722169945,0.018548655284403272,0.016256164606491146,0.013979594002731174,0.012092180767135311,0.01068767644748852,0.009790845603583075,0.010915864177002922
0,0,0,0,0,0,0,0,0,0,0,0,0.021219422940595156,0.017961287767761968,0.015717894640075943,0.013405555624305015,0.011803889608793961,0.010149188294756053,0.008962965451038698,0.010322436936610445
0,0,0,0,0,0,0,0,0,0,0,0,0.020625321690282344,0.01767328825394917,0.014949422770454196,0.012492637603847364,0.01097328666207972,0.009722784781020665,0.00827064610443017,0.009602510201229982
0,0,0,0,0,0,0,0,0,0,0,0,0.02046708664034612,0.01678244526521815,0.014167481448608625,0.01231808851272386,0.010390900845310476,0.0089658428086727,0.007793617649502909,0.009096679402607185
0,0,0,0,0,0,0,0,0,0,0,0,0.019795696111225045,0.016629304065569596,0.01372810398353688,0.011629551578068978,0.010027792117787666,0.008659401585494352,0.007483717213433564,0.008417192925385586
0,0,0,0,0,0,0,0,0,0,0,0,0.01900482051100948,0.01610368513057758,0.013197252485300084,0.011053625977786804,0.009420302650398175,0.008058905585082902,0.007160136316282025,0.008150724842406372
0,0,0,0,0,0,0,0,0,0,0,0,0.018786346575521428,0.015580256416593987,0.012626628203000588,0.010292679309772571,0.008945627111941275,0.007840444050548883,0.006759977543245143,0.007591513041513216
0,0,0,0,0,0,0,0,0,0,0,0,0.018021596960323176,0.01467929432038081,0.012218031837507243,0.01000925180445499,0.008646199697727307,0.007434990183199853,0.0064268259954517876,0.00710128960266678
0,0,0,0,0,0,0,0,0,0,0,0,0.01738622444837434,0.014283495529458276,0.011802018362225072,0.009802364286495894,0.00802509009915319,0.006994376965679369,0.0059160109989798764,0.006726109163816321
0,0,0,0,0,0,0,0,0,0,0,0,0.01710973274865669,0.014049885741007068,0.011263554469335356,0.009174247169994442,0.007750200725257857,0.006664960869603582,0.005971466132575724,0.006430266721958018
0,0,0,0,0,0,0,0,0,0,0,0,0.016526418458792425,0.013674420737568586,0.011071112984614736,0.008915799926274889,0.007469517841300527,0.006321310966522094,0.005626390062278316,0.006287799552358055
0,0,0,0,0,0,0,0,0,0,0,0,0.016043158106434554,0.013490436555960527,0.010586649636762015,0.008526125261534874,0.006993081013185238,0.006017507400599104,0.005364772795432976,0.006022799843343697
0,0,0,0,0,0,0,0,0,0,0,0,0.015964089177367007,0.012993862000846618,0.010334062367715537,0.008208691971214896,0.006720050797234372,0.00574820093128263,0.005189078594609849,0.005570057852405814
0,0,0,0,0,0,0,0,0,0,0,0,0.015599197040540986,0.012546682152481229,0.009957684248000972,0.008015495214143084,0.0066161321534505555,0.005430022153644425,0.004837848364736755,0.0053507131640585775
0,0,0,0,0,0,0,0,0,0,0,0,0.014925346824375537,0.012156040120573251,0.00976572828711946,0.007798480494984928,0.0064147085265031985,0.0052830122159741935,0.004688959791288406,0.005057378060603923
0,0,0,0,0,0,0,0,0,0,0,0,0.014469427868809106,0.01129454487761452,0.009154451623139099,0.007589045684115887,0.006097679215181617,0.005092857835403206,0.004313680554943458,0.004750865997373361
0,0,0,0,0,0,0,0,0,0,0,0,0.01399566192626684,0.011232826989796189,0.00875720002184895,0.007218963478775684,0.005587340295630385,0.004849057235438291,0.004209446851548721,0.004560087254838043
0,0,0,0,0,0,0,0,0,0,0,0,0.013626642331908719,0.011003491661939474,0.00880843072521572,0.006807155264446708,0.00545770367734366,0.0043936452457376,0.003930321789591253,0.00443240234092855
0,0,0,0,0,0,0,0,0,0,0,0,0.013298453299510269,0.010772293274142974,0.008277842370433008,0.006370010217383647,0.00499594827889934,0.00426663848078075,0.0035038579431349755,0.004210266708945496
0,0,0,0,0,0,0,0,0,0,0,0,0.013345198865138247,0.010139743070118248,0.007924647999013164,0.006241739651435319,0.005150933088973865,0.004000211464923256,0.0034504026644580324,0.003938534195640299
0,0,0,0,0,0,0,0,0,0,0,0,0.012719298245614031,0.009892200380469247,0.007730923694779115,0.006069893609525824,0.004812231381667021,0.0037553723666596214,0.0033185373071232317,0.0035968435144085116
0,0,0,0,0,0,0,0,0,0,0,0,0.012439650527694725,0.00958724658503861,0.007516612611851212,0.00596187638878618,0.004433551313338335,0.003627130939426913,0.0031446873096196443,0.0032855467635779707
0,0,0,0,0,0,0,0,0,0,0,0,0.011956127405226245,0.009215851334739868,0.007158883179002018,0.005665467942644404,0.004416846005642575,0.0035239668489995195,0.0030273358387956895,0.0032316237720710233
0,0,0,0,0,0,0,0,0,0,0,0,0.011283801171033662,0.008920230822649384,0.00697790828430526,0.005474458987383716,0.004149026547424749,0.003223691399847011,0.0026702528544386124,0.003047437086022681
0,0,0,0,0,0,0,0,0,0,0,0,0.010966808933387119,0.008699818394153383,0.006947172250767553,0.005087077449345004,0.003913949477993282,0.003170616138788438,0.0025523459917246912,0.002714399705484989
0,0,0,0,0,0,0,0,0,0,0,0,0.010676651492266691,0.008212131774348574,0.006455281289718377,0.005027620224552955,0.0037847981382313906,0.0029943914572705087,0.002343054103249293,0.002698649091120336
0,0,0,0,0,0,0,0,0,0,0,0,0.010452759232654445,0.008105862136961607,0.006167427251471874,0.004887461618637143,0.003772993605453674,0.002794092791346235,0.002281754415617341,0.002556410039719429
0,0,0,0,0,0,0,0,0,0,0,0,0.010290206349793088,0.0076252435695011375,0.005900234636419164,0.00468568753047369,0.0035591510843793403,0.0026508810747157695,0.0021650622323375803,0.0023199609936755535
0,0,0,0,0,0,0,0,0,0,0,0,0.009989721639468903,0.00760493079706574,0.005684778170451824,0.004447502921588782,0.003465426692761499,0.0025326302746997444,0.0019870323697957,0.002272151274939104
0,0,0,0,0,0,0,0,0,0,0,0,0.009900084113761223,0.007447059361791235,0.005581775117108175,0.004172253720890128,0.00308475781219755,0.0023879157736178425,0.0019603081590348383,0.002141557477150268
0,0,0,0,0,0,0,0,0,0,0,0,0.0095756632352993,0.007133323237623662,0.0054041394757509305,0.004143349686035171,0.0029547559596969897,0.002336687222001135,0.001826032139574361,0.001970424266329518
0,0,0,0,0,0,0,0,0,0,0,0,0.00955417374871995,0.006906101650778231,0.005206408862331919,0.003969468872396354,0.0028873663207457526,0.002303206894488842,0.0017735924749004994,0.0017471997297382898
0,0,0,0,0,0,0,0,0,0,0,0,0.009483210774391812,0.006855439117716426,0.00490881121933533,0.003687328614022057,0.002819618348287988,0.002131434344429933,0.0015858153132381255,0.0017917424959782598
0,0,0,0,0,0,0,0,0,0,0,0,0.00919740979531186,0.006702629994401268,0.004690256449982919,0.0035405802255689383,0.00256344346515583,0.0019982886902141944,0.001584546097967203,0.001665534009641082
0,0,0,0,0,0,0,0,0,0,0,0,0.00898576872284267,0.006530948148069997,0.004705658924134437,0.0032250293224449027,0.002449545172391357,0.001872767845367405,0.001433150980257686,0.0015914130516971848
0,0,0,0,0,0,0,0,0,0,0,0,0.008960942323828826,0.006134041202039872,0.004373165021012653,0.003321213016762626,0.002402953909373807,0.0017520805957074023,0.0014583080460255388,0.001467103631345355
0,0,0,0,0,0,0,0,0,0,0,0,0.008793269340707083,0.006198735978526058,0.0043887191448418045,0.0031327890969792592,0.0022339371999795955,0.0017431746182517954,0.001340362319987758,0.0013157362406179044
0,0,0,0,0,0,0,0,0,0,0,0,0.008761495173171064,0.006113162127253722,0.004260208839977336,0.0029052477467173,0.0022453640974023463,0.0016734649346627202,0.001347922334334011,0.001383116128964141
0,0,0,0,0,0,0,0,0,0,0,0,0.00851081773426711,0.006021175139416472,0.004223783202555354,0.002834010942479944,0.002154059154048612,0.0016638613530864889,0.0014372107569427114,0.0014143699991917883
0,0,0,0,0,0,0,0,0,0,0,0,0.008645897990008951,0.005792065889585005,0.004016113689074729,0.0028538321004239415,0.002157518168342684,0.0015315389768756958,0.0012836090162103998,0.001431311971500363
0,0,0,0,0,0,0,0,0,0,0,0,0.008144751814585984,0.005763409997062891,0.004083807755013746,0.0027928883354702092,0.0020999424890122357,0.0015793537312671585,0.0012557445034796783,0.0012645382324956425
0,0,0,0,0,0,0,0,0,0,0,0,0.008051243819584619,0.005746115921031349,0.004007159787035018,0.002785143090242856,0.001969293094111111,0.001487519605016071,0.001220258399386706,0.001193883938304861
0,0,0,0,0,0,0,0,0,0,0,0,0.007837034692549805,0.005841289936874682,0.003907087971022139,0.0029294367955548517,0.0018515587909479342,0.0013275658947442454,0.001035677234442862,0.001128870601888485
0,0,0,0,0,0,0,0,0,0,0,0,0.00788704264031323,0.005597936639936989,0.003964619071312157,0.002867536011224003,0.0018284717668135889,0.001216636983302888,0.0009634639694363912,0.0010249990769733868
0,0,0,0,0,0,0,0,0,0,0,0,0.007663145160155865,0.00529456862717515,0.0037524441881075297,0.0026938821444145904,0.0018779805027642183,0.0011992347405292108,0.0009935009214061643,0.0010357027304570457
0,0,0,0,0,0,0,0,0,0,0,0,0.0073351784177902255,0.005079553871950202,0.0036438365323203537,0.0026303889984639946,0.0018403925701627674,0.0012615310447482834,0.0009342719452738335,0.0009166773700332718
0,0,0,0,0,0,0,0,0,0,0,0,0.007376641280704501,0.004948240420477346,0.003485221220108777,0.00248115395639429,0.0017953637062215247,0.0011640849887547982,0.0008581170309854102,0.0009442804213917324
0,0,0,0,0,0,0,0,0,0,0,0,0.007104389485222059,0.004947385644488467,0.003367459503396489,0.0022748825171847757,0.0017241955660023825,0.0012157338123547404,0.0008515414836175029,0.0008832103817685673
0,0,0,0,0,0,0,0,0,0,0,0,0.007195155625359448,0.00480673681840806,0.0032467018539265578,0.0022723395424014683,0.001649732577997352,0.0011062705666954522,0.0008582830469751679,0.0008846646980092411
0,0,0,0,0,0,0,0,0,0,0,0,0.007134821585515909,0.004835647741255053,0.0032852873967305326,0.0021954649323255395,0.0015362981191773591,0.001023026894005976,0.000761117946915099,0.0008577957461768322
0,0,0,0,0,0,0,0,0,0,0,0,0.006896078679667384,0.004549899399209265,0.003155206618547129,0.0021632687518466933,0.0015353931872863116,0.00103590674377049,0.0007791285016813698,0.000787922277095381
0,0,0,0,0,0,0,0,0,0,0,0,0.006818353510810805,0.004622285000500704,0.0030604410759681577,0.0021029552054729534,0.0014740011841201403,0.0009504584512622123,0.0007396358742724424,0.0007888278089033885
0,0,0,0,0,0,0,0,0,0,0,0,0.006843415344157171,0.00445270256017213,0.002986633102934248,0.00206550553028119,0.0014344276703910225,0.0008824542776180061,0.0006820562942545543,0.0007242453433837022
0,0,0,0,0,0,0,0,0,0,0,0,0.006660468974340499,0.004486590314377651,0.002845197696426719,0.0021106129916049965,0.0013865725648429163,0.0008734176992736748,0.000659017378727622,0.0007380994641749366
0,0,0,0,0,0,0,0,0,0,0,0,0.006797281790208612,0.004477630300271856,0.002932953285382154,0.0019892768837942464,0.0013109545541612265,0.000876898555665485,0.0007011673821854279,0.0006835942648374223
0,0,0,0,0,0,0,0,0,0,0,0,0.00690929484756478,0.004539389133947141,0.002900848981802006,0.0020165295649253955,0.0012535183781968678,0.0008227862566565691,0.0006786228527124691,0.0006346705954124392
0,0,0,0,0,0,0,0,0,0,0,0,0.006797434346560141,0.004487080303264737,0.0028606895193619628,0.0019147454742379699,0.001258914379756094,0.0008281406045602243,0.0006294571898780471,0.0005556102569873266
0,0,0,0,0,0,0,0,0,0,0,0,0.00664771838422828,0.004596452558106014,0.0029635254351689263,0.0019053745977005434,0.0012163461453955496,0.0008085537960721865,0.0006028998957668692,0.0005730185598250711
0,0,0,0,0,0,0,0,0,0,0,0,0.0067733773763924525,0.004468144920406226,0.0028745124222511157,0.0019239554415433808,0.0011543732649260288,0.0008293214323365079,0.0005886073725269702,0.0005604947816003089
0,0,0,0,0,0,0,0,0,0,0,0,0.00657924795540732,0.004296544137545644,0.0029293820357008554,0.0017326758771451975,0.0011018131591988215,0.0008575515497432617,0.0005025814410380593,0.0005412415518871407
0,0,0,0,0,0,0,0,0,0,0,0,0.006597521314933636,0.00436143095719434,0.002881251648061879,0.0017034367583721537,0.001086402390788433,0.0008016172980574847,0.0005221060033400723,0.0005678122527907184
0,0,0,0,0,0,0,0,0,0,0,0,0.006579028357880854,0.004173224884590022,0.003000219828533743,0.0015722136733347994,0.0010692459881292598,0.0007210375906792705,0.0005522092767641244,0.0005522092767641241
0,0,0,0,0,0,0,0,0,0,0,0,0.006449198067700763,0.004220973776189983,0.002722018475985963,0.0016219645276533525,0.0010930248496212192,0.0007046671458168956,0.00048676508576379055,0.0005377260514213715
0,0,0,0,0,0,0,0,0,0,0,0,0.006328578379178803,0.00427487536755114,0.0027306317296233876,0.0016447252445052425,0.001073566638696348,0.0007474421261202818,0.0004847796808563148,0.0004618628232158346
0,0,0,0,0,0,0,0,0,0,0,0,0.00855382240445574,0.006149475374014571,0.004067640605380882,0.0027286711588880215,0.0018462921055158652,0.0011052386500144044,0.0009041214530445702,0.001038199584357793
0,0,0,0,0,0,0,0,0,0,0,0,0.006728435718584512,0.004795120020025532,0.0032772275294213745,0.0023931217278764954,0.0018250216144340043,0.0013261587023173165,0.001011928327069438,0.0012001114896472635
0,0,0,0,0,0,0,0,0,0,0,0,0.005615967309667195,0.004283091984499285,0.0032096353467801673,0.0024206447180566137,0.0018946509655742459,0.0015350429919383406,0.0013722354018842738,0.0016692250716532299
0,0,0,0,0,0,0,0,0,0,0,0,0.00486057124758861,0.003973395525611125,0.003332757478909332,0.0026111399038323112,0.0020226886643056638,0.0019111168696553517,0.0019093173245803457,0.0024851717485819586
0,0,0,0,0,0,0,0,0,0,0,0,0.0043156864091104495,0.003802645412799289,0.0032570877336233336,0.00265733558300606,0.0025363012634537774,0.0024369447324780243,0.0026519161358619274,0.0036779981284842523
0,0,0,0,0,0,0,0,0,0,0,0,0.003959634930361916,0.003589778920383056,0.0032054187531501215,0.003058564160952632,0.003169158360014939,0.0031927276155528064,0.0036949340604750837,0.005281326260139311
0,0,0,0,0,0,0,0,0,0,0,0,0.003760129541823944,0.0034784378651769115,0.0034402731864053774,0.0035656714166547006,0.0036510876024767056,0.004083620628554085,0.005081354373581319,0.007216759019131406
0,0,0,0,0,0,0,0,0,0,0,0,0.0036193268415826104,0.0035483953105164188,0.003593864240687055,0.0038448527352289625,0.004339554695485481,0.005359877488514548,0.006212874618515676,0.009939508135300984
0,0,0,0,0,0,0,0,0,0,0,0,0.0033761673937336735,0.0035365900344726388,0.0038173296557658274,0.004187395520197757,0.0051353474882007335,0.006504408888143495,0.008083113511779214,0.012861156027424978
0,0,0,0,0,0,0,0,0,0,0,0,0.0030960147470949794,0.0034442708228871717,0.004066026434641817,0.004729718641910705,0.006024283112132988,0.007800206765649188,0.010717535149248697,0.016495668679015474
0,0,0,0,0,0,0,0,0,0,0,0,0.002852057712226647,0.0032040060104745654,0.004177790421170875,0.005098691408814389,0.0071082614848206336,0.00973054984171445,0.013184384436955666,0.021147898522181855
0,0,0,0,0,0,0,0,0,0,0,0,0.0026631572213235365,0.003374185470530712,0.004074246703040606,0.005637046582403422,0.008128387208802858,0.011773092424533216,0.01606119595317084,0.025867536716657983
0,0,0,0,0,0,0,0,0,0,0,0,0.002460645215544112,0.0033034070612839588,0.004261340265552247,0.006107738235611351,0.008807866752222537,0.013445799078994757,0.019180601486990204,0.030668487471001506
0,0,0,0,0,0,0,0,0,0,0,0,0.002235244918196245,0.0032688630748131373,0.004472316016881212,0.006450069486167596,0.00962944971703333,0.015305218675982625,0.021846597186586336,0.035922796393658765
0,0,0,0,0,0,0,0,0,0,0,0,0.0022427271562219663,0.003064755313890262,0.004280404972446495,0.006645795573131211,0.01080719869647205,0.01714908185496421,0.02494095677486681,0.04142728987019646
0,0,0,0,0,0,0,0,0,0,0,0,0.00188918145853604,0.002986775729790248,0.004285931553361588,0.007221400706198386,0.012016733273597818,0.018825848986420254,0.028132495570226804,0.046983997845123755
0,0,0,0,0,0,0,0,0,0,0,0,0.0016882416990200498,0.002674424146438928,0.00431867257642914,0.007630999123800726,0.012769046335910604,0.020290062287136736,0.031017087718912338,0.05306688076724264
0,0,0,0,0,0,0,0,0,0,0,0,0.0016277509541040222,0.002529612969215711,0.004358999739706491,0.007473356576443805,0.01302384068570842,0.022284423816489415,0.03439540416982867,0.058402897689986764
0,0,0,0,0,0,0,0,0,0,0,0,0.0014910919635095137,0.0024503061048569623,0.004465939644705615,0.007787424941034927,0.014281836555779312,0.023932667935837194,0.03750655676970425,0.062447958506193606
0,0,0,0,0,0,0,0,0,0,0,0,0.0014223291005601337,0.002357107246546819,0.004448444235901347,0.007978606410745187,0.014450570397958877,0.02529582978972991,0.03975373178099065,0.06756979676823366
0,0,0,0,0,0,0,0,0,0,0,0,0.0012807456949146315,0.002262406077119973,0.004310131285608126,0.008363379480545692,0.015374452976632811,0.026776392443967376,0.0421343315076285,0.07253828016770796
0,0,0,0,0,0,0,0,0,0,0,0,0.0011144920629101438,0.0023389668951864203,0.0043699820361476705,0.008248707702459945,0.015947501558089234,0.02778897972650951,0.04409942442350699,0.07635370458628153
0,0,0,0,0,0,0,0,0,0,0,0,0.001167888029422711,0.002306441351669969,0.004205863641280533,0.008444728828133451,0.015915912061881567,0.028718678324768224,0.04542296064199007,0.07969873255730811
0,0,0,0,0,0,0,0,0,0,0,0,0.0010370383942394901,0.0021033923614610147,0.004080361314437003,0.008527167291149445,0.016138222926610296,0.029749809906831445,0.04713577690848963,0.08241890121568016
0,0,0,0,0,0,0,0,0,0,0,0,0.0010487302676733012,0.002084648821779913,0.004251658659345687,0.008516129032258067,0.016510638297872346,0.030125829329672848,0.04879249599633953,0.08526378403111412
0,0,0,0,0,0,0,0,0,0,0,0,0.0010504047901386388,0.0021959682023804297,0.0043772966167449886,0.008507546810722178,0.01666190873556151,0.030877142898970825,0.05032244133104952,0.08770879997657634
0,0,0,0,0,0,0,0,0,0,0,0,0.0009702730311695635,0.002065033922942014,0.004371720751760222,0.008952141740413519,0.01785119306968757,0.03194578187529978,0.051239569564914926,0.08858409704194875
0,0,0,0,0,0,0,0,0,0,0,0,0.0008769777771268086,0.0020542151689692677,0.0045826208270321545,0.00902426610325269,0.01779587472583001,0.032109470261482184,0.051792952687140466,0.09021702911419753
0,0,0,0,0,0,0,0,0,0,0,0,0.001047635415562048,0.0021409791825884087,0.004355091727519717,0.009311705360309792,0.018230318898026503,0.03292463972677376,0.05257557418831111,0.0911698778307182
0,0,0,0,0,0,0,0,0,0,0,0,0.0009829457988676901,0.002105004969642167,0.0045394889780109365,0.00918148254584792,0.018126838447275116,0.03302295187592553,0.05402724059474628,0.09289844540806892
0,0,0,0,0,0,0,0,0,0,0,0,0.0009020597335538773,0.001992582251197105,0.004285241168322883,0.009415820261396049,0.01867794271829205,0.03348050508026136,0.054568209804822077,0.09329639706729953
0,0,0,0,0,0,0,0,0,0,0,0,0.0008887864772783381,0.001986053733177521,0.004390897802356565,0.009273737091107933,0.018763270075876026,0.033879955304647116,0.054506750936791915,0.09516050276785663
0,0,0,0,0,0,0,0,0,0,0,0,0.0007959312578269613,0.0018145772254128426,0.004421434647836929,0.009498234712095599,0.01875732494076154,0.033765010423778635,0.054627171924802743,0.09607401430485625
0,0,0,0,0,0,0,0,0,0,0,0,0.0008060919346937581,0.0020399061204495112,0.004443558941588496,0.009546979988447843,0.019008049952109737,0.03438046077019251,0.055614859875265946,0.09545517690153614
0,0,0,0,0,0,0,0,0,0,0,0,0.001003575580757673,0.0019687630245464726,0.00446947594709018,0.009608002281352139,0.01921600456270428,0.03392597304787183,0.054732343285000824,0.09642186003319658
0,0,0,0,0,0,0,0,0,0,0,0,0.0009468346841264442,0.0020380707969130996,0.004459993492796377,0.009665756389306248,0.019124963899642824,0.03440226947865599,0.05515220641727259,0.09671971134337198
0,0,0,0,0,0,0,0,0,0,0,0,0.0009119952042576835,0.0019884785215077347,0.004576424832587653,0.009739523934848091,0.019206728660408814,0.034579056642395516,0.056430388630581634,0.09794901599555517
0,0,0,0,0,0,0,0,0,0,0,0,0.0009063984067813912,0.0019331636040005526,0.004367855501491816,0.009638461931266915,0.019141967158103606,0.03511245176209686,0.05613104660748026,0.09919500149546617
0,0,0,0,0,0,0,0,0,0,0,0,0.0008556629746056014,0.001964923291365102,0.004433392384417082,0.009793600954547696,0.019235084736176657,0.03480304243832932,0.05750821454700036,0.09895952112064481
0,0,0,0,0,0,0,0,0,0,0,0,0.0008779102450847978,0.0019346878581910306,0.004712607594197398,0.00987055843122367,0.019211815467281873,0.03539931227322174,0.05671738225781725,0.09889357756638167
0,0,0,0,0,0,0,0,0,0,0,0,0.0008663662047870835,0.0022324889150724,0.004820643956320552,0.009637640054936735,0.019247921177090725,0.03526566435696475,0.05668588479700583,0.09813831582057649
0,0,0,0,0,0,0,0,0,0,0,0,0.0008668136295950245,0.0020365558118485214,0.00461874799264212,0.010002116850127012,0.019515168326082515,0.03579484072527666,0.056999839411369685,0.09747364886566035
0,0,0,0,0,0,0,0,0,0,0,0,0.0008320287268865707,0.0020891949392217615,0.004754971189180707,0.00996244922982604,0.019691346536315497,0.03552726171317635,0.057041408026157814,0.09719044334723694
0,0,0,0,0,0,0,0,0,0,0,0,0.0009448244414044679,0.0022544459644322844,0.004716826265389876,0.009980848153214776,0.01950022799817601,0.035206566347469215,0.057050615595075245,0.09761787505699955
0,0,0,0,0,0,0,0,0,0,0,0,0.0009362596608699929,0.0022295366243285436,0.004584757911303059,0.00991815924793212,0.020023934731408233,0.035559651944560317,0.056467022348190225,0.09869706899723675
0,0,0,0,0,0,0,0,0,0,0,0,0.00091700469440773,0.0019725627820062893,0.00471628458137733,0.009791714142472995,0.019672758762134812,0.034962854929128116,0.05723531288455402,0.09960348206553941
0,0,0,0,0,0,0,0,0,0,0,0,0.0009538382414359735,0.002099173644154503,0.004650645345433522,0.009790064397759667,0.019142420998302056,0.035271953325758554,0.05695855089538602,0.0993177229710876
0,0,0,0,0,0,0,0,0,0,0,0,0.0009595440888618091,0.002099686779999891,0.004711981713935462,0.009852657079738841,0.01912885801483827,0.03520943053064977,0.05712935785339405,0.09891148296991667
0,0,0,0,0,0,0,0,0,0,0,0,0.0009351092510194148,0.0019941706054877975,0.004857828760169085,0.010165895307866038,0.019535216068567382,0.03514588980293438,0.0571692620657347,0.099622857497006
0,0,0,0,0,0,0,0,0,0,0,0,0.0009128792503093038,0.002057167013172064,0.004684655793503433,0.00980115266948851,0.019850112879979162,0.03666458338268227,0.057177945857696526,0.09946192965545637
0,0,0,0,0,0,0,0,0,0,0,0,0.0008987182782526589,0.002141975612468303,0.0047141693053983245,0.010029914740255835,0.019788208743271005,0.035956022961978557,0.057521615724106245,0.09916709050439423
0,0,0,0,0,0,0,0,0,0,0,0,0.0008880395478474609,0.0021079542449931525,0.004671780947813544,0.010060193399331507,0.01981951097649704,0.035791458408932185,0.05709164312845206,0.09955525083014372
0,0,0,0,0,0,0,0,0,0,0,0,0.000946800398422364,0.002048664445911975,0.0046026539599607385,0.010535206745451163,0.019791594455653618,0.035560655426680424,0.05748483112656476,0.09924438395948645
0,0,0,0,0,0,0,0,0,0,0,0,0.000883831711152863,0.0021303077738921584,0.004849229244077872,0.010002788170140334,0.02000375400685561,0.035847120804305084,0.057554756563589424,0.09962514601446566
0,0,0,0,0,0,0,0,0,0,0,0,0.0008836803372925855,0.002272060578564648,0.00479556009846203,0.009766034243068576,0.01955211072059121,0.03634203712915033,0.057564941394684446,0.09995791130764647
0,0,0,0,0,0,0,0,0,0,0,0,0.0009069832244528509,0.002216463020399839,0.004656939969730802,0.010000491737892773,0.01949649682282684,0.03539784327402732,0.05739856084710047,0.0997736184441777
0,0,0,0,0,0,0,0,0,0,0,0,0.0009157975996271266,0.0021374679561873685,0.00484844733162433,0.010011870776042877,0.019828929736658115,0.035767085178280124,0.05763880797017012,0.10009685970636216
0,0,0,0,0,0,0,0,0,0,0,0,0.0008803057558873865,0.00211236929828878,0.004729593036289373,0.009849218022392208,0.01947608138180664,0.035649649244632056,0.05771743825557301,0.09979350177610344
0,0,0,0,0,0,0,0,0,0,0,0,0.0009042893580092507,0.0020346510555208147,0.004599842843260766,0.009947182938101758,0.019509678266243932,0.035571753355077625,0.05765026973711798,0.10032689331026423
0,0,0,0,0,0,0,0,0,0,0,0,0.0008631804374904398,0.0019030032851846189,0.004581776330645455,0.009762680011363385,0.019969697631899066,0.03559435618394121,0.057796668196353526,0.09956440345854914
0,0,0,0,0,0,0,0,0,0,0,0,0.0008285396397036196,0.002046766055004107,0.004636180049858055,0.00962016465176752,0.019684645066365112,0.03575649311037422,0.05743509621075133,0.09909334090855292
0,0,0,0,0,0,0,0,0,0,0,0,0.000909367579496768,0.002075690727548735,0.004754589208230596,0.009982997195357298,0.01984389493615292,0.03556738887582851,0.05722455183121848,0.10017440175823218
0,0,0,0,0,0,0,0,0,0,0,0,0.0008738012539047995,0.0020752779780238992,0.00469304090118036,0.009992281422257174,0.020042816261441335,0.0359332561475559,0.057459714121356434,0.09887607313716494
0,0,0,0,0,0,0,0,0,0,0,0,0.0008297350852389039,0.0020834356855231237,0.004740043633875754,0.010298904786079381,0.0201429109508655,0.03575139244467977,0.05767568639652967,0.09935895686287351
0,0,0,0,0,0,0,0,0,0,0,0,0.00086268243276446,0.0021749061332352946,0.004832113626560425,0.010182928715858975,0.01977435576368325,0.03602882160127692,0.058025403631638224,0.09938138025549234
0,0,0,0,0,0,0,0,0,0,0,0,0.0008840414153393921,0.0022064655078326795,0.004807657326629657,0.00989726201823381,0.019854551539978317,0.03640031432583655,0.05730261865436526,0.1000185539556306
0,0,0,0,0,0,0,0,0,0,0,0,0.000895277954690201,0.002125375307069419,0.004625602765899372,0.009764352652169957,0.019972704940405785,0.03575834773905924,0.05772541170048221,0.09992175416249657
0,0,0,0,0,0,0,0,0,0,0,0,0.0009157925975555803,0.002230310003987249,0.004817469608612456,0.010259426018341344,0.020034556150102592,0.03575050386799478,0.05751468818445482,0.09967756089656646
0,0,0,0,0,0,0,0,0,0,0,0,0.0009245407325711332,0.0022585729313401113,0.004537165445472116,0.01041200301385719,0.02002504267811059,0.035793194069835596,0.05774193665804003,0.09960106431381972
0,0,0,0,0,0,0,0,0,0,0,0,0.0009081445460369228,0.002256711897967503,0.004715435909382099,0.01009514588550463,0.020237609923708568,0.03659331139712305,0.057749985440568405,0.0997848843981131
0,0,0,0,0,0,0,0,0,0,0,0,0.0009890476181802616,0.0021912049441452208,0.0048650942691703105,0.010456947285401258,0.020179850021766338,0.035857074422645734,0.0580386985371931,0.10000127501534571
0,0,0,0,0,0,0,0,0,0,0,0,0.0009383080632666945,0.0022021144663100117,0.004927935758629342,0.010270472754516065,0.019793572226081326,0.036370348010459574,0.057704127464422515,0.09940792033837277
0,0,0,0,0,0,0,0,0,0,0,0,0.0009753576614708247,0.002221850195253502,0.005018724683463686,0.010312223633498442,0.019971175997466985,0.03561511222072198,0.05794097630390398,0.09893875263401158
0,0,0,0,0,0,0,0,0,0,0,0,0.0009416212973650971,0.0021013788026139997,0.004929878298174018,0.010201503322032665,0.019692246166710593,0.035857956972633,0.058300537160411926,0.0999100188142479
0,0,0,0,0,0,0,0,0,0,0,0,0.0009744391520924992,0.0023197469366978162,0.004923099298258371,0.010369777842417192,0.020405046722175763,0.036154237719521504,0.058024579136821415,0.09958004581318401
0,0,0,0,0,0,0,0,0,0,0,0,0.0010495221672905594,0.002235464027036564,0.0048365328298537215,0.010362439838915624,0.020106443738699905,0.036207605306907927,0.057710986696351586,0.09915892712278135
0,0,0,0,0,0,0,0,0,0,0,0,0.0008820346812399409,0.002196902876160512,0.004873923599428949,0.010226146417757086,0.020139488783610524,0.036108863084575296,0.05761596028115993,0.09851145281114455
0,0,0,0,0,0,0,0,0,0,0,0,0.000977438964568746,0.002220130882347598,0.004767285953584367,0.010117765044021088,0.020353622156252166,0.0359454087620681,0.057103873783197485,0.09903745880403621
0,0,0,0,0,0,0,0,0,0,0,0,0.0009965810722339418,0.0022059358405470283,0.004557357969011422,0.009740306976067504,0.01950061831672365,0.03635520477195024,0.057276132974467146,0.09933440023277808
0,0,0,0,0,0,0,0,0,0,0,0,0.0009431973481434095,0.002079032304963508,0.004650562647204211,0.009986260940362302,0.019498197202756536,0.03568520833939113,0.05804025762554157,0.09991531214561945
0,0,0,0,0,0,0,0,0,0,0,0,0.0008543761327300592,0.002128669045589147,0.0045427360759413135,0.010027103719444694,0.019547035223928345,0.03560385305457646,0.05778491171749598,0.10033284312745294
0,0,0,0,0,0,0,0,0,0,0,0,0.0009830376043682488,0.00216958761481643,0.004793443993204141,0.009884888295311037,0.01989515476936775,0.03609801302842814,0.057666693922792486,0.10041883580001272
0,0,0,0,0,0,0,0,0,0,0,0,0.000957873557055275,0.0021138651742984545,0.004773009413334256,0.009960430915868896,0.019991748110153643,0.03613564362014405,0.058177641013710174,0.10060580504092317
0,0,0,0,0,0,0,0,0,0,0,0,0.0010477783286028958,0.0020864771222958876,0.004652353687834695,0.009940274819362651,0.02010572210449092,0.0363744327560565,0.05768410118960066,0.1007683102440761
0,0,0,0,0,0,0,0,0,0,0,0,0.0009216522844069882,0.0019887329371622202,0.004666432769374241,0.009903671884515332,0.019898236499248316,0.03655160252972647,0.05807318319066206,0.10058734882266647
0,0,0,0,0,0,0,0,0,0,0,0,0.0009049461302649964,0.0020697462698229543,0.0048917971539625925,0.01006161992625961,0.0198924604176926,0.03592163675316959,0.05802013050849614,0.10013646878390145
0,0,0,0,0,0,0,0,0,0,0,0,0.0008669275324916075,0.0021973068905290437,0.004876240187997869,0.010003289599232305,0.02030282487518606,0.03623102800884739,0.057684303886270744,0.10026007825974749
0,0,0,0,0,0,0,0,0,0,0,0,0.0009619913402594284,0.002122200177850195,0.004702664661457243,0.010347317062525804,0.020487324081971122,0.03573734181243535,0.0573776006953979,0.10028350557645833
0,0,0,0,0,0,0,0,0,0,0,0,0.0008734607750738625,0.002104659123306875,0.004536185064728711,0.010198244725186725,0.020214896773642913,0.03580462807095914,0.05681853262221641,0.10014836121688886
0,0,0,0,0,0,0,0,0,0,0,0,0.0008836074455745086,0.002089022541080474,0.004781661691071928,0.009859677319651358,0.019882985647742435,0.03507157947558079,0.057978102534826124,0.10047307542662239
0,0,0,0,0,0,0,0,0,0,0,0,0.0008545019526278662,0.0020617132218723414,0.004643399972365045,0.010012217559833317,0.019929894478099296,0.03567454747758297,0.058167947813565844,0.100247623757336
0,0,0,0,0,0,0,0,0,0,0,0,0.0009229667931809471,0.002087576467253755,0.004611200238372528,0.010221675548102375,0.019905559421437898,0.03593211470224327,0.05811783815014197,0.10065970323347247
0,0,0,0,0,0,0,0,0,0,0,0,0.000899645049135159,0.001988306431825989,0.004814464111432401,0.010379541162850295,0.019879429388768435,0.035622309016260845,0.05782991074430635,0.1004985305797531
0,0,0,0,0,0,0,0,0,0,0,0,0.000950425238060624,0.0021425456131424015,0.004917496547212327,0.010011266991349854,0.01969542778221996,0.03615250417969035,0.05801773642509268,0.10128661772188707
0,0,0,0,0,0,0,0,0,0,0,0,0.000885837871660827,0.002008141704955961,0.0048402763377607,0.010082544810299725,0.019910433969608673,0.035857334628439215,0.05849258406364936,0.10053441307329353
0,0,0,0,0,0,0,0,0,0,0,0,0.0009422589523678108,0.002113274413402953,0.004985439466670541,0.009985403156113607,0.019898185198364567,0.03556437498638355,0.05841460846326462,0.10051125264159301
0,0,0,0,0,0,0,0,0,0,0,0,0.0009428272464357858,0.002036434187388278,0.004665087415890364,0.009880611547907975,0.019759406472990453,0.035885567294975954,0.05834810853231407,0.10136392041738725
0,0,0,0,0,0,0,0,0,0,0,0,0.000957475027525136,0.0020820993957187967,0.0047982761815823245,0.009974455220328271,0.019574641264811787,0.03624597115583768,0.0584859176680487,0.10067295778025677
