0,0,0,0,0,0,0,0,0,0,0,0,0.09861325115562404,0.0995021927225317,0.09956145549365886,0.09855398838449687,0.09707241910631742,0.10317648453241672,0.09701315633519025,0.09144245584923553
0,0,0,0,0,0,0,0,0,0,0,0,0.05390365945954778,0.051796516407947246,0.04772924028509047,0.0466947256085941,0.046406150461992465,0.047097641851019,0.045627542047576776,0.04483259919090062
0,0,0,0,0,0,0,0,0,0,0,0,0.05191704540379733,0.050357438534656594,0.048117650696154916,0.04652025599538302,0.04540036207613219,0.04513241199729302,0.0413570640915977,0.04579885193696989
0,0,0,0,0,0,0,0,0,0,0,0,0.05011507843126,0.049208225955495365,0.04775611407974562,0.04610311716189613,0.044992509857715995,0.04293487306935126,0.03922136957682131,0.04500111921666312
0,0,0,0,0,0,0,0,0,0,0,0,0.04885477862798114,0.04738670976406218,0.04597481049145839,0.04451440111726425,0.043784196430167184,0.04128464961664255,0.038174896788375955,0.04369994204319442
0,0,0,0,0,0,0,0,0,0,0,0,0.04785485084974051,0.046850495536328036,0.04514938328855289,0.04313834237097763,0.04170754385024618,0.03933996844786323,0.036634500886675615,0.04289133155143766
0,0,0,0,0,0,0,0,0,0,0,0,0.04714592487934289,0.04516917918605606,0.04417108463928171,0.042766839064815654,0.04011821587359197,0.038139309802498265,0.03596813010659305,0.042298037080724694
0,0,0,0,0,0,0,0,0,0,0,0,0.0457633925311742,0.04442677613805075,0.043211854712434786,0.04168863936913328,0.03919997728360607,0.03727111204861309,0.03479259121037814,0.041023373546759265
0,0,0,0,0,0,0,0,0,0,0,0,0.044983647046338185,0.04396484356156717,0.04257170697822501,0.04054181821690094,0.03834212887478173,0.03638942219563728,0.03383855437960078,0.03915254073766776
0,0,0,0,0,0,0,0,0,0,0,0,0.04486036894196365,0.042761953440825236,0.0410222573300497,0.0392658333720552,0.037684122485014626,0.03552437154407323,0.03274569025602899,0.03851122159750941
0,0,0,0,0,0,0,0,0,0,0,0,0.04375246851571644,0.04175060371553322,0.04005713430348632,0.038107570475560126,0.036911862040856086,0.03466833067920928,0.032792709605163735,0.03806609039411487
0,0,0,0,0,0,0,0,0,0,0,0,0.04317767293094085,0.041440446937652704,0.039029205564076574,0.03772363246525105,0.035193863452621675,0.03375737923006568,0.031326678094853955,0.036869172022523794
0,0,0,0,0,0,0,0,0,0,0,0,0.041906075900731754,0.04087392374997817,0.03856860930159451,0.03679945510749403,0.035002357707958565,0.032784365776559146,0.03066766796486141,0.03577952810911821
0,0,0,0,0,0,0,0,0,0,0,0,0.04160982618483228,0.039822052550862505,0.03791843671817322,0.03568631315777187,0.03345591858541115,0.03199838166719401,0.030176028272412447,0.03456592890746975
0,0,0,0,0,0,0,0,0,0,0,0,0.0408499002468526,0.03928026774671105,0.037005587205522356,0.035127174541418574,0.03316127416419215,0.030797390464525457,0.028942994035396498,0.03401728139650976
0,0,0,0,0,0,0,0,0,0,0,0,0.03988097168894892,0.038817365295018454,0.03716305615261301,0.034170276042564736,0.032814732741150994,0.029897070899694917,0.0274796284377278,0.03328763638660641
0,0,0,0,0,0,0,0,0,0,0,0,0.039532997444273084,0.03843452798971587,0.03599102859931541,0.03353732670624103,0.0314050036473947,0.029157052224910773,0.027337605914730872,0.03184371126237267
0,0,0,0,0,0,0,0,0,0,0,0,0.039063189105934884,0.03702258740831709,0.03519401830604615,0.03251901508315071,0.030207011663489,0.02823595665714498,0.026470149203096698,0.03048350216782125
0,0,0,0,0,0,0,0,0,0,0,0,0.03837000224969595,0.036333435387209886,0.03404821791942029,0.031845883986731875,0.02963340104974534,0.026964212919344175,0.024934412059723514,0.029673997066937758
0,0,0,0,0,0,0,0,0,0,0,0,0.03770047203643978,0.035064358632933876,0.0329328533649262,0.030615706307939233,0.02853651827137117,0.02604216768854033,0.024032173409682736,0.028820043912721353
0,0,0,0,0,0,0,0,0,0,0,0,0.03648794857880527,0.03416732111619315,0.03176242976604973,0.029896827296106675,0.027352057892661284,0.02502300404129604,0.023715228506810213,0.027724504275549653
0,0,0,0,0,0,0,0,0,0,0,0,0.03660059441465639,0.032512731446420216,0.031294282377254734,0.02881531072134205,0.02602331209462167,0.024734179515918938,0.022436965455959114,0.026269021437298683
0,0,0,0,0,0,0,0,0,0,0,0,0.03471493881941643,0.03227948097351082,0.03016673389807718,0.028533010622562867,0.02586560441038053,0.02335114965711982,0.02210232620680382,0.025438684953610333
0,0,0,0,0,0,0,0,0,0,0,0,0.03402729034359772,0.031575659673362184,0.02902495625686373,0.027051897327050888,0.02475307377393278,0.022776656445941554,0.02040730653107694,0.024578437068655735
0,0,0,0,0,0,0,0,0,0,0,0,0.03324182412455539,0.030563628527394908,0.028381829859952343,0.025914938361252866,0.023743201793737016,0.0219756262399442,0.019983330454454745,0.02349668034553251
0,0,0,0,0,0,0,0,0,0,0,0,0.03263722450347775,0.02994888125366631,0.02705941506745999,0.02466605212436101,0.02309058912260119,0.020972094192575223,0.019559205564401244,0.022684991200871522
0,0,0,0,0,0,0,0,0,0,0,0,0.03234119703146652,0.029212809131474393,0.026216795438284302,0.024035134460357276,0.021724450521370058,0.020499570202733613,0.018715031845212657,0.02164234500069539
0,0,0,0,0,0,0,0,0,0,0,0,0.03129596311894208,0.02856372268178362,0.02580300395680681,0.023337119270419763,0.021164393429221412,0.019465747320528148,0.017475617560047306,0.020774073366770195
0,0,0,0,0,0,0,0,0,0,0,0,0.03055701765379185,0.027539246894085597,0.025041147621792784,0.02256978386010644,0.02046269143043336,0.01884185109991561,0.01700211377630732,0.01933478707672255
0,0,0,0,0,0,0,0,0,0,0,0,0.029993541500045177,0.026724135046230134,0.024303034156429558,0.021890299199212926,0.019838972529623765,0.017839514642055215,0.016029126830884352,0.0184602668397857
0,0,0,0,0,0,0,0,0,0,0,0,0.029353209713304722,0.026145418742927067,0.023624653352969004,0.021154035815596325,0.01900269293968383,0.01694663098368357,0.015569236632671993,0.017509958527725914
0,0,0,0,0,0,0,0,0,0,0,0,0.028357284419355214,0.0256591348891104,0.02261703807963883,0.020145960539563117,0.01815407168462372,0.01624232588503813,0.014681205952625433,0.016527835519736064
0,0,0,0,0,0,0,0,0,0,0,0,0.027991799792159093,0.02452055639978182,0.021958408465763798,0.01930284888831803,0.017521355402946134,0.01525278691970102,0.014053448140691283,0.016006752327367774
0,0,0,0,0,0,0,0,0,0,0,0,0.026680241000050075,0.0237712168499758,0.020581804830014847,0.018478895805864776,0.016741492397816974,0.014551796652035319,0.013455279803728494,0.015187676285528315
0,0,0,0,0,0,0,0,0,0,0,0,0.026154979630753233,0.022594528640294435,0.02018922396836933,0.01771891106206786,0.01599035877877865,0.014035111114074449,0.012543255479027345,0.014340149752301955
0,0,0,0,0,0,0,0,0,0,0,0,0.025500674008274726,0.021836535080922644,0.01963371940927216,0.01711431147013785,0.015133110385726026,0.013546816498122945,0.012125483844629843,0.013886736616895025
0,0,0,0,0,0,0,0,0,0,0,0,0.02455522887024969,0.02129873502861919,0.018916300116874164,0.01654218957588996,0.01438950729714341,0.012887790811892532,0.01197543977650729,0.013082581087695578
0,0,0,0,0,0,0,0,0,0,0,0,0.024256950783191535,0.02110719496838584,0.01827224816944387,0.01588203156751571,0.013986514847659086,0.01210932034565697,0.011143239767874154,0.01304042214389937
0,0,0,0,0,0,0,0,0,0,0,0,0.02303880333480473,0.020288672158045088,0.017591844553457647,0.015208175435381915,0.013134333330557106,0.011696802618537979,0.010555773026726745,0.012201520817543542
0,0,0,0,0,0,0,0,0,0,0,0,0.022331234441353043,0.01958226280967532,0.017082895139711656,0.014590183575393711,0.012468549900824024,0.011130672666036555,0.009975838336506076,0.011608248246116165
0,0,0,0,0,0,0,0,0,0,0,0,0.021649575480569977,0.018943170488534396,0.016449815827975174,0.014141215751743104,0.012237078414173168,0.010732410448121416,0.009810301982200311,0.010784008575275845
0,0,0,0,0,0,0,0,0,0,0,0,0.021025305867229428,0.018324594269635452,0.01603963261009474,0.01385943993494345,0.011351636308606193,0.010293968466198697,0.009114901641879654,0.010313924463225257
0,0,0,0,0,0,0,0,0,0,0,0,0.020463130453287934,0.01772152319642477,0.015247592572887846,0.012944908491168331,0.011160951798254947,0.009589806341774849,0.008575627793147479,0.00971283783783784
0,0,0,0,0,0,0,0,0,0,0,0,0.01915415517029059,0.017012417750293714,0.014835733565867997,0.012466010111263848,0.010362547718974761,0.009052876118712496,0.008092672162738759,0.009164372938556934
0,0,0,0,0,0,0,0,0,0,0,0,0.01955159633698416,0.01648024730342868,0.014158453688776612,0.011929731256959562,0.010231182170220548,0.008570858747860195,0.007648456846548886,0.008595788528976715
0,0,0,0,0,0,0,0,0,0,0,0,0.018765224639714657,0.015983899865666167,0.013353679900237616,0.0116051814004925,0.009685652183298433,0.00846851125232676,0.007234765397330925,0.008343974322145491
0,0,0,0,0,0,0,0,0,0,0,0,0.018372659807584648,0.01520616287357105,0.012749054287313913,0.011077755275972002,0.00930843773414384,0.007901290355807264,0.00699420361605311,0.007670365343305749
0,0,0,0,0,0,0,0,0,0,0,0,0.017691781367912,0.014827018121911036,0.012463796035499814,0.010623704628793107,0.00921042142743264,0.007607814741988629,0.006475195302120427,0.007345419035978105
0,0,0,0,0,0,0,0,0,0,0,0,0.01693961682975079,0.014501652969370277,0.012151648322468437,0.010058882884796663,0.00858017233367411,0.007323849227950451,0.006210252393154451,0.006978650805241703
0,0,0,0,0,0,0,0,0,0,0,0,0.016837765983928946,0.01359501073727044,0.011490704876081613,0.009698393890210991,0.008251268723841387,0.007084607035816348,0.005816712968033799,0.006424107246578845
0,0,0,0,0,0,0,0,0,0,0,0,0.01632026550508193,0.013310101638664178,0.010985272764986521,0.00929101846090023,0.007988384152665428,0.006576228998133173,0.005618751296411537,0.0060070524787388556
0,0,0,0,0,0,0,0,0,0,0,0,0.01595385541828896,0.012808538804680154,0.010532497457701628,0.008931637472399681,0.007390498688621951,0.006313858138921468,0.0053367529250946824,0.0058941508059873835
0,0,0,0,0,0,0,0,0,0,0,0,0.015134598890826172,0.012578157271757541,0.010171021133361312,0.008465620754125394,0.0070007680937505725,0.005960606578399477,0.004937034560900876,0.005653700868128422
0,0,0,0,0,0,0,0,0,0,0,0,0.014785098002749788,0.011912431836447324,0.009660792922281926,0.008078335779804324,0.006494218136652558,0.005632418286761821,0.004792204945635208,0.005330207164064106
0,0,0,0,0,0,0,0,0,0,0,0,0.014230202954265163,0.011612562681446293,0.009534385369100557,0.007532562814237175,0.006249470911327228,0.0053448330237645895,0.0046476808902300775,0.005246899747863311
0,0,0,0,0,0,0,0,0,0,0,0,0.01424361493123772,0.011421109223172087,0.00905657622258801,0.007234641321085329,0.006139489194499018,0.005132281102320397,0.004367333935113897,0.004737362608187756
0,0,0,0,0,0,0,0,0,0,0,0,0.013882179915574831,0.011048641578149714,0.008859164678873955,0.007087995723963238,0.005829751986547747,0.004885239207406044,0.003977245375788271,0.004549928871049937
0,0,0,0,0,0,0,0,0,0,0,0,0.013676679643892105,0.010616221918848937,0.008632315447764044,0.007018317959164039,0.00556522258402159,0.004596492333926626,0.0038384277375338198,0.004422319943070511
0,0,0,0,0,0,0,0,0,0,0,0,0.0132187081784849,0.010324887356573446,0.008112648401599311,0.006948486672669893,0.005509038836899613,0.004318343507310836,0.0036367616403735273,0.004261959605909696
0,0,0,0,0,0,0,0,0,0,0,0,0.012958143389970988,0.009707418151678408,0.007714877745544969,0.006353916286779941,0.005284707832573559,0.004185661002900952,0.003476170741815167,0.00392871943638624
0,0,0,0,0,0,0,0,0,0,0,0,0.012236070138221353,0.009378832576485797,0.0072524777089064945,0.006183499618814014,0.005102920216115881,0.004037256786767875,0.0034439325135072417,0.0036046935596141727
0,0,0,0,0,0,0,0,0,0,0,0,0.011776291902162105,0.009173338461870045,0.006906945243475623,0.0056568644192844025,0.004618998907422728,0.0038082700970387675,0.003295969069618229,0.003491605060672027
0,0,0,0,0,0,0,0,0,0,0,0,0.01160068590173712,0.008875303395544954,0.006832509091511552,0.005444137942460467,0.0044981237108278034,0.003661456132939024,0.003088214584524136,0.003459330500260942
0,0,0,0,0,0,0,0,0,0,0,0,0.011278862202303508,0.00876287207400127,0.006702677258797265,0.00519938144432419,0.004332541630686461,0.003452442317031331,0.0028242735037068587,0.003450784879529155
0,0,0,0,0,0,0,0,0,0,0,0,0.011196688550776993,0.008659744615415205,0.006649742660095909,0.005128570529029862,0.0041243980764960695,0.003153366628996391,0.0026844214077636113,0.0032594178451055703
0,0,0,0,0,0,0,0,0,0,0,0,0.010990012997692245,0.008315870447491979,0.006459057269423592,0.004905634101700313,0.0039026234117615854,0.003106846335446563,0.0026409851720204784,0.0027819040292845964
0,0,0,0,0,0,0,0,0,0,0,0,0.010724487275343624,0.008168116989583868,0.006250010361423013,0.00476459675828375,0.0037085605248019307,0.002992378966145501,0.0024038501390088508,0.002534818525892782
0,0,0,0,0,0,0,0,0,0,0,0,0.01030676838175621,0.007913504632497377,0.0061810798008539595,0.004670590846304436,0.003448287284399232,0.0027808234152287754,0.002312108092709573,0.00241810731759024
0,0,0,0,0,0,0,0,0,0,0,0,0.010266447428337714,0.0075027860157739,0.0058055104328632295,0.004503989839528803,0.0033730247437941795,0.0024771944117408413,0.0021046217228092305,0.0022818007348789308
0,0,0,0,0,0,0,0,0,0,0,0,0.010153243369564136,0.007607474219115145,0.0055837866327230765,0.004261180003778877,0.003364525635033497,0.00242809362331235,0.0019656785237190774,0.001972308130881705
0,0,0,0,0,0,0,0,0,0,0,0,0.010032181821494414,0.007249605387597989,0.005440930705565319,0.004153989104888226,0.0031900251260026805,0.002370158855301057,0.0018152998640181398,0.0018699576153982482
0,0,0,0,0,0,0,0,0,0,0,0,0.009709621577966588,0.007180850183534522,0.005421632911099122,0.003755093124323538,0.0030335327002578424,0.0022507389374526268,0.0018419650274888039,0.0018221055662759878
0,0,0,0,0,0,0,0,0,0,0,0,0.009678092814252194,0.00711151760978778,0.005121551941252104,0.0037860712344746235,0.002889675375458967,0.002266671968823319,0.0018027332617542183,0.0018143317294309464
0,0,0,0,0,0,0,0,0,0,0,0,0.009423324342180427,0.006995878640961573,0.005003916036209673,0.00366766182005441,0.0027370857736117096,0.002205564579825045,0.001707159971321037,0.0018147888734896761
0,0,0,0,0,0,0,0,0,0,0,0,0.00923330476193628,0.006744614732912595,0.00502702148149864,0.003696631333004598,0.0026508520122978346,0.0019624909404402204,0.001634857545661836,0.0016629876856175555
0,0,0,0,0,0,0,0,0,0,0,0,0.009051392235276585,0.006489646207473278,0.004764152115055019,0.003571872127971385,0.002614736249451469,0.0019738857563940154,0.0014903499838545412,0.0016410409266665006
0,0,0,0,0,0,0,0,0,0,0,0,0.008553117007302408,0.006394158072190294,0.0046736084227522855,0.0035172005333703924,0.0025328476089323,0.001983595220842473,0.001411181587471751,0.0014806653233144403
0,0,0,0,0,0,0,0,0,0,0,0,0.008571040613087723,0.006229570090115151,0.004562058904377258,0.0033101835752632086,0.002424266510347843,0.0018678774751860435,0.0013694456311869306,0.0014224350631071017
0,0,0,0,0,0,0,0,0,0,0,0,0.008523799122301872,0.006023418521680996,0.004355394931061644,0.0031953904300456052,0.002331592499189155,0.001808680341812453,0.0013205186759069878,0.0013023160375172924
0,0,0,0,0,0,0,0,0,0,0,0,0.008459595541622669,0.006004972143417537,0.004273659888176428,0.0031812448896495326,0.002216278307617443,0.0018405537550937982,0.0013506221799968886,0.001229794460462853
0,0,0,0,0,0,0,0,0,0,0,0,0.008002106078819004,0.005756946583085803,0.004192288969908903,0.00306143061033237,0.0023759615607501093,0.0016457880079342214,0.0012268902554117289,0.001207021587307895
0,0,0,0,0,0,0,0,0,0,0,0,0.008081798398876499,0.005677132153964883,0.00411376787352648,0.0029975522749931273,0.002152938098061362,0.0015269299433942891,0.0011907403788508606,0.0011427132982018001
0,0,0,0,0,0,0,0,0,0,0,0,0.0077388729925075665,0.0055804568234068255,0.0038901109806321436,0.0028233075867087885,0.001997982170324672,0.0014372901539835595,0.0011825805064421696,0.0011362696614346437
0,0,0,0,0,0,0,0,0,0,0,0,0.007648443007350578,0.005492250614754778,0.003964878720383382,0.0028131443341618315,0.001886461494673229,0.0013834050960937012,0.0012162712268287922,0.0010789235916903025
0,0,0,0,0,0,0,0,0,0,0,0,0.00773637071006407,0.005411982848534014,0.0037150472658642776,0.0026273529460457265,0.0019237455093290068,0.001283048855189312,0.0010612055692598048,0.0010479611939804314
0,0,0,0,0,0,0,0,0,0,0,0,0.007778024226252941,0.0052421797668744585,0.0035455475404626083,0.0024547371627012377,0.0017711185192787083,0.0013225455111249415,0.0010428081001360617,0.0010014268263211384
0,0,0,0,0,0,0,0,0,0,0,0,0.0074767438011057044,0.005043532955937367,0.003442910583639554,0.0022941702254444325,0.0017661469195881753,0.0013109544145396765,0.0010130102294170229,0.0010957725030622037
0,0,0,0,0,0,0,0,0,0,0,0,0.0073172750600115875,0.005077394255442431,0.003269596887674861,0.002431917887592087,0.0016538366029302221,0.0012565185001241627,0.0010413045277708804,0.001018127638440527
0,0,0,0,0,0,0,0,0,0,0,0,0.007122049720282039,0.005016716872455229,0.0033317885398391226,0.0024065675791982532,0.0016336191201297633,0.001211559469032408,0.0008921182429077434,0.0009665993578072766
0,0,0,0,0,0,0,0,0,0,0,0,0.007061408443247323,0.00485430467958942,0.003447979193000801,0.0023262278048748206,0.0015800480466966248,0.0011879314110242688,0.0008868123068370586,0.0009083208142790022
0,0,0,0,0,0,0,0,0,0,0,0,0.007047238494692661,0.004811175024891091,0.0032813239083478592,0.0022823724765726043,0.001599314626699788,0.0012106497484428598,0.000936103494014561,0.0008699477700559347
0,0,0,0,0,0,0,0,0,0,0,0,0.006881913115640275,0.0047890709334638204,0.0031508350704805106,0.002178804104351162,0.001552273940808604,0.0011373423549268583,0.000882762816178695,0.0008926814995065454
0,0,0,0,0,0,0,0,0,0,0,0,0.006951799094495486,0.004587095236834439,0.003107707379067489,0.0021131748259154343,0.0015174481717810913,0.0011500834017315793,0.0008207789456962063,0.000837326908311049
0,0,0,0,0,0,0,0,0,0,0,0,0.007049245432883244,0.004716044479745829,0.003105970346836113,0.0020469287794545946,0.001416468096372783,0.0010871723590150913,0.0008290309769658461,0.000781043155943871
0,0,0,0,0,0,0,0,0,0,0,0,0.0069218416303825974,0.004552754002284653,0.0030164064698773247,0.0021091667632402358,0.001370792841415161,0.0009767726768537984,0.0008079068920417858,0.0007383739218250746
0,0,0,0,0,0,0,0,0,0,0,0,0.006874233783508787,0.0045927492137233196,0.003163305654408858,0.002034971733746284,0.0013351399911652444,0.0008834755331874106,0.0007047950882731028,0.0006915594997609321
0,0,0,0,0,0,0,0,0,0,0,0,0.0066438970468994584,0.0045919836376453315,0.003170537171073316,0.002041984795983545,0.0012261837389171853,0.0008306939769722362,0.0006619075513722997,0.0006933481600624838
0,0,0,0,0,0,0,0,0,0,0,0,0.006454868032522477,0.004527671400567408,0.0031910406034689554,0.0019900579813235623,0.0012257963126855857,0.000856899446654701,0.0006071082952167474,0.0006451559540450451
0,0,0,0,0,0,0,0,0,0,0,0,0.006279873641731307,0.004308420025470121,0.002970411656715677,0.0020111473132328863,0.0012503514546086036,0.0008004895555959843,0.0005838281262921125,0.0006152523030613764
0,0,0,0,0,0,0,0,0,0,0,0,0.006126901630477037,0.004216380198727312,0.0027590906910463535,0.001841047925140643,0.0011628541701472347,0.0008634564392842906,0.0006054119861648474,0.0006136826417135477
0,0,0,0,0,0,0,0,0,0,0,0,0.006048290025717269,0.004112438757535458,0.0026663611807032496,0.0017034162960158975,0.0011771171090402262,0.0008168429021830623,0.0005678054320052994,0.0006574589212692939
0,0,0,0,0,0,0,0,0,0,0,0,0.008684745115682983,0.005835276153080563,0.004011752355242887,0.0028460605069055315,0.001927481696592909,0.0014673401775123734,0.0011895510382156057,0.0014724528610577125
0,0,0,0,0,0,0,0,0,0,0,0,0.009390469806938478,0.006786081696420383,0.004736918451973048,0.003167949686289614,0.002244242251445169,0.0017190295402971538,0.0016139869980675507,0.002064169321908706
0,0,0,0,0,0,0,0,0,0,0,0,0.010133701099439462,0.007546587341933557,0.005435958867911232,0.0036843721215842795,0.002833745224661134,0.002270016156877747,0.0020619732866243535,0.0027716679166016537
0,0,0,0,0,0,0,0,0,0,0,0,0.011070588235294113,0.008010084033613446,0.006178151260504201,0.004589915966386557,0.0035243697478991587,0.002956302521008403,0.0028050420168067233,0.003971428571428572
0,0,0,0,0,0,0,0,0,0,0,0,0.012083883316847894,0.00926504197879286,0.0069930896188994006,0.005441882918496664,0.004446004840980213,0.003860293497084947,0.0041523052045601095,0.005668065397119045
0,0,0,0,0,0,0,0,0,0,0,0,0.013470584848597736,0.010317570519485356,0.008153471533123586,0.006394082764086116,0.005462741259783321,0.005491528179007223,0.005601595811333917,0.007813108547005653
0,0,0,0,0,0,0,0,0,0,0,0,0.0148526760906984,0.011291557675887399,0.009534716669151433,0.007935432281148775,0.007303511649024841,0.007455985796186112,0.0077744873480341,0.010800252090589971
0,0,0,0,0,0,0,0,0,0,0,0,0.016257196621978182,0.013031548904789945,0.010823990945788415,0.009264616799499099,0.008925253546770196,0.009235770923017143,0.010740846948869833,0.015057547523581497
0,0,0,0,0,0,0,0,0,0,0,0,0.017371571657733082,0.01434702657278896,0.012404377255012694,0.011084328331550021,0.010958447377508474,0.012040343144676342,0.014491619560539381,0.02057643270387186
0,0,0,0,0,0,0,0,0,0,0,0,0.018641021459344122,0.015567877577091908,0.013889455158260962,0.013186148598143543,0.013743357660265557,0.015285875429798453,0.018517008466859653,0.027882537611611698
0,0,0,0,0,0,0,0,0,0,0,0,0.019467886845037127,0.017137464268557348,0.015696281885734333,0.01518011372734737,0.016350435591412874,0.018968753939402196,0.023997560551805897,0.035596864150673396
0,0,0,0,0,0,0,0,0,0,0,0,0.020306280435149184,0.018679665956406733,0.017560623325481296,0.01752315157832702,0.019340531315309415,0.023971698611331117,0.02990415749034677,0.04439209754917742
0,0,0,0,0,0,0,0,0,0,0,0,0.02113377912176839,0.019532348055709352,0.019055326036032195,0.020176327782273528,0.022919204395417184,0.028157928361514543,0.0367017334639465,0.05595297925806039
0,0,0,0,0,0,0,0,0,0,0,0,0.021647503694375334,0.02030797268380584,0.02038476108568562,0.022041684157358205,0.02642886151808965,0.0335650636661172,0.04372502243927745,0.06835020971765757
0,0,0,0,0,0,0,0,0,0,0,0,0.021445098055956357,0.021091635575059563,0.0216243906187301,0.023811759884569742,0.03014334867280815,0.0383566555960624,0.052278296208389176,0.08115122900782909
0,0,0,0,0,0,0,0,0,0,0,0,0.02158667711679037,0.021444951582801006,0.02262315180512227,0.02613213942377472,0.03346771646014013,0.044838202373817304,0.060330681529064845,0.09440628100246057
0,0,0,0,0,0,0,0,0,0,0,0,0.020868564088373256,0.021468127483234428,0.02331977056024161,0.027947170094939414,0.036349598412096486,0.0507117893636429,0.06897712093415735,0.10823058764045329
0,0,0,0,0,0,0,0,0,0,0,0,0.021005769069790882,0.02120906172750926,0.02441220234281975,0.03002410470084375,0.03940290042247289,0.05600798137224254,0.07673187406788609,0.12197388628936229
0,0,0,0,0,0,0,0,0,0,0,0,0.020225737494655838,0.020937152629328763,0.024639589568191535,0.03141855493800769,0.044003420265070536,0.06154424967935015,0.08494741342454042,0.1348730226592561
0,0,0,0,0,0,0,0,0,0,0,0,0.0198081624204312,0.02117672014876222,0.024914593444266345,0.03259391299736382,0.046527541368934076,0.06725776955882831,0.09264793681368969,0.14623381466649107
0,0,0,0,0,0,0,0,0,0,0,0,0.01928475924399778,0.02077056966894982,0.025103186028936547,0.03380432440935188,0.049734469092065546,0.07145226427933919,0.09978012057462733,0.1582482141208414
0,0,0,0,0,0,0,0,0,0,0,0,0.0185022312873022,0.020458029896512075,0.025505804084761552,0.035255708262607446,0.052474607129168266,0.07702047856321524,0.1074953457810874,0.16788896950117724
0,0,0,0,0,0,0,0,0,0,0,0,0.017989557431559423,0.02071913735006563,0.025957534924076597,0.036350474638865454,0.054666897126496784,0.08099408049094788,0.11447977971691085,0.17812605354083844
0,0,0,0,0,0,0,0,0,0,0,0,0.017559710201469528,0.020439557430964084,0.02629165340533807,0.03790857725622255,0.05704082435840835,0.08558604805563254,0.11961547280486509,0.18842551240062563
0,0,0,0,0,0,0,0,0,0,0,0,0.01655413844906116,0.01985812205062572,0.02645924516550717,0.03951092145382122,0.05903368318031092,0.08849748308654694,0.12527932435160818,0.1961652573548284
0,0,0,0,0,0,0,0,0,0,0,0,0.016658737194472868,0.019939485006451967,0.02702124528082311,0.040476247522753035,0.06124404861736246,0.0926242217422705,0.13019280597209054,0.20219469535424203
0,0,0,0,0,0,0,0,0,0,0,0,0.016253311890607847,0.01991672960757415,0.02736859051758835,0.04172083010065408,0.06310703722162567,0.09578150342278646,0.13466100112865464,0.2100496505281042
0,0,0,0,0,0,0,0,0,0,0,0,0.015652156080655004,0.019406691172826528,0.02842133505594206,0.04205523626911659,0.06523013403194687,0.09905000179438408,0.13849910878923505,0.2155619241949624
0,0,0,0,0,0,0,0,0,0,0,0,0.015164001696097605,0.019481185626940588,0.027898411960223777,0.042520414723221496,0.06780115991191236,0.10220013951770646,0.14253546075038642,0.22215972041745896
0,0,0,0,0,0,0,0,0,0,0,0,0.014863963609624298,0.019306735981668,0.02814610872650785,0.04380012654547941,0.06943584657215658,0.10421362244985212,0.14667134086905964,0.2268105408964208
0,0,0,0,0,0,0,0,0,0,0,0,0.014434940942523778,0.019123943690895463,0.028472856834820457,0.044668740780291115,0.07029225835378353,0.10866336040633458,0.14932762438692138,0.23238629168335193
0,0,0,0,0,0,0,0,0,0,0,0,0.014117155256156123,0.01962524435185296,0.028683181225554095,0.045279404886523086,0.07245835524861782,0.11063635133213517,0.15301522905255735,0.2362944523348986
0,0,0,0,0,0,0,0,0,0,0,0,0.014115426964695163,0.019302328369045725,0.029177818761548086,0.04635161677549056,0.07384270794268892,0.11223160054180774,0.15580568213147572,0.23885261425652987
0,0,0,0,0,0,0,0,0,0,0,0,0.014141016310629737,0.01856586326469456,0.029439616421935884,0.04763217603493299,0.07507684404298129,0.11385247656149666,0.15808724688556874,0.24243332334432124
0,0,0,0,0,0,0,0,0,0,0,0,0.01367915235509264,0.018845880408061875,0.029938242524433174,0.048439788602705015,0.07628461545050406,0.11566035958097427,0.1591064438486642,0.24652624906849852
0,0,0,0,0,0,0,0,0,0,0,0,0.01340534433469709,0.019177636646866492,0.030117945118715444,0.049245938682232926,0.07784720201311261,0.11794854237636304,0.162112056421932,0.24794665936285676
0,0,0,0,0,0,0,0,0,0,0,0,0.013626287093543774,0.01887993974305205,0.030126762130562427,0.049381595953198125,0.07809950955637532,0.11863771365966808,0.16347436083983125,0.25140670872099496
0,0,0,0,0,0,0,0,0,0,0,0,0.01351857970175928,0.019332065413697298,0.030645765964403524,0.04960806903599876,0.07905210738857057,0.12006833755878107,0.16618420669714934,0.25280617092264274
0,0,0,0,0,0,0,0,0,0,0,0,0.013082705735960046,0.019302689898910257,0.03071770630156897,0.05041118054579544,0.08072781870348722,0.12146537273627879,0.16581596799681886,0.256198559582615
0,0,0,0,0,0,0,0,0,0,0,0,0.012978177194191092,0.019276183425361342,0.03150202735819631,0.050565706627730425,0.08167357305173104,0.12194311058099323,0.16829815018559838,0.2572208569401458
0,0,0,0,0,0,0,0,0,0,0,0,0.012919118137948864,0.019725321094949615,0.0312869646491707,0.05152925588823859,0.08210239090132546,0.12361235455935143,0.1695131407990442,0.259186918943532
0,0,0,0,0,0,0,0,0,0,0,0,0.013036947723757837,0.019572548421847673,0.0315493449841491,0.052224861657980515,0.0832398493523487,0.12383216385586736,0.17027158024179667,0.26018233229830157
0,0,0,0,0,0,0,0,0,0,0,0,0.013459744838149351,0.019873873719698464,0.032222954298476034,0.05220464288464665,0.08329468541162173,0.12443889207389598,0.1711347086859421,0.2634892655753977
0,0,0,0,0,0,0,0,0,0,0,0,0.013337943050594502,0.020416825696207078,0.03237527662582388,0.05246691187167642,0.08385292491694805,0.1250374396900079,0.1734069518872171,0.2644346050561981
0,0,0,0,0,0,0,0,0,0,0,0,0.013306989633583085,0.020790995244449006,0.03265934517089193,0.05324335420301756,0.0846163057237675,0.12663279619555917,0.17339286325224948,0.265294741523829
0,0,0,0,0,0,0,0,0,0,0,0,0.013359908299259204,0.020382884809498555,0.032892508254777526,0.05392379942173787,0.08485569109168362,0.12668217823476072,0.17423140750372118,0.26637012198251525
0,0,0,0,0,0,0,0,0,0,0,0,0.013143413550384514,0.02014454840623039,0.033423390373268136,0.05439422354945879,0.08545018805692792,0.12741928294939092,0.1742655151251256,0.26766140838696184
0,0,0,0,0,0,0,0,0,0,0,0,0.013397030872759029,0.020412321706820093,0.03298573654560711,0.05406756733617574,0.08712522045855378,0.12858170236811012,0.17408606017020248,0.26724884847862196
0,0,0,0,0,0,0,0,0,0,0,0,0.013513906842560328,0.020817888419953263,0.03331649730766268,0.0545589960021573,0.08657769255134275,0.1294359360687595,0.17618073330879272,0.26883994076001816
0,0,0,0,0,0,0,0,0,0,0,0,0.013318255847372961,0.020871255149383438,0.03441019885858184,0.054929037732492074,0.0875292539723815,0.1295523286846319,0.17633473387438925,0.2683906551521207
0,0,0,0,0,0,0,0,0,0,0,0,0.01351279659784199,0.02177346898611242,0.03499020253792772,0.055298758417688484,0.08718971138131384,0.13028485372260779,0.17643475061394578,0.2685788118117175
0,0,0,0,0,0,0,0,0,0,0,0,0.013589962336536643,0.021182492558773296,0.034668166594576666,0.056196007296761774,0.08742095032286631,0.1302885708570618,0.17709179251073232,0.26940061581386754
0,0,0,0,0,0,0,0,0,0,0,0,0.013702780093143302,0.021670109762588985,0.03534037014279577,0.056084523868613505,0.08836461786769953,0.1302893740982198,0.17671212009701145,0.2689020831443481
0,0,0,0,0,0,0,0,0,0,0,0,0.013632447966350464,0.02186672055708073,0.03495626827150492,0.056226997384830654,0.08830264034485297,0.12967437973218063,0.17793941096178978,0.26990191830464405
0,0,0,0,0,0,0,0,0,0,0,0,0.013982626556549272,0.021743335187641738,0.03470580683811887,0.05693012110060335,0.0892584192733964,0.13124566733707047,0.17759424879113356,0.2695245838504001
0,0,0,0,0,0,0,0,0,0,0,0,0.014016719602392619,0.021541053235856422,0.03521777683619197,0.05723892492922444,0.08946507865183895,0.1318449823253335,0.17729339263045846,0.27115449999231167
0,0,0,0,0,0,0,0,0,0,0,0,0.013895428171285636,0.022137492145727366,0.03562201559041016,0.057040424464582566,0.0898391821626258,0.13161449603391334,0.17841654439397547,0.2699969353355807
0,0,0,0,0,0,0,0,0,0,0,0,0.013768008037613837,0.021583115533852636,0.03560101531357135,0.057050627039998074,0.0897505019229683,0.13194455141864914,0.17903887528177007,0.2724949636544443
0,0,0,0,0,0,0,0,0,0,0,0,0.01396013734422238,0.021952504069711762,0.03507133965335631,0.05787882518706999,0.09032879167179655,0.13346431649361848,0.17936143144416627,0.2713215277492785
0,0,0,0,0,0,0,0,0,0,0,0,0.013880145609809501,0.021641326363039188,0.035815702320998476,0.05772388876724327,0.08995408638055614,0.1322975968907379,0.17942406119991242,0.2728952266257938
0,0,0,0,0,0,0,0,0,0,0,0,0.013897900591833481,0.022254103201927014,0.03527375508673777,0.0582914039481816,0.09056404795614577,0.1329271361730612,0.17845055014663153,0.2728734140591696
0,0,0,0,0,0,0,0,0,0,0,0,0.013904833927315717,0.021953109895581146,0.036282257691972096,0.05789317898346032,0.0905431046429861,0.13394459624311134,0.18041380867892953,0.2715762746953238
0,0,0,0,0,0,0,0,0,0,0,0,0.01412336607176456,0.02129366407017038,0.035948986887522794,0.05869997297454478,0.09061395676611347,0.1330832623487515,0.18029399590170947,0.27182134463613133
0,0,0,0,0,0,0,0,0,0,0,0,0.013941427543378933,0.021922364914643798,0.03649966924151182,0.058914325859502,0.0910551623109677,0.13344181983833,0.1808436990935337,0.2719056987892703
0,0,0,0,0,0,0,0,0,0,0,0,0.013859583373976019,0.022032613401647264,0.036660557429397236,0.05903200247792033,0.09114400173865128,0.13361432402230813,0.17943018100112776,0.27255583449271936
0,0,0,0,0,0,0,0,0,0,0,0,0.013972151560697206,0.022586200403312783,0.036904146452525155,0.0589511128762227,0.09176564035318971,0.13380534851633627,0.17956491521187612,0.27245010801798125
0,0,0,0,0,0,0,0,0,0,0,0,0.01413593760689608,0.022927071218444263,0.03694499555312308,0.05920674557022644,0.09156290620510366,0.1344239584045974,0.17968803448039952,0.272287405076281
0,0,0,0,0,0,0,0,0,0,0,0,0.014364064171122997,0.02289454545454545,0.03684791443850268,0.059389946524064194,0.0916705882352942,0.1340663101604278,0.17994096256684497,0.272042780748663
0,0,0,0,0,0,0,0,0,0,0,0,0.014284589418619785,0.022916966223664653,0.036650370765975784,0.05902984614752583,0.09165074735191617,0.1347647022574616,0.18017411964477673,0.2727697553560791
0,0,0,0,0,0,0,0,0,0,0,0,0.014448520722220507,0.0228614099810573,0.036806390507410955,0.059571888070207885,0.09254863273422324,0.1344709231227713,0.18050374572247735,0.2721412104832273
0,0,0,0,0,0,0,0,0,0,0,0,0.014318913947797019,0.023113032249667338,0.037163070525917385,0.05959278180139851,0.09147595617840328,0.1354105834259556,0.18150991671704517,0.2720371014175057
0,0,0,0,0,0,0,0,0,0,0,0,0.01378133366199016,0.02284849605269464,0.037480571588987245,0.05893912317099055,0.09218994994830502,0.13500263610158236,0.18093927380536673,0.27401248895918495
0,0,0,0,0,0,0,0,0,0,0,0,0.014143768169506203,0.023079015856556934,0.03734084838653928,0.059879163693669184,0.09217062182274262,0.13463614788502243,0.181894402551559,0.27304693314990575
0,0,0,0,0,0,0,0,0,0,0,0,0.013813640006301498,0.023538154893593705,0.03719768214415365,0.059874517969547326,0.09241285779844793,0.1344205702856908,0.1810996116358555,0.27486523695692366
0,0,0,0,0,0,0,0,0,0,0,0,0.014365096614430469,0.0230074289831312,0.03679066559650062,0.058665178930507114,0.09218544905045578,0.1350223245991584,0.18199040615539422,0.2748586850306246
0,0,0,0,0,0,0,0,0,0,0,0,0.01459134142060972,0.023224237858384195,0.03718549084402743,0.060075850319752766,0.0919706529462627,0.13575495038909674,0.181900367266221,0.27367240537972237
0,0,0,0,0,0,0,0,0,0,0,0,0.014722598940768414,0.023135757552897283,0.03742286794924329,0.05912357073174078,0.09210754166716675,0.13512489434259234,0.1822125218387218,0.2746183903040362
0,0,0,0,0,0,0,0,0,0,0,0,0.014438548442314266,0.02335843889079082,0.03757788428620336,0.05969873331051007,0.09246490927764467,0.13513180417665183,0.18112803834303323,0.2751591920575145
0,0,0,0,0,0,0,0,0,0,0,0,0.014504358836160807,0.02271727878585666,0.03774692229380012,0.05988758565818853,0.09384972067517049,0.13587249441778096,0.18162701366253456,0.27376742037317453
0,0,0,0,0,0,0,0,0,0,0,0,0.014528535937750955,0.023245999227696306,0.03707057693819179,0.05990137750272527,0.09385369287601111,0.13534792964518458,0.18062850484056708,0.2740823767816806
0,0,0,0,0,0,0,0,0,0,0,0,0.014867122844882874,0.023237041078272593,0.03766976277250547,0.060014058178969855,0.09313629079565529,0.13607359507997943,0.18134024726660775,0.2735752411867019
0,0,0,0,0,0,0,0,0,0,0,0,0.014386152089018374,0.023649780805241518,0.038208621432528365,0.06021529644295806,0.09252857054925213,0.1353108735646333,0.18172476524617523,0.27451493328409154
0,0,0,0,0,0,0,0,0,0,0,0,0.014833038497466228,0.02356862033922663,0.03797052553780458,0.06101220517838996,0.09279802089285655,0.13576250714278387,0.18120258816847043,0.2736601506229192
0,0,0,0,0,0,0,0,0,0,0,0,0.014518863744073799,0.023278772107219913,0.038825898532202065,0.06055286656024746,0.09350688901777812,0.13549285605520114,0.18093830252822588,0.27328005529692145
0,0,0,0,0,0,0,0,0,0,0,0,0.014774276183757203,0.023599799995890326,0.038228525243669396,0.061112557107337824,0.09344198853401098,0.13510894059466977,0.18207565908888532,0.2735809639924107
0,0,0,0,0,0,0,0,0,0,0,0,0.014532840010468572,0.023542311330517766,0.03819146879869725,0.06048507800967145,0.09283501566009303,0.13575786810626628,0.18241998470767545,0.27332549901044634
0,0,0,0,0,0,0,0,0,0,0,0,0.014668087078301048,0.02374800575232513,0.03869994716205517,0.06065248876979926,0.09429606690754384,0.13563962127676313,0.18135897826120417,0.27283531147882983
0,0,0,0,0,0,0,0,0,0,0,0,0.014783927865925308,0.023569795224469763,0.03885826482112712,0.061104279369032094,0.09328377992402795,0.13648281394040254,0.1810483864071327,0.2728972154427396
0,0,0,0,0,0,0,0,0,0,0,0,0.015036989110378521,0.023884592606285927,0.03869393008869855,0.06119549626343232,0.09405093234467483,0.13537055865367165,0.17999883606686454,0.27358248349097775
0,0,0,0,0,0,0,0,0,0,0,0,0.014917918094283425,0.023732507240005547,0.03836133828487562,0.06067406889166761,0.09445619989086537,0.1352876074026812,0.1799643858439716,0.27355503516085383
0,0,0,0,0,0,0,0,0,0,0,0,0.015032214333153035,0.023880029852176944,0.03881981198605985,0.06070741443174739,0.09377760128172653,0.13445803920494617,0.18015035637747948,0.2740700293728988
0,0,0,0,0,0,0,0,0,0,0,0,0.015141605859411105,0.024585420640111214,0.03908499775717959,0.06047225922210084,0.09336296367315775,0.1348072030488661,0.18013100810497087,0.2722390195964293
0,0,0,0,0,0,0,0,0,0,0,0,0.015246484838217863,0.024531268983242555,0.039221625025453594,0.060881558255774765,0.09308398229285915,0.1336916513945143,0.18112173744902865,0.2714336315894846
0,0,0,0,0,0,0,0,0,0,0,0,0.015143051981207401,0.024302902161286017,0.038755452903703344,0.060772676026413806,0.09389274785224988,0.1344112920083477,0.1809695802506366,0.2721654324456766
0,0,0,0,0,0,0,0,0,0,0,0,0.015116838387970894,0.024394753014038408,0.03872074332871719,0.060850795041964605,0.09290924248052408,0.1351528544993606,0.1799128012968538,0.2731695376277639
0,0,0,0,0,0,0,0,0,0,0,0,0.015368813872674057,0.024280603249054213,0.03865313179382713,0.06050293578923944,0.09273327969597894,0.1339010904360032,0.17971823270623277,0.2741000051354916
0,0,0,0,0,0,0,0,0,0,0,0,0.015393642061471932,0.024338341954730815,0.038529435914278674,0.06125981881380519,0.09343610586528718,0.13539699482716147,0.18019062867777857,0.2724327394148397
0,0,0,0,0,0,0,0,0,0,0,0,0.014946677688835942,0.02405708251394459,0.03859470764722896,0.06116448191525595,0.09422414368527253,0.13423941041663454,0.1794457081144731,0.27198571910241204
