0.11773908857509627,0.11781931964056482,0.12030648267008988,0.11713735558408218,0.11998555840821563,0.11789955070603343,0.11922336328626441,0.11192233632862647,0.11537227214377405,0.11529204107830546,0.1144496148908858,0.11529204107830551,0,0,0,0,0,0,0,0
0.06959288569796848,0.05986931400980519,0.0604886261653823,0.06098185081623118,0.060618422126132006,0.061920090189650445,0.06077788573505308,0.05913874817358543,0.058245010272423174,0.05838964005725856,0.058359972409087184,0.05635369770149895,0,0,0,0,0,0,0,0
0.07348979572879026,0.06200128192027943,0.0637453437497097,0.06174350447278707,0.06147411542856085,0.061887488272287294,0.0607472294730193,0.06003892207225201,0.05893117574383889,0.05852476985815273,0.05780949549934511,0.05596325161865661,0,0,0,0,0,0,0,0
0.07933147374033175,0.06420231959758614,0.06347020143873774,0.06372325547253493,0.06306067888022625,0.06185915514723498,0.060837280461137844,0.060477982367349456,0.05953723950888201,0.05862740401332109,0.05738338265633332,0.056226288257520136,0,0,0,0,0,0,0,0
0.08275218434817813,0.06610773429954177,0.06571658457669191,0.06520534502665133,0.06424977311600504,0.06331478803287714,0.061417368763263466,0.06101764119561429,0.059592003389964274,0.05724853619078501,0.05613341636687101,0.05627237745262028,0,0,0,0,0,0,0,0
0.08598225633769303,0.06818224506790051,0.06738083759602805,0.06669056280091916,0.06485452576086749,0.063143708638296,0.06274143965339125,0.060680006761875516,0.058526224181218243,0.05755576982074768,0.05622687344649041,0.056089131537262304,0,0,0,0,0,0,0,0
0.08864350514234694,0.07026541286364676,0.0684957998955972,0.0680770254216463,0.06615037202586516,0.06418300444511654,0.06319132322555224,0.06041839641366193,0.05897595100338656,0.05750151587635103,0.05614922330421784,0.05550070450080775,0,0,0,0,0,0,0,0
0.0916510951224992,0.07251590489393994,0.07107747779342545,0.069048610616414,0.06685672170134419,0.0648922412612129,0.06262089637297183,0.060135842315511445,0.05911798390057592,0.0571233649878624,0.056287707338992084,0.055256149618337344,0,0,0,0,0,0,0,0
0.09409703683493921,0.07449881794530043,0.07224827978732154,0.06985153497406796,0.06790907512541791,0.06607496485165897,0.06289758093256347,0.06019275780998094,0.05891083874319714,0.05704409305531444,0.05575695232227082,0.054749170734127106,0,0,0,0,0,0,0,0
0.09739845244108698,0.07556852308395971,0.07310946755227848,0.07153376206595848,0.06877816228007344,0.06587805999743665,0.06354591535420703,0.06115471316882666,0.05899722806514926,0.056840999504921864,0.054967493220948106,0.05376623768273284,0,0,0,0,0,0,0,0
0.1005388564797889,0.07757356852109758,0.07460111537299945,0.07226325835154178,0.06944364627440723,0.0665518932117778,0.06433875450422635,0.061328396770529287,0.05857481203605092,0.05671626461313479,0.05476723527620827,0.05266781032545367,0,0,0,0,0,0,0,0
0.10272982906341624,0.07976880692140273,0.07598913584392068,0.07328508816634391,0.06914927422401024,0.0666586724384994,0.06477483257088386,0.062143932081037495,0.05921804457181914,0.05655476745789542,0.05460857261057518,0.052861434044619765,0,0,0,0,0,0,0,0
0.10584959863808859,0.08166621348434158,0.07843994940120821,0.07435421518673084,0.07027912090510362,0.06795015782567063,0.06475226689680447,0.06189721824866706,0.058754891413574185,0.05621194746237602,0.05396810384574461,0.05223379479116176,0,0,0,0,0,0,0,0
0.10849932057491442,0.08379849623707541,0.07995174264620539,0.07582360506819462,0.07158760362844648,0.06772443597165995,0.06527522285025568,0.062153033026273063,0.058565387190228496,0.05554637149486412,0.05376779020947864,0.05145809664836496,0,0,0,0,0,0,0,0
0.11195149328102219,0.08654304540045198,0.08178631913775157,0.07585468964721431,0.07296755145738125,0.06886121805294754,0.06550085495190242,0.06240391261424125,0.05839199107633026,0.05558411223123215,0.05228202806013921,0.05062224413509989,0,0,0,0,0,0,0,0
0.1154859661331477,0.08886105311992575,0.0840895383901647,0.07822199025748082,0.07324982602644393,0.06899095337508698,0.06570401299002548,0.06234632335884944,0.05861749014149851,0.05549988401762931,0.05252493620969612,0.04998840176293204,0,0,0,0,0,0,0,0
0.11901577065324331,0.09107000200009016,0.08592063688420634,0.07964405331569864,0.07402645899641719,0.06971528196068956,0.06658566108760972,0.06242709208854501,0.05889282869401048,0.054835998386054415,0.0518670784000666,0.04924499486103998,0,0,0,0,0,0,0,0
0.1224980777721293,0.09323986752478153,0.087154445677898,0.08167652853139486,0.07613636232640876,0.07085671995877725,0.06607045901764069,0.06224214192093681,0.058594808197970444,0.05446446789158979,0.05122405856944745,0.04794560815600999,0,0,0,0,0,0,0,0
0.12494363877284353,0.09634089110550824,0.08908294532270832,0.08329959327898118,0.07725053830723076,0.07113361981706758,0.06636707032040778,0.062393028691315314,0.05808887130316357,0.05411943059057365,0.050615832673868634,0.04718354896295343,0,0,0,0,0,0,0,0
0.1282798566097597,0.09922186804470676,0.09213614956111714,0.08403343017416427,0.0777580984149249,0.07150342807358674,0.067058927511711,0.06285432896880011,0.058104498564605395,0.053071147592543076,0.04974925073663693,0.04654328739228802,0,0,0,0,0,0,0,0
0.13206094538905444,0.10123194557579968,0.09378390485388617,0.08600361804531606,0.07844330105963589,0.07263701427627066,0.06727983254797235,0.06270858466604115,0.05743045459284386,0.05326363039570506,0.04911055431249693,0.04537106732336823,0,0,0,0,0,0,0,0
0.13617806175224043,0.1030191865840374,0.09541114762501943,0.08777679119028217,0.07982433657076428,0.07268886793661837,0.06696996603901392,0.06221908955264867,0.05712837435808245,0.05326428237964904,0.04833604899169741,0.04470538158051316,0,0,0,0,0,0,0,0
0.1394879122135223,0.10562953649197003,0.09772418128822088,0.08907927073212553,0.08122306681145343,0.07389038120820714,0.06706063896667998,0.06166314225295763,0.05745556381093903,0.05247528147682461,0.048010516088472316,0.04392181516831455,0,0,0,0,0,0,0,0
0.1421378090864363,0.10763359737171649,0.10044303197798198,0.09153102308309616,0.08226285346383423,0.07429489879670184,0.06759976210290077,0.061583842175137474,0.057304205778707776,0.052112478296455864,0.047079424983076656,0.0429995582237169,0,0,0,0,0,0,0,0
0.144122295120099,0.11111073103876054,0.10243595970929023,0.09321844506320223,0.08396102282030404,0.07493050377069779,0.06775625808128836,0.06136534150640915,0.056403116897332566,0.0514922020555833,0.046829854531108564,0.042494749300476836,0,0,0,0,0,0,0,0
0.14728975542140105,0.11274599208448081,0.1048532710791734,0.09498395009939993,0.08474871874373048,0.0761994108956939,0.06819611884221854,0.061487761950792454,0.05584065914023601,0.0507156340622663,0.046044292254099096,0.04162942968137302,0,0,0,0,0,0,0,0
0.15067407812999814,0.11569236583608344,0.10652972990202166,0.09615588206165575,0.0856761670151937,0.07728306045017468,0.06834354249885313,0.06088730378993213,0.055252436368686535,0.049714329297098674,0.0451096750104444,0.04078391820221549,0,0,0,0,0,0,0,0
0.15469965275407438,0.11755162040513539,0.10798529097206105,0.09812655589385111,0.0876352233888108,0.07785271857606417,0.06832734868861189,0.06108206017412359,0.0543908632906899,0.04890000864701519,0.043921148323616814,0.03945769561596329,0,0,0,0,0,0,0,0
0.15761643602057354,0.11988519791992268,0.1104214145662243,0.09908897161205991,0.08850899377681795,0.07830524850103719,0.06904265295103862,0.0610269671222756,0.05423773123810065,0.04792589014236596,0.043307663891335835,0.038794009832059356,0,0,0,0,0,0,0,0
0.1609650792208014,0.12239031512211193,0.1124611565271237,0.10055502848994757,0.089902117288825,0.0784970487482034,0.06932572843938715,0.060683872360490165,0.054078067569179725,0.04738250382043664,0.04231509938816203,0.037921455231299736,0,0,0,0,0,0,0,0
0.1648551938414088,0.12438918862445793,0.1146491390441192,0.10253114101779376,0.0900849543090947,0.07904237040805552,0.0690502174108071,0.060482108038805764,0.05319722777089477,0.04722169542954676,0.04164021662724238,0.03708191430527906,0,0,0,0,0,0,0,0
0.1676385451665356,0.1272894178147087,0.11600246458856008,0.10341286510689526,0.09122041387386344,0.07987332105577892,0.06894153183483628,0.06005902757683966,0.052210243474570615,0.04683852973448937,0.04142937058810848,0.03628800283223438,0,0,0,0,0,0,0,0
0.1715816660009441,0.12931093176949052,0.11743686226805625,0.10421470460074803,0.09176871890773088,0.0797811739714586,0.06957519336214094,0.060233895566287804,0.05249260140164858,0.0464488997421838,0.040270162315261995,0.03529086023457641,0,0,0,0,0,0,0,0
0.17465634248884315,0.13147117266926697,0.11935261918769079,0.10571627100853434,0.09227488973601256,0.08027082263565785,0.06903868846215319,0.059926252634036906,0.052612726578183416,0.045727674305515394,0.039757379554092545,0.034684839396010664,0,0,0,0,0,0,0,0
0.17749475566676978,0.13357835220839973,0.1201997776470708,0.10697873140967448,0.09355935814574427,0.08054117212405983,0.06945865788134606,0.05967603563540012,0.05190501608715507,0.04516189718500286,0.03903189211916395,0.03373486056476738,0,0,0,0,0,0,0,0
0.18006858137155943,0.13529810919776558,0.12202137192196633,0.10743395332977623,0.09442116484111523,0.08041601953900722,0.07002006237347733,0.0597294581573203,0.05135333226847558,0.04473308886917767,0.038278238272121026,0.03302305190501923,0,0,0,0,0,0,0,0
0.18315115848248933,0.13773642413069906,0.12311220437423591,0.10932870446431299,0.0950126731152069,0.08137760218088616,0.06952934418186742,0.059418045111078094,0.05106070065274756,0.04408907098190865,0.037801800862700935,0.032121843193285114,0,0,0,0,0,0,0,0
0.1849937323847173,0.14030512585620608,0.12547686530911742,0.11048101541029384,0.09571616705034819,0.08161827901588808,0.06926309376737465,0.05919187961649215,0.05022811401964194,0.04280209396100827,0.03710065892056602,0.03131769392522571,0,0,0,0,0,0,0,0
0.1891202416767913,0.14203380349946723,0.12777369522953297,0.11150263314926018,0.09624270944321714,0.08190447290024606,0.06905746730784691,0.058545251556054764,0.049630702373174615,0.0421043454039628,0.035943534772176836,0.03062628303042586,0,0,0,0,0,0,0,0
0.19179698725796135,0.14489515141778098,0.12922952641070953,0.11233065488784247,0.09637538666238236,0.0825528429160736,0.06933900249590992,0.05788564976251519,0.04870418602335703,0.0415174136670868,0.035047960843857424,0.02984004000696955,0,0,0,0,0,0,0,0
0.19509816565865,0.14658100222419823,0.13100143226603495,0.11365359073394012,0.0966836140167482,0.0826030586686035,0.06894675273838863,0.05759949497349291,0.04819020854970053,0.04092932117830467,0.034476204698647164,0.029286785818529858,0,0,0,0,0,0,0,0
0.19769141299224482,0.14847569280782003,0.13306363647666938,0.1153762248543852,0.09771594116403691,0.08215242054624355,0.06865514407757688,0.05712125168277953,0.04746257758305953,0.04042061858466799,0.03376749327735937,0.0281723573155555,0,0,0,0,0,0,0,0
0.20028108276790765,0.1498331707063363,0.13437474913419495,0.11663691139108837,0.09853047758065299,0.08242531689651152,0.068091904793671,0.05692774047218742,0.04713167811839621,0.03947143776210176,0.03348910097610117,0.028095839500156594,0,0,0,0,0,0,0,0
0.2025494214487619,0.1516231293961873,0.13515571512819416,0.1177675446425546,0.09878753917450533,0.08257432140831644,0.06819922679072961,0.056324295988666236,0.04731557196472431,0.038902232636119395,0.03266029631403776,0.027261162615715893,0,0,0,0,0,0,0,0
0.20476469099879813,0.15373137362984915,0.1373042480323143,0.11817070746319908,0.09924839377208278,0.0826936284033507,0.06855950046537686,0.05653538219639807,0.04649024515872515,0.03835179780052954,0.03212907656578983,0.026497112856148843,0,0,0,0,0,0,0,0
0.20753796371070213,0.1552646588772116,0.13855102582492368,0.1183101136793598,0.09981194621548817,0.08294018986090791,0.06860179469948106,0.0559643544898547,0.04606470631420229,0.037938298028541276,0.031413452904668585,0.02594125719319844,0,0,0,0,0,0,0,0
0.20927554166981868,0.15777047358918572,0.13945153849020092,0.1196703856302949,0.10020651708762356,0.08255602439363127,0.06803885547304155,0.05615142027074176,0.045527476708959944,0.0375513328764138,0.030538333252412654,0.024846410678819066,0,0,0,0,0,0,0,0
0.21224497633163492,0.15799579605561137,0.14056106054154302,0.12022354773600313,0.10079301164838216,0.08295730884307943,0.06823898554145831,0.05552436921068175,0.045868399146560865,0.036948853515918395,0.02968400388994747,0.024754929921082844,0,0,0,0,0,0,0,0
0.21336659085907111,0.15915419039181056,0.14138248223788535,0.1222022200527079,0.10167886548196137,0.08329768683374435,0.06755077509974439,0.05539861063300284,0.04523625446521787,0.03645875069835161,0.029270384812898207,0.024156475906164113,0,0,0,0,0,0,0,0
0.2156502700170983,0.16052953823408259,0.14204310116189178,0.12237615046470025,0.10265389846002787,0.08355688980932334,0.06779375998103956,0.05535096579783424,0.044834688591565974,0.03549328201973918,0.02893161259741213,0.023263792879674516,0,0,0,0,0,0,0,0
0.21699595286087361,0.16185283581887414,0.14321635829708665,0.1230224206541784,0.10266257965054203,0.08422586331820263,0.06812759435612566,0.054813567509124694,0.044414699714917065,0.0354807473099955,0.0285816504111469,0.0226802308652481,0,0,0,0,0,0,0,0
0.21831113818524348,0.16330552594322337,0.14462663079344132,0.12360131083924167,0.1030035365585394,0.0841396348376398,0.06876152765791835,0.054798043893937075,0.043561150876243016,0.03486922630026341,0.028119870721017994,0.022435431014546703,0,0,0,0,0,0,0,0
0.2202438969360589,0.16444203781417807,0.1456624249808222,0.12449009521230991,0.10390663778710346,0.08428207210865933,0.06852127611569876,0.054242813952438955,0.04333401019809573,0.03443775100401606,0.02741076666215424,0.022066919362844613,0,0,0,0,0,0,0,0
0.22199990751507676,0.16523221046861658,0.14677357322268236,0.12553474895418726,0.10340829499532504,0.08446918729437616,0.06800912668291544,0.05413187673338738,0.04314534456837175,0.03411001871127899,0.027231170577162327,0.021750874941210044,0,0,0,0,0,0,0,0
0.22389932144547894,0.16623007732365475,0.14732072409206706,0.12634414662188054,0.10363173200477921,0.08474830361369733,0.06806848666561464,0.05372077819608197,0.04255731644085755,0.03384769719786291,0.02645911765368921,0.02115241551883496,0,0,0,0,0,0,0,0
0.2251109966422037,0.16753927291704476,0.14875297146380312,0.126225640759748,0.10403758387446196,0.084816200381204,0.06804638019632794,0.05364358665402749,0.042324690680339803,0.03293661215366738,0.026067726268021812,0.02099214485301328,0,0,0,0,0,0,0,0
0.2264937596448007,0.16869602295800948,0.14907477596989463,0.12647435723890227,0.10488918067700864,0.0846260750286524,0.06811823735910692,0.05396124933445238,0.04228709243667148,0.032728023391179584,0.025615687973215666,0.020312739709956586,0,0,0,0,0,0,0,0
0.22833197448293194,0.16970857451518367,0.14930439263897768,0.12718050382338777,0.1052302772167586,0.0848824791746309,0.06788613623010918,0.05373492155317165,0.04181425135236625,0.03230117086669848,0.025289277260738017,0.019976792413893427,0,0,0,0,0,0,0,0
0.22954091591295295,0.1704191666732445,0.15059915587073533,0.12767708841932685,0.10580595400927567,0.0849474138815625,0.06746268454756317,0.05318939008672452,0.041799395826262284,0.03207826519370658,0.02501040220741043,0.01914231685631198,0,0,0,0,0,0,0,0
0.23110567875453691,0.171424802140569,0.15109931928913803,0.12889982376162382,0.10563365194555667,0.0854141601841088,0.0674667114685742,0.05300794820418393,0.040773870264650756,0.031650743572598825,0.024584295052132967,0.018829204379010617,0,0,0,0,0,0,0,0
0.2320387298695324,0.17330128393035124,0.152262098574463,0.12887670751011318,0.10619145760143593,0.08489859791378229,0.06720678629572337,0.05262107593994794,0.04079646975525501,0.03160669429649905,0.02409680663476758,0.01848102065021806,0,0,0,0,0,0,0,0
0.23388322240859974,0.17352506177515645,0.1532959525999676,0.12899283949281246,0.10697923994011867,0.08560931948126907,0.06708015439279981,0.05204669660732644,0.04062505636419385,0.03087292354309833,0.023728198329816205,0.01806585141496672,0,0,0,0,0,0,0,0
0.2359456171073596,0.1734991086158117,0.15336656807502733,0.13040933760175366,0.10674396130907741,0.08517821481851508,0.06736631774322496,0.05246368215528918,0.04013427707671089,0.030605881895259826,0.023111714513493666,0.018267455850829315,0,0,0,0,0,0,0,0
0.23718575859768076,0.1755130655894393,0.15390277001316482,0.13012952877315107,0.10685109375845339,0.08598469820201624,0.067502164072785,0.051694288651241635,0.03963859984490811,0.03020684929036447,0.022901976519810286,0.01739486213052966,0,0,0,0,0,0,0,0
0.23809942182468216,0.17561526166572605,0.15530872624587036,0.1310688414979618,0.10804770931962746,0.08528001459799749,0.06732199961026954,0.05190173835567523,0.03929744884224138,0.029594736610899158,0.022607747526732024,0.016810224906031016,0,0,0,0,0,0,0,0
0.23976186587213524,0.17690864954068494,0.15544841647563745,0.1311540042918213,0.10780694689293537,0.08586120858138967,0.06693664212856311,0.051255160605360846,0.039199761189994776,0.029489656260032554,0.02215188091040682,0.01623908035618738,0,0,0,0,0,0,0,0
0.24029054555042964,0.17736079528167728,0.15572763721020377,0.13281551078728115,0.10822213257549293,0.08564129839514821,0.06684440758411328,0.050799270706328586,0.0389640243668825,0.029091740906929422,0.0219948751118393,0.016099225407185214,0,0,0,0,0,0,0,0
0.2403698135628313,0.17853204360703254,0.15683317879423492,0.13277459197176888,0.10843693454443971,0.08582883969644318,0.06654821169755948,0.05100915531629504,0.03818541090895995,0.028833169791957367,0.021461429741724655,0.016180468658570615,0,0,0,0,0,0,0,0
0.24229075386053636,0.17819177094714075,0.15865086784632193,0.13272811236385346,0.10839913046416548,0.08576867193043711,0.06632576056226977,0.05094894292826328,0.03821790207584785,0.028000856019733508,0.0214140094387439,0.015964768029915633,0,0,0,0,0,0,0,0
0.242921342491773,0.17978038220751133,0.15800336400291562,0.13308766122935944,0.10843670751312759,0.08569307360136454,0.06666493922600897,0.05076872986921394,0.03798304028804696,0.02813099558038063,0.020937707363290918,0.015710321720801276,0,0,0,0,0,0,0,0
0.24367719285603295,0.18090288177234515,0.15874068552718393,0.13345733864484413,0.10801748384815808,0.0856807643891575,0.06646632152355393,0.05001947904257689,0.03767336910871557,0.02801604262419861,0.0204867733923034,0.01531976030644025,0,0,0,0,0,0,0,0
0.24480101423852166,0.1814775365533455,0.15933835798746604,0.13352639294536753,0.10891129241100085,0.08504718776248262,0.0660504822361888,0.0501692274087602,0.037338119290123095,0.0276055729074012,0.020101243703231655,0.015118999632946545,0,0,0,0,0,0,0,0
0.2453805532186624,0.18322031779496373,0.15991332659857568,0.1343764324029683,0.10825165468938468,0.08485569261575494,0.06581930352696325,0.04979891455529765,0.03697922473705726,0.027479612717654867,0.019954253202106916,0.014798447176638724,0,0,0,0,0,0,0,0
0.24733402248992736,0.18273685253625396,0.16031336355712902,0.13519067791838682,0.10779782938194364,0.08492391125644964,0.06574801642264669,0.04969246950031643,0.03681582627848682,0.027264476229727875,0.019928111508239466,0.014374320133507196,0,0,0,0,0,0,0,0
0.2483934836613152,0.18327399531524194,0.1603634795978897,0.13526028997774683,0.10855424222743253,0.08479614773759499,0.06483808769119769,0.04960080503099346,0.036830843312738545,0.02712589752738873,0.019672156981043725,0.014582181935653795,0,0,0,0,0,0,0,0
0.24910611088956325,0.18437547172787014,0.16138556754917807,0.13472773275475555,0.1090071578719694,0.08461474336877345,0.065035924541565,0.048843407750869094,0.03658805849763543,0.027247001782145647,0.019634018028735132,0.014182815249399008,0,0,0,0,0,0,0,0
0.2496731305429971,0.1843104911030747,0.16115958205717343,0.13557937470604248,0.10904725148357111,0.0850884516627022,0.06540089610614648,0.04913393658845057,0.036303325854530145,0.02665814518179794,0.019248729091044112,0.014014316994736339,0,0,0,0,0,0,0,0
0.2519076405832871,0.1845330516957368,0.16172243308761355,0.1351894241779722,0.10874761720856752,0.08559245793732737,0.06506301378500436,0.04881555702429463,0.036114842383906096,0.026602817802168367,0.01904994601070328,0.01362511949143096,0,0,0,0,0,0,0,0
0.25226725476517325,0.18490897225285238,0.1622060445124559,0.13605216373742604,0.10887436145554377,0.0858642572630915,0.0648637396763958,0.04873528816076691,0.035692103427324075,0.02641830006526093,0.01868487971735266,0.013035308414159367,0,0,0,0,0,0,0,0
0.2524827055072149,0.18573226864112133,0.16302311336900327,0.13554896503269745,0.10897557152894129,0.08543321803671472,0.06522365742492209,0.04847975103136428,0.0356608838206417,0.02602843683006358,0.018511637752436548,0.013202813958096884,0,0,0,0,0,0,0,0
0.25356624833038705,0.18571947801174554,0.16241522529507282,0.1356687847918091,0.10922279023134335,0.08579588355300397,0.06557823466065923,0.0481782510895385,0.03536259999392355,0.025697692867728397,0.018394718452894688,0.013228623608749605,0,0,0,0,0,0,0,0
0.25366638718354156,0.18719929772830862,0.16300806374466123,0.13579841201064666,0.10970181589002244,0.08571878745589699,0.06559037527643509,0.04779949242863332,0.034784957430405904,0.025513620581962642,0.017972077947656,0.01285134686481832,0,0,0,0,0,0,0,0
0.2535701987157414,0.18725959536622533,0.1640445821882814,0.1364845612116056,0.10945233320504254,0.08539892820890252,0.06521337915791701,0.04796726558227157,0.03469929305001316,0.025428592649610744,0.017984348518916147,0.012759310650614555,0,0,0,0,0,0,0,0
0.2537720594353774,0.1869814753593268,0.16494846520079792,0.13634176016696242,0.11041356029785156,0.08519715462238923,0.0646057244895435,0.04816923834647847,0.03488803578536875,0.025206285378870166,0.017826340208388147,0.012781934595896563,0,0,0,0,0,0,0,0
0.2542194614927737,0.18828179838375844,0.16435539317146916,0.13656724141034177,0.11053616745558935,0.08505628948363063,0.06411871636579615,0.04796867406994114,0.03477821673475999,0.025124412807544877,0.017754135094760707,0.012759624556793428,0,0,0,0,0,0,0,0
0.25544020751394025,0.18838754691289258,0.16440865841787508,0.13700871581055907,0.11045390861059066,0.08472285522976765,0.06433494820591594,0.04751664106502814,0.03446824552815336,0.025020959583171562,0.017611676597851712,0.012588128717160977,0,0,0,0,0,0,0,0
0.2557979626103437,0.1886048427392672,0.16484805106528552,0.13765322061517832,0.11034472668998457,0.08495838341278517,0.0644820771831265,0.047320017826034115,0.03413505471602136,0.024488289285923278,0.017488419830112508,0.012466970069368487,0,0,0,0,0,0,0,0
0.2569409514164345,0.1900109713899906,0.16460573325456435,0.13746870340675724,0.11002672518074662,0.08498269896193772,0.06429347061636705,0.04766084339044083,0.034148592004951184,0.02407854389962585,0.017278532646918164,0.012313838017272911,0,0,0,0,0,0,0,0
0.25636863867255155,0.18959579053455178,0.16557110784168166,0.1378705665861307,0.10972122864560134,0.08511727203602973,0.06383823522795273,0.04777828768879831,0.03433463360643569,0.024633201506337122,0.01729498202563653,0.012075892756713948,0,0,0,0,0,0,0,0
0.2565416684954417,0.19049757307503157,0.16565099322171625,0.13780522253095698,0.11062793940396574,0.08542010617023024,0.06355471075533467,0.04681663746253825,0.0343021901408213,0.02434802768033689,0.017170226869373695,0.012053033346725596,0,0,0,0,0,0,0,0
0.2563231590656785,0.19029371041523033,0.1656961801786806,0.1378379503145412,0.11117309827202039,0.08462184769979518,0.06351109526439334,0.04695564931113645,0.03429977066000206,0.0246627667244422,0.017198812695920364,0.011977644130459477,0,0,0,0,0,0,0,0
0.2574480994077992,0.1904329336174456,0.16663458583648233,0.1376717872174213,0.11065522562954408,0.08464161210111429,0.06347389239526736,0.047101412569606954,0.034024815929201556,0.024277871768982003,0.016924044976198267,0.0119318175422482,0,0,0,0,0,0,0,0
0.25856539059081074,0.19062051058784096,0.1663803567792444,0.13797661596337935,0.10994862171882687,0.08535297115413826,0.06372616849871245,0.046594824822223505,0.033801441561845745,0.024325653028416116,0.016947970349770556,0.01187089167811344,0,0,0,0,0,0,0,0
0.2604593421633157,0.19041112541756328,0.16627461485129802,0.13734906943031308,0.11029749416987064,0.08525945201285777,0.06374762517895571,0.04678960211055187,0.03384851568057194,0.023776348133007972,0.01680045200385374,0.011447537839565645,0,0,0,0,0,0,0,0
0.2603798668542719,0.19096930494960634,0.16601151050330618,0.13810129557834258,0.11019333011660089,0.08474852688277265,0.0639286200330446,0.04658638332427925,0.03387016773122515,0.023856682199210246,0.016723634322759744,0.011331670980012393,0,0,0,0,0,0,0,0
0.2599454666939634,0.1922827722897014,0.16669328839884892,0.13786420216918369,0.1098562651434536,0.08462673706802494,0.06381454176499834,0.04679313114315219,0.03359062675056637,0.023654721382950255,0.016822310061439954,0.011499463440862638,0,0,0,0,0,0,0,0
0.2601298647251818,0.19162976518397132,0.1678444772624255,0.13815082799166334,0.10996998017049103,0.0851870306238253,0.06404830166948043,0.04645931351432212,0.03349533618497345,0.023492850466606447,0.016563207543986533,0.011337575176109213,0,0,0,0,0,0,0,0
0.25975351027378,0.19311061665178042,0.1671207543179574,0.13790803206436272,0.11063240048506012,0.08515549596045725,0.06359776908349288,0.04664428850727026,0.033533491870293676,0.02363093135589598,0.01641464989504614,0.011276072543033337,0,0,0,0,0,0,0,0
0.26145890270757843,0.19224436361673272,0.16743707922540355,0.13803993548778923,0.10973711499054135,0.08519075864830278,0.06392287326769645,0.046736487413595706,0.033664217092136864,0.023393549228800162,0.01609993544280165,0.01095672868206592,0,0,0,0,0,0,0,0
0.26140880545576184,0.19292392630448593,0.166605384922442,0.13802897670731504,0.10981013903647106,0.08521198423541186,0.06414905519292505,0.04677315072497991,0.03321695424109024,0.02336127555982841,0.016031079402025108,0.010999229761563412,0,0,0,0,0,0,0,0
0.2620714105865975,0.19264915594687393,0.16679858231141054,0.13858255981085438,0.10979860376416875,0.0857850636864645,0.06386486117242712,0.046844920269130515,0.0331128968336858,0.0229973567943708,0.016042146766222516,0.010966875812240944,0,0,0,0,0,0,0,0
0.23756072149961652,0.17955696944172778,0.16012028860912814,0.13713226294106115,0.11274968761855701,0.08877433935820549,0.06908009611022743,0.05237682541560941,0.038813031730065305,0.02826689499226733,0.020168761391625975,0.014437417553922784,0,0,0,0,0,0,0,0
0.2268145860899463,0.17247797648777458,0.15668293992698082,0.13574538624058105,0.11183950795668005,0.09051626548585984,0.07197589843301128,0.054824693639093126,0.04132103528426628,0.030859653653747036,0.02277270415622331,0.01655048597924562,0,0,0,0,0,0,0,0
0.2167760121418998,0.16602688135487748,0.1524179505588662,0.13285446430320638,0.11212242390857159,0.09187900970222612,0.07354746069958824,0.057685548304271216,0.043699776084744395,0.03325769615057061,0.024699823333974844,0.018663446036192913,0,0,0,0,0,0,0,0
0.20756469884624987,0.16039739636861944,0.14803769575138914,0.13043473211745368,0.11148117825352302,0.09201781431997255,0.07491885426283673,0.05936093740020089,0.04631258673448649,0.03523728232910041,0.027162773413230677,0.020632791587553195,0,0,0,0,0,0,0,0
0.20127574402813367,0.15578527469649645,0.14397014534503078,0.12756154249050666,0.1104947249293851,0.09252534652724514,0.07536733758581346,0.060111487308030474,0.047735180231579355,0.037324164312837874,0.028706578873529256,0.021949063768495484,0,0,0,0,0,0,0,0
0.1935130180331048,0.1499303707098662,0.139721600357254,0.12417517201666406,0.10833494920293564,0.09134070169871965,0.07588241170007104,0.06123969515885466,0.049526697103774095,0.03903470887905659,0.030680369240893852,0.02393367295974427,0,0,0,0,0,0,0,0
0.18501867005078526,0.1441922342967535,0.13359642025659232,0.12071844902946398,0.10594162867002721,0.09095841166577426,0.07564260121101753,0.06236834842584227,0.05034309019415439,0.04108708523119962,0.032695587357674784,0.026185247475474186,0,0,0,0,0,0,0,0
0.1765816841769573,0.13772124089789708,0.12906472016016157,0.11665810345540341,0.10356761098217081,0.08953811810144742,0.07477514188355211,0.06219371755576422,0.05111823727772563,0.04221131643132598,0.034078037430091725,0.027807404520194416,0,0,0,0,0,0,0,0
0.16849890940748413,0.13095626747668596,0.12379171338944797,0.11265158289685977,0.10023515161838252,0.08663349940620667,0.07382672590405627,0.06188107100443334,0.051635179060623704,0.04266203933703328,0.03538038258269341,0.029615146224562686,0,0,0,0,0,0,0,0
0.1596697076898844,0.12470524419578294,0.11776138370306852,0.10829722044240314,0.09597047645328975,0.08406891512098756,0.07199206957362114,0.06084257227216903,0.05189715553986948,0.04395251692736248,0.03618553123552868,0.030463922837046083,0,0,0,0,0,0,0,0
0.15072315016847623,0.11846672964032716,0.11205716459710886,0.10333290271043535,0.09233779640386425,0.08078209019613884,0.0699090595551468,0.060125228299272644,0.05144126323424661,0.043450640541684106,0.0368964810207896,0.031590337770329456,0,0,0,0,0,0,0,0
0.14252481610236617,0.11160013469227087,0.10591128332329464,0.09704838962110687,0.08762585901892805,0.07730458949684844,0.06763899625802104,0.05848087037766007,0.0499357366102129,0.04302682937240042,0.03707950163859789,0.03237475753019905,0,0,0,0,0,0,0,0
0.13365982057059636,0.10553741517607386,0.0989997517493357,0.09159380489873392,0.08283020010904026,0.07360810366187544,0.06496090348988168,0.056370717824516484,0.04848252327201503,0.04253638535154788,0.03712475843072321,0.03260160757152648,0,0,0,0,0,0,0,0
0.12475074065633544,0.09800521308113037,0.09343189759951381,0.08653928327256155,0.07796713574901246,0.07006917540261319,0.06151720601640838,0.05374624924035249,0.04723108477666361,0.04109337017623824,0.03583755887268307,0.03246187518991189,0,0,0,0,0,0,0,0
0.11685583525114415,0.09150035743718726,0.08700329887211349,0.08032361721683495,0.07278181131591509,0.06598337976454266,0.05804969920651316,0.05102089285671876,0.0450430230873548,0.03985721512493673,0.03503240684664402,0.03207672193286831,0,0,0,0,0,0,0,0
0.10937911716181414,0.08534142027987798,0.08061506688347911,0.07556468172484604,0.0683232246501525,0.06150550141838077,0.054621310132817416,0.04852998777462581,0.04311402832013862,0.03842921745735956,0.03388921199748371,0.031192508100794054,0,0,0,0,0,0,0,0
0.10147741111474147,0.07978257641013455,0.07505985089256544,0.06956485579350696,0.06399738616449342,0.05716933495707962,0.05087474381441767,0.04568746844090654,0.04128434371936912,0.03671607211809786,0.03275135889743666,0.030738705557370717,0,0,0,0,0,0,0,0
0.094854843345789,0.07381122627144213,0.06981677550545305,0.06479847206022442,0.06005454212880589,0.05367030993517183,0.048157896612259124,0.04268943056212125,0.038293515520513875,0.03486562824408077,0.03167885708584446,0.02956107364375152,0,0,0,0,0,0,0,0
0.0872161264416429,0.06901590499769529,0.06482343884392953,0.06024487138668579,0.05559621169281065,0.0497761800443838,0.04496476380104259,0.04050499674486898,0.03617709813388329,0.032664170274238846,0.029872360849090222,0.028357655735445762,0,0,0,0,0,0,0,0
0.0821011488244449,0.06443396338493344,0.060898387844083024,0.05674741306594753,0.05173986907915841,0.04630344647333468,0.04231047960747509,0.03764984021004361,0.03377330022691362,0.030181887303529636,0.027533769736138684,0.026684328703978716,0,0,0,0,0,0,0,0
0.07619447588270326,0.06036145693195812,0.05691036655823433,0.052565955094302924,0.04831526523213302,0.04383798263659035,0.039266978439286206,0.03533778926163987,0.03138131404803765,0.028267146900899494,0.02641406915467862,0.02543651725782457,0,0,0,0,0,0,0,0
0.07201380979498864,0.05651931473044796,0.05338482346241459,0.04910663439635537,0.045040812452543655,0.041218204252088074,0.036458333333333336,0.03259064160971905,0.02949767463933182,0.026309794988610472,0.024913392179195144,0.024518318147304492,0,0,0,0,0,0,0,0
0.06782163027342615,0.052792017695277776,0.05012753726896088,0.04649038524192983,0.0416495372997641,0.03791997554696487,0.03397953006100227,0.030964366572795766,0.02761155216351309,0.024738557484180763,0.023386769059802134,0.02331805413551295,0,0,0,0,0,0,0,0
0.06368431958793405,0.04966578846096919,0.04704893283206535,0.043514401586690746,0.03955714750895471,0.03565080962671323,0.03237559574908973,0.02884698499156332,0.025995678043870808,0.02333027441461176,0.02206447411266688,0.02195672123382967,0,0,0,0,0,0,0,0
0.06021766478106063,0.04721800981021025,0.044247913522178516,0.04098495744047653,0.036760425275104425,0.03332910445372164,0.029674878202338842,0.026805563624679417,0.02436190356494551,0.021988197868881818,0.02106100613345634,0.0211440028361159,0,0,0,0,0,0,0,0
0.057040856708855975,0.044211077592437704,0.04170270648147928,0.03827487576631509,0.03435769348344854,0.03151518885652876,0.027778106908506652,0.025055274214608503,0.02296634730453781,0.020642816010919777,0.019677146452378867,0.019831179633495816,0,0,0,0,0,0,0,0
0.053729546986404746,0.041276204081777707,0.03898169963906272,0.03609728130245408,0.03281603333842697,0.029412775071044357,0.02656744741415154,0.02358589466127926,0.021406293125607826,0.019688672350214584,0.019050191248189092,0.019550078122131123,0,0,0,0,0,0,0,0
0.05040776910570261,0.039323933388042,0.03727768679401236,0.033890959213616054,0.03088790286960032,0.02767406417967181,0.024615351822971247,0.022022018465954515,0.020115503988878274,0.018139123453325332,0.0178490016850746,0.018386615084200447,0,0,0,0,0,0,0,0
0.047986753132697076,0.037408907074267424,0.03505827461683862,0.0322969324601511,0.029211283509236234,0.026058169276310564,0.02310745088941731,0.02118764935570655,0.019144753272362067,0.01771851353862506,0.016880523719964628,0.017596602590430107,0,0,0,0,0,0,0,0
0.04581213168295741,0.03534186921638698,0.03341656213759969,0.03071142877428822,0.027699808297635676,0.025116559770903834,0.02176886848271128,0.019692092869145396,0.017794002792701102,0.01650060350744326,0.01625920053013987,0.017255579485480323,0,0,0,0,0,0,0,0
0.04378811750956928,0.03425785297582717,0.031959565277048345,0.02935136950977749,0.026756185149962388,0.02338623061891718,0.02070824639347443,0.018765998116894476,0.016858052641788857,0.015902305621401165,0.015444540650002597,0.01653158460017128,0,0,0,0,0,0,0,0
0.04174811273871786,0.033222897981399525,0.030909671770357576,0.027892420190737625,0.025575644271954946,0.02285065196298838,0.0198298506756277,0.017665712189696384,0.015720472347776702,0.014698156518446654,0.014616513240409877,0.015673142911233638,0,0,0,0,0,0,0,0
0.04073680816460547,0.03148182487105503,0.029385398716632868,0.027042125764309727,0.024140199532526496,0.02127134368515104,0.018742640363112826,0.017058412928630567,0.01525371480809137,0.014285224979006205,0.014210816614088696,0.015171038847071909,0,0,0,0,0,0,0,0
0.03936092818472992,0.03034032180345991,0.028220396632684875,0.025723727100084085,0.023352245349155802,0.02064063075745694,0.01782981075386666,0.016229532978713355,0.014674133842272842,0.013325412647272801,0.013763569883126573,0.015400459179335049,0,0,0,0,0,0,0,0
0.03760494761488068,0.028985644348792666,0.027143296360239336,0.024632831161459704,0.022205141546247902,0.019261878296241996,0.01706596031502022,0.015320578010074965,0.01381287988080315,0.01284913558640589,0.013209800629094434,0.014654825816522004,0,0,0,0,0,0,0,0
0.03679280859771676,0.02772789659285565,0.026350663613504677,0.023918931219921044,0.021507295788267863,0.018519941506019037,0.0162714461182718,0.014325587333712416,0.013318374888727853,0.012476666836111637,0.012502674669198098,0.014051322912073422,0,0,0,0,0,0,0,0
0.035534302787337844,0.027210345675277026,0.024834773646987638,0.02267784879543135,0.020491377028100298,0.018290722741197373,0.015989608940660337,0.013879959154343632,0.012531437918384318,0.01173367119246624,0.0119003157974358,0.013889414167391544,0,0,0,0,0,0,0,0
0.03440151190530998,0.026230518342239738,0.02392866375570594,0.021494600085227654,0.019638951157006552,0.017063234896587714,0.015189879394624049,0.013290554251171295,0.011807923809793624,0.011275546159267092,0.011561212215647184,0.013235073653444576,0,0,0,0,0,0,0,0
0.03329549217160967,0.025067404569320283,0.022819403055673804,0.021055058890307937,0.018671065701717046,0.016492833829998575,0.014528641029279598,0.012871907667565397,0.011564022515491225,0.010684215505416017,0.011200983870204814,0.013268057329360003,0,0,0,0,0,0,0,0
0.032310612499291735,0.024518622395980898,0.022694864675996747,0.020362343475551024,0.017967259712542736,0.01593456664211381,0.01409192211079003,0.012157204374185495,0.011111347196252857,0.010178810886358056,0.010766662889304396,0.013007110884469373,0,0,0,0,0,0,0,0
0.031094574405718736,0.02392372208249022,0.0220456135706046,0.019634448457799884,0.017359206868511133,0.015393634524102192,0.013566349590574707,0.011733154938633484,0.010594943172147727,0.01004888519071843,0.010644584806823119,0.012727169575824045,0,0,0,0,0,0,0,0
0.03012000524380751,0.022668838201374022,0.021377963961814687,0.01879149133177357,0.016608933605601898,0.014803126915495571,0.01304928588553619,0.011387565798564571,0.010245502313062396,0.009515620995543948,0.010292743822286891,0.012588681170597351,0,0,0,0,0,0,0,0
0.029642152586014554,0.022341408934910753,0.02058351642254116,0.01820817744679394,0.016411325597346985,0.013909663922591345,0.012317053446307546,0.010882641490277286,0.009766987746698205,0.00952614820840176,0.010213249244129837,0.012624005799038293,0,0,0,0,0,0,0,0
0.028740236921693592,0.021828939186007947,0.020005829231827598,0.017855857492981915,0.015966667178002793,0.013751795084801167,0.012004205542962264,0.010421816903120293,0.009575752283607469,0.009284290692227179,0.009720893076076194,0.012295667134342549,0,0,0,0,0,0,0,0
0.02812154461172067,0.021428132649107375,0.019630149414533175,0.017272216079309732,0.015141097974729003,0.01349786888189542,0.011564032774800828,0.010283471785130368,0.009629015338379966,0.009190742158335931,0.009666817876820428,0.012548080103578952,0,0,0,0,0,0,0,0
0.027575657789910887,0.021029920839780513,0.01908248738004104,0.016955653989464966,0.014920881089712939,0.01293449896077869,0.011185349635121787,0.009898863288990867,0.00903018993967678,0.008756368992610382,0.009679334426256599,0.012188572932563327,0,0,0,0,0,0,0,0
0.026689223489633387,0.020406211705149422,0.018749867185489332,0.016315524776694536,0.014390009515421834,0.012809221695161774,0.010890789874457817,0.009958136866238667,0.008884995620072578,0.00855443506019744,0.009614589998654147,0.012117405666280223,0,0,0,0,0,0,0,0
0.026377446281157405,0.020125625977952366,0.018328610862508296,0.01593848642746556,0.01403770665968613,0.012214750381158225,0.01096603712180438,0.009727936156439363,0.008825891167387712,0.008495730909957044,0.00937065559214832,0.012106269153716716,0,0,0,0,0,0,0,0
0.025348035642246955,0.01929206212150166,0.017771581040815897,0.01579696092516968,0.01388603823260884,0.011906699789326666,0.01044873654981728,0.009239665093104402,0.008538993439165421,0.008351439915636302,0.009055650315302241,0.011966858466685071,0,0,0,0,0,0,0,0
0.024639396832853152,0.019093290025151637,0.017265045835934856,0.01539785260976252,0.013194281337155849,0.011678809717430636,0.010099603309959976,0.008873298782783581,0.008233590357634777,0.007969209015875861,0.009138860398389636,0.011809820114462959,0,0,0,0,0,0,0,0
0.024534624195419567,0.018693944372795316,0.016772962563821707,0.014946204264791612,0.013320848718265818,0.011517646296721612,0.00982868988098393,0.008852298759194152,0.007858240729289966,0.007640348862545568,0.008854654346942737,0.011550624525201851,0,0,0,0,0,0,0,0
0.023881624469117155,0.01836268242743864,0.016724209672647296,0.014747433550499735,0.012909750798902813,0.011110967040764964,0.009448919138422659,0.00835385353468081,0.007626560232733856,0.007672531770458219,0.008912584531638436,0.011522353365529122,0,0,0,0,0,0,0,0
0.023625275698908526,0.017903934246988523,0.01645239127566121,0.014405857070145349,0.012759911022300983,0.01084062246686901,0.009473909928930943,0.008144899805832563,0.007323694082605993,0.007526344562369217,0.008617358191792188,0.011683035798442896,0,0,0,0,0,0,0,0
0.02304457328905692,0.01749311376009343,0.015867548262662123,0.014090986840941129,0.012400540282291605,0.010699476822715452,0.009046779245138342,0.007904872567697488,0.007122760866103185,0.007440088238243258,0.008666930123097065,0.011652638594794177,0,0,0,0,0,0,0,0
0.02256740326865907,0.01712985838326495,0.0155508359149191,0.01396120015141634,0.012221799000699298,0.0104706052998079,0.008695826498567795,0.0076899219686954925,0.006936378012554347,0.007401004489423848,0.008588514291981184,0.012057882553275792,0,0,0,0,0,0,0,0
0.02253496214890456,0.01694455580973044,0.015497724217626107,0.013631111006296728,0.012009763460132536,0.01008301299436361,0.008513548569676673,0.007538381718274653,0.006804943046482559,0.007354432469400749,0.008596089899299575,0.011683135627196186,0,0,0,0,0,0,0,0
0.021963174836925232,0.016532855672925326,0.015094446489762393,0.013442458912708968,0.011685452125400009,0.009863545826135387,0.008406256784948971,0.0074469239991315165,0.006814448755345355,0.007235705587493977,0.008426316634098903,0.011798731273540811,0,0,0,0,0,0,0,0
0.02100107607064308,0.01630860573337991,0.014926940466863632,0.013349411464871959,0.011112317233176955,0.00946399410992911,0.008396182780981863,0.007138407226663896,0.006880008684078873,0.007152566050915131,0.00858024749624791,0.012044439829716537,0,0,0,0,0,0,0,0
0.02063511502157244,0.01591320157507018,0.014600250579346979,0.013080053507168827,0.011047628916479837,0.009485040601390436,0.008103792603199125,0.00690388492190591,0.006597725945324718,0.006876801627823726,0.008382868285698133,0.01212271793808995,0,0,0,0,0,0,0,0
0.020502569016504477,0.01569495613672785,0.014381536123180626,0.01258546670663177,0.010729213623693955,0.009131396284661666,0.007911201950422822,0.006929382137959845,0.006577720714745943,0.006927021994179886,0.008370249915624862,0.01212877888520969,0,0,0,0,0,0,0,0
0.019944427219580858,0.01521119189113677,0.014136046033218705,0.012217995253796908,0.010450842138644304,0.00924719748849699,0.007820743005952206,0.0070249936045325865,0.006428476275468402,0.00685051818022132,0.008425512551031114,0.012225068581809521,0,0,0,0,0,0,0,0
0.020075060606845916,0.015417344984297586,0.013979036745771656,0.012134326916507447,0.010323778380377756,0.008811257677456134,0.007708672492148789,0.006799275309395299,0.006260940448620236,0.006799275309395299,0.008513229844248063,0.01194467284082958,0,0,0,0,0,0,0,0
0.01971425877027537,0.015053281780460207,0.013919275745001881,0.012082704639758588,0.01012707468879668,0.008705441342889475,0.007622123726895512,0.006755705394190869,0.006242927197284041,0.0069018766503206345,0.008363589211618254,0.012246557902678225,0,0,0,0,0,0,0,0
0.01926553818810125,0.015100334960599102,0.013723719971996253,0.01174247870843342,0.010139570844991737,0.008407016022006986,0.007406377216079051,0.006621423806481877,0.006197124666159081,0.006657960676898565,0.008588521765367292,0.012394249332318157,0,0,0,0,0,0,0,0
0.019324218091645067,0.014983458441027303,0.013140138296154603,0.011724647571095705,0.01015122532467303,0.00846112232739204,0.007196491563038839,0.0063078321070068576,0.006040291395442852,0.006700303723530265,0.008725127258627008,0.012398803020499286,0,0,0,0,0,0,0,0
0.01907103297799977,0.014627205731783959,0.01304197392546704,0.011479102478704699,0.00984797309224943,0.008236850343290364,0.0072529945228887735,0.006290322201012574,0.005987868916511123,0.0063844710833476535,0.008467515105011312,0.012127552905787568,0,0,0,0,0,0,0,0
0.018832362892345814,0.014394155221898615,0.012949677553028931,0.011349803753522906,0.009535671652684943,0.008272489469557665,0.006838606991413189,0.006051031147506247,0.006100475370890536,0.006805644175823657,0.008245412871037692,0.012228027340301048,0,0,0,0,0,0,0,0
0.018676808019431043,0.014217378340889457,0.01284560874632751,0.011117933294757222,0.009451539646380425,0.007946599979494167,0.006817600605275659,0.006189462122542394,0.005923121977893768,0.00641101941101116,0.008290720874349919,0.012390709207237383,0,0,0,0,0,0,0,0
0.018501201300230842,0.014059923682102984,0.012538276723041407,0.010716304706270316,0.009292410609129878,0.007862627785367692,0.006777924341640363,0.0059005040749988205,0.005796862486455932,0.006412823291091536,0.008393790926650024,0.012236773920007544,0,0,0,0,0,0,0,0
0.018181110837342588,0.013809721978253867,0.012578942590743459,0.010809402494332402,0.009145964069258453,0.007892785440021317,0.006547652028958682,0.005969987373901109,0.005622209673407266,0.006355490113092592,0.008433903963840549,0.01213213666366831,0,0,0,0,0,0,0,0
0.01772298503801237,0.013379220221681792,0.012244628379892488,0.010815184188365834,0.009015405445569079,0.007850148959407086,0.006485572284822651,0.0056823944841381206,0.005584503504025326,0.0064419341370615234,0.008278274571225713,0.012625577615753135,0,0,0,0,0,0,0,0
0.017376517130806467,0.013145815435343922,0.01199563023902876,0.01065099775030375,0.009137844274823557,0.007655330978753395,0.006318947769100322,0.005674325533050738,0.005516410762245169,0.006295378400323373,0.008541539244766715,0.012521227162754747,0,0,0,0,0,0,0,0
0.017385442834746807,0.013230030410063652,0.011990489772018957,0.010586857563795023,0.009152531968343314,0.007415994560187371,0.006296866441267021,0.005661749428630792,0.005436271083995993,0.006357072700829196,0.008446584062104521,0.012487486542130222,0,0,0,0,0,0,0,0
0.01734095187797439,0.01292967778365896,0.011891106838417929,0.010396319144245825,0.0090029129498362,0.007365483843207616,0.006232604526094533,0.005538259138186519,0.005473422132524482,0.006238498799336541,0.008405233643097044,0.012264803761960956,0,0,0,0,0,0,0,0
0.017089916842979974,0.013104744841730562,0.011440425745083367,0.010155646839031347,0.008596231708107662,0.007261947559804102,0.006062034783326163,0.005510404941094658,0.005358353125607764,0.006195227458907702,0.008177794541457697,0.012310303573217668,0,0,0,0,0,0,0,0
0.016731197298673863,0.012787440342570408,0.011233517571824713,0.010038010978853446,0.008655043292901475,0.0071294165361906045,0.00610368602742827,0.0054092546829903245,0.005385674671294637,0.006215691082982776,0.008277763105770502,0.01231701910924148,0,0,0,0,0,0,0,0
0.016749913374709192,0.01244693464328059,0.011621931873628444,0.010073283817452816,0.008433885456615461,0.0069406304435450615,0.0058869840491607385,0.005298874931937273,0.005413196744303356,0.005985984381518995,0.008141598761081554,0.012257184006260595,0,0,0,0,0,0,0,0
0.016128728222093405,0.012332763113869528,0.01120763999830348,0.009797407150834832,0.008111489686567806,0.006820248917289911,0.005916616006672988,0.0052215137677368954,0.005174388192215804,0.006082733660384836,0.008295279431100061,0.01233983195019769,0,0,0,0,0,0,0,0
0.016025837478488417,0.01218793465192484,0.011077583158490301,0.009726773379853369,0.008177939131049765,0.006749334024847355,0.005722671444399915,0.0051168108630566525,0.0050779131992739115,0.005908908743723331,0.008067139725123173,0.012301091492020085,0,0,0,0,0,0,0,0
0.01604595132346978,0.012241034635586111,0.01094443972955388,0.009405027959301065,0.007979952285307458,0.006724612671739887,0.005768668609201578,0.005064971192018632,0.005081473309004499,0.006006770582854771,0.008242807434439442,0.012548681245108297,0,0,0,0,0,0,0,0
0.016012218205834317,0.011784200067223725,0.010510487489901703,0.00933937953686396,0.00783922916801802,0.006730627480348858,0.0058755889446465755,0.0050901328552979954,0.005146742303178977,0.005997063384891175,0.008224881031707192,0.012692309960314428,0,0,0,0,0,0,0,0
0.015522609864836178,0.011842757058948411,0.010229283136366849,0.009196093694713747,0.007774868492439789,0.006512867690420589,0.00558346896893355,0.005086924728139079,0.005196612648314582,0.0058500224093600344,0.008274951053239924,0.012703748260325994,0,0,0,0,0,0,0,0
0.01541132418821239,0.011747068536548859,0.010328038686242358,0.009043368805150937,0.007814092946455192,0.006476386235410451,0.005724441846294554,0.005131607947038599,0.005026712883353156,0.005875302162606205,0.00832088932156466,0.012553228351839259,0,0,0,0,0,0,0,0
0.015095339606863978,0.011648038442060134,0.010552722390380062,0.009001613530097635,0.007799121391640264,0.006536563534219792,0.005693287950345673,0.005264583603236485,0.005052586948072593,0.005953572732519112,0.008132427243925705,0.012445381417315417,0,0,0,0,0,0,0,0
0.014943588982386949,0.011389406250036815,0.010208998196402473,0.008692845337093675,0.007578408192644483,0.0063449878012720624,0.005449668319473553,0.004996118318825622,0.005065623383859981,0.006145897021766867,0.008326471180726129,0.01254978742052567,0,0,0,0,0,0,0,0
0.014773751524327366,0.011160138323504978,0.010064389945035853,0.00861988724395718,0.007366256841063463,0.006079636164409388,0.005459890307339747,0.005007452267197651,0.004891986309036389,0.00624105286102258,0.008319440107925326,0.012853246301849218,0,0,0,0,0,0,0,0
0.01466126746209501,0.010918190740214924,0.010007457877132354,0.008587751408808306,0.00755920058154947,0.006425791766173755,0.005556295190552887,0.005036717968535536,0.004990768962506791,0.0060016470951391844,0.008354471839739294,0.012590027651876192,0,0,0,0,0,0,0,0
0.014658258454808604,0.011060793161048956,0.010014279206156189,0.008708785419906367,0.007349141305281894,0.0063603092219186395,0.0054291590100849114,0.005133686566127558,0.005011259736758772,0.006127227373697303,0.008345036474954886,0.012775945953263552,0,0,0,0,0,0,0,0
0.014368286776533241,0.010604462618061403,0.009932772019962174,0.00868484159296728,0.007222441536403864,0.006328032476829621,0.005400628089629451,0.004955191166679431,0.005083637263508934,0.006130060511074053,0.008384348430659732,0.012631318457939794,0,0,0,0,0,0,0,0
0.013900939303632724,0.010682692670413822,0.009358849824587876,0.008466464219698969,0.007255790486249952,0.006181862763589726,0.005465125051869176,0.005033667810932138,0.0051409426987061,0.0061712531593043855,0.008366262401448563,0.012736240522086844,0,0,0,0,0,0,0,0
0.013907084075716603,0.010465098454467091,0.009579544771165148,0.008168083041588005,0.0070219336671945385,0.0062484007560812535,0.005369922068917539,0.0048864639994717326,0.005099893049641712,0.006135200817869554,0.008249445497177666,0.012525101496715435,0,0,0,0,0,0,0,0
0.013602239230429745,0.010391369711387554,0.009409582339155618,0.007979382465183127,0.007051876606319782,0.006137351109348927,0.005324308441719356,0.004899496597965152,0.005051720841977076,0.006166851931831862,0.008395934078642116,0.012557910114534,0,0,0,0,0,0,0,0
0.013480091666981015,0.010459890980421742,0.009439011279188203,0.008175289524312498,0.006975225395148819,0.006082839790259912,0.0052894771587008145,0.0047766796182428595,0.005118544645214832,0.006128814742163037,0.008288458636689424,0.012527584971141875,0,0,0,0,0,0,0,0
0.013613135332659511,0.010531449452576672,0.009167308684558352,0.008145970130264838,0.006967955650110853,0.0061362774271221335,0.005305777218613573,0.004789806876306126,0.005015985656495692,0.006006695834305197,0.008407489344859029,0.012819153573035725,0,0,0,0,0,0,0,0
0.01375218487424671,0.010449680416101417,0.009288735772534999,0.008079467544820123,0.007145997333952502,0.006065199122632291,0.005217768464028985,0.004568346638033962,0.005040974863485875,0.006093486098719189,0.008619277338478422,0.012861145127509443,0,0,0,0,0,0,0,0
0.01350812264278612,0.009994292674029315,0.008934024488547106,0.007943185629306232,0.006902922503927459,0.0059744523614796655,0.005073047888583582,0.004783562901204423,0.005076578193307718,0.006107427172755466,0.008424483840030125,0.012955041569338124,0,0,0,0,0,0,0,0
0.013569227074410604,0.009972663764300898,0.008919006100619008,0.007912439282241338,0.006774018097011852,0.005829846648662268,0.005052847701142659,0.004647866431526377,0.005031656820755762,0.006084137213305048,0.008672956433904467,0.012957046085455752,0,0,0,0,0,0,0,0
0.01355740581536396,0.009901899591346434,0.008949159728192383,0.007785615865650723,0.006757504740145796,0.005689352631516968,0.0049403507119051265,0.0046188451709396686,0.005042808521663346,0.0061392248536737614,0.008757198544392497,0.012856688610695654,0,0,0,0,0,0,0,0
