0.06359649122807018,0.05881691408007198,0.05943544759334233,0.06202204228520018,0.05904183535762482,0.05864822312190735,0.05892937471884841,0.06123481781376517,0.05831084120557805,0.060897435897435896,0.05937921727395413,0.058198380566801614,0.05701754385964913,0.05814215024741342,0.06078497525865946,0.05769230769230771,0.0652271704903284,0.0628654970760234,0.061122357174988755,0.05876068376068375
0.0527324875326219,0.040071315986667,0.038758688405984336,0.03701196351515465,0.034133484922870196,0.032391927857161315,0.03152373323686726,0.0317046071160952,0.029725330094829583,0.02816464690834862,0.028944988501589098,0.028877806775018743,0.029187876282266607,0.0289501563267099,0.028521226841683667,0.026066509909304675,0.02568409085036562,0.02496576315857472,0.02212345934213587,0.022371514947934153
0.05867921726611274,0.043268578954504075,0.041092883474398455,0.03726766219261038,0.03496930138870058,0.03326812702962689,0.0321996474985958,0.031160220281097276,0.030011039879142377,0.029549430897458245,0.02923308348343695,0.02880052681528539,0.028432530843872875,0.02771267907523258,0.02721878974517893,0.02527551277333385,0.02406499970947687,0.02363244304132531,0.02191835654290381,0.02276410167018524
0.06175858058583292,0.045960565818299826,0.042847483298623326,0.03915289535607063,0.03596137722121548,0.034049171016687856,0.03269412814756715,0.03212885078300382,0.03125524031049685,0.02967029994861115,0.029462039866929912,0.028442376869607558,0.02878316609417683,0.027409190490357824,0.02668433721905174,0.02526708679306522,0.024158169475022313,0.02308982230276148,0.021426446325697134,0.02263814134638791
0.06493500223297807,0.04856546246786321,0.04446643894313752,0.04030706465980277,0.03742954048932395,0.03508310299460463,0.033791596760371266,0.03284771089572596,0.03142584702289708,0.030214003790027644,0.0288959432220063,0.029122862074376286,0.027906190780818126,0.027686514019481225,0.02675711233690207,0.024676218180062534,0.02370336395128487,0.02195319195162283,0.020067834252676563,0.022221149319846957
0.06723869538700011,0.050432324246487574,0.046801549189405794,0.04240674808938446,0.03807579930995459,0.03610298278409329,0.03419842218714014,0.03305128222065159,0.03168616364248865,0.03138671827695613,0.029413901751094845,0.02887666153646298,0.028121442710156694,0.027000724393568088,0.026175047834195334,0.024468649611491665,0.022711609893146446,0.021337684098350188,0.019593855204954942,0.022059875862281555
0.06931507017396762,0.05244182503440703,0.04871993603258901,0.04389784028188197,0.04013096141300902,0.036908050936709486,0.035063466387456825,0.03358902574442892,0.0319939304579355,0.03088963372113235,0.029676952304605934,0.02853993566449011,0.02740700901228837,0.026730116012507184,0.025394734958558207,0.024098208789793036,0.022484708557686212,0.020807813512911066,0.019032758758197866,0.022329289016950943
0.07075075167503787,0.05417061821063829,0.049771179153545626,0.04518129651680617,0.04069529219623769,0.037665507974584435,0.03555716289081813,0.03410286646442455,0.03245427911334086,0.03095958556399192,0.030263216111142105,0.02881853804735697,0.027227660871923815,0.02635238987455732,0.025444416444322188,0.023676561396894034,0.021935637764769474,0.020498654391071087,0.018992418806592047,0.021972187542681484
0.07341128380626456,0.05547572822633424,0.051569064045892815,0.046393693762865326,0.04183622357014629,0.039159875249993606,0.03643233994011122,0.03438851656447551,0.032456207702179475,0.0308876920883195,0.029823733944652226,0.02921680249500013,0.027107167275426218,0.026204082528052296,0.02505420336591019,0.023259002511818713,0.02123346020394359,0.019834958520257257,0.018056210627150304,0.02175447063512086
0.07625351983941449,0.05773767045514468,0.05302170084265218,0.04785399653377112,0.04372510625432839,0.03963137042596649,0.03711958489624165,0.034219342682073696,0.03232276004626325,0.031073019310339962,0.029805701348876272,0.028754583261559667,0.02726754998084083,0.025631110283028485,0.02435676143134863,0.022549822645794297,0.020414189742634266,0.019250577411858996,0.017965682224854902,0.02082022365261777
0.07875426955811461,0.05966552925467967,0.05489078628079923,0.049493621454966504,0.04496955248721478,0.04089567357128604,0.03710486870309453,0.03474307619637154,0.03229090462621437,0.03064532356557343,0.029484037863711784,0.0282937626509373,0.026898855596425082,0.025352179925957376,0.023929988625880128,0.022108765234414303,0.020623479116467926,0.018524297473308336,0.016844611105711102,0.02017669959534053
0.0821178410248092,0.06193869002730572,0.05645580668948554,0.0511117093586916,0.04590807015549049,0.04220933946221258,0.03783005569833606,0.03511453189820799,0.03268494071496532,0.03091750927608885,0.029476141347695724,0.027787299575448586,0.026588389129209765,0.0248744655484639,0.022660577918310228,0.02157704379116551,0.0197594487352916,0.017687691353297334,0.01651219059499066,0.01918256713982106
0.08519490705725521,0.06413140016378883,0.05878766607511547,0.052844141912967796,0.04773274408901938,0.04250929757002632,0.03865020869069453,0.03532499888775193,0.032798959924466,0.031223687094132445,0.029620402090037717,0.027806201895270718,0.026148540318580802,0.023986659614189988,0.022001090827001763,0.021121179015915856,0.01857701452843153,0.016950660675357037,0.015464367691088336,0.018240868443297597
0.08891021184794991,0.06626327109422682,0.06148192389661847,0.054456770420268995,0.0486946758964618,0.043508627639124144,0.039226629329730166,0.035993916429231165,0.033198541770697684,0.03136596398813313,0.02946811184109609,0.027744868619022908,0.025357458738442355,0.023394332226932855,0.021630292527064377,0.019951109501010117,0.018061416649532147,0.015781709470331168,0.014569238150255057,0.017338503062999555
0.09270264885536987,0.06965130612396961,0.06291294720592977,0.05638030261062813,0.05000963779701018,0.04394673456859114,0.040028443649663646,0.03607937657221626,0.033570309753936524,0.03082151285876497,0.02943334612973609,0.026772018316673703,0.02466142176133576,0.023161488982945157,0.021037934045072506,0.018958113648254424,0.01702407505495164,0.015308709166921789,0.014166751706052048,0.0165122189448313
0.09623033474085571,0.07278041038577297,0.06529011196738076,0.05825948948551778,0.05064177212331574,0.04505469337195686,0.04004825790884546,0.03613859310131259,0.03358537553104669,0.03094828726358948,0.028706359011745126,0.02678862326250561,0.024357985941980836,0.022645088241650835,0.020353160151096287,0.018325747336298916,0.016120915738981483,0.014578985229079907,0.013646730171838152,0.01584349727904104
0.10012488287208104,0.07575906124082467,0.0677164114095049,0.06037452003670945,0.05222900657845041,0.045729311151220794,0.04008466962292445,0.03683000017679686,0.03306422708431443,0.03111624714915067,0.028361430640181425,0.02648416944853845,0.02381775136897022,0.021831197573704185,0.01992500598698453,0.017917558017496463,0.015345967344012936,0.013685684115445134,0.012769554938016627,0.0152672123796375
0.10450189375421749,0.07783546217059656,0.0703870695776359,0.06150253328695786,0.053946750484458066,0.04710102533607525,0.041372478934689136,0.03670020340026255,0.03323005707709494,0.030543698999668207,0.027974348165470685,0.025533224447140776,0.02315621428674469,0.02101482145175535,0.019262918481213934,0.016993298530356964,0.0151019485713095,0.0129333074741983,0.01191871041989572,0.0145393521004403
0.10746774832828303,0.081073478833442,0.0725742523621393,0.06341816577806757,0.05551986242696228,0.04813937580709087,0.041788129850536364,0.03699033408768364,0.033033191413192185,0.03039775996317747,0.027508214746909076,0.025197217853809475,0.02247548361525577,0.0200733893342539,0.01847359134670707,0.016300039635354736,0.014508457673276824,0.012662536918415096,0.011399959086085432,0.013800455167299556
0.11171550853662619,0.08371365174265859,0.07529905708684341,0.06615546342482775,0.0569257298364777,0.04881741047429601,0.04178584019129445,0.03731134957336808,0.03300275807282653,0.029820366349916326,0.027132481611518492,0.024272317020451847,0.022206553972247,0.019427743756051732,0.017722492251394585,0.015562613357750282,0.013595751706447891,0.012171252554288092,0.010713254541887133,0.012853991229679354
0.11582562234520176,0.08614123685735574,0.07775732835754359,0.0676555624192018,0.058042565928152476,0.04988154903296885,0.0428620555700612,0.03756041954568323,0.03327453240525514,0.02992956625293739,0.026434944308940504,0.024045227890744893,0.021321174065606557,0.018659211473186152,0.017172206053735976,0.014870054194501584,0.01303756678787724,0.011321301432237767,0.010221172155107086,0.012289287829481547
0.12018127243834971,0.08988860557337981,0.07979900328790916,0.07007684513422847,0.059554581360243164,0.050327120717327305,0.043881737072249676,0.03777039354698117,0.033273577267456375,0.029640493297723596,0.026117165367356646,0.023320772364383686,0.02079797412620672,0.01798885578533627,0.01598779640095631,0.014171254416089919,0.012284723072787338,0.010773589197460659,0.009777831506982233,0.01146234811116219
0.12451119081300692,0.09245419919440755,0.08194212245196057,0.0709203981284344,0.0611592974166742,0.05132833846950132,0.04451239745525501,0.03798700319283888,0.032944508745774766,0.02879270680022291,0.025423634628727286,0.02271821569365259,0.020123934860370857,0.017528066339920653,0.015711752219189738,0.013622355905481805,0.011480565915214328,0.010191363934415821,0.0093086098687459,0.010970918334135115
0.12901317302583054,0.09531052969680626,0.08432481303185793,0.07284104337343665,0.06198539150296216,0.05203543472571396,0.04487235409347215,0.03825966960369892,0.03261612644835874,0.028219301932731117,0.024796377219627096,0.02204281035125425,0.019352689724088153,0.01712096818964081,0.014919383619766675,0.01272572983004338,0.011126884551633345,0.009818305826744178,0.008753995130500989,0.010351254252880858
0.1334090862267611,0.09862297721549482,0.08669268889491111,0.07503973857327825,0.06298108237889441,0.05298106653100876,0.04462289163691225,0.038315433146486756,0.03262604219658035,0.028017477048299603,0.02436770898210615,0.02119337748554277,0.01861334170101697,0.01634867884101243,0.01421555343193888,0.011974662400415849,0.010649779159713404,0.009077668902803334,0.008508729807812691,0.009595894763700104
0.1366200284169659,0.10123187705623041,0.08971461066063899,0.0766830399500723,0.06402529331726102,0.054223499278487845,0.04495868135140574,0.03778791185988567,0.03199839065566525,0.02732558968372266,0.023878804966791428,0.021174916404382623,0.01826193979848348,0.01564517125419562,0.013625570834118732,0.011634482419972345,0.009968114073367732,0.008936929858881412,0.00804988967437705,0.009142849901712779
0.14108435164313676,0.10432079724759764,0.09140032427729664,0.07885949302012893,0.065222446316289,0.05404516154545815,0.044938505951674756,0.03777751413769921,0.03179499347490805,0.026960888994344925,0.02299679677304544,0.02027919484320006,0.01766599438446633,0.015030648159133147,0.013051765729426188,0.011292759125242219,0.009641317673112665,0.008405900264958275,0.007725708862261241,0.008535611183612133
0.1456636835174286,0.10681950761438173,0.09320483817166306,0.08059719896988869,0.06625531773622131,0.055106844801937574,0.04555665691254328,0.03714787535589903,0.031581543364745716,0.026587495435165115,0.02282970755019738,0.019430782875110856,0.016676863440691927,0.014496808963043416,0.01236101955093091,0.010664719003783081,0.009292501972166762,0.007921865835748151,0.007118771075309106,0.008045175661169891
0.14925021987339718,0.10981037991912448,0.09494109603533132,0.08048866369080983,0.06749047478442934,0.05620390356202798,0.04537050049027426,0.03742032056514963,0.031357025448470674,0.02653165308478034,0.022241555993109324,0.019015693513063713,0.01622089342021951,0.013885577410436127,0.012181854641973475,0.010448131194548087,0.008790198936081184,0.007770175851348212,0.006772258530061471,0.007425957534828419
0.15285586400602483,0.11260678801542831,0.09733320071173587,0.08225854580418422,0.06840748301575196,0.056233136137648576,0.04600706367889156,0.03757454044248248,0.03091819931447264,0.025722274586702162,0.0217909915201119,0.018118636334212738,0.0157361840661466,0.01317690300151094,0.011598074460711639,0.010066610776136324,0.00840410432267466,0.007292609029951957,0.006189007879933247,0.0068015933537633735
0.15760268998831806,0.11463865121712503,0.09967164461844473,0.08387901367095,0.07005177911786065,0.05621033687999241,0.04602184826192657,0.03730148707100685,0.03076753070438543,0.025176017428093334,0.020861617150254166,0.017731190603984474,0.015158021027373474,0.012606952293751778,0.011107252233763779,0.009629653016765069,0.008112588008714047,0.0069570296467022395,0.005747797808859281,0.0062419095128342745
0.16021626023188323,0.11742343545096032,0.10215550095395,0.0853584058856112,0.07074537503886025,0.0565047713281604,0.04544873524691447,0.03705176579383003,0.030739441453980793,0.024982601656038283,0.020475602077385937,0.017464623367277856,0.014441020008490072,0.012072320299961647,0.0105336912421234,0.00925386748221897,0.0077215507487205706,0.006651611773116126,0.005498034500008676,0.00592253831186354
0.16300776347571627,0.11988294873331103,0.1046886726411584,0.08724134886448917,0.07090241733569622,0.05771207658785466,0.04562697476712726,0.036882816293839056,0.030095293353430495,0.024529682208333604,0.020305809047507933,0.016804046341201914,0.014079577202752217,0.011561650574219706,0.010167882797373917,0.00860541235975606,0.007329894111488808,0.006014959353695375,0.005176176030978224,0.005576647767764231
0.1652026792859438,0.12236687061670203,0.1067665832802979,0.08859696658454057,0.07149383423966123,0.05782172540469694,0.04599115306334634,0.0367566903383134,0.029842658113787734,0.02419517451275685,0.019885128450714877,0.016589581534855284,0.013193214828070753,0.011357979571389863,0.009574729519404657,0.00818215615725367,0.006910881606059269,0.005875903439845243,0.004913389498358526,0.005360777320588032
0.16880292414514272,0.12398954942526562,0.10774989802972962,0.08981257943050983,0.07259180867700069,0.05857109335752274,0.046900025039803846,0.03705261036017947,0.029376886843709104,0.023912225251146096,0.019408210220964454,0.01615461055230878,0.013159283074194984,0.010615931929529487,0.009277326063916068,0.007795410629160504,0.006685155175916432,0.005417416679659019,0.004595355195129363,0.0051292227109445985
0.17209059238934513,0.12665271920420756,0.1097079691014906,0.09122049741751553,0.07333594651478731,0.05867851728713983,0.04686882616203928,0.03721894525070013,0.02899057208209168,0.023450942240818833,0.01915965751580896,0.01541462216702008,0.012612536029632849,0.010289008423574676,0.008897410589052027,0.007357837419184214,0.006350345774280942,0.0050106967276986195,0.004436111648964723,0.004826514661364742
0.17529549618980955,0.12883397950597278,0.11167593328038128,0.09204224632153447,0.07355358252266846,0.05935089140367571,0.04696325073333385,0.0366564694594956,0.029015641834239027,0.02315054380735929,0.018800084933036587,0.014834970391399742,0.012091947876280871,0.010034680989941725,0.008405224954584418,0.007129656571693703,0.005869816528912622,0.004847474421786896,0.004252943165643013,0.004583238307945171
0.17814170334157312,0.13108715594164944,0.11385925962057411,0.09341047520293806,0.07487030693631701,0.05987516108374152,0.046022352680165995,0.03624639872612066,0.028937641907105623,0.022846748979999654,0.01826323797595426,0.014608072832666442,0.011701878248227094,0.009735043797469553,0.008164723171984724,0.006726573821590806,0.005478814046030217,0.004704668006212049,0.003936815836636303,0.004301860310696906
0.18063670359000475,0.13312993273947898,0.11585817288421733,0.09471174174726454,0.07567791028682003,0.0590836284528194,0.046815145956430784,0.03619398820779557,0.02830160504131672,0.022617705911663774,0.017688306666478044,0.014469107159417965,0.011240476403802052,0.009376232939264333,0.007719476942955092,0.006449402137435296,0.005320796060253103,0.004478271189264724,0.003767783798058106,0.004041290006177468
0.1834057081720633,0.13516158469429496,0.11777588973850656,0.09535385002674722,0.07637276188678056,0.059946820227194074,0.04622549482362567,0.0360159224645206,0.0282733880864722,0.022023978098744453,0.017555618490197922,0.013732338965983826,0.01102300261178766,0.009240378866547093,0.0074750621479593455,0.0061518612920482075,0.005037918122030273,0.004262248654772019,0.0035243399729381034,0.0038704805059945244
0.18537782262754685,0.13679703488536588,0.11843797056891098,0.09738792011292083,0.07740200377869785,0.059792706044344675,0.04643051377087008,0.036406904768641196,0.02777751580482805,0.02188626811149989,0.016939694874865997,0.01374100515877132,0.010624051002989635,0.008858877267768838,0.007364059616660222,0.005784362729841968,0.004713941257281538,0.003961030999783085,0.003381022889100565,0.003717396156542461
0.18787896885893646,0.13881144049815644,0.11936988617967957,0.0976949892026291,0.07783851408058892,0.060895914601754586,0.04684361572046914,0.036668626014905704,0.027640955197983253,0.021436003181059496,0.016384656731618538,0.013268035695762468,0.010453175244316059,0.008435151336076422,0.00671260133340458,0.00547569727126705,0.0044729719959891,0.0036635620950985917,0.00316534279688055,0.003849019120933698
0.19047828318420174,0.14001786126287608,0.12087900014596636,0.09880197698125824,0.07893642300744115,0.06114108043375559,0.04726642631915158,0.036038001484776344,0.027438541089537027,0.020822967888965104,0.016354513107938215,0.012783830063738656,0.01021607733393185,0.007938687840686326,0.006386421673339788,0.005392908544997669,0.004339753238334853,0.003617768974452744,0.0030025128191445115,0.003620908036469622
0.19327059170974847,0.14208448597895937,0.12119941122782875,0.0993639438310092,0.07976857546353243,0.061367088766673114,0.04746150909784958,0.03562951338325643,0.026967587683539674,0.020727985057628347,0.016026290531104544,0.012509052293588074,0.009849523782594152,0.007942454903476236,0.006318147472662464,0.005103844141889696,0.004026208844463925,0.0033915664827146364,0.0028794540818971415,0.0033554358532091088
0.19473101650874886,0.142394435852952,0.12275506919858384,0.10072299371207424,0.08020441646321838,0.06220885961675839,0.04725913947263065,0.035678679928093135,0.027048285931845474,0.020363145375901778,0.015827360719696672,0.012266557812021635,0.00974824746638197,0.007674252474742319,0.0059142612668482645,0.004730467002127377,0.0038559664643958973,0.0033143099374347462,0.002700432540212108,0.003253079199604356
0.19687344500273918,0.14367743019092422,0.12365416703947361,0.1014662692152532,0.08109766913268629,0.06260958561137979,0.047359820675949946,0.035423720565913044,0.026771460728127215,0.02032621782283901,0.015563707600081,0.012083653162422945,0.009499905032343946,0.007296027526492836,0.005603876564023113,0.00467303656333244,0.0036825474563580455,0.0030829169668743386,0.002586887556725515,0.002938503341134808
0.19920981362522328,0.14526343207001843,0.12429273926046339,0.10276973190777604,0.0816970491967903,0.06299680850062293,0.04765282009922831,0.03544070620945899,0.026730768627278693,0.019977468077160856,0.015053709451168806,0.01180572335945321,0.009116328112496429,0.006969832956232213,0.0054964711494105,0.004340062574727218,0.0035210052124685005,0.002869838918718757,0.0023473368083123335,0.002667428191264016
0.20110568289641867,0.1463453651498161,0.12626898677101386,0.10304180422355187,0.08195227527583258,0.06378614053935369,0.048010162872579844,0.03563121946629235,0.026203900472855875,0.01930945790171186,0.014772237165060419,0.011463030198473998,0.008779592700924542,0.006667032613724583,0.0051049614579330785,0.00421414176266242,0.003164919269465116,0.002601883581785247,0.0022552794397873326,0.002498372842546051
0.20262435058310183,0.14757734143240578,0.12723077647501999,0.10464440991351574,0.08204391706298755,0.06365305834157363,0.04827737753292212,0.036042441650578384,0.025940575410839568,0.019477013388582827,0.014688201409489728,0.011038910078322427,0.008282714130997789,0.006279920264946399,0.004950479509032979,0.003977335154055029,0.0031234794619453493,0.002564706251667687,0.0022539278931424716,0.002459543877823296
0.20387181570370555,0.14862872540316388,0.1287897086178719,0.1051017751442167,0.08291953035060591,0.06362946256324677,0.04854748095146976,0.03571932708263408,0.026470320680320337,0.019285362510233977,0.014089168138372786,0.010638631579937953,0.00815267683215649,0.0060619653628866555,0.004664498056720547,0.003712463651734208,0.0030223563400472407,0.0025596707560752974,0.0020954167463949737,0.0022569645943580595
0.2059520149576805,0.15057597108851,0.1286084463211258,0.10557587697558715,0.08304367467044792,0.06425559815036735,0.04889009492856827,0.035869572037168326,0.02644573135152431,0.019087669324833884,0.01385969645445248,0.010352421525507739,0.007789412923586583,0.0056985374851772136,0.004542517081495518,0.003435121688009385,0.0028845610886982925,0.0023763513047188227,0.0020877383409773943,0.0021551859357647933
0.20813704765429458,0.15095440317653472,0.13001116554488484,0.1064600204492564,0.08349851648799701,0.06449670365514776,0.0486845984481147,0.03584422183052209,0.026130825058493654,0.018783833796473446,0.01374522484772831,0.010063104146933552,0.007401878069740747,0.005672159529290737,0.004220011416456006,0.0034970737490512406,0.002786681637696887,0.002225268004441128,0.0018206738218154682,0.0020072889680652884
0.20999090738069848,0.15271524424656674,0.13047281620367468,0.1064698689408666,0.08436226249451309,0.06464068476829499,0.04853263936790621,0.03550981375807362,0.025907694237160595,0.01882956041888757,0.013326958048535774,0.00953000564369474,0.007430864739449425,0.005380322317677305,0.004199849501473633,0.0033862168432934095,0.0026588072991785287,0.0021195209130243932,0.0018028469304571402,0.0018326330971342572
0.2107616361071932,0.15438489265005478,0.1311549913806613,0.10755524212505876,0.0848111581256856,0.0652671994985112,0.048210311863344305,0.03531264692054539,0.02517473750195895,0.01837172856918979,0.01324243848926501,0.009727315467795013,0.007025544585488169,0.005171603196991067,0.004236013164080866,0.003032440056417489,0.002513712584234446,0.0020263281617301358,0.001686256072715875,0.0018649114558846576
0.21288463165945232,0.1547005225066529,0.13268753976786535,0.10759342901651524,0.08501155031203082,0.06504220487150475,0.04896736762590152,0.03475593892909645,0.02533232614194503,0.018403706129971574,0.013051695874172119,0.00903181115788352,0.00660420826293964,0.0052109616692630045,0.00395562924908867,0.0029510498716457867,0.002361780221226872,0.001927664015998044,0.0015421312127984357,0.001821093972837177
0.21485809394997044,0.15562099667274235,0.13338494788132207,0.10901117914688678,0.08502295227900694,0.06525844626627779,0.04791846573144031,0.034835118162313126,0.02497872467138824,0.017927696794830604,0.012889009392489457,0.00925613928405189,0.00654637551464354,0.004980699398021827,0.003900868722994437,0.0027411086366079833,0.002328923632932797,0.0018007626206189662,0.0014387294044631944,0.001655008988140669
0.21608876081956702,0.15773325661716173,0.13459768691336035,0.10931270567171855,0.08550456299218157,0.0646203098225442,0.047846747427682725,0.0343435515302211,0.024972995175974243,0.017499439522520217,0.012589186468897815,0.009028782674269304,0.006358871770591472,0.0048726265934413955,0.003739129480488329,0.002734189439820397,0.002149411537840461,0.0018374254721728813,0.0013890434883491235,0.001432941025226974
0.217737298213673,0.15953791459912223,0.1356236006373808,0.10906920156618936,0.08482272259364469,0.06428646411912818,0.04822189876174523,0.03501833958231817,0.02478076325878945,0.01780216439974493,0.0123982157098382,0.008876013142453355,0.006347171975300711,0.0047537200130985825,0.0034939998777883453,0.0026620205346916583,0.0019757550878435437,0.0017140968010315922,0.0013490286523658139,0.0012879228249067355
0.21919365064456292,0.16028835090520582,0.13546543937508324,0.10993182583104384,0.08594954641870366,0.06460970092594766,0.04818684888189667,0.03469759942392436,0.024743074960277382,0.01757969959533816,0.012330836483747002,0.008555036356947737,0.006314916132466088,0.004481805871901441,0.003420449119840955,0.0025046767010277016,0.0019693020561830287,0.0015591612463897436,0.0012398149670087117,0.0012554691963901348
0.22046192619713373,0.160776083658295,0.1369572304490113,0.11066041402831243,0.0855187265682796,0.06511980740536404,0.04775368951638182,0.03486545960653519,0.02441444208995271,0.017279914235201185,0.012131205095733079,0.00856080649003799,0.006264654621142775,0.004529610171404209,0.0032600654520833073,0.002344739382844532,0.0019309618446954975,0.001481135505874387,0.0011927451004977872,0.0011770717089012327
0.22243355233394546,0.16151725627767838,0.13778097121057717,0.1107463709923593,0.08576089015373876,0.06479381225432876,0.04800950515880284,0.034592391176733024,0.024323313155221196,0.016759260563766122,0.01210060565644612,0.008576871719491367,0.00615831599643713,0.004340877035617733,0.003077592589983578,0.0022980192889602716,0.0018487471255191287,0.0012805039362190063,0.0010832624986107002,0.0011693599515349607
0.22424735557363715,0.16257119609438575,0.13869938035926646,0.11134130312323967,0.08569662640045064,0.06466170119546849,0.04800650935720098,0.03440257870689116,0.024172247605933537,0.01673812355260687,0.011690242223195849,0.00832133692182512,0.005816173249045504,0.004268636164486449,0.0031811353821117874,0.0021155410903173307,0.001611691806972522,0.0012987419415409643,0.001001439569380985,0.0010781122864117164
0.22582438752400258,0.16223996591873746,0.13925234230368042,0.11129975535417257,0.08611000604566516,0.0650457183847737,0.048072435212710325,0.0347281173548179,0.02407615658585941,0.01666160250848116,0.011767119726096911,0.008045746576994523,0.005746514345141697,0.004142690227010026,0.0030024715180257924,0.00206429705829838,0.001506717579729167,0.0012106992610505674,0.0009350419907466865,0.0009632342115732198
0.22630158938822006,0.16381215296687887,0.13848147383049444,0.11202244799589352,0.08618941200773722,0.06626102524617052,0.048090104978497236,0.03450299536141524,0.023867427870319948,0.016440058342253695,0.011587072057691222,0.008144127902245427,0.005658948211860002,0.004059544154193818,0.0028482538013233447,0.0018764045647179605,0.001417867002197225,0.0011048720789748787,0.0008748208104064552,0.0008654309627097848
0.22761677591420462,0.16480257185608113,0.13875063388614467,0.11185664469194699,0.08644172316861683,0.06572068941770123,0.04838820752649799,0.034522535043730325,0.023892029625177644,0.016399651910423276,0.011161091598895632,0.007952532101246487,0.005711235905815478,0.004008351645599736,0.0026670172604849477,0.0017623599972453336,0.0012928147049064349,0.0010721284175071524,0.000809183053797369,0.000815443657695221
0.22738713918978146,0.16616054098052715,0.14031838958111578,0.11205622691127669,0.0869200425771711,0.06595235113643477,0.04856771648613111,0.033966251330536594,0.02367729008828502,0.016207501095736022,0.01113424331601027,0.007687370859683177,0.005261098240561017,0.0038507294471229097,0.0026438544862563396,0.0016608227412184583,0.001247573727380878,0.0009376369670026927,0.0007623192035564461,0.0007325777972575292
0.2287864496076011,0.16683639071257508,0.14084123684247574,0.11302526463654804,0.08732106627372033,0.06561359544357419,0.04756966116197619,0.03382435985877708,0.023174762581870338,0.016285687022602236,0.011025023737902272,0.007591435896713925,0.0051198783618266385,0.003707336302330932,0.0024559147656791403,0.001730090274421101,0.0011638220290861659,0.000850966644923218,0.0007180031066539651,0.0006773319067127816
0.22776908635794751,0.16833072590738424,0.14194931163954944,0.11325406758448055,0.0874984355444305,0.06491395494367962,0.047417083854818506,0.03384073842302878,0.02362797246558198,0.016106070087609514,0.010739987484355444,0.00746558197747184,0.005200250312891114,0.003545056320400501,0.002440550688360451,0.0015519399249061332,0.0011373591989987488,0.0008182102628285359,0.0006351689612015022,0.000671151439299124
0.22945336795268478,0.16734825471203488,0.14245424908717286,0.1144676648684011,0.08801797952575245,0.06545279826715435,0.04739032379736099,0.03353788800045074,0.02331328478485763,0.015880766696559506,0.010531356962762283,0.0071695863050102605,0.005073957389400408,0.003457239936207743,0.002468115608601,0.0014962070525190584,0.0011409361310527127,0.000812271401942878,0.0005728156707342839,0.0005587300394867195
0.23226804962630038,0.1677986153711331,0.1419745358488676,0.11407382600748651,0.08879746360028544,0.06605624898281108,0.04708332811697988,0.033069594501546125,0.023115227161761204,0.015473790953591146,0.010498954642763252,0.007099978717277814,0.004941973283924033,0.0033848917710980636,0.002250334889893211,0.0015805551034715872,0.0011142131026453171,0.0007558496187888876,0.0005461522090213703,0.0005696257996669878
0.23160245655331296,0.16930278709871283,0.1432269494666199,0.11455150999148596,0.08850071367756798,0.06613725146491713,0.04707298292182101,0.03290585716432113,0.023042707968147433,0.015517791856563327,0.010240334051184454,0.007135210597485852,0.004890882456052484,0.003242850703661038,0.0021425977863474732,0.0015071743376571338,0.001048605198577653,0.0007308934742324835,0.0005509089998497522,0.000491435869184154
0.233298028288884,0.1702073402159918,0.14317316733183036,0.11514242221808507,0.08843522515179342,0.06634480147561526,0.04727694851773569,0.03295259163536406,0.022536299791455137,0.015275559261629152,0.01026453751695503,0.006720995758701232,0.004632418166088074,0.0032728871338926855,0.0020698038614436055,0.0013845626737547928,0.0010090880503636625,0.0007055793964558327,0.00048342357761608037,0.00045682745845920873
0.2336018483924269,0.1703760096671674,0.1453654967789135,0.11467880586095473,0.0884317584583807,0.06577707049184683,0.047379125233902,0.033117552068107875,0.022635928909426582,0.015047890309540072,0.010023589514312379,0.006661028527836095,0.004592842481760725,0.003199982491546701,0.00209632463173626,0.0013615948950352595,0.0008504105888624352,0.000672199546343469,0.0004502173705742302,0.00039706670877032814
0.23388557184365508,0.1710135771231262,0.14535591078694762,0.11546028042498487,0.08876736235999862,0.0660465581789578,0.04765598366116305,0.032644833593449454,0.022350177806830157,0.015059628622990097,0.00979735963894423,0.006410116067044278,0.004342740258156127,0.003015053373325535,0.0019970037125190392,0.0012276021255500753,0.0007991142498803679,0.0005786150145904813,0.0004628920116723852,0.0004284878756697079
0.23506809726438058,0.17107434010005432,0.14422952116887403,0.11606638799098604,0.08938264422873923,0.06652717244269712,0.047448366025337294,0.03291250490653732,0.022430108233130505,0.014784511136862287,0.009775542534009534,0.0064070385157314145,0.004166060679987426,0.0028023951721236743,0.0019203913344686783,0.001133781528900482,0.0007428223810037641,0.0005332682777311234,0.00043474657246115033,0.0005098107288573202
0.23552310066176088,0.1706351998023941,0.14471349488866692,0.11613255228974279,0.08966211579018132,0.0669343101068229,0.04755361076326843,0.032978611974855285,0.022774705818899812,0.014595322180481105,0.009542614244821833,0.006197071242869223,0.004166295373926963,0.0027483479427255547,0.001843175326776694,0.0011443633072099576,0.0007206987494860525,0.0005002681124415114,0.00047994472037357497,0.0004674380175625373
0.2349457752521345,0.17081850533807832,0.14581995101877512,0.1168719533256126,0.0900995097188815,0.06656851666908913,0.04803723448315743,0.03305841956623328,0.02226660852685919,0.014606845180882008,0.009428963939253281,0.006067170232418569,0.0040572833393504905,0.0026553637879647473,0.00171762495760639,0.001103406023721666,0.000742376574033699,0.0005423256235572495,0.00041260508535767673,0.0004219824736612604
0.2351811299505724,0.17108646687105053,0.14641650503660142,0.11764061815679154,0.09034599261715573,0.06635487705687294,0.047527060001251335,0.033452731026715886,0.022325283113307892,0.014352749796658957,0.009411562284927734,0.006122129762873055,0.0037915284990302197,0.002524557342176062,0.001701808171181881,0.001143402365012826,0.0006632046549458803,0.0004676844146906088,0.00038634799474441595,0.0004019896139648377
0.2363394810878399,0.17197718036886533,0.14568927789934363,0.11774460768990314,0.09042513285401688,0.06714910909659266,0.04726164426383246,0.033072835261019055,0.021958424507658638,0.01471553610503282,0.009288840262582055,0.005904970303219756,0.00379493591747421,0.0024179431072210056,0.0015473585495467338,0.0010643951234760862,0.0007611753673022819,0.00048296342607064723,0.00034385745545482976,0.00043138480775242266
0.23713212008613777,0.1722676525277547,0.14713476301957493,0.11797648258400698,0.09027885293561091,0.06690374874304274,0.048068547371845106,0.03218279716189609,0.021376483522326538,0.014482962462525863,0.009295619142344646,0.005833219953052744,0.003640679906355706,0.0023911510209698784,0.0015372802181905757,0.000997746469181676,0.0006708984878980239,0.00046446818392940073,0.00028305973498727807,0.00037532782539749564
0.23870832630045705,0.17293999237323623,0.14671674074629762,0.11781005607546752,0.0900489488194145,0.06664509917918517,0.047232797584441384,0.032787269556084846,0.02170814500853322,0.01417515300413221,0.009238073804567306,0.0056309896663603465,0.0036633471490282138,0.0023271006420234686,0.0015409813519376358,0.0009142739258453517,0.0006313960103273884,0.0004469783637466163,0.00030944655951688834,0.00035476954045623055
0.24007655352888338,0.17305628246689847,0.14575948131078398,0.11762684060461663,0.09043159004804127,0.06695465375151348,0.04739288364644771,0.03267429598093973,0.021486544545561072,0.014468616958950119,0.009319220403858922,0.005655587235870795,0.0037386243799554736,0.0022356755067765486,0.0014685779010272235,0.0008405265008006875,0.0006014920126547667,0.0003968284966605476,0.00035152130609694167,0.00033746045385306416
0.24020285413962694,0.1733475150055524,0.14663661651540066,0.11697536793473931,0.09074395990397698,0.0674910154108546,0.04716967871015504,0.03268812972169251,0.021656725439389752,0.014211347524376704,0.00899005564900674,0.005611756418846629,0.0037828204972019303,0.0021850395852954186,0.0014119197892116216,0.0008730787192138233,0.0005685163753020246,0.00037640781991150527,0.00034048508191165207,0.0002748870386075722
0.24032742513697417,0.1737984878934587,0.1463036527468269,0.11857440670602684,0.09007941841094418,0.06752909039196625,0.04737912992927043,0.03204553197208321,0.02183459342211776,0.014152167050579617,0.00895762163581298,0.00563054967791943,0.0037161940422127137,0.002158142965641613,0.0013127010073417497,0.0008094989545274118,0.0005422705351756989,0.0003891220843191616,0.0002609774621738954,0.0002812930730018035
0.2398798537866842,0.17510279158663955,0.1462727012738187,0.11806615855612008,0.09094418233219301,0.067174360473021,0.04691922167507701,0.03263076136880416,0.021900741849732838,0.013924333515136266,0.00889688335596754,0.0055963005968241285,0.0036053240650302312,0.002242583456141475,0.001292415692145645,0.0007563835489703648,0.0005000882968399107,0.0003750662226299331,0.0002594208039857038,0.00024066749285420714
0.24038810414503242,0.17512542695209382,0.1467229471893102,0.11895542182241295,0.09189009971599087,0.06622136449510177,0.047105483753925474,0.032255996096438,0.021533712012211145,0.014006530959500536,0.008682923167390246,0.0056473406983872775,0.0034203085315350256,0.0020112102293342667,0.001266780937605565,0.0007757078333979761,0.0005020205937918352,0.00036908679169742373,0.0002220776458518398,0.00022364157293530346
0.240821240930698,0.1737334250688016,0.1484269452089067,0.11884694771078312,0.09164373279959968,0.06732080310232673,0.04724637227920941,0.032186639979984985,0.02154584688516387,0.01364460845634226,0.008750312734550915,0.005458781586189644,0.003374405804353266,0.0019326995246434827,0.001174318238679009,0.0007458719039279452,0.00046753815361521114,0.00032993495121340995,0.00022204153114836118,0.00021891418563922934
0.24114099903011327,0.17432033747682663,0.14792567638271326,0.11888217829359296,0.09170661006651767,0.0670643045787709,0.04771342582397417,0.03226552091972118,0.021579587712270087,0.013672122083897535,0.008768025288896593,0.005455417230872072,0.0031751684026232237,0.0019304024326819008,0.0010557864437645346,0.0007637271760367713,0.00046385883697938867,0.00033579006717363144,0.00020772129736787442,0.00016867594071977776
0.2411159696025538,0.17428661208550172,0.14821959825469502,0.1193995550754386,0.09143465502713163,0.0672123740930715,0.047222035490784936,0.03247042564866594,0.02146925158561046,0.01385738338708593,0.008823451245116541,0.005334092070931544,0.00322202923745308,0.0018885062197201948,0.0011099664039746179,0.0006847398379449049,0.0004314798978830909,0.0002829632663653603,0.00020948661708816723,0.0001625866281878313
0.2417649200043117,0.174634469463222,0.14829627384599517,0.11929129491311476,0.09124710786021495,0.06752101634596004,0.047222530335246066,0.032007648840722575,0.02140300610688693,0.013841652124599865,0.008714304238263887,0.005449174109549021,0.0031495226504732864,0.0019215837599613806,0.0011451389398794251,0.0006858335533520704,0.0003858790152117569,0.00029683001170135147,0.00023121495648315807,0.000139041426533791
0.2425252804729547,0.17564477125255773,0.14875969755659865,0.11867167508437247,0.0914364498384457,0.06624898588920516,0.04729078054095287,0.03191068634393324,0.02123262724648013,0.013793469986228416,0.008914795935115665,0.005339811137007738,0.0031451112434600615,0.0020024291763779006,0.0010942235936491258,0.0006424655671282728,0.00039704684683839717,0.0002329133077910284,0.00020790248279333403,0.00016413353904736895
0.24264631218160326,0.1757948887788402,0.14948580034087297,0.11879316566711608,0.09025168679046613,0.0669467178861496,0.04730824328525391,0.032359507030702,0.02113506665146121,0.01349588593406558,0.008695231057878113,0.005366172957925139,0.0031369069285338206,0.001955880216396586,0.001129473958829658,0.000654563746541669,0.00039836218464946464,0.0002155842411044162,0.00017496692031662754,0.00014840944133999662
0.24439404407236393,0.17535942829096884,0.14845896781010562,0.11852145940859625,0.09135683984456817,0.06665718403291203,0.04697186158689271,0.0323587061519368,0.021203064870593313,0.013325184520590344,0.008673483742493349,0.00530662773576589,0.003288702431826638,0.0018647442971336395,0.0010910239056154906,0.000579899525764107,0.0003673218020338685,0.00023758686769850235,0.00015318100680561335,0.00015630714980164627
0.24354114978158023,0.17690125177329338,0.1489941442257816,0.11837788179710394,0.09083793191803165,0.06674457700311849,0.04750239043077749,0.032278627361526875,0.021237336966371475,0.013534837794429199,0.008175898208270579,0.005174579565410309,0.0030794372957197226,0.001899845637541949,0.0010827245286320487,0.0005905770156174813,0.00038903089124008673,0.0002218569741208526,0.00015155018654734303,0.00012811459068950648
0.24400429151706998,0.17749046199399365,0.14824474140798619,0.11903493963297224,0.09067469582232993,0.0661234076644496,0.04764552193936593,0.03236284870528303,0.021327965293058464,0.01354139174460788,0.008317547276182861,0.0050301952265461875,0.003120251494144453,0.0017803236753376763,0.0011150448282378077,0.0005825094130710118,0.00030452904972881324,0.00017647068009926098,0.00014992199371264645,0.00013899018167109928
0.2453877420947227,0.17664674400367417,0.14873574925563393,0.11872522034173669,0.09068769116852196,0.06592131120907548,0.04721921073761759,0.032578709098918676,0.02177016974358815,0.013059602400717346,0.008271602238253389,0.005134798216645682,0.0030540098915553117,0.0017902277932083824,0.00115443136054188,0.000615488438502707,0.0003139928328402136,0.0001577774931187143,0.00012341011837998446,0.00014215595914656435
0.24493954943953233,0.17689167621861518,0.14794536805974157,0.11860084515224295,0.09168933627751978,0.06583192526680386,0.04747188291549414,0.03254117228175489,0.021531705702122875,0.013519000309202042,0.008326592312425237,0.005172106852729255,0.003059226245319025,0.0019301703109822939,0.0010041258171210477,0.0006074726949612563,0.00031388691950440245,0.00019364168168430797,0.00013586150247205475,0.00012024523782009441
0.24539409663376605,0.17666675517915192,0.14951789331954618,0.11914665633673897,0.09088097517849587,0.06642809948595074,0.04717038601336121,0.0320925444892387,0.021427310683509032,0.012967599744459242,0.008117636216809766,0.005020219896252955,0.003030250964135261,0.0018072166832497404,0.001069959747645698,0.0005248269711079629,0.00031083502157882323,0.0001905621740332484,0.00012964475774393134,0.00012964475774393134
0.24577332987555114,0.17618442060796558,0.15037603381960996,0.11947939547134678,0.09088863962306006,0.06603478820562975,0.04636292340908168,0.032316724522029286,0.021087264217265377,0.013490037525269408,0.008206504588331234,0.005049195284501536,0.0030588874898063137,0.0017184761178687155,0.0009982783993800995,0.0004952335721494387,0.00031557470528134575,0.00019528137703053573,0.00012966683434827573,0.00014060259146198573
0.24530582603874657,0.17737363641332785,0.14979189929956346,0.11951617563230599,0.09061789900283458,0.0661440072464334,0.046399037973497405,0.03204360353888321,0.021217681922178933,0.013622982438331141,0.008350577450161248,0.004994416810476094,0.002957919149168769,0.001758509483613534,0.0009573413085746857,0.0005747171314118833,0.0003560747444617104,0.00020771026760266434,0.0001296237008347454,0.00013587062617617893
0.24478330154587438,0.17656155892391084,0.1496985419594459,0.12097062587833768,0.09077933647861873,0.06615764906645251,0.04623349979923713,0.031911890182694226,0.021398501806866085,0.013774217024693836,0.008543402429231078,0.005066126279863481,0.0029549789198956033,0.00167354697851837,0.0009724452921100183,0.0005285710700662521,0.0003325135514956838,0.00018821521782774544,0.00012547681188516366,0.00010194990965669548
0.24137243039375963,0.17592872681401003,0.14858663611672482,0.11995089268474783,0.08995713568550723,0.0649674334187187,0.046095228287873144,0.031308327004518126,0.02100415770978413,0.013454632049120186,0.00839747962979649,0.005126340314338305,0.003098974088328806,0.0016862538133793298,0.0009380591347329671,0.000564766305816932,0.00029445080901566547,0.00023169899725822854,0.0001222855818862873,0.00010619537374335478
0.23988605792055703,0.1750451020731128,0.14867858838423803,0.11875454977053328,0.09006646621300837,0.06482513055863272,0.04539325842696628,0.031232789998417478,0.020696312707706912,0.013141319829086876,0.008053489476182937,0.004901091944927994,0.0029213483146067402,0.0017012185472384874,0.0009416046842854879,0.0004636809621775597,0.00033233106504193695,0.0001772432346890331,0.00011077702168064564,0.00012343725272986232
0.23724304020646217,0.17423758480152285,0.14795709777567675,0.11808811692708666,0.08884676316898976,0.06462642613483922,0.04488891160199818,0.03074254832568895,0.02037152968532407,0.013327094326123338,0.008044167060597154,0.004810210678284421,0.0027069412681580674,0.001549105032515236,0.0008671794151090448,0.0004407762772929951,0.000271492634564526,0.00017726872021566105,0.00009741794534374166,0.00009901496084118003
0.2354249624176326,0.17207251867851708,0.14684646114128072,0.1177124812088163,0.08750333976069606,0.06346028179532658,0.04436006966016525,0.029587865482486774,0.02012708795400626,0.013050014324756713,0.007963920927342905,0.004781893507505206,0.0025848943026096816,0.0014501804275537501,0.0007790092418823696,0.0003991617603033631,0.00026074276277880974,0.0001496856601137611,0.00009657139362178136,0.00010461900975692978
0.23162230106798368,0.16967795162385707,0.14495175514663097,0.11526086907191267,0.087066035396308,0.06300439090568707,0.04355733057571273,0.029522316790311164,0.01943247260343913,0.012671871783608905,0.007843334300445573,0.004666451632771815,0.002604719615791701,0.0014247346249414464,0.0006726562791248014,0.00038738518243572876,0.00023502448306770166,0.00014263554834453618,0.0000923889347231655,0.00010859751976231731
0.22856686173578905,0.16678246857038473,0.141416958617945,0.11176840924066568,0.08515191252552536,0.06128530327050671,0.04315170375589611,0.028767802503930733,0.01873544321139882,0.01216572394130964,0.0077880857782214145,0.004544001461387403,0.002580262136365711,0.0012933930936397037,0.0006426190149987935,0.0003441436856973234,0.00021855570560872664,0.00013700506918755997,0.00007665759823589666,0.00010927785280436332
0.22236922784341115,0.1620941907094633,0.1366709620725498,0.10901641763149353,0.08267016857008888,0.060337336913931214,0.041714621102574935,0.028029982588850956,0.018280067021447514,0.01210910986730147,0.007351374038042214,0.004393773956724604,0.0024460860982959383,0.0012509140033510721,0.0006377530108827881,0.0003442882578030477,0.00017870200047872468,0.00009508913786941308,0.00006721818366630926,0.000047544568934706554
0.2153475019663389,0.15616935743177177,0.1318329246756159,0.10537103207647042,0.07990673699866606,0.05816405779799724,0.04018091966949016,0.027108269836113693,0.017561014218650285,0.011669417617407338,0.006905683337812905,0.004425705367404447,0.002392585129695921,0.0012465846712957388,0.0005474419455954834,0.0003083483247781787,0.00014180725096750468,0.00011377558507857936,0.0000725525470066303,0.00007420146852950828
0.20703814548456526,0.14917718451019027,0.12644408378539795,0.10170254231539802,0.07680548731158457,0.05646464796864584,0.03939621043297283,0.02594759855670206,0.016725976881424243,0.010899182561307902,0.006999763420900689,0.004261732586206612,0.0024319669649548585,0.001201093888814441,0.0006402525275085243,0.0002878654774844529,0.0001952191169147439,0.00009760955845737195,0.00007775676690672003,0.00007610236761083236
0.1966758910854951,0.14298015090883756,0.12059434456854287,0.0976494322668844,0.07476092828180265,0.054239914524809765,0.03802915978153391,0.025251017008766537,0.016443024282121223,0.010551673336120566,0.006576546085594647,0.00403485370337189,0.0022281285047814335,0.001257573646034495,0.0006420593680941287,0.0003367908313258607,0.00017420215413406587,0.00008627154299972792,0.00006470365724979592,0.00006968086165362638
0.18655122530210133,0.1353417378464448,0.11485594522472616,0.09294849919012367,0.07101774736186742,0.05205515482538132,0.03643694367822023,0.024406160054202618,0.01639229643637768,0.010339448884568074,0.0063724698647764574,0.0038154913610417025,0.0021291507202322595,0.0012285482654663075,0.0006642151191342233,0.0003612398016344022,0.00021474624152459848,0.00009155847506862727,0.00005659978458787866,0.00010487607144224575
0.1758512186006781,0.1288573449721043,0.1100344358132458,0.0893095485972078,0.06832105389605192,0.05024558874562878,0.03547689597181069,0.023914871466324983,0.01591321641173487,0.009618336403192656,0.0061680814713969195,0.003872360588345213,0.0020271081925202212,0.0011044819946077256,0.0006256506767037716,0.0003987480312858705,0.00020354502015429386,0.00007174127759536583,0.00005505725954993192,0.000053388857745388535
0.16776687063141998,0.12371014900479266,0.10478061229616083,0.0849149811943828,0.06652466164960259,0.04817453220399154,0.03462209584668816,0.023239924844514558,0.015340895770326983,0.009849923471352832,0.005923015865041649,0.0036204581001470283,0.0020312745955033975,0.0011537907636453757,0.0006346686493782254,0.0003968772292945632,0.00019592673344921477,0.00009042772313040683,0.00005023762396133712,0.000048563036495959225
0.16072552584005997,0.11801376726573239,0.10129397526860606,0.08231992359352158,0.06335090749478393,0.04724042023563142,0.03315087761703097,0.022718841951722264,0.014895234834102931,0.00942156334503266,0.005753985239047204,0.003587008884435203,0.002197189812693346,0.001198467170560007,0.000609304737973785,0.0002853493263238112,0.00017288812124325025,0.00006714101795854378,0.00004532018712201705,0.000025177881734453916
0.15501228988665064,0.11359318625819186,0.09751882151587601,0.07905372916519558,0.06175037575782029,0.04519685674800521,0.03278592059825352,0.022439550906358127,0.014786532570721489,0.00916109334597628,0.005699413918674913,0.00347681061469608,0.0019821855487072923,0.0011718264015682638,0.0007229345088584698,0.0003110299631135278,0.00016476181829797683,0.00007397469392970385,0.000031943617833281215,0.00002521864565785359
0.14904041228851442,0.11003059164614035,0.09550418972544965,0.07776036151008582,0.059742100805956024,0.04422908883362825,0.03195202313987808,0.022097708067810074,0.014347936621247812,0.009310500999237312,0.00579675496209296,0.003542367830451231,0.0021500017678166444,0.0010489045429520516,0.0005943231198428158,0.00030305428207282384,0.00015321077593681654,0.00008249811011982429,0.000042090872510114436,0.000020203618804854928
0.14468692623393456,0.1072267523490658,0.093478304892537,0.07606112971163198,0.05859839075494115,0.043234960578896225,0.03168369964359003,0.02214905767361486,0.014566907873420461,0.009445201965655039,0.0057157225402311275,0.0035911005508154196,0.0022376876552543464,0.0012015336429420016,0.0005940166324657088,0.0002497569931958094,0.0001501917053677503,0.00007762717356085969,0.000030375850523814666,0.0000033750945026460742
0.14249741004446442,0.10551470401836038,0.09110390411502949,0.07430003599742438,0.057702350310710186,0.043093818076115106,0.03138536003339479,0.022152781181290132,0.01457980189586435,0.009310319768670075,0.005965770336432269,0.0033935600100725174,0.002012813731073889,0.0011356933898250654,0.0005712267347632028,0.00023322274969621897,0.00012844151432545392,0.00008788103611741583,0.00003380039850669839,0.000011830139477344437
0.14056941306964982,0.10472831306559177,0.08982678858874295,0.07236530631568981,0.057751227562324994,0.042941009374112306,0.031761061587782545,0.021795149268873344,0.014377358745789768,0.009247298010199252,0.0055916647503618435,0.003403695537489687,0.0022150229280235912,0.0013256320424202253,0.0005799640185588486,0.00025193772234772144,0.0001251234325753785,0.00007777943106037037,0.000028744572348397742,0.000013526857575716585
0.1386334616960818,0.10442936153926916,0.0897201421134808,0.0731328977805776,0.05730600798626281,0.04247486088390793,0.03073254825457144,0.021467738275468492,0.014175785840809871,0.009088692224062427,0.005733987678530908,0.0034427634230517834,0.002182844098531111,0.001281934043900738,0.000629959662260336,0.0002844979119885389,0.00012023423661420388,0.000044029438760131005,0.000025401599284690967,0.000008467199761563655
0.13973891559715984,0.10333306803807381,0.08974374171305098,0.07282016198815652,0.056496036658160276,0.04234959028816145,0.030697483815578023,0.021119760489181877,0.014139672874011282,0.009315250356878569,0.005940355981081626,0.0036729281992491578,0.002279281399810681,0.0011989087897964063,0.0005926808989106527,0.00027940670948645055,0.00014055004174166901,0.000040640975925301886,0.000030480731943976416,0.000020320487962650946
0.13925959346504557,0.1036165463525836,0.08991498860182373,0.0724632273122015,0.056807696482848474,0.0424887375162831,0.030456198436821538,0.021473349978289185,0.014120508575770734,0.009084617889709079,0.005726226660877114,0.0035025645896656532,0.002140550369083803,0.0012449793747286151,0.0006699820885801129,0.00031718139383412936,0.00012212331741207123,0.00006784628745115068,0.000028834672166739032,0.0000356193009118541
0.13849126315611068,0.10327949426300358,0.0894801959222412,0.07328610409640188,0.05732928834127078,0.043019846448485666,0.031156042913072213,0.02181075538531939,0.014123010694371479,0.009535108384319443,0.005728522278528211,0.003721844651966849,0.0021337898072979343,0.0011558734301645678,0.0005982746640001358,0.00033049166991508915,0.00017117773672525128,0.00007626730844194364,0.00004067589783570327,0.000032201752453265087
0.13837432320043455,0.10319262691583077,0.08996045284043651,0.07365106845222942,0.05774733947757015,0.04345944294516015,0.03184479861500076,0.02185277593903288,0.014573043433983399,0.009686508138567815,0.0060967123241169804,0.0038834292309520165,0.002206493881222736,0.0012967394809647469,0.0006551589524245974,0.0002885415075445118,0.0001799141164689309,0.00005431369553779044,0.00003224875672556308,0.000018670332841115467
0.1380270174914849,0.10389894562577179,0.0902256659384202,0.07484428643154709,0.05813306555575154,0.04390511988927035,0.031629530620276014,0.022044156161372182,0.014397568290068262,0.009269876379031932,0.006031780494755267,0.003848737329190018,0.002379805408926221,0.0013552847624604774,0.0006513508745742475,0.00032567543728712365,0.00015266036122833912,0.00009329244297287393,0.00003731697718914958,0.00002035471483044523
0.14071823730103716,0.10431023936712472,0.0907651320529027,0.07379127077981217,0.05867111147358263,0.04403519145292175,0.031744009025540636,0.022038834291617397,0.014957047125827452,0.009688183881798042,0.006203360110916283,0.0037549783196726876,0.0022122089467030955,0.0011638733705772813,0.0006626432328834159,0.00039588685451752794,0.00018010303252728738,0.00011213962402642418,0.00003398170425043157,0.000015291766912694205
0.14001885730177785,0.10449861961837707,0.09114588632709958,0.07419296853272557,0.05846272291297831,0.04456563765491139,0.03152154005819987,0.0224049164648664,0.014782293129294612,0.009625363749211453,0.006220196305868146,0.003920690801299661,0.0021960616728732966,0.0011734939595585494,0.0006511873995238191,0.00037985931638889465,0.00022214986806671957,0.00009326902857763038,0.00004239501298983198,0.000025437007793899187
0.14102031084812092,0.10551493235090982,0.09125542389074329,0.07493241878800115,0.058390506557880584,0.04389681838005331,0.03208431827399366,0.02204004473171998,0.014897563343068198,0.009898335457354688,0.006309276741032869,0.00396408565547412,0.0022722220430992503,0.0012744128113275108,0.0007517508327804091,0.00040048125628933763,0.0002392705810881211,0.00009333249616912524,0.00003393908951604555,0.000025454317137034164
0.14232535138037145,0.1058061806363546,0.0917492721739263,0.07526712360087183,0.05891368888843727,0.044143773382312346,0.03126561290661301,0.022145558440326733,0.014929114228470491,0.00972297728708441,0.006291736739508551,0.004068035436958153,0.0022643477848513943,0.0013108490542071641,0.0006808285785417058,0.0003844479784302669,0.00018629637721290462,0.00008976098174803585,0.00003217846515495625,0.000018629637721290455
0.14153025285002901,0.10492649077787232,0.09108906192266364,0.07592789079210975,0.06013281490998211,0.044598758631443726,0.032152869351213725,0.022198530832516928,0.014866252877147906,0.009595012830638953,0.006113621494455871,0.003872920741566861,0.0023661257572110887,0.0012898436255283946,0.0007576348234049834,0.00038644460791126685,0.0002033918989006667,0.00011186554439536672,0.000049153042234327806,0.00001864425739922779
0.14372008940533243,0.10624175391826668,0.09171508324938862,0.07574015472956246,0.05928699586551215,0.04369702581426348,0.03246370028185066,0.022281803165817047,0.014959113001421127,0.009725712851507782,0.006244128111464979,0.003983557016249656,0.002318230072887731,0.0013108938159050597,0.0007020828457758013,0.00039852528685341385,0.00016788937616377868,0.00009327187564654366,0.00005087556853447836,0.0000135668182758609
0.14394621414163294,0.10665791219353705,0.09233825659631496,0.07605392123681756,0.058921778331325225,0.04445997536112202,0.03211346067932906,0.0223459054787659,0.015206384447723608,0.009820014350115742,0.006212178645403225,0.0038769003749983097,0.0023708151136502095,0.0014011669622429502,0.0007530426306740493,0.0003587528937143785,0.00019291429190301487,0.00008799599279786645,0.00005245914955257422,0.000011845614415097405
0.14339327017602035,0.10722304660996154,0.09263279363666668,0.07592244475991139,0.05920701983550221,0.04480119659363361,0.03221598244364318,0.02269331704486042,0.015058941373341612,0.009911829052251145,0.006353519646842443,0.003969469265377463,0.002292681523694144,0.0012842400564456503,0.0007698672275135322,0.000404391796430185,0.00018612174731096387,0.00009475288954012704,0.00003553233357754762,0.000013536127077161001
0.14377144945881362,0.10683776593944404,0.09283934989947945,0.07636684243659082,0.05909050910100115,0.04494994280144316,0.03233918405750994,0.02229389904623946,0.015413149575918389,0.0100063629163818,0.0064035307416859,0.003956515558684364,0.0025333206977547003,0.0014587324258280244,0.0007869032227494566,0.0004264507787803506,0.00019291820944825384,0.00005584474484028404,0.00003384529990320244,0.00000846132497580061
0.14314618706738444,0.10670802308973049,0.09289306209379569,0.07620287184861524,0.06016852460679001,0.04478325910024424,0.03264678290413368,0.022636725517870868,0.015621909889199719,0.010339669204959392,0.006685203809974562,0.003933367703112718,0.0024847660178666515,0.0014942402447579042,0.0008789648498575911,0.0004631468631941921,0.00019607677419900105,0.00008620616796680219,0.000037186974417051915,0.000006761268075827622
0.14424670377471638,0.10755365604385395,0.09188212140920494,0.07699103832152239,0.060060983335163416,0.04499083560683485,0.0326066574881961,0.022470923112008313,0.015338744689297508,0.009992144805858453,0.006456462797631617,0.0039715185864029135,0.0025271764377961543,0.0015372530470551477,0.0009409340079227652,0.0004341472891133765,0.00023481117971501687,0.00006757156250791853,0.000030407203128563342,0.00003885364844205316
0.14419350482749313,0.10643947066369591,0.09266592397542367,0.07694787657821887,0.05965161028964956,0.04504084801836474,0.03237458645601242,0.023031868206063066,0.015314631017487002,0.010262642630477346,0.0066521504287353995,0.00394301532644656,0.002660184997636891,0.001502261832421848,0.0008827898183782323,0.0004591182229424077,0.00019748835325096201,0.00008946053608804265,0.00004051043143609479,0.00003882249679292418
0.14406120551187757,0.10719249302561504,0.09313720517372556,0.0765474680869051,0.05948431820103136,0.04604953926790091,0.0332031448135937,0.02323442387353114,0.015416349649167303,0.01037281257925437,0.006681883506636233,0.004135598951728801,0.0025276861949446276,0.0014540535970918931,0.0008555245582889509,0.0004869388790261221,0.00021810803956378395,0.00011497167977005669,0.000055795079888409836,0.00002028911995942176
0.14446380966709665,0.1074561366437158,0.0928133235737119,0.07647159257074175,0.06029214626584601,0.04570511856080522,0.03344417152816401,0.02288721382530391,0.015417046317067112,0.010227316909896493,0.006697624726778496,0.004057117451859766,0.0025745791163260096,0.0016279183775587307,0.0008824230457794995,0.0004885445598281135,0.0002924505496548914,0.00011833259234590986,0.00006254722738283806,0.00002873791528400667
0.14342135243930224,0.10674869405976523,0.09383697477573272,0.07697916402946912,0.060317138830518945,0.04561465691114543,0.03265905465961163,0.02271787471412779,0.01550418997949315,0.01024329729866579,0.006687089124619187,0.004346101589069766,0.0027680025654657926,0.0016574259263947616,0.0008607812856021677,0.0004759614167447277,0.00029536612741250826,0.00014346354760036117,0.00006076103192485885,0.00002531709663535786
0.1447149173527907,0.10704041787023265,0.09299773608604563,0.07689203949778588,0.06031195079827868,0.04560073066514501,0.03320238310286207,0.022983538087271275,0.01542027595777404,0.010362344408672768,0.006725900965160033,0.004190182277993779,0.002782199997636482,0.001708486891752499,0.0009048902904934179,0.0004794567957091994,0.00027349296093271227,0.00014012293677416742,0.00005908798538669711,0.000027011650462490104
0.14422129875737008,0.10735222688452042,0.09337770012277885,0.07652596570287518,0.06077553058002888,0.04526120862959915,0.033804660199414444,0.023196432667269323,0.015662735944520154,0.010387293063669603,0.006644899280866736,0.004304005828622313,0.002691690165549064,0.001629180889674434,0.0009427661670062198,0.0005160759339962492,0.0002630975349784799,0.00012142963152852918,0.00008095308768568614,0.000033730453202369225
0.1443767998234087,0.10682589083360154,0.09237843767324219,0.07647174793288858,0.06122053513204743,0.0456104107936326,0.033211954955759515,0.02304953484727725,0.01540286556319623,0.01019780575303179,0.006846279704984827,0.004408040292453927,0.0026640335253706646,0.0016496450482845542,0.0009166566969017345,0.0005358397603212343,0.00032352589302414136,0.0001567078544335685,0.00007414135048469908,0.00005560601286352431
0.14295798375956062,0.10659051854846861,0.09226557498568014,0.07645978638094272,0.060050877724990764,0.04600222379460226,0.03360119950133091,0.023557060547862125,0.015864752855554432,0.010493951952559052,0.006747194986353986,0.004380201489268506,0.002869031975470872,0.0016846928804878877,0.0010360861215000503,0.0005610027292024664,0.00032683041881465013,0.000148252973482934,0.00008254995114390646,0.00006233363657805183
0.14347327067079924,0.10557069591142978,0.09220898073101792,0.07702705208001524,0.060629962399108776,0.04600421008634216,0.03346833249906882,0.023871762590231178,0.01589990174218025,0.010558923512270429,0.006874676617166971,0.004479747597065411,0.002753915565690325,0.001825269619120331,0.0011106672936290847,0.0005544909553929726,0.00027134663774549715,0.00016011137009827473,0.0000657299308824496,0.00004719071960791253
0.1414844144903117,0.10557540016849194,0.09288289806234204,0.0767059814658804,0.0604144903117102,0.046276326874473465,0.033914069081718616,0.023895534962089293,0.015807919123841618,0.010871103622577928,0.007014321819713567,0.004404380791912384,0.0027598989048020217,0.0017405223251895532,0.0010227464195450716,0.0005391743892165121,0.0003150800336983995,0.0001465880370682393,0.00007582139848357203,0.00006908171861836563
0.14084881798004087,0.10577049379098508,0.09266032798148918,0.07661995170204815,0.06062672823476711,0.04631753377320169,0.03406790678562648,0.023975520954372918,0.01617341457089257,0.010811466216694116,0.007003876634771156,0.004531722054380664,0.0028156964975564747,0.0016907651217384564,0.0009784208523207607,0.0005759379199547336,0.00030144119202309144,0.00015156261051440354,0.00007409727625148617,0.00007746533426291734
0.14177369474564938,0.10570148635612953,0.09352141319151588,0.07674203665638053,0.0601714132756905,0.045981249252949906,0.034001511776876554,0.024390449206485487,0.01630631495127129,0.010752470947116425,0.006909056014868613,0.00450839473874711,0.0027238919668755865,0.0017171630446310867,0.0010033619358824789,0.0006111080247069459,0.00035690055437430444,0.0001632988385580544,0.00009090863177458701,0.0000622892476974022
0.1406035272560696,0.10572673870281044,0.09291045781574198,0.07706946727385411,0.060644081269704414,0.04608471881652339,0.033711365902293115,0.024054525612352134,0.01676894990703565,0.01089973323273423,0.00707337447118105,0.004521907251219314,0.002923661448088166,0.0016807685052949244,0.00103742825577322,0.0005608175473579259,0.000309881167308884,0.00018693918245264206,0.00008589097572148419,0.00006568133437525261
0.14085519647361103,0.10549196695862416,0.09252561784207351,0.0763467256643128,0.06068810382508142,0.04615420880182919,0.03380410222217733,0.023863402938432993,0.01626476203945973,0.0109206259407801,0.007172659036035034,0.004653809759530713,0.0029347288027720816,0.001783062422338287,0.0010237034492744834,0.0005236377840861258,0.00026434447621068093,0.00015321877283549026,0.0000942884755910709,0.00005724657446600733
0.14036741889154725,0.10508362138781364,0.0917671700394156,0.07690507419261962,0.060963721130711315,0.046704392964118484,0.034243265586511466,0.023807639659419417,0.016470037563538955,0.011082170030997075,0.006928460905128074,0.004537594687562614,0.002939755222443163,0.0018133541664211252,0.0010102251623516024,0.0005775120511443326,0.0002895978798741261,0.00017173827759977233,0.00011280847646259553,0.00008418543019596684
0.1407745587700758,0.10526244934774708,0.09235538024528475,0.07634354680200861,0.06085169828085242,0.04643515838505134,0.03426852088690244,0.023968107591443296,0.01678087263230166,0.01084395740498916,0.007101412205005319,0.004516632786311438,0.0029768716091598114,0.001770304653949193,0.0010079966613265844,0.0005586893014364377,0.00028607584712106736,0.00017837670467548905,0.0001110647406470026,0.0000774087586327594
0.14015780870571304,0.10501072910850864,0.09271765964173524,0.0767215342288832,0.06116264521293412,0.04673048075823517,0.03390095586603077,0.0239201942674945,0.01671420211084279,0.011464001991107286,0.007407793570606949,0.004624615736474258,0.0029631174282427797,0.0018599363652874654,0.0010745925293116551,0.0005196386409347442,0.00033129065457651976,0.00018666630790859743,0.00010930909922575525,0.00008072056558209618
0.14073263342229558,0.10541266406795922,0.09197066772186537,0.0763750557767918,0.06097813549761317,0.04617897404379637,0.0339072379332699,0.024051794539346846,0.01649645975230895,0.010990343248271974,0.00736842991488251,0.004534547934364397,0.0028524040849659455,0.0018151662358874203,0.0010725982302971114,0.0005506116504036974,0.000281199222071613,0.00017848573377000592,0.00010944879900990929,0.00009934583294745616
0.14076913115793468,0.104697293561087,0.09109698815544069,0.076218553393013,0.061161853220297366,0.04669376525136264,0.03382670247671198,0.02413310035501725,0.016847763021363264,0.01096332273270784,0.007298791326883265,0.004732442118398505,0.003005285737589953,0.0017826541028793234,0.0010359574786543988,0.00051629699017354,0.0003430768273465868,0.00018162890859525177,0.00010595019668056355,0.00009922320006592456
0.14006227305035446,0.10519037305018647,0.09128899837175969,0.07625340056895992,0.06125981103002581,0.046671181154756755,0.03397964447566124,0.023712824786892073,0.01682010885181333,0.01132878859929325,0.007166609815482901,0.004706605883509404,0.0028363979762098803,0.0018046750156690825,0.0010821328771795993,0.0005645910663545733,0.00030245949983280724,0.00017643470823580412,0.00010081983327760237,0.00010081983327760235
0.13993874044710733,0.10425387411195502,0.09140012709171784,0.07663327987411869,0.06098553238989587,0.046349811547862795,0.034376964794249266,0.024186091862431626,0.016874955870931293,0.01131217155364581,0.0073010493472260045,0.004612958648120691,0.003093237577457021,0.001860985868611372,0.0011481963398930148,0.0006892540254116192,0.000341264797947704,0.00017987848955864207,0.00011767751653369106,0.00009918533536411105
0.13988640990010395,0.10369638873654567,0.09127920083173789,0.07711576701916835,0.06145170570204805,0.04605681523776198,0.03384991706173097,0.024112661460453752,0.01661288857336083,0.011512100912152726,0.007413974677752018,0.004722266149410012,0.0029474208385345,0.0017647514038942294,0.0011742578454892014,0.0006409630933114411,0.0003196403877406136,0.00016318482953073425,0.0001127152946243216,0.000082433573680474
0.13933284667112958,0.10419224726925312,0.09096490313291597,0.07595462603822205,0.06111086815378975,0.046662383142200684,0.034138120115857006,0.024288256527048434,0.016243192055519856,0.011530193801448551,0.007481590376198853,0.004645717765076717,0.002988935723584839,0.0018047991172799843,0.0011437683129080982,0.0006223445231999943,0.00035322256722161857,0.00020015945475891717,0.00009082866014270193,0.00007064451344432372
0.13894758767583038,0.10328765466523775,0.09103369963616083,0.07638102661098771,0.06148982560581066,0.04693289972754059,0.03395832143493058,0.02407452823532969,0.016722155217883547,0.01128472513849741,0.007327176399840085,0.0046177001199358995,0.0029312065148374465,0.0018460721832701172,0.001113690498187524,0.0006752693518422087,0.00038634813662613923,0.00020493248986256076,0.00011590444098784176,0.00011086511746663125
0.13842907574620672,0.10357336502644733,0.09063592703197679,0.07611215467851125,0.06137854973787712,0.04679098827791235,0.0340734548347946,0.024244896451814876,0.01651969992261373,0.011341031671291375,0.007360927157876356,0.004710321916761927,0.002964514791518732,0.0017944882854663237,0.0010894507925796482,0.0006127111545324678,0.00041966517433730674,0.00020311794437925646,0.00012254223090649356,0.00010911294532769975
0.13794711138540797,0.10309053586282772,0.09102054096117208,0.07560643464727508,0.06091347572919739,0.04667500737918264,0.03431319934526524,0.024426771674671967,0.01672055706120697,0.011415930984517136,0.007364088872192557,0.005037969248933373,0.002908068800815734,0.001737462097834545,0.001064950224058819,0.0006322617865672042,0.00038069874151393994,0.00026162556685539485,0.00011404191375747984,0.00009056269621917514
0.13784685954944098,0.10237753139779936,0.09051418454579446,0.07568500098078827,0.061338667033274716,0.046942036250605675,0.03410628391892819,0.024548208678215933,0.016742139862086076,0.011558212718728356,0.007765831348005484,0.004816760246722742,0.002927275806048698,0.0018341579220030216,0.0010579100994368429,0.0006303870006152979,0.0003856090695253154,0.00020789358530930036,0.00011065303734204702,0.00012071240437314217
0.13768004158352753,0.10307684568822416,0.09045926323378996,0.07624373312765136,0.06116467412263791,0.04671775180670366,0.03462331695702476,0.02425929341538255,0.016819530843910857,0.011339895035128026,0.0075772564932342955,0.0047049749325106084,0.0030701386676503656,0.0018561679437951693,0.0011217491909656441,0.0006723788125220079,0.0003856536829926728,0.00021127114807424678,0.00012240312547158737,0.00009054477774610572
0.13725371741753387,0.10274353049364753,0.09044471405964981,0.07616573615858747,0.0606130781274385,0.046913045740051805,0.03436083576238734,0.02439122620659797,0.017200555116451955,0.011343975862167335,0.007529647883660479,0.004816155432606546,0.003242094876583919,0.0018777971878350954,0.001156212924413208,0.0005990827489339851,0.0003842855728456096,0.00022150958784113742,0.00011746720567333044,0.00010572048510599739
0.13645047442527672,0.10302452398269207,0.09030335734228001,0.0758074949473959,0.06183616491431524,0.0475548077664306,0.03452026236673023,0.02398269210788272,0.016825255311518596,0.011544739426399562,0.0076417494243550595,0.004901780058385645,0.0031321117706402655,0.001806536377073412,0.0010926361019033988,0.0006334608075452221,0.00036197760431155575,0.00019942284681979223,0.0001592031130073971,0.00013071413489028393
0.13705467242118805,0.10303352187432983,0.09053821306026162,0.07533877064121812,0.06018121381085137,0.04633551361784258,0.034332779326613765,0.024241703302594883,0.01684805918936307,0.01189048091357495,0.007840982200300235,0.00484029862749303,0.0031598488097791125,0.001888202337550933,0.0011242092000857814,0.0006266084066051899,0.00040545249839159367,0.00024628726141968704,0.00013738473085996142,0.00011392880120094357
0.13632285341020955,0.103261370859139,0.09015517799434163,0.07493589453330048,0.061054901783213676,0.046550044190426354,0.03470164334720261,0.02456551670934775,0.017018764579905855,0.011912128972316837,0.007638990211023956,0.005047938646582244,0.0031109389333588222,0.001868240416044059,0.0011806474442504647,0.0006473436271032378,0.0004058475589610972,0.00027671424474620275,0.000149257986560073,0.00010900864186971623
0.13705320120291173,0.1018990257754844,0.08994529934577013,0.07562595809913134,0.06062976955359911,0.047114603315546545,0.03505700428055655,0.02467141911758547,0.01692285783693676,0.011737604396156716,0.007706677165618165,0.004851855885137002,0.003134607168885129,0.0019032141869874436,0.0011660537624500538,0.0006600936528812085,0.00033339755564304685,0.0002177973981587743,0.00012230161588915788,0.000055287031840304245
0.13733255444543574,0.10242822207678513,0.08982764594523569,0.07540259744607343,0.060701367349978996,0.046525719201985824,0.034331883240463774,0.02528819131182911,0.017372659360966006,0.011455677875175964,0.007850252664315499,0.004834014860243742,0.003066452639877611,0.001965073907869167,0.0011833962971580078,0.0006712049719382762,0.00041176165360801967,0.00024605269544869475,0.0001255370895146401,0.00012721091737483535
0.13716254583279594,0.10209428030157104,0.0897242410893005,0.07531569981591506,0.05983514431154072,0.04631938988990078,0.03440998179250829,0.024616126779082998,0.01722090360749539,0.011813931829945043,0.007772103174669644,0.005068617285894471,0.003247868115449233,0.0019145504156567678,0.0011792156540878084,0.000599657960459425,0.0003484046250713979,0.00026465351327538866,0.00014237689005321548,0.00010887644533481183
0.135997801947421,0.10068990705186197,0.08867265770022048,0.07494320580607547,0.06079156698364193,0.04677395575749047,0.03469136795266146,0.02481353410667256,0.01753416028360239,0.012087613839689593,0.007833913002687253,0.0049506443376691285,0.003087660749348291,0.001980257735067651,0.0011878195720498852,0.0006466831520610098,0.00037360192463628273,0.0002513017430288896,0.00016920984030611904,0.00010889742197918552
0.13585511110515636,0.10203955169387634,0.0886613788159949,0.07545738345179637,0.059737862841907116,0.04639318563973389,0.034852250574450835,0.025145203754195343,0.017627099341475015,0.011721811714107713,0.007861435088730044,0.005158334059072976,0.003260804030199702,0.0018807821910191392,0.0011170807848706731,0.0006163204330320958,0.00035672894629303347,0.0002344697299578624,0.00016077924339967712,0.00012560878390599777
0.13619121275733803,0.10206807886622271,0.08900238714623863,0.07486699946096699,0.06031812992369836,0.047028120113967,0.03520454796556884,0.025172172503959048,0.017650820435043173,0.011544011544011542,0.007641881191765182,0.005057201112885566,0.0031638894747943467,0.0018347210922616956,0.0010295195910045092,0.0005708393179390854,0.00037163146211870087,0.00023101415212784126,0.00016907557510805772,0.00015903148153728202
0.13544488609536312,0.10249408124516539,0.08968378612784511,0.07483918065010867,0.05980537593720595,0.046516222578668394,0.03457992746804543,0.024975973371463397,0.017424747259959752,0.011511015413877515,0.007673452166080093,0.005190421495712042,0.003197969373164516,0.0018266935005876897,0.001096685832158512,0.0005525287398661203,0.0003197969373164516,0.00026119540430034796,0.00017245594001881947,0.0001239003840911907
0.13665538647347028,0.10192320881628228,0.08943079910940559,0.07408293367547505,0.05994616955752985,0.04654877944740993,0.0354932979593612,0.025337778498936946,0.01777843202526585,0.011947079556308684,0.00756938322490854,0.004919680898222325,0.003228488314712372,0.0019471297400648713,0.0010756051742798216,0.0005503485261867204,0.0003245216233441451,0.00022917248658839117,0.0001522240604346248,0.00015891522792625665
0.13648186402830165,0.10237101589876975,0.08955833033645846,0.07414463615151086,0.05966262158251722,0.045851349430036194,0.03496558472513779,0.02505331649507815,0.01736570515769137,0.01157156119060961,0.007565506109443083,0.0049762062072945335,0.0030777208139233397,0.0018733952780402932,0.001095601702782494,0.000595472070519951,0.0002843546404168305,0.00017730348167167078,0.00014552266891920148,0.00012377790229909093
0.1356950306695118,0.10244519956922213,0.08904693739673704,0.07421553609771436,0.05925704194733006,0.04574506511836357,0.034806718529468816,0.02534833474919228,0.01767761225977779,0.01180291243302541,0.007759353030495598,0.005040234921102098,0.0031187916814384227,0.0019966955858645987,0.0011103901750536798,0.0005903128490872721,0.00032776577456403795,0.00021739566680267834,0.00014716014368181302,0.00012542057700154518
0.1357636496223398,0.10152167950064565,0.0895763783425769,0.07437463622192637,0.05874137804151919,0.045986566135690056,0.03444100272289977,0.024954339579723428,0.017765750336181114,0.01204398118723783,0.007892729790664535,0.004870444829500981,0.00325142333398005,0.0019869809263211415,0.001175797635693403,0.0006757073183785695,0.00032781840198564276,0.00021575802987830572,0.00011707800070915815,0.00013380342938189505
0.13591272994972264,0.10149493462275277,0.08866376101123499,0.0740256154998034,0.059576532789010934,0.04545036264922159,0.034647013058718215,0.025441495101934955,0.01752762742916419,0.01187414775341526,0.007627763788617751,0.005061194441888287,0.003239164442808504,0.0019542066473142213,0.0011795511013326415,0.0006926725616336368,0.0003931837004442141,0.00024762207517337737,0.00012883040397533818,0.00014723474740038653
0.1363299538831338,0.10119783416328078,0.08830451517072611,0.073944221508157,0.058796077139115034,0.045763922459432387,0.03473735800705554,0.0251192230554222,0.017469878510410167,0.012155649859742504,0.007950433986976212,0.005034884557289794,0.003345438244046375,0.0020624626774545904,0.00122777583556502,0.0006741058061753448,0.0003044348802082203,0.0002107626093749217,0.000133817529761855,0.00013716296800590137
0.1361360256043473,0.10140352109966193,0.08877869070503969,0.07392033942825214,0.0590302002138157,0.045672574203921276,0.034864675403330374,0.02506897145945114,0.017709227369079705,0.012000782987095763,0.008017252484896544,0.005064320382258315,0.0030399306688349403,0.0019056032095778738,0.0012430756670029502,0.0006759119373744171,0.00037978220243562545,0.00022251556354157783,0.00015224749084423748,0.00008867161554664379
0.13634183234303568,0.10033177058523662,0.08830947426479807,0.07418624280258394,0.05980394614786775,0.04583113963613876,0.03455093973809344,0.025415131078630457,0.01794569659287487,0.011987197165325371,0.008122947326196504,0.0050860347147357945,0.0032207653287202992,0.0020023232297908247,0.0011465724003643619,0.0007103400439575128,0.00040447597797110146,0.0001955524356306566,0.00012702551374299062,0.00010362607700086078
0.13500873066929564,0.10017461338591227,0.08780463352075728,0.07430509720702129,0.059565722306233485,0.04640371617387818,0.03454504440527014,0.025003968486043467,0.01789411243765299,0.012510338950481651,0.008077331172249003,0.005303568295556134,0.003133015297469359,0.0018931767104174847,0.001146265863500789,0.000643312474413708,0.0003375301813806992,0.00021722239395787567,0.0001604103832304312,0.0001253206118987744
0.1339116500258436,0.09967264777268338,0.08888859151560571,0.0742355229857467,0.059580781731169735,0.04649672898681393,0.034856237674109745,0.02504737992763793,0.017781063752557176,0.012142308728110309,0.007995624152137658,0.005039919575395556,0.003347122160758883,0.002013960560496598,0.0012327981171810576,0.0007677806455713774,0.0004382538761213529,0.0002994177245256571,0.00013883615159569578,0.00011709073026143013
0.13406045486618537,0.09954419746315625,0.08832302789324258,0.0738028913196871,0.05871927178605707,0.04631261432684687,0.03497607287490008,0.024955439700635035,0.017643537669755516,0.012296301745961146,0.008231532974621534,0.005061314303103671,0.003303983172425787,0.0020917423829477015,0.0013476773466473612,0.0007323606424708976,0.00040798172776917584,0.00024412021415696594,0.00012373216333983204,0.00010868365698769034
0.13391712050350385,0.09907716591784285,0.08758981287486475,0.07314785243349622,0.05923427679002891,0.04641927333713459,0.03494696922827394,0.0251852272974288,0.017827970617792184,0.012203013465451829,0.00821170171674896,0.005181849647771336,0.003307421298254822,0.0019296077746137842,0.001264110465864836,0.0007290372528003555,0.0003745512491451367,0.00022238980417992502,0.00014212882222025284,0.00012875199189364082
0.13395034999757585,0.0990208092659497,0.08763731992302899,0.0738580984273097,0.05965924764313788,0.046266218839181694,0.03471889017248268,0.025391751525962694,0.017749817352590586,0.012199342302143118,0.008148498613217151,0.00528131044709745,0.0033369723496063683,0.0020948027825935752,0.001232138588005958,0.0006603727846164908,0.0004246447779559209,0.0002139942188124323,0.00011535625857857684,0.0001253872375854096
0.13381676671330492,0.10010347346549187,0.0882483229441962,0.0729981060511082,0.059462974385720326,0.045977991411200875,0.03447889659507105,0.02512950899416771,0.017737591960161888,0.012232937325837778,0.008257817763000632,0.005315761232053037,0.003466946162037106,0.0020226638650264694,0.001265418632913254,0.0007187979024474232,0.0003794584275710818,0.00020226638650264702,0.00010698387385263979,0.00011534198899737723
0.13264775473007434,0.10019480465190163,0.08820219552367338,0.07307264624980143,0.059352713469947416,0.04637186786726529,0.03497955805262233,0.024911585442323615,0.018072520839081334,0.012357136288009895,0.008369075388564212,0.005439480966833043,0.003486418019012266,0.002103555811950806,0.00133102577608334,0.0007959400369543591,0.00043810144891185315,0.00021403429565159223,0.00013544357771702327,0.00012206643423879873
0.13333834724694357,0.09980696432600467,0.08628109671003704,0.07301093868819304,0.059296213659571995,0.04634026089063819,0.03490519525015251,0.025203272414282975,0.01797822290188607,0.012469603148737752,0.008236188757134383,0.005398313653722415,0.0034161464731296007,0.0021075150208495243,0.0013337010203314202,0.0007169896462683947,0.00040779830696850434,0.00023899654875613155,0.000152088712844811,0.00010863479488915073
0.13461307117031016,0.09830110875710933,0.08699800169755458,0.07347938540504054,0.05912034592687149,0.04630681628315746,0.03509560440294868,0.025351373749390158,0.018014796794696142,0.01227719596062208,0.008041663603494025,0.005490319260561264,0.0033667052069479425,0.0020718185888910414,0.001266482653531782,0.0007852860780474114,0.000436084396532711,0.00024226910918483948,0.00012196996531374686,0.00011695750098578466
0.1334370809949757,0.0980749354220899,0.08645508600091172,0.07344766726388362,0.059961027836543966,0.04651446261327224,0.03513672817500405,0.025530607508236082,0.017946564388392514,0.012311129441348899,0.008287011449534053,0.00526641831791868,0.0034931347879156235,0.0020371053734498383,0.0012573281526292853,0.0007497215677696537,0.00042077914271258944,0.000272170635960921,0.0001903524693223619,0.00011187381968945834
0.13223667943088935,0.09924851473900172,0.08695209072622413,0.07268422916791968,0.059263417470278065,0.046562681689689044,0.03512667321584903,0.024721492678949717,0.01786824114356743,0.012304777561699311,0.008221562848760666,0.005493293770925641,0.0033781751839451484,0.002146862072883044,0.0012496909186898966,0.0007802214692890129,0.0004510916417730909,0.000267313565495165,0.00016205884908144372,0.00014702246102234074
0.13193790214275694,0.09856381166188943,0.08660893851015922,0.073322776563972,0.0596323838922408,0.046578404057006556,0.03479223877006954,0.025219320224231116,0.01827891251912579,0.012445963372019211,0.008310115122238036,0.00531012180373763,0.003516139162273582,0.002037857376709628,0.0013613555426379895,0.0007934280769976011,0.00046770497170384916,0.0002772822332244249,0.0001787301141868281,0.00014532261620798172
0.13107325753335394,0.09731247023834391,0.08777704446913563,0.07270783034394032,0.05989924896199697,0.0463905898864671,0.03519435927853569,0.025759183298385138,0.018009874604222185,0.012335736543554356,0.008501182112095973,0.005348326246230191,0.003406821998145378,0.0021887870610938936,0.0013483596628265427,0.000862148185896526,0.00043274492276589195,0.0002923952180850621,0.00014536219413371646,0.000111945597781138
0.13065549696281958,0.09799412589279753,0.08648120953207396,0.07319938588879248,0.05913156665109138,0.04606501568653625,0.035323075896135106,0.025685868767105,0.018129630865763302,0.012480809024764703,0.008435685201254923,0.0053868233095254,0.003417662372338295,0.0023362926373406315,0.0014485014351511916,0.0008877912021894399,0.0005273346238568854,0.00028369267739136234,0.00012682731459849142,0.00013016487550897803
0.13080723996105825,0.09880552999701092,0.08757387161576573,0.07333641705755935,0.05896203178462468,0.0458634400001336,0.034616752638003616,0.025626082295359544,0.01807986400442186,0.01282807012856458,0.008404540088136623,0.005508956437663961,0.003698799184427304,0.0021975709827116627,0.0013910156752270629,0.0008366132692542116,0.00042415123830453084,0.0002989097309311456,0.00017867788385269592,0.00018535743091260975
