0.09960859946678764,0.10142379034545349,0.09926825117703783,0.09921152646207956,0.10193431278007829,0.09932497589199617,0.09705598729366384,0.10261500935957797,0.09904135231720458,0.10023257133132912,0.09563786941970617,0.10182086335016167,0.10148051506041186,0.09699926257870557,0.10494072267286858,0.10414657666345233,0.10017584661637079,0.09938170060695446,0.09779340858812183,0.0980203074479551
0.07374612841935399,0.06237214023580856,0.06465214335910048,0.06275734624294006,0.060066109679602304,0.05673980375315581,0.05277842846360065,0.05119075505582883,0.04787486010254807,0.04636006350693631,0.045818692902319026,0.04738033887717654,0.04618307696311912,0.04468910231383877,0.046328830587439154,0.044980609562478846,0.04134197444106085,0.037823065511048644,0.0340178548189792,0.03604278909971109
0.08255515831985503,0.06602143776274548,0.06552876465459401,0.06329228804522222,0.060213081119275515,0.057354280583817634,0.05328324490067127,0.04965950453939926,0.0474846120685464,0.04641175155013758,0.04545557676786993,0.04582832286943192,0.044982351282408656,0.044275754324665115,0.043650189128130665,0.04336495732867454,0.03908323906638445,0.03446118740701606,0.03174176150083786,0.03569611144784309
0.08729464136183637,0.06918310346131615,0.06755968298730976,0.06449922475594667,0.06101737951302785,0.05781105654689552,0.0532892497690475,0.05045028983863038,0.04790846177533589,0.04682257986094228,0.04523967736881627,0.04478047357417221,0.04331642382889526,0.04264652652847335,0.041795648908985794,0.04032619676612481,0.03746292604657947,0.033551590195728856,0.030699124271351633,0.03443218100192865
0.09159262281547707,0.07121849895784228,0.06944048932356663,0.0657839634538854,0.06194317548213254,0.05763335670510645,0.054165878966122114,0.050808479885518225,0.049595221629020574,0.04634311517817187,0.04448852908589245,0.04316040614238914,0.041918431714140086,0.04177485085538296,0.040875077473838395,0.03854428153334785,0.035768384930710266,0.03212621714690476,0.029240241885886715,0.033595527934852584
0.09541611774662144,0.0735436533210026,0.07057730393739259,0.06703731493033442,0.06284298414747991,0.05823423690662106,0.05419040473219972,0.05144216927385509,0.048733194322058304,0.04722602709847406,0.04446688594386619,0.04205018365192508,0.041136286305062844,0.04043177832645549,0.039986825918913976,0.037018295396051275,0.034276603355464626,0.031218646123243102,0.028014552561093725,0.032163079419642464
0.09843603276883724,0.07583864909497137,0.07265526341352847,0.06828190266489653,0.06354831136871418,0.05913649904478192,0.055220509665511765,0.051826652203477645,0.048540054398860215,0.04712948871547453,0.04346849399345919,0.04162079461192241,0.04055224557199755,0.039617265162063285,0.03827146002655183,0.03559603989249749,0.03283157400511609,0.02988092154259625,0.026665155587216265,0.030886733801767968
0.10232422689144412,0.07863656522243946,0.07411792249024038,0.06891786691131545,0.06438019030071626,0.05964836813043536,0.056132810789925,0.05132104633036341,0.04842599342569841,0.04590400453767661,0.04329255642117404,0.04121976706339614,0.04016909697570706,0.03917933529889852,0.037140806922240886,0.0343047590406164,0.0311451352261891,0.028857263042489326,0.025707156167262102,0.029175128811772068
0.10542001148606904,0.08037168484690375,0.07627546999581497,0.07106144684613196,0.06559741146758989,0.060569991648142175,0.05575635040119715,0.05148621399959784,0.047828426390421265,0.04533736251592015,0.04253831256238984,0.04121216073974632,0.03902364789582099,0.037873229306505926,0.03574087862993298,0.03326611990079225,0.0303982260001848,0.02752670873394171,0.02467693166151243,0.028039414971384465
0.1094703273532051,0.08330472514354924,0.07722817137031776,0.07273741167039878,0.06689611306188954,0.06062438463348115,0.054573970322996636,0.051188038581847006,0.04801470780437226,0.04486925912049417,0.04225182758410373,0.040043914297414815,0.03924927462990878,0.036708518850909214,0.03411025625386647,0.032243898613737165,0.029513196072110073,0.026503672594515935,0.023734632174193384,0.026733699866688748
0.11256130452988133,0.08575768415092484,0.08059564354287205,0.07449273839049438,0.06761171283118851,0.061310463261358604,0.05506854749162123,0.050688017793359026,0.04699576017617052,0.04430370090339949,0.041526879059067635,0.040345288811510095,0.038021099099312915,0.035452793181020646,0.03250644619356721,0.030921386105380227,0.028231022084040387,0.025176179004989127,0.022882503818553848,0.025550829571287872
0.11589557561258641,0.08907128262846481,0.08227668173437716,0.07652945019758706,0.06835331924649254,0.06103503367375609,0.05577158703057488,0.05060622735895009,0.04715489595299805,0.04395626318563209,0.04114665332240524,0.039008689840683466,0.036687852344195505,0.034516639041607164,0.031612267188910526,0.02946266626988548,0.026875830206464762,0.024018008102981346,0.021439484494777287,0.024581592566670044
0.12004135282823807,0.09185414923119842,0.08539194932637556,0.07779582861550075,0.0692741922250119,0.06180770934869297,0.056323536651405506,0.05012881734193209,0.045698157173567004,0.04341390570898767,0.040673460345591474,0.03791824611496742,0.03589491130474738,0.033405536684225204,0.030860368565286598,0.027790085167134354,0.025686342079784697,0.022745696516188314,0.020384318744974494,0.022911436026190123
0.12408421929288063,0.09556488867489944,0.0881524327559957,0.07888726950954492,0.07035082696787122,0.06285866722188245,0.05559260608742045,0.049997072104311174,0.045519018309107706,0.043188088019050844,0.03987631267323384,0.03714035681288794,0.03488750374120004,0.031970994313375925,0.029413965411792274,0.026660116855570164,0.02409170169297435,0.02146472861660181,0.018857274844821525,0.021441956094577535
0.1284424867988185,0.0990637987086433,0.09039173738535818,0.08053367028393044,0.07123467402615032,0.0629875711765048,0.05558715365076492,0.050112783655741636,0.045245958854971194,0.04189153379308563,0.0393627885031767,0.03619902922033854,0.03320816178799258,0.030674569063023138,0.02834456861059584,0.02555406182741839,0.02260358968724349,0.02022188326083725,0.01804861654203372,0.020291363163371486
0.1341386755582279,0.1022020440087265,0.09205595381447014,0.08192272508773937,0.07225411687537073,0.06378644819320496,0.055275372058140246,0.050150077249189316,0.04453926204114703,0.041458940568766256,0.03826125820521436,0.03509251414359505,0.03213598429614815,0.029269484721380416,0.026753460136685243,0.02425029701951566,0.021372543660663042,0.019084810124547245,0.017007683119163106,0.018988349118105246
0.13877858436293122,0.10527057994006696,0.09444577985032773,0.0834543211063571,0.07333301283592135,0.06362835120106403,0.05630178036312358,0.049888627149335764,0.04391615787702516,0.040748040959569264,0.03741166290082207,0.03413617935035174,0.03076294408922648,0.02808038075092543,0.02542505969264297,0.02318959024405878,0.02023620659263176,0.017487941284874128,0.015853404483758785,0.01765139496498566
0.1429466813978885,0.10790353501356664,0.09659289863437734,0.08523269627727524,0.0753994458203889,0.0647923265470581,0.056330934446595864,0.04910229618389938,0.043179961274581125,0.04001893100575766,0.03609362533556966,0.032718342129962,0.03002738920005309,0.02712058443084667,0.02414182904854108,0.021382123310559633,0.01908130259389955,0.016666959798794106,0.01440771054748021,0.016860427002905215
0.14712825551571448,0.11154567611367029,0.09960665841489398,0.08798505748593156,0.074961399568696,0.06452492758431484,0.05602485740171246,0.048607832378424594,0.04304586114053111,0.038905087600648244,0.03510565671775108,0.03199369632625977,0.029061977618130085,0.02598989370525858,0.022869958018043306,0.020233325251700334,0.01792686972832953,0.01558372784462848,0.01337457092909005,0.015524710656271134
0.15199020578673703,0.11345175967879055,0.1017789424414847,0.0889089131798397,0.07627928154542242,0.06469561839503539,0.055425185392739676,0.04826101769390215,0.042921324702368646,0.03843337164836354,0.03451218386119983,0.03104313465769606,0.028355775751998807,0.025090507318595315,0.02179817425166287,0.019131511830428924,0.01657788405510997,0.014452514304454833,0.012951223162231776,0.013941470341937757
0.15610791727296588,0.11601186358467912,0.10336744511501794,0.09051310798883618,0.0767888806723758,0.06522904192807105,0.055537797285370116,0.04817633167147729,0.04218251791067325,0.037815573737903854,0.03348043542218299,0.03080874343010265,0.027139937819549476,0.02390051127915206,0.020670626495869215,0.017986212160969448,0.015829775053076024,0.0136399417952816,0.011979676057345963,0.012833663319100214
0.1594374215577851,0.11999219346250088,0.10465044324314031,0.091447557362977,0.07784641113478812,0.06569233039424599,0.0556390333221736,0.047886443439890465,0.04204899395628021,0.03728573672610954,0.03253517305284804,0.028922269417572,0.025828214920958808,0.022705599921299946,0.019760694718369644,0.0171299550489416,0.015265588877905443,0.012771304945251102,0.011065608235579723,0.012089026261382555
0.16395335191898436,0.12079563078621107,0.1069340970576948,0.09240493883544722,0.0785434051069309,0.06664668550604666,0.0564150626234947,0.04806103451666207,0.04090270443423185,0.03595974589038273,0.03193179763841711,0.028014855834340328,0.024771881749588477,0.021830210880534853,0.018712515501257552,0.016286231711687707,0.014037558238739978,0.011863417666517601,0.010453635778329638,0.011481238324500391
0.1671336340095908,0.12287527217751523,0.10943833970923357,0.09357835384503235,0.07925238739695288,0.0670356976460409,0.05631182431040439,0.04764017736307136,0.04102392626564523,0.034995610295679075,0.030813505709785083,0.02716704013489229,0.023702818602204044,0.0207821597345259,0.017953415253350914,0.015260957621128895,0.013215070156032595,0.0111089629204687,0.00964467165962518,0.01106617518882067
0.1702327761188358,0.12559492332099415,0.11128826429636757,0.09457499596259622,0.07991684531518664,0.06707473471882253,0.056485653758585434,0.047172709050434296,0.0402758734250167,0.03413268650430499,0.02987520464095605,0.026366621595518648,0.02292295366960421,0.019984357039490565,0.01713600825846984,0.014477654949223706,0.012498535451571733,0.010582747777844629,0.00907228377723664,0.01033417036893954
0.1733414504945406,0.12840347562084425,0.11236470299886939,0.09688569824716754,0.08028873902008997,0.0671784694934417,0.056051106490302864,0.04687660597243854,0.03936401514852034,0.033785311627833436,0.02884227670559215,0.025867916920327957,0.021789834046220376,0.018692135577675698,0.016434088914540523,0.013877183134225689,0.011734568828519695,0.00964888006894316,0.008679564519572112,0.009893976170333885
0.17742444816370345,0.130593362175135,0.114980894937948,0.0977073925537626,0.08125019736634354,0.06683298070546626,0.05605204155745727,0.04603372596077935,0.039016957716234556,0.032800707360975165,0.028139703792591658,0.024317112451447888,0.021085041210092522,0.017905074683424383,0.015298260018315598,0.01293775854991,0.010897780023368176,0.009299902106293619,0.008257807812549344,0.009168850854201532
0.17955502788180386,0.13332743910525616,0.11623523022223348,0.0991698611277763,0.08196713546830696,0.06774994158398959,0.05543521506564695,0.04537503078681632,0.03855930330224128,0.03223458606730788,0.02715870840622178,0.023363246540824893,0.02058927545201362,0.017392182990520814,0.014507695125262872,0.012201052119711776,0.010336476219947334,0.008572944230076984,0.007527771287109954,0.008741877016931174
0.18325012571785287,0.13500599819975195,0.1177822582552096,0.09950075430711731,0.08262855143081892,0.06753767988687757,0.05550975239494479,0.045040883918676694,0.037958121373296114,0.031441286215805934,0.02672154638476441,0.022744290675439854,0.019536317877788062,0.016372484263592894,0.014045718735664622,0.011670084826052207,0.009748453946279463,0.008148408545976477,0.0073018820632546055,0.008055400980835712
0.18654911814950995,0.13712574000198754,0.11951870097215714,0.1010078065970398,0.08307424390844086,0.0677165900834607,0.055326042549029814,0.045058687501084445,0.03689875084982909,0.030735813966694586,0.025820607586390747,0.021714612012600342,0.018840572851845015,0.015777244613542688,0.012988385537683509,0.011065523991601878,0.009229419939395949,0.007617307962287306,0.006440560863536773,0.00749427006188175
0.18704105644828486,0.13865568719856602,0.1220872540094065,0.1019764302657817,0.08410066752561894,0.06859384893570775,0.05515985647726662,0.04486030474954401,0.036231929712923036,0.029747260120778354,0.02504559902470064,0.021211815738987717,0.018069499529046337,0.015051615890826955,0.01242435602206394,0.010619296184172806,0.00871185511638383,0.007232840118321197,0.006251555407146526,0.006927271524472262
0.190387960372079,0.14120282840505188,0.12286041997529557,0.10331272530187302,0.08367364944919203,0.06839408606216443,0.05514696614484862,0.044341929466333925,0.0363019612291714,0.029007222264236555,0.02411045148604703,0.02049616829262145,0.017225352290201418,0.014372053744737701,0.011536086112581619,0.009965275151881824,0.008356651289419951,0.006891401346139304,0.0058342156343744464,0.006582595981748972
0.19418128457007539,0.14366508534567315,0.12375555601041058,0.10400662548829125,0.08430020641670982,0.06814113171779328,0.05450597758229509,0.04382143301376269,0.03551438067901808,0.028230752153519865,0.023335637348985944,0.019796165467161477,0.016248821094496657,0.013901244325902225,0.011138000040936952,0.00934149763116751,0.0080157701736514,0.0065971473242190885,0.005441465668854697,0.006061817947074821
0.19709431810664454,0.14408861951758878,0.12539416028502395,0.10452138467208698,0.08437156438712604,0.06817673501403383,0.05438073127167687,0.04358207826818334,0.0352641543312742,0.02783614272618738,0.022888860187684875,0.01889764275611362,0.01586721562969567,0.013307733259410233,0.010729350096236536,0.009240912656285936,0.007571342617822816,0.00627978843712494,0.0049583080010206435,0.005548957778778819
0.1997179400811552,0.14555834327573564,0.12623440564371677,0.10470844889080567,0.08501304841923675,0.06802177149998584,0.05423987055464439,0.04357762786349054,0.034275316923909935,0.027485102136540925,0.02224055052052018,0.0181025174477355,0.015396819900334634,0.012763526126744374,0.010470215291047429,0.009033157780415095,0.007218341449901312,0.005712028155624042,0.004758187135423392,0.005472780903032457
0.2014904245413594,0.14647243123537257,0.12691257518182045,0.10643260689030373,0.08632697485970253,0.06820784155824547,0.05401923899640135,0.04226067644764325,0.03386484888139518,0.026787062435513508,0.022033935626745854,0.017957130633918014,0.014649445101542643,0.012250861917104963,0.009921483755693686,0.008359652213302465,0.0067569267936683705,0.005487643757706923,0.00459112414122858,0.0052171150313310025
0.2030435610261832,0.1496498787830161,0.12771440303191914,0.10744182607368671,0.08626936443284454,0.06856429062499508,0.05325995812075132,0.04163067914548713,0.033207632658262494,0.02660638068583169,0.021004126569095255,0.01744077201295708,0.01427701659909666,0.011692207974048085,0.00937956726873986,0.00809581569354836,0.006510004924194154,0.0050767969768908995,0.004285464817183392,0.004850252581268868
0.20542121065953559,0.15037637694571404,0.12980016120340068,0.10734166793670646,0.08688171975432975,0.06794110576734234,0.05360720104703652,0.041703916802704945,0.032589482813612104,0.02624033133112215,0.020961155636698432,0.01677866584546156,0.013598590962868225,0.011046989377230101,0.008954173298369266,0.007486688149978868,0.005797666164411757,0.004876952784372382,0.003946812304878681,0.004649131214226124
0.20594095187216188,0.15207956884496326,0.13138601260154298,0.10838426849771382,0.0870166396932891,0.06859041842779251,0.05322344955454646,0.04140911019279419,0.032292632339770276,0.02542306302342755,0.020324309036343358,0.01631129896453655,0.013079207454079783,0.010562041387112487,0.008659239822132835,0.007153968229027545,0.005686406988985433,0.004380686014172809,0.003822887041779928,0.004273840013827129
0.2082340777242129,0.15211406590781956,0.13248973922225507,0.10904394064147932,0.08763929830736451,0.06881792069188755,0.05332933168239044,0.04074927247471732,0.03190740473032853,0.02534082123933853,0.019512762333360575,0.015490160338401391,0.01284247113468803,0.010069075618632189,0.008318615219263237,0.0069248464811660524,0.005386515483875023,0.00426458664621844,0.0034930641542165047,0.004032029968384863
0.2091930602300698,0.15354209574521524,0.13319906314361785,0.10968503541467826,0.08824471291505498,0.06915595016828252,0.05354900286331436,0.0406797860049229,0.03146506254081479,0.024696086803636916,0.019106030542020397,0.015066936253579147,0.011988559300748481,0.009944680263223987,0.008016966393730849,0.00623053448535691,0.005211734565730647,0.004101886271160897,0.0033091374893253625,0.0036136786055156493
0.2108451703653467,0.1544308805244716,0.1338856235007473,0.11108913253708098,0.08867255692450675,0.06939734750009421,0.05290556748678145,0.04020823128995391,0.030851638345704136,0.024167012044258567,0.018604862916493974,0.01471308541501827,0.0117287090413574,0.009639174610351279,0.0074507365962096376,0.005979742034336811,0.004877673536540948,0.004047197417831532,0.003161774864046821,0.00334388304886779
0.21293527963418926,0.15610867544344503,0.1345315562032059,0.11112820963770667,0.08917265464047033,0.06848430983367669,0.05276430832621478,0.04006080096477562,0.03076321541631074,0.02358549821617004,0.01833921662228028,0.014185844932415459,0.011557208180493448,0.009146839354806289,0.006989284458067436,0.005662403899301542,0.004648007637807146,0.0037325385659012105,0.003018064418873425,0.0031860836138887494
0.21463847646172252,0.1568690491687068,0.1352292349216854,0.1118375963150524,0.08921600762835603,0.06835878993947815,0.05279939023338316,0.04008023575133189,0.030500877480509583,0.02346221344654583,0.017497855309031543,0.013671130655985292,0.010882640314544223,0.008804603361558042,0.007019844076653686,0.005340162886730519,0.0043881867127964725,0.0034707137939308775,0.002888863447094748,0.003044128094902771
0.21677733697894366,0.15968996625771198,0.13613154315671572,0.11154877258701859,0.08866958754719761,0.06822499250955719,0.05264487143890231,0.039781702612948826,0.029899024124716258,0.022672119395305567,0.017231940189402314,0.013305536339236273,0.010652899938664645,0.00818066163748139,0.006481782144980464,0.005057421499374882,0.003989151015170696,0.0031640257953595343,0.0028502899703362785,0.0030463748609758116
0.21816405698749056,0.15935141135923886,0.1371484929925959,0.1126139545969136,0.0885858810764025,0.0684809503350822,0.05283228329418553,0.03909501155617996,0.030014707865415192,0.022460070811002368,0.016954813297917377,0.013097526632526021,0.009919185140351925,0.007824333520448324,0.006090122523731724,0.004857672394057896,0.0038855107141625147,0.0030952373485701383,0.002609156508622447,0.002919621045105166
0.22008233909477146,0.1606380261184497,0.1369674953337523,0.11266069366064192,0.08913120814677486,0.06843986691595116,0.0521522724743885,0.03957103431631441,0.029291968412128007,0.02214254035070123,0.016738939308219965,0.01258280532775003,0.009730556517623605,0.0076133102854913015,0.005880020623952935,0.00469837468832913,0.0036593411932116476,0.0029227714455416372,0.002397769604117267,0.0026986661818888466
0.22149880539547376,0.1612465274947168,0.13784356638050507,0.11294970119209617,0.08946992167658512,0.06854866524108437,0.05196216145033141,0.03875566731674893,0.02933679068396596,0.02191519248496553,0.016036233201853677,0.012251751146005133,0.009696363510945839,0.007449817203559359,0.005588930625145013,0.004464873610214025,0.0035132660675876518,0.0027921137288592626,0.002194811465695097,0.00248484012366195
0.22125415334461784,0.16183624851106515,0.1389756128142436,0.11357438405115672,0.08939408187574445,0.06927308632687607,0.052175412199862096,0.038713873738323606,0.029281863206068588,0.021296470440724722,0.015856372641213715,0.012025891793617956,0.009327001441915872,0.007198608237728044,0.005411886402106449,0.004225440411259481,0.0033038680960441346,0.0025311892671305877,0.002115854805341358,0.002228700394959564
0.22316497112962125,0.1626665161612978,0.13926449907580296,0.11358765605133488,0.08994733879855953,0.06884366411591424,0.051961978581204694,0.03886017267355542,0.029013045366394347,0.021070751633218417,0.01540641936753254,0.011628107504730732,0.008955069444117827,0.0067821481819421775,0.00517989310983286,0.003988392273430629,0.0031276896955558585,0.002414356957972943,0.001972247437097379,0.0021650824408835294
0.22414279269117982,0.16362759104694588,0.1399071358748778,0.11474390305035467,0.09003183196731582,0.06848415920996566,0.05158752537784793,0.03825788906434069,0.028404391307617106,0.020913226558387857,0.014958831491089555,0.011321339950372208,0.008974672281123895,0.006537145650048875,0.005050505050505051,0.003961764042409204,0.0029043537108053236,0.002263641376544602,0.0018767075218688127,0.0020505927763992283
0.22468885065144698,0.16470151288633128,0.14190008744464191,0.11471389304172583,0.08991753876242325,0.0689590326554023,0.05099056914238433,0.03799924151959355,0.02783497722991672,0.020369273394575924,0.014862454906459306,0.011317655982122428,0.00844984783378623,0.00630917792633964,0.004753039406504753,0.003692107102448137,0.0027753487599472197,0.00203410654455759,0.001805308736001806,0.0019259760733908147
0.22562259379304506,0.16632675153040252,0.14177912628213368,0.11503198862905425,0.08998547255002246,0.06862415949445726,0.0513904620858657,0.03809455079430323,0.027553520945570682,0.0197516841487636,0.014375272585791963,0.01096147872497309,0.008250524776675754,0.006187501372734204,0.004510412385043316,0.003468703228984616,0.0025101425447197592,0.0019783060930572607,0.0017304295167661834,0.0018669185176353204
0.226814045273153,0.16592005567450474,0.14246372222936268,0.1155747546215169,0.09075633940131098,0.06808371238600991,0.05169170869945486,0.03778562180835557,0.027415618328699022,0.01947667219440935,0.014293237867440755,0.010706997244488193,0.007824524995532874,0.006003191252582313,0.004448317695777705,0.0032053592980498245,0.002365226005260237,0.0018197663300908782,0.001637946438367759,0.001713182255632498
0.227754929378863,0.16698706650059145,0.14259907718580841,0.11619311727887321,0.09105778947615804,0.06826631571525936,0.0509756919148003,0.03740922657516861,0.026869717123765208,0.01931642812938199,0.014108559924169426,0.010561443914361588,0.007769500129256659,0.005795398463020848,0.0041800819408866225,0.0029846537096660476,0.002273350410879494,0.0017077546160293926,0.0014837097443851698,0.001706187868675237
0.22882115221954197,0.16743836345979135,0.14478399799505023,0.11745246076250745,0.09121111494000815,0.06799912283449765,0.05045581278781992,0.03649008489708969,0.02639171705147082,0.018691457034554052,0.0138529494690016,0.010070173240186709,0.00733216377933022,0.00547601892171298,0.003919050155070328,0.00278969957081545,0.0022195419942984246,0.0016650480874659318,0.001300084583816297,0.001639986215970678
0.23063594129580006,0.1683769941646423,0.1440885697112374,0.11740839990983998,0.09131677477522604,0.0681130882316111,0.05073536777780559,0.0359998372110496,0.025662738861479118,0.018828733501965986,0.013431653685291397,0.00993169125197225,0.0071314082496431175,0.005339164517017706,0.003611097197525607,0.0027533246512559794,0.0020739938390643385,0.0016341506173457884,0.001386836635027173,0.001540233915199479
0.23181136482471226,0.16908221635685639,0.1444993409290865,0.11682462451743798,0.09126175290946151,0.06919774945286156,0.05012226469915995,0.035726026882578914,0.025916672145878544,0.018560438837906125,0.013095316369693383,0.009527566697663348,0.006957033586003277,0.004951642041523032,0.0036522860837411436,0.0026738553926403228,0.0019333790456152217,0.0015075660088481441,0.001268046175666664,0.00143085704266584
0.23156975269796845,0.16938733340221096,0.14550401212246444,0.11790912534791034,0.09155560147398148,0.06853168527928317,0.049919068774322416,0.035825764620061554,0.02601852808485725,0.018089772609867664,0.013031962355239549,0.009145071961478617,0.006634168944324951,0.004985801813986543,0.003595725829427658,0.0025735190524941542,0.0017829916063204629,0.0014605190243169375,0.0012491899050427822,0.0012304050944406352
0.23358112308735496,0.17017471604922807,0.145203647473531,0.1176408870319882,0.09226423042411355,0.06872133283430869,0.05034929116052987,0.03579353533392109,0.024784717317669392,0.017620372733835602,0.012712600946789667,0.008963652108822873,0.006321848980314104,0.0045021837548682294,0.0034373194232820052,0.00251809094880978,0.0017272725849111859,0.001298194898360265,0.0011603889260373423,0.0012245939813241586
0.2345901829235841,0.1711648816772743,0.14545289475084755,0.11732561524999764,0.09166841461009383,0.06928743390425865,0.05038773037633483,0.03510392175892154,0.024970024074659616,0.017592659263734923,0.012508491874411045,0.008704758267250636,0.006129802800674967,0.004393860179135502,0.0032605667093477918,0.0023933780598141027,0.0016576764979353402,0.001307044264188866,0.001003371704604866,0.0010972910529298144
0.23528611100246408,0.1714819885008018,0.14540618766378535,0.11759377322329563,0.09244573082489146,0.06951304415848554,0.049246294050925,0.035242304533187316,0.02489928423358235,0.017398990886689867,0.012048343567880473,0.008731568036922596,0.006173583134509329,0.004418195329917472,0.0031681464387687238,0.0022122266984785075,0.0016380490476004224,0.0012109359721516018,0.0009480971564907885,0.000937145539171588
0.23699611866467046,0.17216170509673617,0.14629552277566316,0.11768064792174127,0.09132323654243575,0.06908651732677526,0.049897295580659334,0.03483815254070239,0.02476482799943055,0.016980255407821804,0.011700325243698111,0.0082429487510423,0.00605588434528084,0.004294343200153939,0.003092865758362236,0.0020900701331168173,0.001587890108617941,0.0011717533904973775,0.0008807705725634487,0.0008588686400307877
0.23793554885764473,0.17252716485984704,0.1461451472384673,0.11746700097131874,0.09143847454472369,0.06856477882556462,0.05011441540220572,0.03584181738269488,0.024024888282705364,0.016950372026020708,0.011566669847044672,0.008224144699900052,0.005857630639240339,0.004151175358222661,0.0029155202968074766,0.0020943571230821944,0.0015093761193236126,0.0011355513602372463,0.0007977013687617019,0.0007382647961873007
0.23822453850701822,0.17199509492631432,0.14759798416487047,0.11821133735207354,0.09133666386168193,0.06899167576461904,0.049959489346793104,0.03547888597267799,0.02440649546875049,0.01641541719716332,0.011263212885828778,0.00786907707660111,0.005554182607634774,0.004005705902042426,0.0027262574725731925,0.0020583791359187155,0.0013498337342688837,0.0010761131044924588,0.0007867512958716669,0.0006929042228054638
0.23820126685002785,0.1737610997921941,0.147653231468292,0.11854007339661855,0.09102963228200311,0.06886053860671515,0.04968422566880203,0.03519253712439743,0.02386562821032025,0.016644801958911024,0.011398835723857335,0.00755075140061826,0.0054758193010903174,0.003733939603370552,0.002725400640148607,0.0018278791441960535,0.0013384641124309852,0.0010007208317241011,0.0008302855650710902,0.0006848683192111817
0.24023222088204518,0.17387781026533944,0.14725938997432805,0.11881217548289401,0.09085931425692917,0.06866504281005414,0.049951581539347235,0.03489257985134986,0.023832207741008957,0.016474791894483736,0.011143285790941763,0.007369931119068738,0.005198531332767017,0.0036043984925354217,0.002499925690569272,0.0017443161107539038,0.0013313121168175529,0.00091205048660944,0.0005929110367495334,0.0007462231254077239
0.2404961146236838,0.17435635992862603,0.14892196250209164,0.1188757821186678,0.09070465353765508,0.06806328573506253,0.049775666237651464,0.034706442577906914,0.023790794887473436,0.01639223769213807,0.010854657681847965,0.0072218425550747605,0.00496208454466267,0.003413876634414942,0.0024427280361686387,0.0017327417823782654,0.0012463855600681206,0.0008366578100833682,0.000569240080131488,0.0006364854742129549
0.24005735793824168,0.17420988189081035,0.1479891101231757,0.11907088896985579,0.09207450277016326,0.06827127114761225,0.04960804887621913,0.035055895842487715,0.024003390185662707,0.016220662305920473,0.010930534032428815,0.00713534002717778,0.004756893351451852,0.0032729052546314036,0.0023502993777883415,0.0017232401292899217,0.0011602941705382232,0.0008303452891587557,0.0006489515913387638,0.0006301867260470407
0.2406506938764019,0.1753294994048913,0.14907902824459357,0.11917188396866336,0.09153725724492048,0.0681489382666619,0.04935257492035243,0.03450222794305098,0.023683918301977386,0.01585601028497965,0.010768261078327564,0.007092819751665287,0.004773381671903519,0.0030701665209523607,0.002258441393915033,0.0016156301661455885,0.0011386048024723992,0.0008351853908245346,0.0005865065946801507,0.000548970172620621
0.24175839635352994,0.17550981489412923,0.1490772842802254,0.11910113764611362,0.09145092865561429,0.06796177208937351,0.049412106755535826,0.034290385811780365,0.02373300486758724,0.015962684957373442,0.010510487040088036,0.006971560410290397,0.004570592520109669,0.0029933942120417296,0.002150867068286903,0.0015021680614997932,0.0011692213423536372,0.0007503024656814783,0.0005893000615873274,0.0005345905067980531
0.24082874751161495,0.1762941556380195,0.149600216428892,0.1190968785136464,0.09209956354549308,0.06767781494391459,0.049035843689549656,0.03496327433143957,0.023481909265627373,0.015925663556283238,0.010321030977167066,0.0068916338661174645,0.0045459450076704025,0.0029289834879142294,0.0020313665514151537,0.0014418167516587932,0.0010868358377471381,0.0007725135307152319,0.0004910308677015848,0.00048477569741239265
0.2422322548752749,0.1755896790906787,0.14913351041696,0.11948295335442069,0.09172994434067638,0.0683821251912409,0.04890605494598324,0.03455164365518126,0.0235308472794511,0.01604859475069066,0.010434167753885048,0.0066422003422782466,0.004486535699871412,0.0028799554475115994,0.0019804582273490953,0.0013703644606301798,0.0009636352828175696,0.000699261317239373,0.0005240549021816329,0.0004317586656780021
0.24246896364122425,0.17576248372164283,0.14891980495674997,0.11944913882995942,0.0926533604938928,0.06822449046592449,0.048809276279482776,0.03426388995283379,0.023311076474275893,0.015816387947840474,0.010458795628254693,0.00686465943253608,0.004508694557830574,0.002771815343631625,0.0018525669386370424,0.001308521964252493,0.0008989248858365395,0.0007238299515518569,0.0005315381933642146,0.0004017803402782446
0.24151402547356302,0.1775157645822385,0.14904098791382026,0.11947770437654828,0.09210081825688764,0.06840389860621071,0.04927213922878662,0.03386257287991393,0.023244939068638486,0.015623827040012007,0.010422140479943946,0.006815679503540775,0.004476015314165604,0.0028276155443785495,0.0017093936891624754,0.0012089307609538821,0.0009180366839326383,0.0006333983935140008,0.0005114105547631561,0.0004207016490253486
0.24161217624400025,0.17673977063194293,0.1496913556111972,0.12009683942515667,0.09265743835322933,0.06853829082793643,0.04921263229013041,0.033763991435841544,0.023065049131307195,0.015487739459407044,0.010104643506738254,0.006642071037473667,0.004411886601533607,0.00289955255556303,0.0017406698998606541,0.0010806854454660484,0.0008601693125996043,0.0005724035789299183,0.0004144452142525366,0.00040818943743363016
0.2418711325539293,0.17606787631676868,0.15066428613863556,0.12030160998320916,0.09233092674873444,0.06853450567043028,0.04904523524390512,0.033717719821022646,0.023314895705981862,0.015583912049703426,0.009982271111291774,0.006513099678878858,0.004219600584084021,0.0028406870178883546,0.0017619451123611315,0.0011819259138820014,0.0007660630923309271,0.0005440611349615562,0.00040804585122116707,0.0003502002707798522
0.24264857566153442,0.17700929555101302,0.14982902937444126,0.12046083928761198,0.09300239421387896,0.06842263188492768,0.048442198175896595,0.033769042752033206,0.023112290506285604,0.015156061486913095,0.010023817114565943,0.006351230550919239,0.004053910445148747,0.0027411560989941803,0.0018425444929955175,0.0011674136864017403,0.0007532709462458348,0.0005172877244966213,0.00038444948708812334,0.0003125605586082303
0.24268704638428315,0.17680989056166668,0.1508595153199598,0.12073700878976927,0.09279201401861122,0.06868775606866118,0.04829449087961783,0.033492725735125156,0.02276461144780302,0.015201939595542434,0.009858985401448443,0.006388722583751353,0.004025192232238742,0.0026902352744399504,0.0018086009369709607,0.0010629633856009102,0.0007096843780335492,0.0005064707896098457,0.00034702628176970914,0.0002751199350967063
0.2419757832019989,0.17606634071337837,0.15137920743035996,0.121373066507909,0.093231078380359,0.06814080057002762,0.04905081339877399,0.03413602846387871,0.0227448517037544,0.015080417957744834,0.009464520937732916,0.006195612599985313,0.0039580042158292045,0.002593875640851354,0.0017844614348507509,0.0010984907081436756,0.0006469063345255786,0.00046877270617795547,0.00032657831863730903,0.00028438877508129293
0.2414813679842652,0.17690486837044517,0.15133411924364987,0.12057886359869796,0.09372293221679864,0.06919971607165752,0.04886194140694624,0.03422149537678356,0.022739283112204856,0.014839008252058326,0.009495026563560239,0.005852113358703436,0.003899324263052731,0.0024781190685399263,0.001704195447765628,0.00103815208928108,0.0006488450558006746,0.00043308453122117325,0.0003220773048070818,0.0002454666837607372
0.2416448786251107,0.1767902268717269,0.15038984054748022,0.12192343215961822,0.09409777191553999,0.06889136505922235,0.04891408817632139,0.033690849960226726,0.02293096954570955,0.014713765301768936,0.009594031352900635,0.005887068921058267,0.003750720841661757,0.002523922566368224,0.001672196375240867,0.0010236342297035212,0.0005985525343151887,0.0004094536918814084,0.0002938064659301709,0.00025942485821493815
0.2425149279284773,0.17685236868973522,0.15094289471256603,0.12109485547388649,0.09367968941778344,0.0689631988842556,0.04909994637046905,0.03386478165901311,0.022688575033655258,0.014565968231929738,0.00947507164936606,0.005933646354677262,0.0037790838575111852,0.002484470107399782,0.0015510348310513423,0.001042883298700852,0.0006207266410558295,0.0003471065851747963,0.000237658562822383,0.0002611117104693287
0.24192960700083038,0.17803107900798634,0.1508334284646432,0.1220907411954018,0.09275380903158413,0.06867438038241225,0.049023640000187635,0.0341174759604483,0.02262665626216833,0.014663774674846397,0.009420345381387937,0.005854876013930351,0.003820369151183719,0.0023222464959098744,0.001484048434086513,0.0009492280289678752,0.0006161381275343374,0.0003377813084959818,0.00023300655076806154,0.0002173685272265809
0.24394856278366117,0.1774280766682087,0.15079362598617174,0.1210787562045986,0.09270170415473676,0.06829903352046113,0.04885066453282654,0.0340393343419062,0.02284761380827947,0.014683174754004078,0.009596029056901021,0.005982670884335029,0.003889986371763294,0.0022989835085832876,0.0013909553518960747,0.0008548905365024193,0.000561070754304147,0.00032038859229066894,0.000253185131468724,0.00018129305710106155
0.24370141937863693,0.1774825058964937,0.15149729519355662,0.12083240203380183,0.09244014023417169,0.06874631713367103,0.048750599808998915,0.03426765470383114,0.02267785997527302,0.014625179942699696,0.009299970146314326,0.006014501701347484,0.003846592694131018,0.0023804797534179357,0.0014098442137773983,0.0007940142578701977,0.0004626539770267295,0.00036105766450396777,0.00022351188755007526,0.00018599940292628644
0.24427594270315559,0.17809289791733102,0.15089033944191216,0.12077885944016158,0.0932558662990265,0.06836981599234705,0.04897023240110292,0.033772250670568146,0.02251170758851812,0.014811897035744872,0.009216013605186976,0.005797522805569621,0.0037232945060304244,0.002207091453616691,0.0012989327180987745,0.0007924896366739819,0.0004892490261912354,0.00030167751455242305,0.00022977510175754509,0.0002141441424543108
0.24398578693216902,0.17874668004808555,0.1510865368231323,0.12153642450362905,0.0928804911105796,0.0683828023755145,0.048601438502531666,0.03347855924638851,0.022510798148486857,0.014650777794973525,0.008998066259909048,0.00587000326719223,0.003750236441543053,0.0021307095747491373,0.0013819128863376653,0.0008472814303111028,0.0004752279609125004,0.00029232772595604446,0.000201659233413528,0.00019227973418499192
0.24529964334310772,0.17977507026125158,0.1515205956466925,0.1205947093550962,0.09291201057316624,0.06807881758007596,0.04835255135437447,0.03284274133704936,0.02218521475181648,0.014225657737486155,0.0092343359198639,0.005770874114020845,0.0037415385769030674,0.0022293008556328515,0.0013263324642132379,0.0008248569388746638,0.00043117521804811966,0.00027963900011091804,0.00019527863136237304,0.0001796563408533832
0.24526754115266533,0.17920608754755896,0.15226212704786754,0.12103688310064924,0.0928304127375995,0.0680927194743709,0.04815818873584948,0.033279947499589825,0.02182673302135173,0.014136047937874515,0.009181321729076007,0.005768795068711471,0.0035890905397698396,0.0022281424073625584,0.0013156352784006121,0.000790631176806069,0.0003843780029531482,0.00030625239259681733,0.00017812639161243445,0.00016093875733404168
0.24535562840027372,0.17876885482061558,0.15133229795225797,0.12168331713597347,0.09334210386517965,0.06837889947533052,0.04858426741580756,0.032973866523338266,0.02193362103177704,0.013929208683451507,0.009209058438616177,0.0058232373262169105,0.003632687626362842,0.002149926096290441,0.0012374574623997305,0.0006812265828362148,0.00041873560596354507,0.00026405342316357887,0.0001640568605454188,0.00013749527359997
0.24547590481903617,0.17900169966006793,0.15160405418916217,0.12167722705458905,0.09321573185362927,0.06834570585882822,0.04834033193361328,0.03327303289342132,0.02177845680863827,0.013834733053389319,0.008906031293741255,0.005923815236952611,0.0035867826434713064,0.002160505398920216,0.0012106953609278145,0.0007045465906818638,0.00039054689062187554,0.00023901469706058784,0.0001734028194361128,0.00015778094381123774
0.24578780969229644,0.17926638108737886,0.15142630757233122,0.12187338345817661,0.09369574084695459,0.06820302280623064,0.04810203338495848,0.03294268045490561,0.02139500428994059,0.014196655878000024,0.008920575930385753,0.005832443828346117,0.003544475509830919,0.002106681211310441,0.001151798258706079,0.0006720125525693538,0.00037195113374768895,0.0002094178652192871,0.00013127687073447844,0.0001703473679768828
0.246214144063959,0.17960212988554208,0.152002623319436,0.12230133820521229,0.09272497306413077,0.06785496791118191,0.04783341921581489,0.03282740744210739,0.02168923033681549,0.014144063959026244,0.008883371590075106,0.005622960291063535,0.003493074748988927,0.0020580565575178404,0.0011695632485439016,0.0006339688636966947,0.000413797411033557,0.00022329445199169295,0.00016395746474914512,0.00014365796911353665
0.24713411632322949,0.17922498065968065,0.15246891873940185,0.12199013839072914,0.09227559368919523,0.06771065319486448,0.04796242898781756,0.03242765939158091,0.021704917520375712,0.014093818130670227,0.009095810769627496,0.005718483093825945,0.003253862203155404,0.002055153120628892,0.001229966164209078,0.0006829672347641261,0.0003813363965273384,0.0002578709238811919,0.00016409967883348578,0.00016722538700174262
0.2467071349574801,0.17935179920396396,0.15220596964565777,0.12188755521953477,0.0921486725442537,0.06836287747667814,0.047737170635391755,0.03283180145335942,0.021573889517192264,0.014466424648375751,0.00909599295189418,0.005551632998631616,0.0031928919102991054,0.0019963384840324156,0.0012215467093218697,0.0007060602463088043,0.00041395125060140087,0.0002389982692151484,0.00014995969833107357,0.00015933217947676563
0.2460130482058717,0.18057673319918513,0.1528430465810951,0.1210505430503306,0.09269662921348314,0.0678156753446401,0.04803714489257727,0.03268300608666308,0.021606404119433577,0.014216795190661288,0.008983139818274989,0.005500806139155866,0.00319018634937696,0.002026283885965679,0.0011764007448975768,0.0006655334891452425,0.0004202547149766907,0.0002577770556548474,0.00014685480746397375,0.00009373711114721727
0.24792988157360246,0.17993156891541418,0.15209824078992593,0.12143080336218479,0.09311783270318406,0.06766240664937662,0.047815829765959446,0.032401649845327,0.021279255069837202,0.014128362965971942,0.008989782207918006,0.005505733837452737,0.003096584695184826,0.0018013936193481863,0.0011858263287816766,0.0007014967346811235,0.00042652251351435786,0.0002656000999906259,0.00015154829234759247,0.00007968002999718778
0.24776900018734777,0.17986635858365083,0.15265253231749204,0.12220539561606203,0.09239992506088801,0.06793854992818335,0.047292824580028724,0.03230344095422469,0.02157153562730281,0.014065134578155244,0.008855305064634986,0.005461187784924747,0.003183351027290326,0.0018266408543058763,0.0010460251046025102,0.0007384624992193843,0.00036688940236058215,0.00023262349341160305,0.000128020982951352,0.00009679635296321737
0.24720166151347636,0.1800196758174834,0.15328398763234327,0.12192916705705986,0.09256222867672315,0.06880289827914675,0.047506168212623746,0.03198881913863643,0.021367000843249315,0.01381211155876198,0.008655798119866333,0.0054951747399981255,0.0031325150691776755,0.0017942471657453392,0.001080608388769168,0.0005965208157656392,0.000363846466160717,0.00022486648552421987,0.00007964021362316125,0.00010306380586526751
0.24734095076879672,0.18009592326139096,0.15239259572733965,0.12181627247221825,0.09298913810128366,0.06842682716571838,0.04805567310857196,0.03203084591150609,0.02146831554364352,0.013612639300324447,0.008821178351436495,0.005398034513565615,0.003126910236516669,0.001808749079168038,0.001115969969122741,0.0006567295183461075,0.0003902760144825316,0.0002445102741336342,0.000112850895753985,0.00009560978668045954
0.24858467780890742,0.18006794834637552,0.15288216919460276,0.12128135767880723,0.09270601874215054,0.06754741892892797,0.04782790712652561,0.03226580362605866,0.021197629858628803,0.01337229897272405,0.009105400444401503,0.00534569928831353,0.0032750458892860583,0.0018774353524619203,0.0010836312111551216,0.0006569413583228674,0.00041219849933983826,0.0002721154155798151,0.00015296428686439311,0.0000853379705664509
0.24573503878685551,0.1784896223259371,0.15118749900444417,0.12224310677137257,0.09261217923190876,0.06856751461475973,0.048798164991478044,0.03294891603880279,0.0218544417719301,0.014641838831456385,0.009318402650567867,0.0056101562624444505,0.0034247120852514386,0.0020086334602335176,0.001072014527150798,0.0006642348556045811,0.00037592188470666967,0.0002102613931410186,0.00013061692604214792,0.00010672358591248666
0.2441388313457324,0.17767743043126868,0.15074723320446193,0.12181674767699313,0.09289436048272544,0.0688018192095703,0.04953912385752766,0.033611322117681745,0.022544139965112366,0.01474382542585085,0.009468571178680005,0.005889107903811239,0.0034077786110062822,0.0020472586332281094,0.0011483436479103873,0.0006138536566403902,0.00038224132709005845,0.00026562532899478635,0.0001684453305820596,0.00009394066513230246
0.24147733842540137,0.17813262942981828,0.15007945343962362,0.1220394921587219,0.09435302435140552,0.06890975344656138,0.049320598758478044,0.03384617417647584,0.022821802948862387,0.015112671915108703,0.009701248459660448,0.005974700439058717,0.003450690964112152,0.002054887295048118,0.0012306198029026108,0.0006276986914134123,0.0003815747308328901,0.00019656880073209493,0.00017179122080788125,0.00011728054497461123
0.24113361822403184,0.17525152259497287,0.1499831757461557,0.12163599044382381,0.09399037652680103,0.070838520811602,0.04999158787307782,0.034535145866280835,0.02305763989367071,0.015266327938355936,0.010003701335845758,0.0059524210101282,0.003507856926545307,0.002072748073622935,0.001246677209865742,0.0006359567953161276,0.00045425485379723405,0.00019852619536323566,0.00014300615767690695,0.00010094552306605201
0.23928445341714963,0.17452844739827736,0.14951550819368703,0.12184960359761302,0.09493777185183155,0.06991797743951138,0.050522880969600586,0.03491357296854489,0.02337111695327147,0.015672718672557574,0.010027455106958376,0.006281084082550413,0.003917751217656273,0.002279356570202469,0.0012733548358349134,0.0007489314444950973,0.0004233090773233157,0.00024335987441259437,0.00015938357972092445,0.00013196274880119556
0.23894876968486786,0.1752096989465394,0.1489237138406532,0.12124205897009675,0.0943200945082747,0.07021212089531953,0.050242369118933365,0.034935304346613974,0.023925020647548943,0.016134709139633188,0.010499757805121988,0.006361535968552999,0.0039047390045267778,0.0022842984537860805,0.001264989075094351,0.0006987060869322797,0.00043385988939186466,0.00019514982976662177,0.0001376503263532421,0.00012545346199282825
0.23849012376934395,0.1726202595066576,0.14810539603180367,0.12134565302447942,0.09437877207922231,0.07070308281445573,0.051143596162459865,0.036169470700604237,0.023801388355307058,0.01631255521465333,0.010466662299656005,0.00663018442358115,0.0041250546614002865,0.0024626399287587127,0.0014145573710123737,0.0007825210988579087,0.0005098780010657864,0.00028149514642173627,0.00014163277807382964,0.00011507663218498658
0.2379145370367045,0.17372213222802094,0.14852036363244533,0.12086001731240996,0.09370072518165458,0.07042594993768249,0.05110213962710075,0.03528570864147866,0.024203252003318826,0.016506053955813844,0.010752012298276301,0.006962677748524673,0.004261654448606926,0.0024819243354297386,0.0015211214993552749,0.0008099478113450164,0.00045615686049142826,0.00025322093436728885,0.00015983449048715396,0.00010057001648629911
0.23632082557367207,0.1742706823253466,0.15031572546272917,0.1201982853636951,0.09296752977628647,0.07032470223713526,0.050892519414989415,0.03575507160606439,0.024275297400898035,0.016324698617468148,0.01092596513898617,0.007047491842175276,0.004408754526846166,0.002499380132009258,0.0014388176719387117,0.0009501626135444322,0.0004886550583942797,0.00030043236923500146,0.00015383585171671764,0.00014116701686945856
0.23706461957332817,0.17392285544769248,0.15004313310110615,0.12028311329991884,0.09387182371119386,0.06974640648488886,0.050462088370078366,0.0354474012761574,0.024176376164320734,0.016152163388914977,0.010928872242302469,0.00693587545635549,0.004517145862680221,0.0026134655353782436,0.001670725182087205,0.0009663998602269132,0.0005641882423170299,0.00033851294539021806,0.00017471635891108027,0.0001201174967513677
0.23715414301269352,0.17394781856289268,0.14917681447105083,0.12085748719822433,0.09401056862242532,0.06953768184701857,0.05023822118487092,0.03563774383360691,0.024018439646694624,0.016200131244330774,0.010968535898596487,0.007073015111275922,0.004442675130289992,0.002770309696629274,0.0016650942796013223,0.0010197793568300674,0.000627137037622769,0.00033629087524699217,0.00017814327445516334,0.00013996971564334264
0.2374402716754408,0.17428879302525555,0.14718111333234166,0.12050699687616778,0.09422471999796823,0.06944812297957717,0.05053823519807855,0.0355249743308795,0.024488159551271118,0.016373814957387448,0.01130348338128531,0.007074881268979726,0.00460411504119758,0.002791856993066617,0.0018140721202512125,0.0010757447673089694,0.0006312970978474222,0.0003519299913287353,0.00018503535626562378,0.00015238205810110187
0.23692087324998237,0.17366070863393282,0.14837870734261366,0.11982681132815966,0.09361882215064306,0.07018698806162886,0.050902205189511024,0.03546063375913103,0.02432526771358759,0.01647969066217177,0.01109557750355836,0.007548971556618192,0.004671536543062958,0.0029009464247282167,0.0017561215576129049,0.001063439213054983,0.0005859767092343784,0.00030203120506833685,0.00016277130812066053,0.00015191988757928316
0.23711973428006855,0.17311062717613135,0.14775627689486662,0.11917048981304859,0.09444657591985174,0.07088086373387659,0.05084379407425818,0.03571872450109967,0.024282608421549404,0.016335507438248756,0.011209158979845847,0.0073761057403935,0.004749887872385267,0.002858578708181804,0.0018787004364421052,0.0010735431065383462,0.0006232314007756171,0.00032602567497221595,0.0001585097204284806,0.00008105610703729123
0.2380483384876002,0.17358627741356678,0.14793253312370058,0.1199633978407591,0.09313673699987646,0.07053257574265316,0.050365573914335916,0.03573187306714992,0.024310710071145006,0.016340249661107694,0.010873205034766667,0.007449363133173477,0.004741806148231579,0.002897372487854492,0.001785340154753355,0.001095915922476483,0.0006160050283201147,0.0003115839387433139,0.00015400125708002867,0.00012714057270560506
0.23665849519140106,0.17398837966405636,0.14818774705666785,0.1199196609964456,0.09355686884248503,0.07024503751881277,0.05001440978584566,0.035775406587229004,0.02459803813434189,0.01663885518698921,0.011204053241490219,0.007430824133011218,0.004765903244514497,0.0029460006617827565,0.0017576380759911617,0.000987337178314873,0.0006297610110332704,0.00035757616728160265,0.00019213047794235363,0.0001458768443636389
0.23812449211191156,0.17298557642089163,0.14879992351802912,0.11929948179923835,0.0929592326308913,0.06985884473274684,0.050090379736526726,0.03605275131497648,0.02472385936523505,0.01711815225223471,0.010988972078769348,0.007156021450360192,0.004728781121700167,0.002816731847482202,0.0017863497385980785,0.001104739580659268,0.0006532835020244707,0.00038595068683288525,0.0002159907513468439,0.00015048535954493227
0.23646786967949057,0.1726623273535482,0.1472773456104144,0.12132260852692667,0.09366566121606602,0.06987176094970983,0.05025312659857826,0.03621033320985694,0.025162724241943168,0.017152634456968484,0.01101762184473726,0.007196909562364396,0.004662115679737524,0.0028822917217900565,0.001695154433684359,0.0010918840733096964,0.0006703004004162917,0.0003386780970524422,0.00021696565592422082,0.00018168668748125806
0.2378892004131795,0.17164871302991344,0.14758346157359595,0.12007856033616518,0.09440591380848988,0.07002094005382578,0.05005586356641441,0.03621645550941249,0.025319546626754078,0.017191222041866055,0.010833667109359086,0.006854705539276656,0.004530570370526522,0.0030092543794928003,0.0018304979938304135,0.00112429819198797,0.000683362494817688,0.00037066706017103393,0.00021607605877268802,0.00013702384214853386
0.23842224078656776,0.17369046931015947,0.14742542299561986,0.1196402019660693,0.09354503692728555,0.07008565869275483,0.050776987917413176,0.035678570615443085,0.0250583638506656,0.016679889384521893,0.010821612400982854,0.0068547970444160725,0.0043170860282283115,0.002803916726650519,0.0018126507258484,0.0010998499090171929,0.0006199790888409019,0.00035202202501983414,0.00019440022277214717,0.00012084338172322664
0.2361731558538742,0.17290467078444133,0.1481823240366518,0.12053997386998135,0.09331451785929215,0.06991088233293272,0.051114014446516316,0.035763936736747916,0.025160172827920397,0.017080450106142293,0.011299750386804516,0.007134297481017361,0.00431546502885989,0.0028816282246065246,0.0017879351877855246,0.001123346596033052,0.0005686506060664203,0.00038200761573173645,0.00021280789552178932,0.00015001212307273672
0.2355642073481811,0.1721743490986716,0.14764268638161024,0.12155613866161491,0.09417414363794338,0.07089265721663394,0.05132513463771876,0.03578673176405447,0.024616981155072357,0.016927874578413736,0.011084432170971187,0.006959546872034532,0.004299004560183451,0.0028102848765233245,0.001741192612467984,0.0011091396941421056,0.0006233469552635382,0.0003656504486182766,0.00020023715043381818,0.00014626017944731066
0.23513055166698002,0.17350591643857563,0.14826964194925582,0.12068803409874432,0.09424514044141717,0.07014061553247945,0.051858506926307425,0.03588516746411483,0.02465298816712285,0.016795163772870044,0.010948371325296174,0.006783532869490117,0.004271048801041906,0.0027910685805422647,0.0017655293453960426,0.0009767869455297633,0.0005850274753975052,0.00033952487411462363,0.00020371492446877415,0.0001636684008552544
0.23612370145770165,0.17291321517510133,0.14855914337018397,0.12115039299247359,0.09370517402463888,0.07001795643913741,0.05138945328373605,0.035838204495014236,0.024664923120738817,0.016647043091980725,0.011260111350761845,0.006932505322677556,0.0042755080421924205,0.002736880858852664,0.001587251970172167,0.001015910724891375,0.0005088236622105522,0.0003177977139403789,0.0001632403557945117,0.00019276254779990206
0.23594757991152399,0.17310654696616068,0.14846293668245245,0.12093944450509167,0.09373305123659918,0.07012217838286491,0.05054348673642842,0.035811383330994095,0.025019623743950427,0.01663123129679591,0.011136582990675908,0.007062815041231522,0.004448048628763817,0.002923201416721681,0.0016807974950918988,0.0010223407444373402,0.0006168700085079546,0.00033962506086393,0.0002217959581152195,0.00023045986272909527
0.23750842915189768,0.17318578715310795,0.14759574652027316,0.12010893057836955,0.09306302412034236,0.07109189936889428,0.05135125788882165,0.03590386444194692,0.024907063197026024,0.016208178438661708,0.010842915189763982,0.006957724561251835,0.0043520359643814295,0.0028235497536094065,0.0017878447306994038,0.0010166853981153274,0.000558485346243624,0.0003665600414973631,0.0001867381343477134,0.0001832800207486816
0.2373663814178817,0.17273360251419762,0.1476123588225842,0.11929999153410632,0.09368461608899897,0.07077659888768523,0.051564203437152824,0.03641889241922414,0.024703132207887793,0.016366818534432857,0.011178435122746824,0.007050880021009239,0.004360799111253937,0.0028075667812153915,0.0017501939380745789,0.0009778971065648682,0.0005649688230507279,0.000395650949475892,0.00023669947632400535,0.00015031280613276242
0.23722768725597057,0.17309018915301944,0.14736620631613806,0.11973482705812558,0.09385735572080958,0.0705495233233537,0.052291290131206807,0.0357973123991115,0.02465128792373174,0.016611249844786898,0.010668313075150732,0.007055297250313877,0.004411500945075262,0.0026851864626591796,0.0016814751452104688,0.000962321160028145,0.0005967081028131512,0.0003345704391495702,0.00026558684344862795,0.00016211144989721445
0.2378667199492897,0.17179339662941479,0.1473907591395775,0.11989623668508595,0.09369186567267015,0.07096005181275748,0.0513838553652386,0.03683218729760641,0.024917664567515048,0.0163534015902107,0.010943033526712508,0.006912386831842797,0.004418208877068721,0.002757720238669404,0.0016380961567611515,0.0009973266821921203,0.0005529220466039217,0.0003513897118604363,0.00019464234039328092,0.0001481348785293996
0.23558615803421107,0.17114325364956917,0.14719169330721732,0.12046974499017205,0.09439439250086411,0.07138349151428963,0.0524206931300913,0.036656480489486803,0.024792478852361192,0.016749583410001934,0.011060915861717908,0.0070987967470726885,0.004464262682994353,0.002706760193772385,0.0015717781557229751,0.001048998550318397,0.0005313779541776798,0.00029234385828545484,0.00021839805883678098,0.00021839805883678098
0.23552966435955308,0.17206288885382873,0.14775759529705515,0.11989559681988733,0.093697052427957,0.0717000157770903,0.052038674450031214,0.036788058800529565,0.025032411631145352,0.016718571007195728,0.010911915818933879,0.006916196212126409,0.0043798574574190055,0.0026838202509243316,0.001596572941604187,0.0010237959679244896,0.000528189544590859,0.0003155418058594742,0.00022465204656299526,0.00019892852978097285
0.23468037930219096,0.17207392760084858,0.14716637137207458,0.12111761863474514,0.09382143187605167,0.07101463678765178,0.05209921898293003,0.03668621208434573,0.02518343106042173,0.016823224205703237,0.011187495502040795,0.0072892641852782235,0.004465402554498132,0.002530851716421237,0.0016518219733446654,0.0009989753220538801,0.000563744221193356,0.0002981504391721699,0.00017991836846596458,0.00016792381056823363
0.23495490496302304,0.1714159464819705,0.14767297277855987,0.11993258865721947,0.09556790973456782,0.07167593230092591,0.051560428719698306,0.036149675103360646,0.025152514737667803,0.016748361815310735,0.011141026036261001,0.007254940244366116,0.004262876833859126,0.0026135596819883604,0.0016527425249795334,0.0010361753654016764,0.0005463470108481564,0.0002860186545819503,0.0002123731327434841,0.00016270522266637898
0.23453961338758508,0.17176304577151227,0.14765114463030704,0.12173427588946883,0.09441316290603215,0.07067458523420055,0.05207862397764169,0.03635108846053731,0.025098297096981893,0.016957105475867554,0.010958242571205454,0.007110270847889523,0.004296644883755978,0.0026629265820010137,0.0016320058087761842,0.0009418711383283327,0.0005411477812940969,0.0002757113695833847,0.00017638677681421506,0.00014384941021741812
0.2349840712266953,0.17196227765195674,0.14703430378165,0.12070090026242675,0.0945421055424599,0.07086891843543666,0.05190845705736242,0.03684416849406756,0.02544152916223726,0.01659297148227464,0.011096218007645127,0.007104181538371996,0.0045466761845580775,0.00263111494565729,0.0016245465734734997,0.0010134157760761978,0.0005169789938767088,0.00030128577126589673,0.00014208363076743998,0.00014379548174054164
0.2360497833275144,0.1718284693269803,0.147241447769266,0.12022242303505783,0.09422001328103073,0.07119898954632274,0.051792596852258795,0.03650914268892951,0.024996063612029606,0.01662696049235657,0.011201590985329253,0.007280606272206362,0.004562787099600883,0.0026887241310851414,0.0015745551881593451,0.0009464445859262149,0.0005305566394884751,0.00024302917034633363,0.00015403257275471854,0.00013178342335681473
0.23648013187279196,0.172489680338437,0.14616129109482465,0.12028262363929236,0.09393200480159232,0.07111760139259857,0.05188216263171036,0.03634538633324558,0.025581132888513453,0.01683464259942614,0.010924990509673296,0.006942473230438814,0.004459598567730155,0.0027975089174871667,0.0016415700249313454,0.0010003317339425388,0.0004976009138073141,0.0002992445357947766,0.00018980653413268678,0.0001402174396295524
0.23550325753192247,0.17272685377206318,0.14662222017399676,0.11903603682026646,0.09398111877488804,0.0714830688562197,0.052379952651854585,0.036919264072589116,0.025264861155916054,0.016954186316829756,0.010614928491328323,0.0071790302676518645,0.0045692496496681015,0.0028316717104218832,0.0017205093936740567,0.000991682497742685,0.0005598482947669544,0.0003225955113138855,0.000157030619263902,0.00018263343762214677
0.2349066940679886,0.1711526107086684,0.14778139607009147,0.11982454974413509,0.09408980067583114,0.0715655050073871,0.052314713044426565,0.03686568410433631,0.025410977228615298,0.016895777844804227,0.010970753178502232,0.007075266728353721,0.004546438254154078,0.002815110942976962,0.001564329204390346,0.0009338261481545855,0.0005367796289574717,0.00029480278034807185,0.00023856872398109858,0.0002164159138971394
0.23438459334452122,0.17222483729687696,0.14671080457888205,0.12001316633239194,0.09394655696996984,0.07163371672601752,0.05243850026605543,0.03705162839561759,0.025237744395781324,0.016943978278962518,0.011014012252193247,0.00725342119984173,0.004482010560353649,0.0027611777386653555,0.0017225383051587464,0.001004529764097526,0.0005150560080771695,0.0002967541238590314,0.00017395931398632883,0.00019101414869087088
0.23550431982005007,0.17148407545626496,0.14756914268186697,0.11996319206584531,0.09352112196036329,0.07131537242472265,0.052182062948383685,0.036528466506483996,0.025061772574680907,0.01732869826014348,0.011113951229487249,0.007140057597600666,0.004597583627285588,0.0028798800333997925,0.001627387829524735,0.0009576879164323568,0.0005265579469352285,0.00030162057154542194,0.00020619259410732237,0.00019085595487619924
0.2352903168762625,0.17096627195995348,0.1476018336518646,0.11973488223411709,0.09421780737133491,0.07192628665093281,0.0515867617952921,0.036868576947404925,0.02557148589733998,0.017017051057954553,0.011232477946527555,0.007047929320066111,0.0044379000061212405,0.0027188513830604857,0.0017190486230607561,0.0009521931047616458,0.0005288072421086998,0.0002805568969386993,0.00014112862088431542,0.00015983241401356198
0.23493725022905418,0.17091599536962274,0.14674760194394246,0.12019432625801263,0.09399121860174164,0.07121669791548031,0.052582999172175585,0.03688323256086719,0.02562006088844089,0.0169593516111979,0.011116985019267745,0.007098551902211326,0.00479356234775765,0.002874437563850421,0.0017933362683986954,0.0009910095208307478,0.0005677481645925725,0.00031277144396716586,0.00021758013493368062,0.0001852830836544624
0.2359628983065815,0.17144079827737296,0.14762391571625558,0.1205669182227596,0.09325859105945648,0.07112629655542498,0.051678814267374015,0.037004897532214365,0.024978433197253035,0.01677965180651691,0.01094133150383448,0.007363280055971795,0.004556199351977012,0.0028274587853304987,0.0017270423932018726,0.0009034282725500446,0.0005654917570660995,0.00032265295448215877,0.00020208263991251005,0.00016981734446429412
0.23614672667062925,0.17172284962214485,0.14688460558716138,0.11925957374543604,0.09388808694913811,0.07080750615606693,0.05195550649571197,0.03691602275621975,0.025782457332087966,0.016929608559055787,0.01109790269168719,0.0073278424046871,0.004741445189776685,0.0026831960601171774,0.0016642608474144516,0.0009255328182049763,0.0005349409866689312,0.00031077523987433145,0.00022076929608559062,0.0002003905918315361
0.23665089141225037,0.17174650235949587,0.14701552223903333,0.11851478272091724,0.09364795541495372,0.07088506139443743,0.05208720710073239,0.03663119357035271,0.025799078616464334,0.017081085486935748,0.01144342728864301,0.007368011723612112,0.004522013187365534,0.0028086405602337924,0.00160129869909339,0.0009118742326756632,0.0005586715503729856,0.00036678740085278096,0.00020207268843278197,0.00015792235314494721
0.23540332406775744,0.17164564093687526,0.14623827802836692,0.11981781094831302,0.09436802324200125,0.07111923404573053,0.05203995397757933,0.03653962985212412,0.02529366445039523,0.017292347584671405,0.011284996215708033,0.007636463604614461,0.0046056360495385865,0.0028594313719500805,0.0016562641062452695,0.0009367395354993742,0.0006109170883691571,0.0003105495199209882,0.00021042699710493193,0.00013066837723451415
0.2351155332453499,0.17168618056696763,0.1471598253659809,0.11979575206306342,0.09398691769601007,0.07069391101932528,0.051870098583173936,0.03668703611779832,0.025593676039324845,0.017285515100895706,0.011562642415330114,0.007345878023863939,0.004660634327409985,0.002761480899192393,0.0016297819785417687,0.0009165405929221378,0.0005387428993516448,0.0003591619329010965,0.00019144008687652786,0.00015925104572029754
0.23628967218558758,0.17135876600272446,0.1484466598442593,0.11935880666607933,0.09296490074752801,0.07036962989569852,0.05202198532052888,0.03684947103752549,0.02505032090164212,0.017327672090706386,0.011611082119645143,0.00726179745582943,0.004615290776873395,0.0026939472596287433,0.0016841406138811141,0.0009623660650749228,0.0005235406938523787,0.000321918225993372,0.00015587619363889585,0.00013215590330254212
0.23601972708269403,0.1733477551034248,0.14691556652634824,0.11939835449411625,0.09262709608730371,0.07078082695740776,0.05176070485836204,0.03687384398379924,0.025506527941897002,0.01695349148680425,0.01141139511976794,0.007162850153174795,0.004607958986113396,0.0028956563459461653,0.0016427933250713314,0.0009341373809229142,0.0005001279988607251,0.00034246052803344563,0.00016444886742200123,0.0001542767725299187
0.23672452369652172,0.17339311139738292,0.14609973557529327,0.11897586277035725,0.09314868804664725,0.07147603227337447,0.05197301511966912,0.03645501389924741,0.02506949623703301,0.01694352159468438,0.011271950640721406,0.007103871448911794,0.00468845345447149,0.0027679842701200065,0.0017085904129093487,0.0009593870770899718,0.0005559698962641533,0.00031188555156281774,0.00021187877144213164,0.00016102786629602006
0.23698982486025907,0.17216458360496956,0.14682579327651693,0.11868287057811525,0.0923992095597885,0.07156633483304742,0.051764689945255085,0.03688720987135873,0.025560614809408744,0.017099111516754528,0.011351994811677793,0.007325287821497335,0.004512688868305684,0.002783812570166808,0.0017796757975944747,0.0010329231555971734,0.0005858875603879049,0.00034204996300103105,0.00018118488139163527,0.0001642517149064358
0.2363745488051261,0.17259102090501027,0.14761321081684234,0.1192912753493326,0.09297446258146869,0.07038217368149653,0.05215178745023119,0.03649120434161475,0.02518068928206124,0.01697253522912668,0.011173571603675492,0.007171779504129437,0.004693272018732512,0.0027794449563387073,0.001761667666973805,0.0010346838888560157,0.0005883496622906756,0.0003888517882955613,0.00020287919389333622,0.00018259127450400266
0.2365489721109068,0.17250741335300077,0.1475565960657213,0.11912281384322092,0.09394870788598068,0.06994010112270219,0.05151201952760913,0.03668700510688254,0.025637599105492053,0.017000387372010765,0.01084641630142617,0.006888117152122174,0.004496221854209414,0.00285708002699763,0.0018201409763466253,0.0011452002239653023,0.0006783239140473948,0.00039752149576343575,0.00023343815495895375,0.00017592440663573327
0.23582180428238003,0.17305246422893478,0.14799073165781554,0.11981869228427428,0.0931552954706897,0.07037682237932552,0.051442681730541555,0.03634779961438285,0.02514291513039947,0.017121063491526572,0.01082264993403917,0.0073673172546764535,0.004586814599330243,0.002838006968169672,0.0017623380577072695,0.0010350776308223118,0.0005327605452761899,0.00036701282007915297,0.00023001725129384712,0.0001877346683354193
0.23788339848408227,0.1725341808850917,0.14806839729157822,0.12016042138523285,0.0929510329114181,0.0702613190616262,0.05106961685946891,0.03584447041828978,0.024670454487789945,0.016769481370719885,0.010828950951719657,0.007112736449856476,0.0046719091734848,0.00290429690473331,0.0017540803087993252,0.0010960887561253258,0.000644459592721835,0.0003518309587562774,0.000248649764121023,0.00017422398438411815
0.23775877176660054,0.1737978679134851,0.14934078537379183,0.11997976852212099,0.09235263668934535,0.06953640143582594,0.05019977738607952,0.03632531404463779,0.024617784078029902,0.016795848148887436,0.010958153319417146,0.007094550018776708,0.004530091785952319,0.002725159771161011,0.0016746791889816254,0.0010115738939505178,0.0005210113032387279,0.0003518517892001799,0.00024189810507512362,0.00018607546544240284
0.23811189106544012,0.1741837932811299,0.14877980791160894,0.11981281096103331,0.09332589983359099,0.06929035418936837,0.050671126766512094,0.035584501153037185,0.02466908255408294,0.01643479215765777,0.010915418598954247,0.007203737023052298,0.00434690791752194,0.0027166062694812575,0.0015931341493288724,0.0009866281476225466,0.0005811645253119111,0.0003142343072907426,0.00025172533218451964,0.00022638385579010502
0.23801546893269107,0.1750669637947109,0.14850649163862054,0.11955173598244306,0.09286435834048233,0.06883861175550893,0.05010905411419126,0.036164679326757945,0.02447245389523697,0.01664999974618903,0.010798810810993733,0.007193002939131055,0.004661661514303941,0.0028917530046988866,0.0017546798513006117,0.0010372408378469377,0.0006328353562067778,0.0003637957261616505,0.00022673780142167994,0.00019966463110267335
0.23829001120589255,0.174524594652609,0.14840624487664222,0.12010249250827763,0.09328102789979936,0.0688055329728743,0.0503014435826405,0.03576251620459966,0.025146496341605647,0.01614459826959383,0.010832362888382208,0.007022697425687015,0.004580387490640628,0.00292908174216982,0.001612431611096369,0.0009059364188130539,0.0006050843991325996,0.00033634579728320505,0.00025521716276263287,0.00015549654949776308
0.238655516112798,0.1736571542444497,0.14872377722760577,0.1199821663193377,0.09313031759488499,0.06953615542322907,0.05050680753473008,0.03551368093248534,0.024654725756495955,0.01648433304398637,0.01052626245908893,0.00717569215284275,0.004645876467985504,0.0028101557407226026,0.0017546585424343653,0.0009761238089769614,0.0005302817924200104,0.0003630910362111536,0.00019758907551955797,0.00017563473379516266
0.2388359342049769,0.17436524673133696,0.14875073808519618,0.12094643610291016,0.09260902572754114,0.06950147617039225,0.0500851961197807,0.03534542387178407,0.024485870940531416,0.01602699283002952,0.01067566427667651,0.00690004217629692,0.004565162378743147,0.0027819485449177566,0.0017157317587515838,0.0010257275411218903,0.0005989034162800508,0.00036609025727541117,0.00021762969211303244,0.00020075917334458031
0.23676599133988746,0.17470241409917625,0.14956750061592772,0.12026621577382456,0.09267434129483194,0.0696926436292824,0.05046557385901498,0.03562255949186807,0.02459492205561237,0.016501800533916526,0.010750891829592208,0.007033388344960026,0.004486991269013607,0.0027488938613099527,0.0016891606845741323,0.000992234248281309,0.0006125527757246855,0.0004066810439384275,0.00021430909784307176,0.00021093415142034617
0.23840460151346027,0.17397699581020443,0.1490189190969226,0.1206394293366748,0.09292024189694216,0.06910713953994996,0.050806126119431964,0.03556006640175767,0.024448073386438972,0.01618162873446559,0.01082828255535309,0.0070015688512935015,0.004193173048181801,0.002767865737402324,0.0017343490618134155,0.0009862315989279792,0.0005978184692131929,0.0003698368495979923,0.00026006792163511794,0.000197584070333174
0.23823185526111257,0.17395058224015472,0.14900008785980282,0.12050647797084404,0.09271743611578571,0.06944810526956065,0.05088603231889055,0.0360005541926022,0.02398572616127005,0.016308131086825765,0.01097740651379061,0.0066824138467049205,0.004254441988875597,0.002652690199576921,0.0018214012962700133,0.001056007245054507,0.0006048809499672214,0.000400437947324669,0.0002770963011023026,0.00023823523448429678
0.23743332138921383,0.17377172759294443,0.14892063470600564,0.12031221477780563,0.09378443793903088,0.06983760504627787,0.05056757103934124,0.03579517412498058,0.023840349940166733,0.016337527296820382,0.011130003853668755,0.006896038834163787,0.004384393317603154,0.00264179134749951,0.0017104880637680766,0.0010462372643008297,0.0007301688177349894,0.00039719831520306127,0.0002704328954574034,0.0001926834380133999
0.23707363577816812,0.17480531642103378,0.14856296727017024,0.12083481941376027,0.09341093067794003,0.06924937584622065,0.049954276615489165,0.03516897368327641,0.024403271799743404,0.016563528459214917,0.0111916646523586,0.007126424735590373,0.004426970204580452,0.002878629346468311,0.001715683374436487,0.0010818102065412332,0.0006473957954770187,0.00042934342572105167,0.0002518589387103808,0.0002231233550991293
0.2367717933541895,0.1747137904794115,0.14761985287900564,0.11977339984780586,0.09406442884924328,0.07018686057326458,0.05043544432231335,0.03536991629322735,0.02430202079986473,0.016715988839096984,0.011143992559397992,0.00707871818719878,0.00447450748287816,0.002871395958400272,0.0017857444829627127,0.0010957977509089374,0.0007812632112961869,0.0003737211465291283,0.00021814492263464946,0.0002232180603703391
0.24020551368290244,0.17225700353891454,0.14724484696220658,0.12039738498527705,0.09370525704406087,0.06919962449685278,0.05086851986924926,0.03515276764729718,0.024544466056136357,0.016539697976605344,0.011086122592322447,0.007153807709971094,0.004359483480562985,0.002880433314423103,0.0018217980927681882,0.0010974687305832457,0.0007260177756166085,0.0003613204743766377,0.00019585595807331764,0.0002026096117999838
0.23957584774782983,0.17338387263286803,0.14832339753646212,0.11991950148952613,0.09334251002857595,0.06974457073646355,0.05033687243381478,0.035122788905645345,0.023807113963084044,0.016543354824343878,0.011033963893752764,0.006890955894508491,0.004561357341187505,0.0030026686639473945,0.0017897929508135886,0.0011386524427890407,0.0006443929379932053,0.00039135906181786276,0.00021760913351079442,0.0002294173810656437
0.2396065057623866,0.1735354180285087,0.14705022895837877,0.11946543159203349,0.09306638695063926,0.06935808887740298,0.05046205506824835,0.03562832226124058,0.02483324296613848,0.016782961645459935,0.011117698626249726,0.007227686481574383,0.004682203067755126,0.00278533652912273,0.0017735617680890636,0.0011435250638059961,0.0006638188331990495,0.00039356180187119207,0.0002263402637370805,0.00019762545415849563
0.23936970892878573,0.17396357935318635,0.14848365564766683,0.1203107868163948,0.0924521512306624,0.06881877019920023,0.04976880204488128,0.03503869630370473,0.024814289841312197,0.017049687709594412,0.010819084432445758,0.007276358002895671,0.004576655172938095,0.0028466828964195997,0.001887088899288245,0.0011184000459523887,0.0006098828045148222,0.00038687856574485955,0.0002331407950776883,0.00017570030933391
0.23753332725079326,0.17484261427572154,0.14902561087287824,0.11945432857205615,0.09295641860040751,0.06966873810947898,0.05011168219403978,0.0352381821315248,0.024575151472143668,0.016710089244379566,0.010924917801229346,0.007212878764838862,0.004690314230778328,0.00289089612711157,0.0017487302697606517,0.0010391005950751702,0.0006488042739981552,0.000329470920389688,0.00019092417437966533,0.00020782011901503397
0.23867020047203635,0.1735146798571407,0.147893466227809,0.12038107063505589,0.09343046236952786,0.0697763479099993,0.05033310783111291,0.03528463047721556,0.024536441102587764,0.016467285588721074,0.01087977919902286,0.007166584282439,0.004595521559643087,0.0027853179496955716,0.0017579050899956307,0.0010881466248053567,0.0006765066613130975,0.0003593414435403738,0.00021762932496107142,0.00018557539337765776
0.23890514055628007,0.17342706003958952,0.14876468561468462,0.12016362764239723,0.09308433376796225,0.07051459609914942,0.05002398340753551,0.03557989177065109,0.024116836352089922,0.01640329957640574,0.010473317614630554,0.007171376647592541,0.004536579763408752,0.002759780838946352,0.0017717320073774316,0.00100156061046217,0.000587762381856383,0.0003698849472027237,0.00017396415325059624,0.00017058620852728363
0.23981857680355556,0.1738678351931968,0.14777685689544875,0.11995401965136629,0.09369086824199435,0.06914775997717863,0.050154702604709084,0.035636458162777856,0.024114363457438635,0.016682224139007835,0.010843530088939233,0.006947691445528313,0.004474812930538279,0.0028256645966507265,0.0016778438524915305,0.0010279747546955156,0.0005823502304925334,0.00038485754362984823,0.0002261882054666651,0.00016542122489353122
0.23904848761209915,0.1742328283595954,0.1480214824948067,0.1197412642921079,0.09323267636081131,0.0698417523770921,0.05048724054652007,0.03574335849757646,0.024213406292749665,0.016228403506105285,0.010844268801405146,0.007017277195115774,0.0044805863775312016,0.002722467109152015,0.001734475013088784,0.0009981253483305464,0.0006654168988870307,0.00038675246153586316,0.00019590954383476037,0.00016382091165492897
0.23818069066435496,0.17434400066237807,0.1479620889918504,0.1206102665227008,0.09350683584344219,0.0693976245634134,0.05047084606974909,0.035577477116695136,0.02476820990627012,0.0162468507469496,0.010652121384167476,0.0071002877627334565,0.004440636896826161,0.0026326150248307304,0.0016627042262088818,0.0010898823433991153,0.0006116859043573327,0.0003717428148027988,0.0002331841292853921,0.00014024842558469234
0.23735415793529546,0.17397792258709965,0.14906985547609072,0.11993524139143133,0.0933051225546528,0.06968817175226791,0.050792921167547696,0.0357997485365095,0.02439432449605906,0.01629273865372395,0.01098293833736666,0.007043681641813244,0.0044867981667500376,0.0027546067841064253,0.001735571268268281,0.0010815633998945472,0.0006235888977517,0.00032615896278069973,0.0002095529087295687,0.00014533508186082985
0.23665575641153325,0.17200447663691806,0.14846162026572857,0.12042018267784588,0.09398236691204895,0.07063194515950974,0.05133615458239157,0.0360949951806944,0.024689023968238164,0.016140875645035784,0.010913068505036217,0.006985039052411425,0.0046049266638420435,0.0028156223149884627,0.0016829589017047346,0.0010381341269291996,0.0007444181300419138,0.00039668539809489714,0.00021775496320953938,0.00018399450379720766
0.23755150605565867,0.17222543342831745,0.14795378567396456,0.12166076818810234,0.09366412136330908,0.07071751865034696,0.0505173422030226,0.0358877632766471,0.024352772960968636,0.016282505011171625,0.010622331741251162,0.006883811803041525,0.004495688533290067,0.0027582570249358594,0.0017374315083542055,0.001130682567207163,0.0006929444731762882,0.00042928755167506635,0.00025013605373192844,0.00018591193182778464
0.2385377922086689,0.17362578389215536,0.14777675021432568,0.12086958869710202,0.09403668176509901,0.07000857302938458,0.0507935114993351,0.03497728484733932,0.024360566764997735,0.016109869784459187,0.010596466831826858,0.0068432350697655575,0.004306765942796968,0.0028486759057371794,0.001728106710589379,0.0010429394015080428,0.0006919177259195753,0.00040502501029438545,0.00023457698512883163,0.0002058877135663126
0.23956974513102894,0.17250695687832338,0.14852196922266905,0.11914698293392108,0.09423216145020326,0.07009698284954415,0.05083372849864744,0.0357859458401327,0.024354558632688643,0.0163168117668699,0.0103834256698263,0.0067518423703843665,0.004409538643792643,0.002752375632616074,0.0016976639401666278,0.0010395238440781733,0.0006159516283904758,0.0004725108382173515,0.0002936317351779256,0.00021769249332156553
0.23848135606946377,0.17309051767044084,0.14913625987619641,0.1197814119143667,0.09360516809990672,0.06903678508822984,0.05055903953515446,0.0355315304371593,0.024787713446474107,0.016534140469333387,0.010910845552569284,0.006973020669362745,0.004305625150789674,0.0027736864215902124,0.0017546434783782365,0.0010612218729806836,0.0007035445485420432,0.00048758842812625993,0.00025307357861224566,0.00023282769232326603
0.2379581310884432,0.17266706721843794,0.14876560295418187,0.12027016991946206,0.09287006595602479,0.0701854464689561,0.050413828487332,0.03588763847727318,0.024691316352638583,0.016757353387925385,0.010836838161332353,0.006912893491483775,0.004381316285129853,0.0027695454637511902,0.0017569145812096217,0.0011476483335471114,0.0006835258457155594,0.00044724530645585964,0.0002784734926989315,0.0003189787280005942
0.23715206137699785,0.1730432198610778,0.14743682822477433,0.1198178545740654,0.09320010670736853,0.07037283419498408,0.051415392200231655,0.036346353208143535,0.024910767651458613,0.016632504550258827,0.010962831392227243,0.006947797809797492,0.004330765827978265,0.0028280829480949693,0.0017880237862881038,0.0011481172565400467,0.000685493538463616,0.0004524932716951948,0.00027689886775377604,0.00025157275180068685
0.2374803654973229,0.17149154660766466,0.14754843177327,0.11985069333018057,0.09331666863715438,0.07162159879743951,0.05164760923539446,0.0362406472207678,0.025008867194757377,0.016797000354687792,0.010924383941088049,0.006678264394412826,0.004190382893914572,0.002710828111540865,0.001783572888340906,0.0010657523603627957,0.000687418717381391,0.0004273143378316753,0.0002634823585049064,0.00026517134798250194
0.2379429960416264,0.17181705392334765,0.14640074947460816,0.12075656423284352,0.09354928555151375,0.07059915768506873,0.051570267464530785,0.03670737574166759,0.02471409400504714,0.016613353814471276,0.010982166217938438,0.006944456166707462,0.004312855008735431,0.0026535452343374156,0.0017470860798595577,0.0010668197125325992,0.0007089624671893855,0.00042031346269084995,0.0002515128752648058,0.0002413848400192433
0.2377001293390203,0.17240587462557538,0.1472556826432438,0.120467646671462,0.0934753023257385,0.06972825297766792,0.051240877884378346,0.0361220582126901,0.024844573670898037,0.017045396982990058,0.011073176167850304,0.007095072622340191,0.004393474289226364,0.0026610743581171217,0.0017881203967297157,0.00101141087595949,0.0006618915916128878,0.00045927171662935083,0.00027015983331138296,0.0003005528145589134
0.23728556093411385,0.1722922109925128,0.14714688865034198,0.12063273449051101,0.09431099318790967,0.07012098380356335,0.05057420047394321,0.03599301912651314,0.02493771899621251,0.017063982338525102,0.01113969173434873,0.007088894740040104,0.0043951147388248644,0.002680277344567544,0.0016675780959903863,0.0010751490355727488,0.0006835719927895813,0.0003848257144593199,0.00025823830838717527,0.0002683653008729468
0.23887114436171164,0.17315002758697487,0.14652311316058994,0.12062678956790528,0.09333002627089906,0.07039993520857271,0.0505693715400281,0.0354766809916463,0.024450327416053765,0.016936884038530654,0.01104997545012326,0.007272162801959263,0.0044577851792984655,0.0026692718219720585,0.0016687167079205848,0.0010140533280690307,0.000654663379851554,0.00038301182274820295,0.00029021160137749285,0.00020584776376775656
0.23937244911749592,0.17322012595615854,0.14705922101792035,0.11993202151525799,0.09350420304349003,0.06995330702489388,0.05047537638186879,0.035337324647944444,0.024797618725842643,0.016582425602075842,0.011152931318755572,0.007232005297726844,0.0045121901775819675,0.0026066302673189716,0.0017433845987512495,0.0010406249155336914,0.0006419439414006541,0.0003800983863556506,0.00024495229342919684,0.00021116577019758356
0.23952064498718129,0.17366414788827417,0.1474547969234921,0.11951491026851979,0.09310315746862773,0.06970887869383349,0.05063756578059641,0.0353444204560788,0.02470651733909055,0.01675887194710566,0.011172581298070437,0.007197071920118741,0.0043769396842531375,0.0026750775873701266,0.0017355957360680066,0.001006949129672109,0.0005987720955336662,0.00038287680474969644,0.0002631223856429632,0.00017710160572122525
0.23935998866639566,0.17297576261495937,0.1479170285718141,0.11943460156140638,0.0929794055592004,0.07054831370472249,0.05110747191475513,0.0357177190446716,0.02435712996709545,0.01638481634332726,0.01080402815186355,0.007085189239147485,0.004492964563934515,0.002646194219524495,0.001671369325397562,0.0010726446931915738,0.0006577538212967193,0.00033562310368730024,0.00019057995335007506,0.0002614149802589525
0.238063993533342,0.17361387084609395,0.1477709139058513,0.11948266736113344,0.09357206755493028,0.06981081981462468,0.05114477095280049,0.03619569757551057,0.024270260306658915,0.01659448609178121,0.010998730005191582,0.006994272340324779,0.004452591651855696,0.0026143967693767205,0.0017502591567302105,0.0011296358615418174,0.0006730465163078491,0.00035850718959111564,0.00026888039219333677,0.00024013217416008693
0.23771864580012866,0.17240867516372604,0.14821617409695556,0.12006355085333213,0.0932787551588687,0.07080995292716784,0.05107680579378692,0.03665136926115387,0.024592223790754427,0.016209852743497757,0.01062216757658401,0.006611447586568641,0.0043143068689904555,0.002701923222878307,0.0018771788683293101,0.001246392797569956,0.0007083693842752114,0.000396349536439702,0.0002563622533567434,0.00023949631563590496
0.2366927437680004,0.17383589996387244,0.1476518791382064,0.11974251535420177,0.09383873614407794,0.07066140397672982,0.05134161452934603,0.035973907142109504,0.024914492543209543,0.016378940686693252,0.010841636475978569,0.0067967032781516236,0.004235700080696079,0.0026977476002201413,0.0017101491358091372,0.0010483737545286024,0.0007208624688948685,0.00039841579077093436,0.00027180060302593414,0.000246477565476934
