0.04628239970794629,0.04680971889830854,0.04551170242972458,0.0455117024297246,0.04514663529793534,0.044375938019713644,0.04709366000081127,0.047012533971524766,0.04741816411795725,0.044822131180789336,0.04486269419543262,0.045633391473654306,0.04616071066401657,0.048229424410822216,0.04932462580618993,0.04709366000081128,0.04612014764937332,0.04855392852796819,0.04591733257615705,0.04737760110331401
0.03257335035932769,0.02768085169567025,0.028100314782918575,0.02550558294232939,0.02400219754112964,0.023957652788501514,0.023838866781493148,0.021819504662350782,0.020011730118192073,0.019492041337530443,0.019016897309496947,0.020869216606283773,0.020668765219457142,0.020965730236978078,0.021069667993110417,0.019636811783571892,0.01926189344895171,0.018151986695967202,0.015609223733444201,0.015883916374651072
0.03437646911698976,0.027787877454510918,0.027683664229621093,0.025949092997566044,0.024893065652015826,0.023313656332574498,0.02246605543680395,0.02140076469348574,0.01952261079602692,0.018760696329610225,0.018040467153149442,0.019564296085982858,0.019953358792238206,0.019561980236540863,0.01877922312514619,0.01764214104912611,0.017491610835396378,0.015761671302225295,0.01333929278589741,0.014223947272739906
0.03629607408625979,0.028659073534677126,0.02776105826454679,0.026253399007151217,0.024637358596464074,0.02308905640658415,0.02185428541015492,0.02050145637174737,0.019593764212930256,0.018413183793146822,0.017728060074124963,0.01825641819642149,0.01832996255044077,0.018289319617956427,0.01731582461606944,0.016551350409816225,0.014960469909714629,0.013928913575707141,0.01188902544054036,0.012885744975275545
0.037744304657107354,0.029160569284361226,0.027707539380902403,0.026151090978976752,0.02434126725580738,0.022559021798895837,0.020931904089684518,0.02028898575754912,0.018637737065362217,0.018230957638059382,0.017894847518042226,0.01749668629894496,0.017413951500171495,0.01705198675553763,0.01646594859755898,0.014873303721169932,0.013540928732589065,0.012299906750987216,0.011031306503127546,0.011741446859266388
0.03868369005177562,0.02983711467479623,0.02770026832617377,0.025741361282926638,0.024073770801577205,0.022368387901386982,0.020782680994192573,0.01965205779720588,0.018324599085423464,0.017682127965130186,0.017319950617906046,0.01698296821657576,0.01619090210503774,0.0160539045867399,0.01494060291505523,0.014057205124651993,0.012184905707914992,0.011391264912258602,0.009992945415149725,0.01127473828749953
0.03862089960293126,0.029924318375077037,0.028181196826377174,0.025739948511321505,0.023765581618629596,0.022386891023436266,0.020680358927899756,0.01908359519185314,0.01796542150318255,0.01750146723707185,0.01695555259587535,0.016138876001270386,0.015575398422555497,0.015161205812746893,0.014477714827656363,0.013100487810589572,0.011724724371649323,0.010498245901615355,0.009352264228540652,0.010381159651492777
0.0391931803480841,0.029853868533978516,0.027422014131455025,0.025646636554060957,0.023501044582621113,0.022069732427202646,0.02034390027057306,0.018733674095727255,0.017405581566901453,0.016831680443046164,0.016310077263331158,0.015550380811609041,0.014812704546893369,0.014055760618547047,0.01366765482255858,0.012471683415771406,0.011187631260958491,0.009815498358119809,0.00874201424155595,0.009589791441303813
0.03913477354398687,0.03016139509057194,0.02793638487569278,0.025861978648283383,0.023773166822072523,0.021884723779190977,0.02003818793282277,0.0181837944871083,0.016834906599335776,0.01629797064400884,0.015795084285848988,0.014918961958742366,0.014304759609844004,0.013660436463451678,0.012586564552797826,0.011739253423294117,0.010458464729855732,0.009185533635763597,0.008238692914540751,0.008875158461586817
0.03976929200507868,0.03046212136479977,0.02818980632419034,0.02579782946048893,0.023645176242971456,0.021609665652270307,0.019610683407565648,0.01788125516435237,0.016632993409782543,0.0156807372175981,0.015272627420947626,0.014485378584816305,0.01357720832745521,0.01308596505370927,0.011891866019065278,0.010921975452951493,0.009634666156109549,0.008377587214575058,0.007508464499486083,0.00835365484995667
0.04045825352043721,0.03028830560026438,0.028101075255656256,0.026030121845988147,0.023636040953960453,0.021648317350354645,0.019153871103957706,0.017619015562749765,0.016483173503546444,0.015414649669834706,0.014239640643072655,0.013828387483705932,0.013089110971034799,0.011931237492579693,0.011152794012349835,0.010253177726235133,0.009056137280221291,0.007917847285545551,0.006927657386951273,0.007617975190173985
0.040071318956756294,0.030705306567127288,0.0283764018722426,0.025735536733942136,0.023196658663681445,0.021230108022302775,0.018824413064423427,0.01722141632441006,0.015782798741119625,0.014753329277847574,0.013927833950655062,0.01306034394838734,0.012483217128068155,0.011667320583749979,0.010510667247393024,0.009441602804764353,0.008595710063963887,0.007449855358340565,0.006679553032675455,0.007038307542603597
0.04020691832899496,0.03083078371381503,0.028314081587036136,0.02582339799728225,0.023164776577639903,0.0207119381326496,0.01858669672201914,0.016747659218663336,0.015320187664611596,0.013997972919433598,0.013377076013155922,0.012420303447101357,0.011586527601528476,0.010842633974769113,0.010050251256281405,0.008989404542126966,0.00781383973290789,0.007020274353646318,0.006151018684857564,0.006744714393336417
0.040528152648197556,0.030835441674559528,0.02790620349892934,0.02545931789258758,0.022705693516455586,0.02026349094476712,0.01817368673073839,0.01626183783353451,0.014730485501910091,0.013577288218538496,0.012517751628232609,0.01192886002058194,0.01107537695502062,0.010224235406785949,0.009371923099887958,0.008387315064034642,0.007412073097487901,0.006582005205193017,0.005636032205229309,0.006176922707683808
0.04058215689128218,0.030838014845000736,0.027882986464852273,0.02476728278270994,0.02246543443458013,0.01978984136224712,0.017872216562363562,0.015517974094018344,0.014109154417115414,0.012915732789986893,0.011909765681851252,0.011158783292097215,0.010248289914131854,0.009621889099112204,0.008683452190365301,0.007648377237665549,0.006712268956483769,0.0062081210886333876,0.005318585358754187,0.005898413622471251
0.04079513906591089,0.03031479275680034,0.027522351119989255,0.024808700367536296,0.021935150467415322,0.01949379174178837,0.016851979736838447,0.01507455008087653,0.01314764948252928,0.011904375674936612,0.011399187063463741,0.010865031215094485,0.009819893307873064,0.008930019790416247,0.008079541715138507,0.007146796687075049,0.0061781322852600806,0.005524631420877732,0.005040299219970244,0.005501457631360626
0.04026629293840764,0.030717042956027236,0.027369895079565523,0.024379760904804426,0.021460105163065145,0.018985272318266737,0.01644573796118602,0.014564772568407415,0.012712691779326251,0.011509936881364006,0.010897583282977841,0.009912040604820491,0.009333193146723385,0.008344184316122343,0.007558523095551423,0.006681586527296529,0.005736482294315628,0.005184208671620187,0.004443607432817301,0.0050721364092740345
0.03993901420890627,0.02994476041543116,0.027055535531478044,0.02390145543695928,0.02101223055300616,0.01835792072538085,0.015900524989089112,0.014165147587687225,0.012728020184270133,0.011178041430264194,0.01011631749921407,0.00933211576706099,0.008835800133348842,0.00782128952244302,0.007121150531034696,0.0061976119272362145,0.005323589732369564,0.004613086841417366,0.004183560782543508,0.004868729696832906
0.03982365451543482,0.029675861189401336,0.026610381955495404,0.023793082449671793,0.020532276577923267,0.017816087331688765,0.015498594222697639,0.013547625804717023,0.012113698486907947,0.010584405810622784,0.00956985627406395,0.008727653770895643,0.008199122868498063,0.007229383560620772,0.0065353995061683,0.005758688875688383,0.00497278640342764,0.004251226823632686,0.003907681737074257,0.00435003912277658
0.039707061748565545,0.029368402091367082,0.026302715862975765,0.023225556257981176,0.020103650484233862,0.01718023412572297,0.015065690817741974,0.013247160626125106,0.011546806213521842,0.010220483878184871,0.009037578750388658,0.008556844270712028,0.007523093038758214,0.006627022326043532,0.006053353495880485,0.005235301744067976,0.004629507459415798,0.004036333889027206,0.003493643175692965,0.00407649070713862
0.039429191090672375,0.0286183121928988,0.025783047268538282,0.023110386390728353,0.019576611125552076,0.016616530418980244,0.014533595484645938,0.012722048994202364,0.011030737890292653,0.00974822710059808,0.00880352049211771,0.007680178452215601,0.006806467976736175,0.006311785243568266,0.005529682681638454,0.004795674274322186,0.004195642440572229,0.0037353126749854284,0.0031765044023327957,0.0037250067847110976
0.03878199735127235,0.028373665191208593,0.02556010746004874,0.022027707476989605,0.019282828941871076,0.016334202125163247,0.013939587489855505,0.011958192684063106,0.010396885627390176,0.009082823676466036,0.00830903806773371,0.00732234695127325,0.006444397895211568,0.0058079706785618985,0.005154373662901899,0.0045728898030853,0.003943330506039764,0.0034007648573132453,0.002941758897103683,0.00333094100800456
0.03788234782976556,0.02820510182031466,0.025017464547825417,0.021794383675821413,0.01852328244318449,0.01577811849366989,0.013437697583775523,0.011306508245210253,0.010043115423796833,0.008745422344788477,0.007855902331159842,0.006895495118501673,0.006074575620062904,0.0053245433206536704,0.004755159044577756,0.004122890962911129,0.003681560981856305,0.003153337014894313,0.002749737317193917,0.0030995999446622492
0.03700749666244483,0.02728465637444516,0.024629445794680453,0.021234838371044857,0.017832243635824238,0.015143942765207275,0.012938303723228248,0.010936911648923417,0.0093850911124043,0.00838325403073974,0.007408802017366696,0.0065518775887447355,0.005628772578418284,0.005011467497347073,0.004567601182122115,0.003921769988247242,0.0033957484681477424,0.002868585903536096,0.0025045927041613893,0.0030089343785301053
0.03604744075612985,0.02685151362951463,0.024178119720560706,0.020745628053513546,0.01727546687365874,0.014661430984886535,0.012381854709830595,0.01055317108807817,0.008920825533080679,0.00789461668416967,0.006767955801104975,0.006107027076389207,0.005322816309757547,0.004733802109492718,0.00423953244144103,0.003763526779599107,0.0030306835304324013,0.0027510159353454186,0.002426829825122141,0.0025558193689785855
0.03565747931391876,0.02636028728482997,0.023492683905732822,0.019885090628808968,0.016630959398612834,0.013993676449964033,0.011909390574421436,0.010186548146661667,0.008615352338949582,0.0073884969767593015,0.006508262460392298,0.005820721769499415,0.00505678766850733,0.004534575999470947,0.003992980927872079,0.003387534647832081,0.0028505003768361493,0.0024366077221195403,0.0020717436738845138,0.0024514303240790883
0.03462659901623542,0.025789353146873067,0.02289183944834439,0.019142048814503286,0.016283274976670623,0.013631873334328424,0.011384961413959341,0.009921961968850864,0.00792002269700074,0.007108764437719408,0.006066206421929498,0.005428138128112721,0.0048196944336517215,0.004180486732167418,0.0038022033865474708,0.0031789473924085823,0.002606964743308543,0.0022047538366704684,0.0018971137664373803,0.0021990567983328183
0.03379956166567044,0.025021489767455093,0.02199869068966498,0.018881393561608745,0.015502234366549983,0.012947371417186134,0.010829704266643907,0.0093177354623858,0.007857000540802102,0.0065647681666809055,0.005561722596988592,0.004919591267469336,0.004629265932314353,0.00402470611675633,0.003455440753707344,0.0029795349101983917,0.002478581390715284,0.0020459397147980546,0.0017966014857825987,0.0019639655025190006
0.03295324789940816,0.02426769296557622,0.021758810657859423,0.018168356693461434,0.015020312165918325,0.012397699925848079,0.01066331845745818,0.008967605166068447,0.007507312834650325,0.006313148544939245,0.005348718718582105,0.004596963865725893,0.004270558959871529,0.00374626397172219,0.0031764770106314745,0.0026169257434525673,0.0023018938308335497,0.0019197612581260022,0.001652495917095429,0.001865170890596354
0.03241551897234504,0.023759631706948246,0.020963778983237397,0.01744480209023816,0.01450682590558227,0.01202478178363807,0.010265861830982232,0.008345489626692832,0.007274447225011,0.006080610153072654,0.005067554123456397,0.004577512430117893,0.0039680870295855574,0.003548538572875793,0.0028913596894659215,0.0024570303928178757,0.0021113861357995355,0.001815769337033849,0.001507645673704999,0.0017702898295314348
0.03132461690502426,0.022868696965910502,0.020106096577419838,0.017258300864448566,0.014365067645087643,0.011819431349607534,0.009794054502288908,0.008153760521622573,0.006764508763759046,0.005638794542955483,0.004761850669635248,0.004215464655299717,0.003736098962888917,0.0032692285847352696,0.0027342019469971486,0.0023048175116149637,0.0019515408994354392,0.0017073143025910754,0.001392659570842753,0.0016323424170481527
0.03059319400113879,0.02229496593824648,0.0197496920490816,0.016740506831633088,0.013643983784654404,0.011478686166822055,0.009509615101051002,0.0076766549384438415,0.006480013248127909,0.005309459480918385,0.004500733864619557,0.003782748850429997,0.0034651567430475706,0.002918444615339246,0.002520320223584844,0.002064348697985786,0.0018046037244480143,0.0015754837041221195,0.0013089331854261523,0.0014302987407472947
0.029320401342344298,0.021668494489878544,0.019260757977682782,0.015966139716764898,0.013331579227913861,0.010850124923305143,0.00898676595508205,0.007438692314409788,0.006174148644556622,0.005072918237895254,0.004200780047655717,0.003733522655745849,0.0031675968339909353,0.0026663158455827746,0.00236010347709815,0.002019867512115235,0.0017283987021132062,0.0014664170090763608,0.0011670093598913965,0.001343932061682512
0.02870356401074003,0.02126110102170804,0.018306122194329835,0.015558729211638872,0.012832888857631279,0.010806941761394252,0.008735620710034331,0.007080605696926936,0.005661535250458559,0.004734772217073537,0.004134701660573322,0.0034098527274851608,0.002925485756548312,0.0024751492519536314,0.0022097116144847275,0.001822898647062093,0.0015143557522264426,0.0013045012097830787,0.0010311231301676682,0.0011978724152442875
0.02809604282684391,0.020721568805362422,0.017970034819494392,0.014787510349442552,0.012548628202656252,0.010228084700971994,0.008235320804364347,0.006762013859746619,0.005421406616838119,0.0045083873016593164,0.003893658768955076,0.003289137905613084,0.002650591477730268,0.0022490898161485334,0.002021118533725005,0.0016581791786228722,0.0014676360171942526,0.0012680193718880796,0.0010343771620410806,0.0011296487427553906
0.027290541076262633,0.020021067654354546,0.01724149648306093,0.01445852730300044,0.01193947013716629,0.009777203891852713,0.007750857997213636,0.0063735317770453204,0.005120799211661965,0.004269031680768402,0.0037310136260151508,0.0030525445422315816,0.002505465130766701,0.0022392877773624634,0.001899486900676202,0.0014894605094747796,0.0013297540974322368,0.0011179448842978004,0.0009287890629424482,0.0009672998289668914
0.026142679879655267,0.019502189888550816,0.0168278628614166,0.01378638246276056,0.011510938110859917,0.009332948048931118,0.007651294952207737,0.006099958638586233,0.004967902409727297,0.004210931878318121,0.003373504898211262,0.0028579037128951294,0.0023853637254735325,0.002090734476721456,0.001729247052291026,0.0013813579008799216,0.0011071260616568367,0.0010334687494688178,0.0007898330245392169,0.0009348812700787
0.02551734991842193,0.018534810230490608,0.016213713042188486,0.013605026251043071,0.011123150623356127,0.009097568735613444,0.0072180461343541655,0.0059238929215593705,0.004718054626173145,0.0039345427948048175,0.003224626727943634,0.002681150313121672,0.002329022886018278,0.001936134727803234,0.001605519908786542,0.0012918887277330352,0.0010269439755073296,0.0009329678454443658,0.0007518090405037121,0.000833330502727006
0.024932484895405355,0.017764452080687623,0.01533549291119698,0.01322005736237219,0.010703945417461792,0.008722068667332194,0.007008441368819226,0.005515525644421203,0.004490065715456378,0.0038007664916820034,0.0030345011805239575,0.002596473594972757,0.0021550504467428627,0.0018324719922671714,0.0014238726165979626,0.001180523957958406,0.0009699990718795345,0.0008715277541974816,0.0007040133287153677,0.0006836399526432186
0.02383004132259444,0.017402082188310714,0.01517762834996867,0.01280050482775467,0.010347611906878279,0.0083889164071282,0.006673361515026086,0.005413553901445497,0.004334688135416874,0.0035204498214330116,0.002953875661285906,0.002304746783193215,0.0018648319163324907,0.0015877647122685367,0.0014215243898301642,0.001115054135539015,0.000928457855251046,0.0007395998018686773,0.0006219876009598968,0.0006412126722622935
0.023000701309865854,0.016680994502635566,0.014778408705291495,0.012285365246702712,0.009903173992715422,0.00795760468746465,0.00661267334796281,0.004962332873334388,0.004208990340022172,0.0032656154559645273,0.002705698708232472,0.0021220279166572396,0.0016311110105648933,0.0015881275026581902,0.0012600954686333504,0.0010067190009727845,0.0008144243603375336,0.0006447526186005476,0.0005395561387236162,0.0005621790376218809
0.022465584312076264,0.016214969594812292,0.014141605986300421,0.011886229541926824,0.00959467663328257,0.007936211849374774,0.006153390469536594,0.004797903573895511,0.003934190489433645,0.003021865281108086,0.00244643339630299,0.001986313991360608,0.001609852660044112,0.0014018379904878516,0.0011893012628977572,0.0009191082953763088,0.0007585752351752809,0.0005607351961951404,0.0004827296951115422,0.00047029403551850465
0.021602239628990744,0.01616491813477363,0.013668523598111017,0.011514860164578797,0.009225461640697907,0.0076034273110313026,0.005965557220824024,0.0048921188813166325,0.0037700421344342957,0.0029952209936939755,0.002293923026892515,0.0018855866300936004,0.0015281508921754373,0.0012465005797019483,0.001040635692673133,0.000860786697961146,0.0007114780985776093,0.0005440714871475837,0.00046149930718547636,0.0004988264570313604
0.021130619794603282,0.015297976653608564,0.013109323076679705,0.011243826403726929,0.00899867686456449,0.007063125198442077,0.00573208032821895,0.004724192361971894,0.0035603755399601614,0.002686947963829028,0.002199952769375574,0.0016688907243799297,0.0014327376022435685,0.0011841553684158203,0.0009446124885454441,0.0007875537135360942,0.0006124162306119985,0.000505073902368198,0.00043614882844323125,0.0005039439831235265
0.02015069787630386,0.01487423758087634,0.013048727003088107,0.010703256756084658,0.00867993543457325,0.0069923272038377535,0.005475401386257692,0.004378964692477766,0.003432864163927458,0.0026224052882159055,0.0019984536851576393,0.0015293596357569494,0.001238860429260618,0.001088524264030999,0.0008556727599911384,0.0006906420823706543,0.0005425666113550149,0.00044874780147487685,0.0003684931568786141,0.0004148373882651883
0.019725783350986688,0.014402647889680306,0.012369027015845066,0.010393057428594367,0.008397870745815479,0.006632158791990766,0.00519313746214515,0.0041565447210073405,0.003220559127046479,0.002332051063214071,0.0018742320226897379,0.0015204113814943896,0.0011801557489071691,0.0010264189846817138,0.000808248429567649,0.0006454683262701085,0.00042955860592406534,0.000374168154107541,0.0003685160671874875,0.000336864380435188
0.019295240439608077,0.013822158135606426,0.012119371233515542,0.0099479791826397,0.008114208672695673,0.006314313233748152,0.00503270638104712,0.0038730497839335057,0.0030894064748810696,0.0022820506161310835,0.0018100579602464751,0.001373069544391587,0.001111102328685298,0.0010049604395629213,0.0007565432522552331,0.000573617868874117,0.00042569672552272055,0.00037601328806118295,0.0002969714557360093,0.00032068400543356127
0.0185879276777068,0.013413816988574922,0.011392309230798784,0.009432949559483062,0.007814839381095458,0.006066783203745158,0.004743593944742441,0.0037797336220017777,0.002813613368844374,0.0021390241394467456,0.0016892979865149934,0.001290420267959948,0.0010440878525350198,0.0008203547412775154,0.0007197878377324757,0.0005649826041856167,0.00042373695313921255,0.000324300014802544,0.00026328189355049746,0.0002678017543839825
0.01781443326895923,0.01312915718079793,0.011468824459601767,0.009136909162530883,0.007501408065988913,0.005833174373311876,0.00464238510012224,0.003456110667778823,0.002656983837998481,0.0020023319152970708,0.0016117981820993332,0.0012562544654597745,0.0009627898104556934,0.0007517210008950667,0.0006952854903173587,0.0005056621747762611,0.0003702169493897626,0.00030588046733117584,0.00025734592823434716,0.00023251430358015588
0.017151217926138683,0.012626331048310624,0.010813215198562152,0.00908590059699605,0.007190370390440837,0.005595144552523911,0.004486502108904364,0.0033993099773304072,0.002594358793724768,0.0019203674099764283,0.0014258812691359363,0.0011650906332132114,0.0008139828939406258,0.0006886679130426931,0.0006062535562359446,0.0005204523080535765,0.00032175468068388116,0.00024950099800399205,0.0002122451928721742,0.0002009555549534415
0.016838450713451556,0.012265448705351394,0.010352219413743171,0.008695367364871125,0.006988821048684572,0.005352298472804814,0.0042680599132157385,0.0030776563280002357,0.0023582188671062354,0.0017867347929894947,0.0013191569141667062,0.0010413207832720062,0.0007781670495384087,0.0006144018504338089,0.000576001734781696,0.0004303071783369138,0.0003094597555493816,0.00022701244841396242,0.0002112006360866217,0.00016376519910459974
0.016164324509760773,0.011869335743763185,0.010029915962214031,0.008214194226930233,0.006690748395585843,0.005078152771147967,0.0040444665626209585,0.0029859538294350037,0.002236644176092283,0.0017277004205838963,0.001251482538489577,0.0009106820636258685,0.0006951426904504774,0.0006059928973569911,0.0005191000610506813,0.00041415157044695657,0.00026406394409969445,0.0002121539379946263,0.00019635524048438813,0.00013767436401778928
0.0156159760323419,0.011587902468957552,0.009854172682645105,0.008089987005486573,0.006304369405140051,0.0049079104100490925,0.003682906800462026,0.0027229822408316477,0.002112736427952641,0.001620930190586196,0.001245307536817787,0.0008155410771007788,0.0006542376552122434,0.0005403100635287322,0.00043315044758879576,0.00038464662142650877,0.00030794289633265953,0.00020642326017903555,0.00016807139763211088,0.0001387435027432862
0.015247168785707359,0.011215465501025123,0.009802395790337896,0.007673205356357464,0.006026691567368354,0.004688053301936795,0.0035321104021328,0.0026321665640414897,0.002053631239554224,0.001496523149307224,0.0011976696191139948,0.0008514506237580666,0.0005977070603864575,0.0005334253576656493,0.000422905938952682,0.00032930275779782174,0.0002492325666894471,0.00018156761645701805,0.00015450163636404642,0.000144351893829182
0.014999593873812079,0.01081198162504625,0.009515762208604457,0.007799879064646261,0.00598359250200807,0.004576816512188299,0.0033527973069321215,0.002466088463308755,0.00197760890950606,0.0014349791973141525,0.0011506908657707828,0.0007524615759501095,0.0005843704592835933,0.00046027634630831283,0.0003553604144292119,0.0002707507919460664,0.00019629432416089804,0.0001624504751676397,0.00011845347147640403,0.00012522224127505568
0.014347399787654874,0.010554071847571853,0.009114367370609947,0.007376793001862813,0.005822002430347524,0.00437101500293921,0.0033092893659320334,0.0023908571995942653,0.0018289662673630508,0.0013426711031227817,0.0010594690469178927,0.0007221088285702361,0.0005686607024990605,0.0004501897228117561,0.00033623192330301595,0.0002595078602674283,0.00018504038732112288,0.00015796130624973903,0.00010944461933017633,0.00012636904499979126
0.013705071462802695,0.010233135060468525,0.008965692216615454,0.007129929805767767,0.0055388605418205394,0.0041834634792659205,0.0029938262904180644,0.002233811631381614,0.0016000902094550785,0.0012448904800834437,0.0009347954782510642,0.0006506356947537564,0.0005063005666281397,0.0004206015843035548,0.00031009500183237955,0.0002627350379161616,0.0001702703464606884,0.00011614467341358216,0.00009359230964395455,0.0001195275279790263
0.013424771545438863,0.009724613998346714,0.00843333682936759,0.006895081756452721,0.00508954922585396,0.0038298491404830607,0.0028735146083483033,0.002067171223352605,0.0014491625870202392,0.0011604578226021998,0.000819876420827793,0.000636052684108494,0.000422907369752988,0.0003744139913546453,0.0003135153301102151,0.00021765632629953786,0.00015450215908309164,0.00009811450978269328,0.00009924226276870124,0.0000902202388806375
0.012884282662969669,0.009340569541425031,0.00795419322479021,0.006696310322867886,0.005024768796388659,0.0037353261083965957,0.00267243759897656,0.0020277162549805295,0.0015182511369976502,0.001050490022035494,0.0007641976769743183,0.0006052716114088626,0.0004181671654239998,0.0003155978606973583,0.0002795295337605176,0.00019274012206874392,0.00013638336122992996,0.000084535141258221,0.00007551805952401078,0.00007213665387368194
0.0125572912322152,0.00891297143385328,0.007765455951412078,0.006392495384011886,0.004739982911262561,0.003607121359343685,0.0026162902109489656,0.0019253010255496916,0.0013842328216481393,0.0009975945009434869,0.0007484776820638136,0.000543322654751142,0.000430600112271652,0.0003156231189425721,0.0002536257205788526,0.00017246548999361988,0.00013413982555059324,0.0000958141611075666,0.00005297959496536037,0.00008792358313400231
0.01196319744460512,0.008686674458787604,0.007540398615452071,0.006101072900663984,0.004825178844955204,0.003610148993317336,0.002614906545268878,0.0017864771009703335,0.0012274281154300898,0.0009366324737579475,0.0007078281510469201,0.0005184728494929668,0.0003742021435470979,0.0003054481352447698,0.00019837222067557015,0.00015554185484789024,0.00012398263792223128,0.00006988112319253036,0.000045084595608084104,0.00005410151472970093
0.011681629386669369,0.008596660298352696,0.0072553693903889185,0.005902807130257381,0.004668594067887353,0.0034986277128735747,0.0025191472094949867,0.0016997199068986312,0.0011192452702588462,0.0008938182269035905,0.0006323228566114934,0.00046212543887827473,0.00034264910589998924,0.00026487677594242586,0.00017470595860032346,0.00014990898383124526,0.00011947633297828574,0.00008115373560789217,0.00005297535518848518,0.00004846681432138006
0.011494162240708304,0.008279311296472565,0.007044736441923731,0.0057910121598864555,0.004517012013449657,0.003361287742676751,0.002421839358832112,0.0016299542103395646,0.001151218523128566,0.0007648506626265133,0.0005226667267433018,0.0003942529188796458,0.00027710348012683684,0.0002196551976615171,0.000155448293729689,0.00011714943875280904,0.00010363219581979265,0.00007885058377592917,0.00005068966099881159,0.00005744828246531982
0.011350377294740404,0.008014416037842104,0.0068982993580358224,0.005693208694672828,0.004247099898637239,0.003130983218830952,0.0022547584187408505,0.0016409505574952127,0.001119495438675526,0.0007444532041896607,0.0004989300596914065,0.00034801216353192913,0.00022637684423921603,0.0001779479671134136,0.00011262529564140101,0.000110372789728573,0.00009798400720801888,0.00007208018921049666,0.000059691406689942554,0.0000427976123437324
0.011010997478758708,0.00798956354812326,0.00652841522298002,0.005214846258356259,0.00415024705460887,0.0029977761705521733,0.0021945388877247776,0.0015997152056309975,0.001090510083838596,0.0007131124825101566,0.000467522401645679,0.00033120864116585456,0.00022418544078913288,0.00016560432058292725,0.0001453262405115484,0.00007998576028154989,0.00007322640025775693,0.000057454560202240034,0.0000495686401744816,0.000059707680210171015
0.010461959122907184,0.007714146393101639,0.006434836859880693,0.005117238132883773,0.00393590388961901,0.0029707909759127183,0.0021227979490505964,0.0015360723620716256,0.0010856112588248138,0.0007229900707111315,0.00044820879773057747,0.0003164489250308851,0.00020608595473541614,0.000162165997168852,0.00014414755303897964,0.00010360605374676658,0.00005743379066396841,0.00006193840169643652,0.0000450461103246811,0.00006869531824513869
0.010200496398632429,0.007432465912008613,0.006197099986936882,0.00499326573543124,0.0038592516182505343,0.0029392024288397707,0.0020957301609466706,0.0015292861679557115,0.0009977522421272171,0.0007297330168153916,0.0004718489722926679,0.00030855994846823643,0.0002466227325348313,0.0001565322366316965,0.00009909954549344807,0.000079955315114032,0.00006756787192735103,0.00004617137915035651,0.000031531673566097145,0.00006756787192735103
0.009969912349449144,0.0070827590555720705,0.006040050806691349,0.0049477970254664045,0.003829644443243338,0.002741894801322412,0.001960426632074876,0.0014492068210685606,0.0009807763334504405,0.0007341747065553236,0.000451539965228044,0.00027925663684926427,0.00019818212937689712,0.00012949400499058625,0.0001002170995144537,0.00007994847264636198,0.000050671567170229446,0.00004504139304020395,0.000040537253736183555,0.00007769640299435179
0.009411767357065755,0.007032065135334299,0.006088972919619699,0.0048134885848659095,0.003581947615002042,0.0025712502225337082,0.0019887189495056954,0.0013892863822892478,0.0008980220978787745,0.0006287281438097316,0.00045408143719591733,0.0002783079776362074,0.00017577345955970995,0.00013971736529105148,0.00011154854164366207,0.00005408414140298769,0.00004281661194403192,0.00003943635310634519,0.00003380258837686731,0.0000439433648899275
0.009150930121295697,0.006674359046520139,0.005819942025722569,0.004655953620578057,0.003495342357808234,0.0024157825120310695,0.001825908310584526,0.0012776855317592087,0.0009287141530408342,0.0005876227731967464,0.0004379027945853153,0.00028930853009878155,0.0002071313989812288,0.00010243998536571643,0.00007317141811836887,0.000059662848619593066,0.000034897137871837456,0.00003377142374693947,0.00002926856724734754,0.000043902850871021306
0.008862122000265718,0.0065337179478518565,0.0056611293885574935,0.004433875801937032,0.0033462363848036736,0.0024196036308691445,0.0017710732951871399,0.0013004384335290181,0.0008737144800160336,0.0006023675860935279,0.00041321290485294375,0.0002803542596958664,0.0001722658704155322,0.00010133286495031307,0.00006755524330020871,0.000054044194640166993,0.000037155383815114815,0.0000270220973200835,0.00001576289010338204,0.000036029463093444665
0.008615816346065057,0.006298295755266221,0.005357999500010136,0.004421081554653172,0.003342274593533016,0.0023884650986804325,0.0016925332594609568,0.00117903015479416,0.0008704778506741982,0.0006069696785425522,0.00038625343179980596,0.00021846404014333058,0.0001430151190629019,0.00010810591677195727,0.00007770112767984428,0.00004391802868860766,0.00003490920229094455,0.000027026479192989334,0.000019143756095034113,0.00002477427259357355
0.008239247674868775,0.006116693226732932,0.005343525196049302,0.004187712142902161,0.003219845321376802,0.0022542293529247584,0.001625115918933276,0.0011456842143172264,0.0008024291206367213,0.0005030656618858545,0.0003466313732904768,0.0002262107338681358,0.00014518002322880372,0.00010466466790913761,0.00005739675336952707,0.000032637369563064415,0.0000337627960997218,0.000021383104196490474,0.000012379691903231328,0.000012379691903231325
0.007952651052530266,0.005881472292918709,0.005172318695877792,0.004156990847416036,0.0031495424833658473,0.002296306885656299,0.0016479378826474622,0.001089620130056518,0.0007710638317032181,0.0004885280335170755,0.00034444603284844504,0.0002442640167585378,0.00011594098491303856,0.00007541792222498626,0.000046151265839170703,0.00004502562520894703,0.00002701537512536822,0.000027015375125368222,0.000021387171974249847,0.000014633328192907789
0.007826949335896914,0.005708393511050375,0.004948550162606476,0.004087394367703392,0.0030675157400142502,0.00221536549590754,0.0015568345939228293,0.0010806660955646533,0.0007812315315852806,0.0004401462951726871,0.0003422109302621403,0.00022739015760839596,0.00013395756809603528,0.00008442703871598861,0.000047279141680953617,0.000025890958539569825,0.00003377081548639542,0.000015759713893651194,0.000011256938495465144,0.00001125693849546514
0.007624574677272496,0.005572670390784786,0.004915340657757454,0.0037211166051170468,0.0029872484785180412,0.0021824697814040984,0.0015544047282718193,0.0010659096869467147,0.000753002724991924,0.00047836495982297116,0.0003219114788455759,0.0001935971131518848,0.00014407227025256544,0.00007541282896032722,0.000047273713676623034,0.00003601806756314136,0.00003939476139718586,0.00001800903378157068,0.000013506775336178011,0.00000900451689078534
0.007425971084196281,0.0055728558015117665,0.004699212144547496,0.003672455681723508,0.0029372890477058974,0.0021053010805711105,0.0015232472524132157,0.00101887565664003,0.0007182791921948497,0.0004525834408500465,0.00028821234044182055,0.00018238437168583964,0.00013622536403695416,0.00007993389129441111,0.00003602654255522756,0.00003940403091978013,0.00002814573637127153,0.000024768248006718946,0.00001688744182276292,0.000010132465093657752
0.007215987919718337,0.005264869402208342,0.004635875601004137,0.003636686879234315,0.0028006539735192476,0.0020107547813093198,0.0014785292572134562,0.0009969382967207937,0.0006931309151015902,0.0004489597972817117,0.00027567706850631417,0.00019803740431474003,0.0001339002904173526,0.00007763966419157422,0.00003713201330901375,0.0000315059506864359,0.00002700510058837363,0.000009001700196124543,0.000011252125245155679,0.000009001700196124543
0.006991787013869897,0.0052607231974932216,0.004517873965498031,0.003519529618862067,0.0027575463914973008,0.0019764291687629646,0.0013844008414455845,0.0009533231810604961,0.0006843217167470856,0.00040969260673674187,0.0002622482894770904,0.00015644855037474475,0.00014519325898087839,0.00009454444770847893,0.00003376587418159963,0.000029263757624053016,0.000024761641066506397,0.000011255291393866544,0.000003376587418159963,0.00000787870397570658
0.0071010498525209825,0.005108029363009943,0.004257253818080328,0.0035032596182088464,0.0026513587088018127,0.0019637610130981177,0.0014629738206461624,0.000988070011174869,0.0006448338455617313,0.00043439068828416853,0.0002318250823485458,0.00017105540056785897,0.00014179592415493572,0.00008890379371618983,0.00003938775670970434,0.000023632654025822615,0.00001688046716130187,0.00002250728954840249,0.0000033760934322603733,0.000006752186864520747
0.0069013842134210334,0.0049803339793070955,0.004134532002694868,0.0033078505494901016,0.0026307590735319074,0.0019772870676652834,0.0014362887289013453,0.0010201361606213938,0.0006242288524199271,0.00036328994474168726,0.0002496915409679708,0.00018783102406149153,0.00010572524707652826,0.00008098104031393653,0.00004273999349902204,0.000029243153446699284,0.000016871050065403434,0.000013496840052322747,0.000005623683355134479,0.000005623683355134479
0.006737780178233866,0.004880052209919884,0.004130659825366819,0.0034003960752543015,0.002484472049689442,0.001873480961382663,0.0013401296246286797,0.0009328022324241608,0.0006526239985597268,0.0004152038887388608,0.0002858043028175355,0.00019691241335853828,0.00013502565487442613,0.0000708884688090737,0.00004050769646232783,0.00003825726888108741,0.000019128634440543697,0.000018003420649923487,0.000004500855162480872,0.00001012692411558196
0.0068254738161769935,0.004702993417609835,0.0040896573533367175,0.0032985100997880903,0.0024522188698185773,0.001819751221889233,0.0012683114576803745,0.0008845543972819646,0.0006234645497381786,0.00039388554586347016,0.00029372607848675926,0.00018231273837109196,0.00011478950193735419,0.00007990249644658968,0.00004389010368192956,0.00002813468184739074,0.0000191315836562257,0.000011253872738956293,0.000005626936369478146,0.000004501549095582517
0.006736072031513788,0.004612267867191898,0.003929093978615645,0.003208778840742824,0.0024141812042768715,0.0017467642093415873,0.0012200337647720874,0.0008576252110298248,0.000601012943162633,0.00036353404614518836,0.00025098480585256057,0.00019696117051209915,0.00012380416432189087,0.0000585256049521666,0.00003601575689364098,0.00003826674169949354,0.000007878446820483961,0.000011254924029262805,0.000010129431626336524,0.0000022509848058525606
0.006487773992899325,0.004491622348351518,0.003792125828402931,0.003139862192438014,0.0024133754530701935,0.0017476167073956575,0.00117294995226105,0.0008434443568511862,0.0005701683852314017,0.0003722401094903235,0.00025865626943436383,0.0001788102036524514,0.00010121332282214237,0.00005960340121748379,0.00004048532912885693,0.000022491849516031632,0.00001349510970961898,0.00000787214733061107,0.00000787214733061107,0.000008996739806412652
0.006272208917650266,0.004544426834165541,0.003904382559749651,0.00308436098497077,0.002305959160900831,0.0016242951357760005,0.001203598196177507,0.0008143972841425383,0.0005309330360708263,0.0003453314450714907,0.0002407196392355016,0.00015298070530854309,0.00008436435954515239,0.000055118048236166204,0.000040494892581673126,0.00001799773003629917,0.000020247446290836563,0.000008998865018149585,0.0000056242906363434905,0.000007874006890880888
0.006199508807283325,0.004394645459616042,0.0037907752928264273,0.0030036074776444333,0.002253549002321021,0.0016373090555785452,0.0011773781464222098,0.0007511830007736741,0.0005363986397740152,0.0003474783641303366,0.00024177297180589773,0.00014281473218301867,0.00007084510336637937,0.00006409795066481944,0.000028113136256499756,0.000016867881753899855,0.000013494305403119879,0.000007871678151819932,0.0000056226272512999505,0.000011245254502599901
0.006127060866787326,0.004445409316237103,0.003628767827474924,0.0028413724526353554,0.0022272040602604923,0.001602912013066264,0.0011091026279883062,0.0007862705243040829,0.0005140566947166893,0.00034757881546489507,0.00025646592209060216,0.00014848027068403282,0.0001023613987291439,0.000056242526774254894,0.00004611887195488901,0.00001462305696130627,0.000011248505354850978,0.00000449940214194039,0.00000449940214194039,0.000007873953748395682
0.006167602140712699,0.004133114881014003,0.003580607555509544,0.002749033393497743,0.0021695195999441867,0.0015731267638599453,0.001098263033996642,0.000800066615954521,0.0005873906800678762,0.0003668378576669111,0.0002554361769643829,0.00014403449626185469,0.00009339736866979638,0.000042760241077738126,0.00003825916306955517,0.000016879042530686098,0.000005626347510228699,0.00000450107800818296,0.00000450107800818296,0.00000787688651432018
0.005717495604091293,0.0040278006047329475,0.0033805157115743547,0.0027422365212771,0.002199642923881548,0.0016446664850516594,0.0011808727876928063,0.0007699875946443089,0.0005031936473772017,0.00033658814444246826,0.0002195140072450878,0.0001587255129310635,0.00008893131575570227,0.000050657078595020276,0.000024765682868676587,0.00001575998000733965,0.000006754277146002706,0.000003377138573001353,0.0000011257128576671177,0.000007879990003669823
0.005605027867568274,0.0039685398114549676,0.0034508063136474564,0.002670829544124401,0.0020698084836261164,0.0015700831074814744,0.0010984954214350673,0.0007473370490091032,0.0005064784217682177,0.00034327981919845846,0.00022285050557801554,0.0001418139580951008,0.00008891510071042039,0.000055149872592539224,0.00003714175092966927,0.000018008121662869955,0.000005627538019646861,0.0000022510152078587444,0.000004502030415717489,0.000004502030415717489
0.005470306940002068,0.004054370172431631,0.003525783769923207,0.0025124723897953596,0.0021030990908313878,0.0014912884462258936,0.001108906793347459,0.0007647633057568689,0.0004948468449015033,0.0003137778857443623,0.00019793873796060103,0.0001315842746669905,0.00008772284977799368,0.000051733988330611674,0.000029240949925997903,0.000014620474962998956,0.000011246519202306889,0.000003373955760692066,0.000004498607680922755,0.000003373955760692066
0.005210819769588989,0.003973418964321422,0.003435222799700952,0.0026954845566975025,0.0020019095830443446,0.0015166322881668903,0.001093281330222755,0.0007836496455561661,0.0005415739648168333,0.00028486114989326135,0.00019366054459146615,0.00011484520667633477,0.0000731856709211937,0.00003940766895756584,0.00005179293634422937,0.000015763067583026328,0.000011259333987875949,0.000009007467190300759,0.0000033778001963627846,0.0000045037335951503794
0.0050688029523948816,0.0036814923996084468,0.003314693340234256,0.0027453671928620448,0.0020972805112683818,0.001503201053140858,0.0010553911585674588,0.0007977316966144222,0.0004995668170617822,0.00029478942808600637,0.00018452468017597336,0.0001237665537765676,0.00006188327688828383,0.00003825511662184817,0.00003825511662184817,0.000019127558310924082,0.000012376655377656763,0.0000011251504888778874,0.0000011251504888778874,0.00000450060195551155
0.005077775228016181,0.0035827900091341455,0.003238572193499907,0.0026513770962415003,0.002084430105785109,0.0015129835360393805,0.001081023924263082,0.0007683031636541985,0.0005084524596950185,0.0002890979693398668,0.0002024810680201401,0.00011698906152274758,0.00006074432040604205,0.000030372160203021005,0.000026997475736018683,0.000014623632690343456,0.000011248948223341119,0.000006749368934004671,0.0000022497896446682236,0.0000011248948223341118
0.0050035723728994765,0.003656759660877735,0.0031121837606116346,0.002572108487620461,0.0019836514714238296,0.0015605925075807435,0.0010869014868947358,0.0008179890072178808,0.0005288237048038565,0.00030041687060133984,0.00016539805235354671,0.00008663707504233406,0.00006300878184897021,0.00003713017501814316,0.000019127665918437378,0.000018002509099705773,0.000009001254549852885,0.000009001254549852885,0,0.000007876097731121275
0.004958975137639959,0.0036677745347797473,0.0032088809407318673,0.0025565322040951755,0.0021392539604879125,0.0015622627503247696,0.001069626980243956,0.0007513257863332943,0.0004971347268852037,0.00029805588829090267,0.00017995827217563937,0.0000944780928922106,0.00006073591685927823,0.000026993740826345883,0.00001912056641866167,0.000017995827217563928,0.000011247392010977455,0.000005623696005488728,0.000002249478402195491,0.000004498956804390982
0.004965818522109421,0.0036487237340255873,0.003216815622476318,0.0025925734300027655,0.002000949298036843,0.0014599393978930978,0.0010269065256366702,0.0007142230490463153,0.000499393753978841,0.0003093091944688769,0.0001912093202171239,0.00009897894223004055,0.000041616146164903426,0.00002811901767898879,0.000016871410607393276,0.000011247607071595517,0.000013497128485914623,0.000006748564242957311,0.0000044990428286382075,0.0000033742821214786556
0.005015374779958313,0.003669237383901278,0.003112098578677008,0.002605608755745847,0.0019482975188751884,0.0015093396723348512,0.0010456201011178803,0.0007000814885848454,0.0005199962182093226,0.0003162747560970121,0.00018796400095445195,0.0001001724316463845,0.000063029844631433,0.000022510658796940353,0.00001350639527816421,0.0000033765988195410525,0.000006753197639082105,0.000006753197639082105,0.000002251065879694035,0.0000011255329398470175
0.0050987532007777435,0.0035232452090949887,0.003081293288515885,0.0024841521439166376,0.001979224886053998,0.0014405608403608918,0.0010312211480179064,0.0007062234252510855,0.0004948062215134996,0.00030363109047419276,0.00020242072698279523,0.00010121036349139763,0.000058477098906140916,0.00003261222823611704,0.00001686839391523295,0.000004498238377395453,0.0000022491191886977264,0.000004498238377395453,0.0000033736787830465896,0.0000033736787830465896
0.005091846381660321,0.003643810210123377,0.0030078941691130054,0.0024408784451570424,0.0018795102881727518,0.0014988642742819968,0.0009747700593107485,0.0006618948490800674,0.00045067584433949973,0.0003478901254550523,0.0001874992234595413,0.0001332825805314812,0.000044051022379048907,0.00003727394201304137,0.00001016562054901128,0.000012424647337680453,0.0000056475669716729335,0.000007906593760342107,0.0000033885401830037604,0.0000056475669716729335
0.007807141135685285,0.005487477058267368,0.004645121521662558,0.0037888619046736248,0.0028202109712463608,0.0021029921580986628,0.0014773085408131108,0.0009825550138113865,0.0006975213659368568,0.00045535863258004103,0.00023868671326078515,0.0002120372258578819,0.00009616988932352016,0.00003939489442168294,0.00001853877384549785,0.000006952040192061697,0.000009269386922748929,0.0000023173467306872323,0.000006952040192061697,0.000016221427114810628
0.008532425159732798,0.00596617907228602,0.005222836845530047,0.00430109248435264,0.003413656225948585,0.002315796937201302,0.0016833842427458352,0.0011355982017979718,0.0007650706918457639,0.0005054727141940622,0.000328214183198407,0.0002069922200658943,0.0001257963768356264,0.00004803134388269373,0.000027446482218682138,0.000012579637683562644,0.000005718017128892111,0.000006861620554670534,0.000005718017128892111,0.000003430810277335267
0.00874057592606721,0.006350467944199687,0.005501006031635055,0.004531981785532501,0.0034365630725470084,0.0025757142710740007,0.001876559292099888,0.0013334046911704911,0.0008289655125295623,0.0005670670676369811,0.0003199715783252847,0.0002357086004033235,0.0001332266002279655,0.00006376657788688945,0.00005124100008767904,0.000013664266690047746,0.0000022773777816746242,0,0.000006832133345023873,0.000012525577799210434
0.009447073057744382,0.006899777936873065,0.006116695254496182,0.0050058105190312965,0.0038482595190643056,0.0027726590323693167,0.0020533156380928754,0.0014238901681009916,0.0009595039262263271,0.0005520277630127745,0.0003551188908453313,0.00025950995869466516,0.00014455159979922123,0.00009674713372388819,0.00005235727236822185,0.000020487628317999858,0.00001024381415899993,0.0000011382015732222145,0.0000011382015732222145,0.0000034146047196666435
0.01052815123704067,0.00766077426016317,0.006668133025322036,0.005453258678203031,0.004364886256534505,0.0032765138348659806,0.0023385761353547792,0.0016046370363448001,0.0009687084381342899,0.0006336492842384297,0.0004000196021001596,0.00023135036816618936,0.00015499335010148643,0.00010028981477155006,0.00006723976217638015,0.00003646902355329094,0.00001253622684644376,0.000006837941916242049,0.0000034189709581210246,0.0000011396569860403415
0.01190681169517559,0.008604558614422044,0.007403842974217111,0.00611532571549767,0.004768654138021861,0.0036067080436545077,0.002659134732153751,0.001976106556956456,0.0012793950126400136,0.0008825773081848218,0.0005541764493253533,0.0003238397358197537,0.00014937677955066106,0.00010034470687372648,0.00008095993395493839,0.00004789179191700581,0.000019384772918788064,0.000007981965319500968,0.0000011402807599287097,0.0000022805615198574194
0.013306999417761698,0.010113821880743903,0.008554336533741285,0.007018825705250419,0.005575788019590607,0.00421380703937529,0.003182902743369904,0.002254746383843456,0.0015423606909227895,0.0010069297774936352,0.000670144874590435,0.00038701722740401605,0.00020892080417384944,0.00011873094882011123,0.00010160629274028744,0.00004680739328485153,0.000028541093466372886,0.000014841368602513901,0.0000011416437386549153,0
0.0153361416486866,0.011310889642339351,0.009842802835713555,0.008012831489662892,0.006375789125198352,0.004941950066783109,0.003661084283708347,0.002585704989896914,0.0018619359110471816,0.001210087103439615,0.0008333618731235087,0.0005057250819091979,0.00029453063461077435,0.00017580510748084976,0.00011415916070185054,0.00006963708802812881,0.000045663664280740196,0.00002625660696142562,0.000011415916070185052,0.000003424774821055516
0.017384838721099034,0.012861879563648664,0.010893935465596383,0.009080183157002649,0.00719675900280172,0.005587453585415968,0.004340213332906927,0.003168355733022057,0.0021312731787379805,0.0014368390454728723,0.0009240085753478171,0.0005870709613458319,0.00038033974733105445,0.00022729011927591545,0.000124495592970225,0.00007081400701058668,0.000039975649118879575,0.00002626971227812087,0.00002512755087472431,0.000004568645613586238
0.019654288567137853,0.014426183757990563,0.012606469307902319,0.010496241048686229,0.008236180864290024,0.006637211158932785,0.004973047409794889,0.0035799536321660563,0.0024590735812003266,0.0016927576279890614,0.0011700615225897367,0.0006507966826525513,0.000436914468845825,0.0002493386235821725,0.00015669445610439278,0.00009721918809396634,0.00005718775770233315,0.00002287510308093326,0.000016012572156653282,0.000013725061848559955
0.021956998021675847,0.016108884401182653,0.013975128659642531,0.011361363592206932,0.009220750574582595,0.007419572723127192,0.005760111910745696,0.00416922385920641,0.0029097708184044713,0.0019680382361714453,0.0012343096951597924,0.0008297304061907497,0.0005474392073903152,0.0003142918205267988,0.00019200373035818978,0.00011085929669490721,0.00007314427823169135,0.00006742988149484045,0.000041143656505326395,0.00001942894890529302
0.024360566575866334,0.01814405921005986,0.015488663679632593,0.0127886684826736,0.010277364182579598,0.008328701829501198,0.006356024271367242,0.0047653028317357505,0.0032500577508502524,0.0021956758907925706,0.0014260457478220496,0.0009571774586423857,0.0006198210066716529,0.0003830996996955788,0.00023900846936231632,0.00016010136703695829,0.0000674712903941467,0.00006861487158726783,0.00005832264084917765,0.00004459966653172408
0.026597977048824134,0.0195891202049253,0.017084731807447982,0.014216692491980813,0.011650552051825976,0.00924794016913198,0.006975693709868317,0.005219191162596561,0.0037051225606513707,0.0024895221649808745,0.0016490082507590368,0.001041779831096728,0.0006541142298433903,0.0004231158479756196,0.0002984682062746936,0.00017953834630316822,0.00009834584574568447,0.00008347961324924382,0.0000526035919104824,0.00006060848633164277
0.02927458296751537,0.02166671239391278,0.018687582309043018,0.015378072870939414,0.01251440408252853,0.010037130523851327,0.0076867500731635915,0.0057513443810359955,0.0040285703833772306,0.002753923397717296,0.0018382352941176475,0.0012506401814457134,0.0007442109306409135,0.0005075724319578582,0.0003658179689786364,0.0001989135206321334,0.00013375219490781385,0.00006859086918349428,0.00004915678958150424,0.00006173178226514485
0.03171112161677619,0.023217519795185205,0.01989681609833303,0.016827334826964847,0.01341299368061408,0.010670101562375104,0.00825722435761284,0.006248586873856653,0.004464907652920233,0.0031448479990133804,0.002021198605030387,0.001243551006145814,0.0008655754478039732,0.0005275670935164057,0.00035285331579344037,0.0002546481858315121,0.00013931425413203795,0.00008792784891940098,0.00006851520695018258,0.00006508944660267345
0.03409170154413537,0.025570205172116167,0.021772457526845458,0.01798042593763327,0.014347300706847496,0.011672186471467158,0.008527212428077724,0.00659061263545624,0.004876939029116445,0.003471932449935922,0.0022235458067584365,0.00133184106163166,0.0009511517281352282,0.0005933266188728166,0.00037497327743792654,0.000260652156267827,0.0001680520481200463,0.0000948865305711826,0.00008802726330097665,0.0000731655175488637
0.03620352697284906,0.02656074484698491,0.023203408250303655,0.01879811687777971,0.015286669284651,0.01208116055854391,0.009311728874236291,0.007084539584836394,0.00502401848418707,0.003615329820363658,0.0024281043662499197,0.0016792390798089476,0.0009851688143270715,0.0006563986885724984,0.00042237828655969443,0.00024771915725257764,0.0001655266258139343,0.00011073160485483886,0.00008219253143864328,0.00009132503493182588
0.03833233771292093,0.028230693054605318,0.02419528932576891,0.019786385166893013,0.016114202039746384,0.012669317339443358,0.009633341366828823,0.0073226643944438695,0.0054460246190466965,0.0037258666751951164,0.002613360807126433,0.0017395753974010306,0.001136492134218008,0.0006727576553310624,0.0004454592284874607,0.00029697281899164024,0.00018732131659472695,0.00012792675279639886,0.00008109642364771711,0.00009480286144733128
0.040147335537733614,0.029469391110542763,0.025623869635908587,0.02053494766071722,0.01666088163832003,0.013205849577083975,0.010234933045908766,0.007600842178337201,0.00559130601582053,0.0038786331500392777,0.0028247684466285437,0.0019592977584537517,0.0011897367507627094,0.0006793602367598967,0.0004601381099398968,0.0003117064615721881,0.0002100878715358337,0.0001255960101572919,0.0000867754251995835,0.00010161859003635434
0.042288849741003595,0.03080897975866585,0.026290101052540232,0.02164449280210441,0.01738249830741848,0.01378383593205013,0.010265093089129691,0.007768178553935978,0.005642318990821812,0.003992551499575855,0.0028599775540284586,0.0019294858548136117,0.0012901295952304022,0.0007512436050102693,0.0005251854989433494,0.0003208198373980026,0.00021578273760933275,0.00014157174319342464,0.00009932856175667702,0.00007877782484150245
0.04391902689819234,0.03196186492915881,0.027451817488619284,0.02227627836044765,0.018067585646383055,0.014112304861399657,0.010889863979434823,0.007787280090954334,0.005983717712808947,0.004222390656177086,0.00289140728091283,0.001967937683495349,0.0013697942112496626,0.0008869417517841571,0.0005604741314363202,0.00038354237914990544,0.0002534119290811878,0.000180356237814539,0.0000901781189072695,0.00009246110925935228
0.04505425892929501,0.032784789464852984,0.028187020090699802,0.02344885209861691,0.018786019950301183,0.014724733099944418,0.01097049688554773,0.008167090335666845,0.005953814561962021,0.004488189965037321,0.0030488187682132964,0.002148212999542278,0.0013092456484989333,0.0009439809514460484,0.0006323645067728065,0.00040293261893646355,0.0002602510966501804,0.0001929054181310547,0.00012441828743363882,0.00006848713069741586
0.04594611247144626,0.03346006129495286,0.02915047386064641,0.02421903703483954,0.01937431682142539,0.014985999831130806,0.011309671868902735,0.008352178983087979,0.005868204441259768,0.0042673701361679054,0.0031571692959295686,0.0020960318021765872,0.0013886068063412662,0.0009310625751639057,0.0006617846735233645,0.0004278780216745891,0.00030807217560570424,0.00019739439399921041,0.0001163828218954882,0.00007644753987252656
0.04581107000959036,0.03400465817235238,0.029289400374480506,0.02485728638626296,0.020176279855687995,0.01511051742247797,0.011665981641320732,0.008616477142987624,0.006216605014385532,0.004404712974380052,0.0030791889299904103,0.0022171987030186785,0.0014728044937662695,0.0009384847239347857,0.0006496323697310136,0.0004486916015892589,0.00028885235420377236,0.00020094076814175456,0.00013129652463807827,0.00011417089098963328
0.046697582237931155,0.03405964376311457,0.030328769062509288,0.024952793246979802,0.02020243534330212,0.0158813335251286,0.01177485974970717,0.00883057399301774,0.006533597280160377,0.004614502919169712,0.0030767158256215653,0.002117739464388869,0.0014236232410204414,0.0009749593005865736,0.0006016435028209885,0.0004794881806163477,0.0002911178239456398,0.00020549493454986333,0.0001175887681035329,0.0001347133459826882
0.04768715854168047,0.03480506197332943,0.030638499946348385,0.025977658095344656,0.020684412035314185,0.016014437993566378,0.011976868160845273,0.008748638732817211,0.006288654851133873,0.0043948667955827575,0.003193983712737809,0.002204282540849431,0.0014759903290100026,0.0009326249797379519,0.0006586592574159094,0.000453184965674378,0.00031506058067034854,0.0001849268625673784,0.00014953962343411466,0.00015638876649216573
0.048409801609093306,0.035649168794961036,0.030951127815256826,0.025955106593583497,0.020709055973476328,0.016273602946465168,0.01217038076394827,0.008829805330992115,0.006232467972832422,0.0045564718226001446,0.0032081397698587874,0.002179480007352464,0.0014191166312934062,0.0009887007262269426,0.0006439113274734362,0.000423565784561427,0.0003025469889724477,0.00018952000063934463,0.00017924481988178983,0.0001632612053700378
0.04956248267554591,0.0366029354897217,0.03161121130301567,0.026074230223886132,0.021336883206658074,0.016250480521895257,0.012133676913617853,0.009081150879882642,0.006455248439801014,0.004552552840297906,0.0030662144912855867,0.002121710920309221,0.0014235995852397354,0.0009422221613846341,0.0006581866672142054,0.00044601557518328313,0.00031939734284224864,0.00019277911050121434,0.00014030668989141633,0.00016198008101285465
0.05008424426728036,0.03675355926321654,0.032340438161511546,0.026574614394126176,0.0211763604650101,0.01668104983425112,0.011999671241883786,0.00905226340830845,0.006407358702501304,0.004666538816288138,0.0032122407605271078,0.002050172141402519,0.0013595517931015591,0.00091093394701515,0.0006027232130626558,0.0004303535062966314,0.0003047861702419113,0.00018492644037149673,0.00017351122800288578,0.00017693579171346903
0.05032977986922854,0.037269744307975514,0.03261416268531941,0.026646988983767043,0.02144852229193302,0.01653746534260496,0.012120251323852612,0.009053406888937809,0.006435925305401365,0.004541530137534686,0.0030440341378905286,0.0022091772668017783,0.0014324866531249523,0.0009751401977880847,0.0005394635246242856,0.0004801567523611506,0.00030907952467903056,0.00018932546530154638,0.00013229972274083964,0.0001665151682772637
0.05036727923603182,0.03762687076265628,0.032754531526464764,0.02692962772407799,0.02135912140463917,0.016602002553101187,0.012367368218111047,0.009037385022034473,0.00650253655965621,0.0045278188781185105,0.0031508782417141146,0.0022644798370030847,0.001452233164989887,0.0009377342196556852,0.000592073065695013,0.0003992785606806445,0.00030002931845431283,0.0001962168926773453,0.0001311915270807832,0.0001243467517548293
0.050515072411209436,0.03774004495550639,0.03331520059484505,0.027378154269689706,0.021532341848877878,0.016446051681725943,0.012221921910620418,0.009151901029460563,0.006414883899154605,0.004680299292823197,0.003196607923436508,0.002206720061309184,0.0014779892503652202,0.0009465517575641454,0.0006648670779034903,0.0004504674026961899,0.0002953697653121854,0.00018474865629565266,0.00012544661847235672,0.00012658704227665085
0.050542199873604574,0.038215223576169216,0.033635100511741775,0.02760964346907533,0.02185682637968365,0.016868313761815343,0.01272509907439306,0.009079252669932265,0.006652871161081161,0.004467188523112795,0.0031644486626953255,0.002140052520265475,0.0015069346371378966,0.0009844697894398216,0.0007072668243947734,0.0004597234358566026,0.0002920327532984871,0.00019620950612242094,0.00012434207074037146,0.00011635680014236597
0.051813039921223276,0.03828955010320618,0.033087593464635474,0.027607225459578447,0.021897510386227302,0.01724667132967671,0.012760140620560675,0.009362152713198641,0.006477628391569607,0.004599492697977295,0.0032268333787843695,0.0021291623355062343,0.0014445442211955487,0.0010155168695608514,0.0007291182917408805,0.0005100404951614614,0.0003388859665837897,0.00023048809848459786,0.00013920568324317291,0.00013007744171903045
0.05186720808802317,0.03813325944094936,0.03340209430173407,0.028028932061198403,0.022271483811524252,0.017243836884843062,0.012755558748436348,0.009324352215802252,0.006743820350281827,0.00466958815258777,0.003219108023139264,0.002190544283546059,0.0014504801294485102,0.0010547909746382645,0.0007993605115907274,0.0004720902308110716,0.00035691845952624503,0.0002200807114650648,0.0001516618374344747,0.00010490894018023813
0.05223283121812359,0.03856304115763251,0.033570020893588674,0.02809457770316506,0.022614572593815854,0.017187029552110798,0.012572648558889808,0.00913296168900486,0.006798399678840907,0.004647454905431418,0.0032458053155479333,0.002190861564008286,0.001406211508809065,0.0010287127177175798,0.0006591972847458551,0.000508653960201819,0.00033073912210432186,0.00017107195970913203,0.00013343612857312297,0.000133436128573123
0.052526961977823736,0.03863571308829113,0.0336567136094553,0.027777936167082715,0.02263357825388335,0.017545100087468915,0.012918485134276753,0.009276037966296533,0.006605214150576531,0.0047075835658805095,0.003190847581718427,0.0021348344077830217,0.0015178763871576935,0.0010537323679441842,0.0007321387231819978,0.0004299319293451918,0.0003284360627358496,0.0002200977781528437,0.00011632110555228006,0.00016992004634597775
0.05206818645782369,0.03906111896135057,0.03375336866511334,0.02800995858951154,0.022435338166647844,0.017476571882152892,0.01303443879151171,0.009333611608166231,0.006609027281197857,0.004698738981628158,0.0032560436389680557,0.002206810662487982,0.0015179664040162807,0.0010515139177332922,0.0007401654366690959,0.0004938237813216004,0.00027485342101271534,0.00018589671213723065,0.0001288731808067917,0.00015168259333896728
0.05326664019026488,0.039185074613239106,0.03375398857862807,0.02812775320341638,0.022628193715962974,0.017505238219142447,0.013001967470545,0.009489279339733314,0.006746917553397882,0.0046801605017734605,0.003223958404659846,0.002317826378712973,0.0014904388235347824,0.0010430789316315397,0.0007383720664831577,0.00042111173498034796,0.0002613403450149042,0.00019514934060064901,0.00010499262769157729,0.00012325221511619945
0.052828454878568756,0.03965354876516607,0.0340055317276274,0.02844758197833368,0.022472358463246824,0.017706772832057575,0.01324217155652235,0.00956423393781025,0.006861075198205041,0.00464815612879394,0.003246982745843792,0.002200378054592176,0.0015368443614457272,0.0009781991558756927,0.0006794949847341641,0.00046515764055627334,0.00027476223375995585,0.00020065623710270638,0.00011856959465159922,0.00011400922562653772
0.052815283341372275,0.03913767801126818,0.03441807747260204,0.028458997401312,0.02266639756163474,0.01766286840877967,0.013379993409207275,0.009552088357672519,0.0068336714250365835,0.00472302136534315,0.0032885547121317363,0.0022577456068033413,0.001538231729079651,0.0009749356029378063,0.0006625000997741117,0.00043330471241680277,0.0002713855830399976,0.00018130381387966224,0.0000980636980732764,0.00014481499599193143
0.05298856075107102,0.039533770850423824,0.03460258864278553,0.028342904019688264,0.022617582718074923,0.017325221037280104,0.013152857533497398,0.009533087229969919,0.006922796463403518,0.004867377631938748,0.0032939112204903843,0.0021101084677786893,0.001374077112387202,0.0010015039649986324,0.0006767842493847417,0.00040105733296873556,0.00030307173457296514,0.00018457752255947503,0.00011621547716707687,0.00012419104912952326
0.05299436458180135,0.03933505941529829,0.03412375118425867,0.028652504585974042,0.02241854409432571,0.017332644724676247,0.013255716648938414,0.009373742348634357,0.006989833901663493,0.0048008792301264015,0.003374638451953017,0.002242538457767426,0.0013247736085031773,0.0009610879104717541,0.0006338847902992822,0.00038762738975135975,0.0002930007034297043,0.00020065417822423334,0.00014479023087771379,0.00015277079478435946
0.0534027105904018,0.03917057255609836,0.03388750810521913,0.0284665552163424,0.022564702155276055,0.01746624867097197,0.013058376950523122,0.009539372846917624,0.006854536814503583,0.0047987455570863815,0.0033013454948656487,0.002250658388802091,0.0013481158855457585,0.0008615178440174076,0.0005526933258577285,0.00038973426276977955,0.0002586832679787719,0.0002005650007236294,0.00015042375054272208,0.00014358630733623469
0.0534995138376731,0.03895568000601863,0.03409633651324151,0.02877419840210469,0.02281600266277889,0.017254488024904268,0.013034621824983834,0.009716407209109079,0.006891764193603178,0.004740795117630765,0.0033387326038808655,0.002209103375323016,0.0014750153599937996,0.000914190354493839,0.0005425867939389869,0.0003431063549908297,0.00027927261452741946,0.0002131590976188874,0.00016186412760364717,0.00014476580426523374
0.05337163178771714,0.039359640724023155,0.03412551862490311,0.028304381525555103,0.022553914193224812,0.017421237404823785,0.012852778917612731,0.009465189440569005,0.006780878128846941,0.004766789768841472,0.0033157798750740887,0.0021041353212054893,0.0013905986413167357,0.0009095882916153738,0.0005927141749874615,0.00034764966032918424,0.00024962385446587325,0.00016413623307345092,0.00016755573792914783,0.0001481785437468654
0.053938295665652336,0.0397362692469883,0.03453231670484724,0.028483833099691137,0.022841089114553067,0.017727174297078898,0.013147787237437461,0.009583888945874783,0.006797278353335384,0.004724131249928766,0.003154739517443385,0.0020708676673391,0.001379058820847722,0.00088898006633159,0.0006051902759257364,0.00032254020355364075,0.00023022304281920643,0.00018919319360390232,0.0001470236263548398,0.00012422926567967082
0.053861405102935446,0.039591701316721094,0.034750764733446356,0.028525726168990413,0.022624480819242444,0.017607966225175384,0.012977951278242118,0.00948121258278674,0.006789396456288484,0.004708683016703854,0.0029437819731548054,0.002059051217473889,0.001377261279462048,0.0008892912234937062,0.0005848799969900916,0.00034773567072510296,0.0002291635075926089,0.00016531695821357358,0.0001299733326644647,0.00012085239703888826
0.054082626456614616,0.039986907860073743,0.034848128895995034,0.028436629709121843,0.022997917574259116,0.017777027628064625,0.012980377756134944,0.009247749360788806,0.006635023527077238,0.0045913724166402456,0.002890990828659469,0.0020299659467510277,0.0014711550962409146,0.0008781313365158945,0.0005245979412952093,0.0003273034981559239,0.0002235243402040457,0.00017220497638168828,0.0001493963702384183,0.00015737938238856282
0.05404921669619306,0.0399118996969842,0.03492661728124838,0.028370395197347877,0.022859566201768853,0.017455898547849805,0.013062283539789919,0.009532799350647868,0.006695303825203891,0.004576017291736496,0.003059798308674826,0.002081666062459102,0.0013987975129448622,0.0009074513612910429,0.0004810860231970102,0.00032946412489084345,0.00021090264050105902,0.00023484294023361172,0.00015276191257914543,0.00012312154148169934
0.05394249507116892,0.03999361816089072,0.0353212002415982,0.029106884408939132,0.022889149733900098,0.017324413953435352,0.01325941036365087,0.009638856283262484,0.006712327206008043,0.004555037664246884,0.00311114656577283,0.0019909058792692783,0.0013698161802413703,0.0008592690514991618,0.000502569829855611,0.0003156731130839098,0.00022336436882471606,0.0001698025048718504,0.00013219523869217886,0.00013447446694549227
0.054513451089744605,0.04010360496957286,0.03496781725031865,0.02914687782867332,0.022890450968902548,0.017383016901928686,0.01331428740802893,0.009577303580345151,0.006724974862570652,0.004631899112836845,0.0032216950265510523,0.0020406348540433074,0.0013509230737660995,0.0008413343699910398,0.0005335291126772444,0.00032832560780138124,0.00023370399166417762,0.00019266329068900497,0.00011058188873865966,0.00012084206398245282
0.05346517495465238,0.04023996908038075,0.034569092009809434,0.02936109714483768,0.023191994646071825,0.017627147243285648,0.012996044979381225,0.009461722719877596,0.006813261233159237,0.0045330533238020655,0.003046357766901187,0.002030525143282562,0.0014023278642546612,0.0009052425400147975,0.0005609311457018645,0.00036597336945182624,0.00022118016720764583,0.00013909268247078765,0.00015277392992693072,0.0001094499796491444
0.054052451877312065,0.03980574223225432,0.035115739553229934,0.029085084674270553,0.023343992430331105,0.017670160798463272,0.012903777424374558,0.00940736560702702,0.006850322337933273,0.004635282181067846,0.0030632078751916627,0.0020679788186072487,0.0014569332580926478,0.0009370885275055998,0.0005255447824575202,0.0003693633612065868,0.00020976190883337036,0.00014706133825817812,0.00013566123451723414,0.00010716097516487398
0.054341508776008365,0.04039516538918251,0.035083520796439005,0.028348524112655638,0.023077904880422474,0.017697884686828345,0.01282384393952862,0.009321873582630775,0.00670080888335806,0.004719056052038389,0.0031407192657372136,0.002050128432170264,0.0013686516103593588,0.0008706493174975445,0.0005549819602373089,0.0003703678379407093,0.00022563948280695503,0.00016638062873644162,0.00011281974140347757,0.0001071217746659282
0.05418734933236071,0.03966854544107505,0.03490873031703604,0.02892476733782037,0.022720822481463968,0.0176771965418393,0.013043899492217997,0.009250636864631363,0.006541326388136932,0.004551231271620629,0.0032541360582211114,0.0019707184744883707,0.001349526127122169,0.0008616906690070618,0.000607514717699423,0.00037727461830864694,0.00024277792658532272,0.0001652713584735765,0.00011056083980646154,0.00009916281508414591
0.05468401711633336,0.03893361548907311,0.034553056414805425,0.028489596457242798,0.022688377152226134,0.01755188089257597,0.013019678310531703,0.009196665667111716,0.006565137727650544,0.004439848265278084,0.0030020853832761164,0.0021070466343692603,0.0013157639697305868,0.0008152263763928685,0.0005678080215995088,0.0003796788578165387,0.00022803535003996307,0.00015620421477737472,0.00011743820527058102,0.00009235431676618509
0.05453298377899238,0.039912770924553004,0.03425928774315276,0.02851693481404006,0.022956878803311886,0.017431003464780805,0.012824588208351697,0.009281191857252395,0.006449892843592662,0.004495897749658478,0.003063727584600012,0.0021123655417807446,0.001408243694520497,0.0008169180655106762,0.0005742352929112704,0.00035320027937002724,0.0002666092431373756,0.0001640672265460773,0.0001162142854701381,0.00011393557399033143
0.05436109360415486,0.03962827761562473,0.03484042583502481,0.02873850761714052,0.02269927253373208,0.017346132849495505,0.012725815991949212,0.009321551943234155,0.0066045229870451035,0.0045120459889062235,0.0031854429247266725,0.002024095396892512,0.0013733304916979045,0.0008103219747694693,0.0005447734232627373,0.00039205451381251345,0.00025985008473620097,0.00015613798951254174,0.0001390425892009496,0.00014588074932558648
0.05395305783013586,0.04014331850977022,0.034702185459076385,0.02867054184474132,0.022796215716472855,0.017267304068480982,0.012799715460546946,0.00907767493875448,0.006394157821358015,0.004543967387401152,0.0032136086465338267,0.002037147446383807,0.0013246588319518646,0.0007991272299468658,0.0005232516384388176,0.00038873378803406725,0.0002827154822065944,0.00017897713994530361,0.00013109790505547723,0.00013907777753711494
0.05383550168396214,0.03975974333111085,0.03449187652083726,0.028908302417953138,0.02267963687962662,0.017115438314556163,0.012860798158184174,0.009204520198998178,0.006661765795337333,0.004457513434655999,0.0030727323497398546,0.002175758922720098,0.001344890271770411,0.0008696197265769696,0.0005812661344092458,0.0003920697063466284,0.00029747149231531997,0.00022452829113455176,0.0001401877147692886,0.00015044535243533415
0.05376246031791268,0.0399790262001516,0.03478915061810015,0.02814364773135299,0.022570772325983007,0.017375197341798845,0.012838473244156693,0.009491784311825686,0.006506437474708904,0.0044466735439452395,0.003073117629960617,0.002105359147825393,0.001382674957396969,0.0008457912764950955,0.000593877702229036,0.000405797431849399,0.0002826903457827275,0.00019491955293889676,0.00012310708606667162,0.00016300290099568557
0.053855378014667846,0.04025446429589167,0.03431118872350661,0.028117142029923846,0.022677688437399552,0.017413774629713642,0.012845180748984946,0.009381119670258772,0.006619217730886111,0.004377095933632282,0.002985316210985143,0.001952595139143776,0.0012994503552970838,0.0008275446999523531,0.0005357383043768679,0.0003499397009440393,0.00025989007105941674,0.00020061689695814622,0.00014020385412415905,0.0001630012287784938
0.0547566623815906,0.03964265200623614,0.034250977817893394,0.028442192500205146,0.02271318253512394,0.01688274390744235,0.0128711833192017,0.009399815832900272,0.006568930463244075,0.004590501718589024,0.003074770019054912,0.001971590857288733,0.0013117347264389196,0.0008410601460572742,0.0005515895808830903,0.0003874802840914272,0.00025642077623697383,0.00015613176153095738,0.00012080267680497431,0.00016296964889727668
0.05454232759337446,0.04008100255467844,0.03435547046288315,0.028420370456846665,0.022660669683381603,0.017158372978495377,0.012741501394651683,0.0092141544902773,0.006637835892377764,0.004546712574188752,0.003112766900114692,0.002037592383573064,0.0012847424307827922,0.0009020531960815348,0.0006207310503338844,0.0003815502786455987,0.00021070687029682336,0.0001594538477921906,0.00008883857234136337,0.00011731247373282595
0.05442883671121137,0.03970971894687672,0.03443157091265366,0.028335440946945113,0.02252981988448,0.016994201214441146,0.012982899848479675,0.009280335395376923,0.006568918965104753,0.004605990179659822,0.0031420531574330415,0.0020768538455404055,0.0013830502295589977,0.0009558312542009878,0.0005639290474725731,0.00037367419711313885,0.00020620435877279918,0.00011392506009546917,0.00007860829146587372,0.0001105073082926051
0.054872647363567006,0.039703052592027506,0.03406241816297948,0.02836485363270977,0.022621745021462636,0.017224771425643593,0.01311441811743541,0.009296685529506868,0.0066118619558905595,0.004585150352397326,0.0031152151388525173,0.0020950277249592955,0.0014050348981520487,0.0008562287223746678,0.0005180639211176518,0.00032222437291493523,0.00019811675225158557,0.0001275234267366528,0.00008653375385701436,0.00009564257005248958
0.05496235775129324,0.03947219900738024,0.03442586877033039,0.02832945490284161,0.02251693986703502,0.01711944159722166,0.012907705515960476,0.009496358911971984,0.006780507437807343,0.0046267528472544485,0.0031502508913169146,0.0021548947465034273,0.0013852894798950595,0.0008083705689264178,0.0005700779752654568,0.00031240273044547053,0.0002132091627492809,0.00010261403554778221,0.00007867076058663301,0.00008209122843822578
0.05422151339959559,0.03992025745450404,0.03478483752456356,0.02859909435251902,0.022562583658474064,0.017567282772762226,0.013082334178224598,0.009728590550508358,0.00673254919830262,0.004565830319254978,0.003076923076923077,0.002122290889414176,0.0014194173098282684,0.0008828638965625262,0.000555919460029049,0.0003736507846096888,0.00016518098709879527,0.0000968302338165352,0.00008657762082419618,0.00007518582861048614
0.05448998278076912,0.04028525614744763,0.03495093885806434,0.028351372527582654,0.02241119341113875,0.017419666366013428,0.013200271498984159,0.009510436311622525,0.00663259263308461,0.004723900110239523,0.0032639097675859355,0.0020590191415894524,0.0013984930895308903,0.0008324905931979486,0.00047147894060731936,0.0003462067583203505,0.00022662876613733468,0.0000990789078087845,0.00005921957708111261,0.00006833028124743762
0.05420467501227238,0.04001767679931481,0.03482056112448134,0.02838766405425137,0.02257436613526169,0.017476340765865555,0.013079920317726796,0.009276902733183972,0.006649301185552862,0.004616241470545689,0.0031355817341259034,0.0020330597150071705,0.0013804304619544495,0.0009077583153281316,0.0005649286378955505,0.000313216482704186,0.00017312329225831357,0.00010136824349335465,0.00007289401779297414,0.00008770061515717202
0.05395769904105828,0.040037724372883554,0.03438020746127045,0.02857803489276689,0.022778140366104115,0.017520419797550417,0.013254786450662739,0.009360473923824556,0.006673523572607456,0.004624424936812814,0.00298423481144078,0.0019420306692773028,0.0013896055228846385,0.0008383193974123726,0.0006014030459697453,0.00032006487863162563,0.00017085313805958663,0.00011618013388051896,0.0000683412552238347,0.00005581202509946501
0.054627918581626855,0.04021701236587685,0.034673216836914884,0.02855863594831258,0.022572795070966503,0.017218122036416338,0.0131474312380232,0.009532457293634314,0.0065281439336111685,0.004479696674861976,0.0029382344161925315,0.0019379359216531555,0.0013591755170677341,0.0008590262697980481,0.00057420323604538,0.0003269768427480635,0.00017431169665663322,0.00013557576406627038,0.00006835752810064051,0.00008886478653083266
0.05510864487312424,0.04037920308102502,0.03511388626186433,0.029057803402344946,0.02246276904846006,0.017480031448332448,0.012751387258867633,0.009420826544215673,0.0066668185909779755,0.004330982304615838,0.0028360470813440747,0.0019313378075043002,0.001350227316750793,0.0008648291421213948,0.0005606007087269122,0.0003634789148046442,0.0002050978202659434,0.00010596720713740411,0.00007406310176270182,0.00010596720713740414
0.05557510714460624,0.04032372875757814,0.0343295532329027,0.02852899538620461,0.022702242206603728,0.017315115048763183,0.012942772309027482,0.009234424312002361,0.006652475629798441,0.004480540853899516,0.0029680451106411138,0.0019020089542481418,0.0013427955431488377,0.0008405285079252262,0.0005603523386168177,0.0003234554149739355,0.0001856451853547589,0.00011844846182144125,0.00006947457856834535,0.00009111420140110865
0.055743027852159496,0.040473523143341184,0.03475827458695374,0.028496548080951596,0.022393072481192055,0.01731310454123177,0.012619086653186876,0.009471145964260344,0.00656684336120371,0.004465180246643716,0.0030238446545348564,0.0020481538153268855,0.001242098839645153,0.0008663952492850249,0.000541923966701277,0.00031991729967029186,0.00020151374392043294,0.00014345046177386745,0.00009335664972585021,0.00008880266681239411
0.0550184374476694,0.04036416949465331,0.034827808934045544,0.02842568005531803,0.022666042402142556,0.017341567245706187,0.012716541756803399,0.009287643549513403,0.006398711372208608,0.004501995254222614,0.003155497685778503,0.00201291133962838,0.0013749767894348929,0.0008543766297234221,0.0005308526792681527,0.0003314981323326876,0.00019479787157694018,0.00014695278031242855,0.00009341184484976072,0.00007290680573639862
0.05537709004002942,0.04044066553208164,0.03455130351971968,0.028821421329742764,0.022551586026833617,0.017275082189065604,0.012793699180045888,0.009411587803894499,0.006416784567821073,0.004365190566996337,0.0031155522444506695,0.002057289708767062,0.00145468380846929,0.000834990784344549,0.0005183094227513914,0.00035541217560095407,0.00019479321162744624,0.00014467098173500385,0.00009113132707716774,0.00006151364577708821
0.05593865020896591,0.040582986954289364,0.03427700988076819,0.028319404171120912,0.022285521071344423,0.017226167015607263,0.01300358731427309,0.009395780608010489,0.006491547440552021,0.004434334844081041,0.0028734945177048892,0.0019627197101914537,0.0013616083372325863,0.0009289903036637043,0.0005976959674306924,0.00034837136387388934,0.00020264739467173952,0.00015824712280545952,0.00008424666969499287,0.00007513892161985851
0.05515323251792239,0.040304153939508466,0.03474386107920228,0.028369561381238684,0.022581574300608746,0.01732980710884125,0.012720137618386756,0.00950167981411043,0.00659060920727119,0.0044343449408051966,0.002956609450904004,0.0019422316993616567,0.0012944416425405651,0.0009358232455306463,0.0006227436925854786,0.00033129509057106823,0.0001867092606654818,0.00012523182117806707,0.00007400062160522146,0.00006147743948741477
0.055152882336797764,0.04024328168361311,0.03446642350644929,0.02881027239941742,0.023020888016862556,0.017532132563692907,0.013147960676825034,0.009263698259654576,0.006581951560025004,0.004359119476085767,0.002928854569616665,0.0018436296843737864,0.0012674242363854376,0.0009576853394430845,0.0006035353506597321,0.00038034114551009504,0.0002072517619246627,0.00012184581607658754,0.00006946350262310131,0.000058076043176691244
0.054927823115064785,0.03965939484693397,0.03425766697777883,0.028664485462628366,0.022886687931696643,0.01756587202007529,0.013019987532720913,0.00926270973006176,0.006565264610591261,0.004417109118321773,0.002920807706465095,0.002027357358486696,0.0013333378917534766,0.0008980087681211452,0.0005561272574151255,0.0003396023006346463,0.00020854772153067194,0.00015270707478202207,0.00009914563810474565,0.0000649574870341437
0.055210035703507146,0.04017698006411827,0.03460677740258409,0.028346420823059795,0.022481251387995182,0.01714565550386361,0.012995621053111106,0.00947765825992381,0.006469908264194565,0.004536110652400447,0.0029758616958881186,0.0019907410043675583,0.0012550323723186784,0.0008370678708296081,0.0005329901544874239,0.00035191016610387613,0.00025966187013489904,0.00015602489565123305,0.00009224829596897723,0.00008313735315722639
0.05490233576825135,0.03972820896354908,0.03459996880937178,0.02834818303207056,0.022658739238379504,0.017488380352636234,0.013069328570501632,0.009564367097757574,0.006761763932477984,0.004541992944543293,0.0030006750380491515,0.001954536813478906,0.0011326523758948808,0.0007877341146927214,0.0005008714024057764,0.00032898144385288484,0.00020717862554057117,0.00012294116240869058,0.00008992918361376438,0.0000933442159028947
0.054697124232910364,0.040337092096341336,0.034879573335764476,0.029059663477700975,0.02247508561204779,0.01743351889732822,0.013205622759984272,0.009432424886467885,0.006648395165839509,0.004510515609597665,0.0031202101412527578,0.0018666560304499693,0.0012638104626184461,0.000821647739898918,0.0005378886729990143,0.00036353069213280824,0.00020740622560555208,0.00014358892541922838,0.00007749243594053593,0.00007749243594053594
0.05520936535592678,0.040513363624975804,0.03485702572512043,0.02888182843087014,0.022503501759420588,0.01732659173470899,0.01305615341692005,0.009677382619885442,0.006596973113320352,0.004540330019473199,0.0030428296493685454,0.0019530137906688073,0.001226469884868983,0.0008370059102866318,0.0005944450138362206,0.00034163506542311497,0.00019814833794540673,0.000127543757757963,0.000083131199252958,0.00008768633345859952
0.05572064363080331,0.040019552302408945,0.03469052442556566,0.02878495429820222,0.022946609453014095,0.017443251607140012,0.012985873575450694,0.009596124177629702,0.0066325147041062125,0.004484723909184341,0.002982979470082471,0.0019563696524566854,0.001268165068831852,0.0007827757432951328,0.000543499315213651,0.0003133381796305116,0.00018116643840455042,0.00012875350653908293,0.00009115292498342155,0.00012191703716532631
0.05541939245950031,0.04016368423929879,0.03476638664650036,0.02830306868086811,0.022788463290631767,0.017513029137890188,0.01291752464602656,0.009266177086939886,0.006660349508901728,0.0044679464985330816,0.0029338338466024013,0.0018416185287096598,0.0012072452940211748,0.0008131822074821876,0.0005295934544526853,0.0003040891448147676,0.00016628095559159583,0.00011616888678316973,0.00007516810321263921,0.00008769612041474576
0.055398693138006376,0.04059085561077061,0.03438457096451972,0.028432278147249194,0.02267247241113417,0.017246386880809487,0.012952444301186476,0.00924051887227628,0.006420412286826251,0.004344057559332149,0.0030387901332716762,0.0018405865274988872,0.0011663122550487996,0.0007847550231724832,0.0004988718434681389,0.0003006898782547687,0.0001799583362282327,0.0001230094956496781,0.00008428428405626092,0.00005922679420169684
0.05540229911230175,0.04005514954931979,0.03465518438780471,0.02856755762866045,0.02291939672495472,0.01704467181805658,0.01264090516304069,0.009004495986173899,0.006512291951057621,0.004332040362547946,0.002863359135823412,0.0018717146796396395,0.0012387016857955766,0.000758249377518248,0.0005305468617470024,0.0003210605472374563,0.0002083478019306897,0.0001286519214107538,0.00008083439309879217,0.000055787116363955147
0.05473745872951291,0.04016899103417544,0.03471564534676328,0.028624081564272562,0.022550752584498367,0.017178323834140793,0.012526169791086141,0.009226810174564044,0.00650868489463133,0.004383190702985834,0.002969993492454781,0.00200924732432762,0.0012638997632894678,0.0007897948926596937,0.0004911999981765193,0.0003248074233881859,0.00018462737750486367,0.00015271647275093658,0.00011510719214809398,0.00007179953569633584
0.05502334026668731,0.04000651568206204,0.03462196513882274,0.028482187811118113,0.02250188521919802,0.01690887841418323,0.01253927065368694,0.009059304097817246,0.006382406747148253,0.00435252118166223,0.0030630540323186963,0.0019843213552618692,0.0013589525699353679,0.0008292686260795872,0.0004750068915867964,0.0002802198928785419,0.00019136968294144321,0.00014238815695047857,0.0001002412624931369,0.00008543289417028712
0.05477893182848562,0.04000004556462545,0.03434547554660464,0.028262598049378394,0.022897363402948494,0.017202924337661216,0.012390160774780891,0.008956866247320233,0.006521437017157358,0.004366230233495924,0.002914996912996626,0.002024208485500197,0.0013999731168709863,0.0008828146180431362,0.0005046282268298186,0.00030983945304223617,0.00022212754905601482,0.00012530271998031608,0.00008315544144148252,0.00007404251635200497
0.05470629784907038,0.040585125774699235,0.034817034269048495,0.028102214728399567,0.02209715639810427,0.016834897921983227,0.012268729493255557,0.009164236237695956,0.006256835581480131,0.004385025519504192,0.0029461356179365642,0.0021429547940211447,0.001380787458986511,0.0008795114837768869,0.0005707710535909591,0.000298487057965731,0.00019709259934378427,0.0001481042654028437,0.00007860918702150933,0.0000694950783813343
0.05452484176584191,0.040196888298932955,0.034766508479983596,0.02850094855039849,0.022182976226421545,0.017046561576017912,0.012247409289527202,0.009081017028331181,0.006267838729341256,0.004473283921358621,0.00302624607619167,0.002003064985672047,0.0013912072511408251,0.0008636651075878329,0.00047740854891728524,0.0002951045684238111,0.00016065538280987397,0.00012647338646734762,0.00007064279244122121,0.00006608519292888435
0.05482157419260784,0.04003703821815648,0.03467036896990019,0.02810781629408255,0.022208124718113183,0.01677311927399627,0.01259436089711758,0.00908188042988023,0.006444103269659184,0.004265317558302165,0.0030682951941431317,0.001995416919130944,0.0013507788048454912,0.000849646701867401,0.0005068267859664791,0.0003063739447752424,0.00016970155305394468,0.0001138936597677481,0.00006036363967690649,0.00003644597112567938
0.05476663950632763,0.03977527193577244,0.034053367217280806,0.02817875681620046,0.022321240334812913,0.01704605671762554,0.012689386385262765,0.009057498247873233,0.006534435701221075,0.004486584122027791,0.002960666890786948,0.0020034073879920907,0.0014472852006541276,0.0009242112580555093,0.000573216107030729,0.0003065509598235908,0.00017207879157383723,0.00010826149138751344,0.00007293405735579854,0.00002962946080079316
0.0539497676071336,0.03987863864816938,0.03422399232835898,0.027995339614755147,0.022232497645321002,0.017132496392529253,0.012625862860305752,0.009392521288917691,0.0064541552254512614,0.004404132390474683,0.003129701528064246,0.0020261059019018525,0.001366681889984386,0.0009498439135391481,0.0005842565079683247,0.000374698618170719,0.00017539084254799615,0.00011616796064867282,0.00007516750394914121,0.000058083980324336403
