0.03952826834182766,0.03792817352139385,0.03935048002844613,0.03994310773971792,0.0402394215953538,0.04059499822211687,0.04089131207775276,0.04189877918691478,0.03656512978546876,0.03923195448619177,0.03899490340168307,0.03686144364110465,0.03757259689463081,0.03709849472561337,0.03994310773971792,0.039231954486191774,0.0394097427995733,0.04077278653549841,0.03733554581012208,0.041543202560151704
0.027458197439848418,0.022154948519282815,0.024784793723218315,0.023880954584805703,0.02330380429160247,0.023902733841152997,0.022291068871453382,0.021098654586439152,0.01889350488127583,0.017564970244091014,0.0170640473481033,0.015958750088478225,0.014929680226068678,0.014314416234257683,0.015267258699451705,0.01654679000985511,0.017091271418537418,0.017298174353836685,0.015098469462760193,0.015185586488149362
0.028388967327266663,0.02349716075974153,0.024136118640050292,0.023813204442474888,0.023380362007427023,0.02327386902737556,0.021800143593760198,0.02071803750614052,0.01913094857763166,0.017835856529909072,0.016557940769291547,0.015496446226197957,0.014328458703052917,0.014795653712310928,0.014785347940047884,0.01555828085977623,0.015365906444199393,0.014696031247101497,0.013187953239275985,0.013854393178952863
0.028953274139207594,0.023124738131998696,0.023635560096195236,0.024106205051971825,0.024114814410918967,0.021994042323608583,0.02069976869522295,0.02042713899523042,0.018926240752113598,0.017858680242669126,0.016435266230076514,0.015241435122740758,0.014561295765917266,0.013694620298572565,0.014420676236447435,0.01473348294485992,0.014403457518553167,0.013192407693323154,0.011708728168100601,0.013100574531220403
0.02860053463238279,0.02317250958074506,0.023603994168575157,0.02408654202123722,0.022623579483801445,0.02202869244850908,0.020736791848260404,0.01939127481993816,0.018862770028927334,0.017287468308861267,0.016235565053322805,0.015142811185918793,0.013884101707810893,0.013110493245606644,0.013552190486403127,0.013575168955577512,0.013115599572089845,0.012288374681812033,0.010559883167250065,0.011816039482116372
0.028758118150401635,0.02343340378579036,0.02418375740741172,0.023643129953324276,0.02258517795265316,0.021729961247264826,0.01998690376598288,0.018926621474561377,0.018639995712265014,0.017260463588041872,0.015596635992272753,0.013958441594757778,0.01332460251065525,0.01269309371730311,0.012595221505787277,0.012655809065297072,0.011644462879633489,0.011103835425546046,0.009752266790327433,0.011094514262544538
0.029353053261954455,0.023718787941635237,0.02421567483721553,0.023608608673484823,0.0226904481055647,0.021057202483570327,0.02000509849162422,0.01912582472422778,0.017795031995195318,0.016991371451039357,0.01519825787133654,0.014102946323253011,0.01270734226001443,0.011929606249540921,0.011532096733076683,0.011484568421325527,0.0108558984795261,0.010037115290722045,0.009224813235338594,0.010142973803258716
0.030139786952676887,0.02431262625852879,0.024050982078387788,0.023456704987059766,0.022456778004040286,0.021101907365790738,0.019738923729707366,0.018655838518891115,0.01738615435789679,0.0162097696719915,0.015015130740960095,0.013394559423652632,0.012033604037027723,0.01112089178072189,0.010721326637405788,0.010625998912858292,0.01015341678903772,0.009222450287605773,0.008179930065958671,0.00940093623995002
0.03067987766639974,0.024819828076911948,0.023781729071596026,0.023345650307281165,0.021859895225323438,0.02093563979122247,0.020001736596849038,0.018157084832756076,0.016993564943898268,0.01590529758516561,0.014348149077191731,0.012800648329490303,0.011214556540699078,0.010620254507915983,0.010186105295655615,0.00974230832312279,0.00916537225883011,0.00827391920965548,0.008063598035716008,0.008889446315037961
0.032426002509177085,0.025351981785233034,0.023545374285581525,0.02327401143069559,0.02178337437851401,0.020216532689001435,0.019049300683053758,0.017606988522838155,0.016380279726778496,0.015404488639003766,0.013644347381627252,0.01239161748989359,0.010964174527205986,0.009982807490358254,0.009451233678732402,0.00910924213558849,0.008516332884159657,0.007791459504669857,0.007427164165233957,0.008059105060173787
0.03322915220123971,0.025302849681595286,0.023982701002555524,0.023057514838146522,0.02202051280201556,0.019950115693357594,0.019142155846076432,0.01747573866105904,0.015825552812259346,0.014628040895753341,0.013125740554714938,0.011619833250072592,0.010481836233031491,0.009414175006267095,0.008983142855597015,0.008350120743106641,0.007621514095112023,0.007451986805727136,0.006817161211434797,0.007626924540517923
0.03387236873063975,0.02587263762916417,0.024499839899233822,0.023234955392919133,0.021280133883160048,0.019795884791134838,0.018209029683212773,0.016691168275635146,0.015125541998588283,0.013708517537667903,0.01290182196440986,0.01105137553978725,0.009859022872296199,0.008956797560099705,0.00823678637958211,0.007773290238806656,0.007258491090082776,0.006780842395390513,0.006280195800583439,0.007129349035591904
0.03496568225082518,0.02636965367889763,0.02430185647671108,0.022845316893414146,0.021486578529139523,0.01946593548612445,0.017640894881154053,0.01638519708692084,0.014657957700972774,0.013288740634660052,0.011896819713931433,0.010793063099250776,0.00957404076215093,0.008452819644073423,0.007525454513700905,0.007188389598141777,0.006814649225449275,0.006224349010635881,0.005854101538622749,0.006650482893518923
0.035399301143034,0.026624686837041146,0.024798875466178406,0.02245263869509815,0.02066313607308777,0.01942345164798494,0.017417825520900872,0.015756268013894147,0.01422092663385048,0.01296049435226056,0.01135426446255271,0.010021214683258037,0.008982092870863613,0.007896288381373264,0.007123430727229658,0.006559780625997409,0.0063834238458572575,0.0055846313711048045,0.0052976193563669125,0.006312535336193079
0.035832222582465746,0.027196670663654353,0.02496316081099395,0.022516935734270646,0.02075002701826434,0.01854739518200018,0.016850819725563047,0.015231439310116498,0.013999749544978117,0.012148784006559863,0.01083646830972023,0.009434949454402606,0.008642413700232787,0.007626870049867998,0.006585594719173019,0.006120709027874272,0.005650677000509489,0.0054705552381981645,0.004926759060553506,0.005849668661729616
0.03622749226196473,0.02779888107924465,0.025053649808875214,0.022624256713268457,0.02035363632173155,0.018187157166197464,0.016512361223266856,0.014856344847484309,0.013330078208361,0.011897709404977948,0.010390222333002703,0.009195158969035907,0.008227157644222806,0.006917709643990624,0.006313349028498847,0.005811422415632796,0.00522413413391197,0.004978292527610232,0.004281741309755302,0.005329982603291886
0.0362494920003877,0.027687891839868327,0.02524439244946786,0.022891015166020223,0.020333587829094484,0.017810168834415076,0.016313801775575548,0.014524962973417384,0.012851752534896815,0.01135538547605728,0.009872621754116285,0.008682329775493932,0.00747843445997303,0.006828875123067685,0.005784819016104652,0.005126757593637716,0.00485809168989153,0.004647239967964141,0.00401978605351893,0.004677847475985859
0.03627284015117075,0.0277491298182287,0.024862093999986422,0.02239233832938669,0.01948494738199114,0.017381584036150716,0.01578201013685431,0.014262160493408333,0.012455642781053447,0.010571097073610937,0.009454957491705284,0.008208205831065993,0.007377038057306472,0.006194744305652621,0.00523466071392223,0.00475631517881981,0.004506964846691952,0.004182979041002013,0.00369954472361127,0.0043661752033816665
0.03674954456343212,0.02783702728898105,0.024614718424333253,0.021832199745936587,0.019457332740180418,0.017199179283852426,0.01508142038698153,0.01318186508251986,0.011728865967174738,0.010348601382632681,0.008924357779465517,0.00803462840266513,0.006652672317406728,0.005681750906221506,0.004927341586729161,0.004326858832424717,0.004233826293025435,0.003553843005052514,0.0033846929334174583,0.004052835716375926
0.036392541250449335,0.02718133321182234,0.024457461871708015,0.020920141965338993,0.01923923994876287,0.016601438892629855,0.014594819919026421,0.012853162407875263,0.011114880201978266,0.009835639510648244,0.008585088913978656,0.007516804801034194,0.00634557387783758,0.00547305746963491,0.004605604019313496,0.004205630346694479,0.003841097379244234,0.00346137553815023,0.003009084634091596,0.0035103174643356795
0.036398628858022086,0.026981296787523548,0.024200588498990504,0.020895758830012774,0.018554908034393146,0.01606069696346655,0.01417992699376784,0.012481167021136752,0.010539727052415506,0.009208357629420905,0.007878673484176927,0.007032664053362636,0.006036664902742623,0.004939549087085041,0.00422667659857021,0.003860971326684352,0.0034497635555315867,0.0031160785609076216,0.002834637176553068,0.0032525860587083355
0.03631954331721076,0.026987637117593798,0.02377153743365006,0.02073382946425266,0.018059636686760982,0.01570351970218681,0.013461842685434823,0.011523094995270938,0.010026960710066344,0.00871931578362768,0.007404939094375953,0.00647427288546916,0.005627753711725726,0.004798063945014965,0.004092911790345982,0.0034062719834129385,0.0031336355894836417,0.002859316254851078,0.0026119239714707905,0.002970390341266717
0.035701559768723946,0.02711274707543364,0.02374613419389539,0.020503899421809864,0.017671776253865804,0.015004370041683469,0.012785733494688716,0.011078055667607908,0.009708215678364931,0.008306440769127338,0.007010555331450851,0.006271009815785935,0.005282708081215544,0.004517950786607502,0.003788489982519833,0.0032540002689256417,0.0029833938416027974,0.002623705795347586,0.0023867150732822385,0.0027144681995428274
0.03541934638854652,0.02653302480848734,0.022931142762148166,0.019886754813424196,0.017132868307132232,0.01456033530247413,0.012142288614022657,0.010632688632829686,0.009121409452547514,0.007677298235833438,0.006725192352255667,0.0058402544322459955,0.0049653917067715376,0.004145942551240759,0.0036472204217476425,0.0029503527997286404,0.0027706784971839845,0.0024617058647707383,0.0021006780605922195,0.0025507034164984673
0.035249213059934885,0.02585456576169258,0.023161277014642042,0.019507057724590274,0.016892588760298987,0.014009797131295324,0.011849799680360637,0.010166074959290429,0.008603095437340794,0.007318500680030258,0.006339122953830061,0.005431856943771313,0.004445771150953303,0.003860492338549417,0.0031058348440458385,0.002730183113448501,0.0023360841996521876,0.002196891817332639,0.0019990038521072563,0.0022438482836573052
0.034727227017514455,0.02549233218804995,0.02259280985502389,0.01894242855945697,0.016205480600016763,0.013493673007625913,0.011489147741557027,0.009823179418419509,0.008400234643425796,0.0070292466270007545,0.006068884605715244,0.004930863990614262,0.004275538422860974,0.00350624319115059,0.0029682393362943076,0.0024754881421268746,0.0022173803737534576,0.002046425877817817,0.0018955836755216626,0.0020380457554680298
0.03434859323081873,0.02499023949677694,0.021999252672199564,0.018859135412111063,0.015722369397764384,0.013061480278756622,0.011052408456533507,0.00951083541529475,0.007960884259701434,0.006643844683164849,0.005742359578614359,0.004773849559227403,0.0037835564425185955,0.003366326347661585,0.0026944015764259967,0.0022084709438616066,0.002040908656770438,0.0018549145180992404,0.0017945920947464195,0.0019789106105467056
0.03373839509771403,0.024466199622746446,0.021795941341427868,0.01802675618900202,0.015041561548280749,0.013136866651254889,0.010793271083146545,0.008667450657178373,0.007702539258157355,0.0064277170799368795,0.0053555933032468596,0.0044945438950926885,0.003715578963591347,0.0029382892254910826,0.002589848998066828,0.0021744010345994447,0.0019516003122560504,0.001640014339655514,0.0015210756081789649,0.0017019964954954052
0.03248197441745828,0.024048591790527273,0.021019124244930694,0.017977959913443784,0.015015331144363406,0.012473786667335058,0.010418494289462028,0.008510247219924636,0.0071400523013426245,0.00615250937831583,0.005136559975269653,0.004127294449875096,0.0033837130611324164,0.002738718867751125,0.002454654067557294,0.002003492326072971,0.0017444920670727122,0.0014905047163111679,0.0014570853280530698,0.0015740531869564123
0.0322439773651328,0.023314180925004438,0.02059023327566417,0.01728568990499647,0.01449648798150125,0.011906395253504485,0.010027406795145079,0.00822705810307498,0.006736248916611732,0.005921407082933163,0.004894070561621786,0.00389350502457911,0.0032426354695463317,0.0027356599549578195,0.002248762678570831,0.001728401671847967,0.0015644293932021776,0.001358627451636543,0.0012532167010785356,0.001410496233657151
0.031370824982322874,0.023027893907203077,0.020186182260698626,0.01705026987902666,0.013951132589250641,0.011530662904463324,0.009748742542596419,0.007965150585643333,0.006601128995321201,0.005390894152927544,0.004483218021132301,0.003624018146836253,0.002998841584605276,0.0024405288258214624,0.002004242508328722,0.0017501600552295008,0.0014810332463546685,0.0011851609161009707,0.0011266550880847026,0.0013890955166148188
0.030370878685119614,0.022294796211237058,0.01957494127016725,0.016380906584920748,0.01351078341506256,0.011033027287040703,0.00924650501144543,0.007475009558728998,0.0063246227850045685,0.0051992807160782,0.004336073224038243,0.00348956220186366,0.0027482389398409495,0.002188907199350841,0.0018249241562856354,0.0015895039311838296,0.0013323782952570332,0.0011553957146840437,0.0011236724219398293,0.0011854493604417221
0.029719915195572297,0.021546396395645016,0.019469655394439005,0.015799912259777785,0.013074293949761218,0.010680620586925375,0.00905258908718476,0.007181020088507533,0.005921630967294249,0.005062577460771278,0.004026709057760089,0.003191008462094056,0.0024970933966308433,0.00184487995769787,0.0016513844105975517,0.0014328678875790877,0.0012660613814581227,0.0011109313307656257,0.0010325322728887722,0.0010458767933784494
0.028764791294624233,0.021316154013051383,0.01826860490344978,0.015569871655790511,0.012862793531051289,0.01047282073535057,0.008371580686616486,0.006667556786888528,0.005395797519902532,0.004474523090274882,0.0036767528414306445,0.002975783166713954,0.0021997095982776173,0.0016706443914081151,0.0015037468498089019,0.001401939349433383,0.001046447585827061,0.001074820167898927,0.0008628602900679273,0.0008712051671478879
0.028130229829111682,0.020524266407078235,0.018008947800054676,0.015151919243104125,0.012256552496649574,0.009831245291070198,0.007822657536621305,0.00648748841519926,0.005238996939612351,0.004292210346643908,0.0034037644768337336,0.00265867009821244,0.002018589021276028,0.0016885472159806905,0.0013451703882491782,0.0011784826077969877,0.0009517872263820085,0.0008901127476146978,0.0007951007127569489,0.0008917796254192194
0.027561856297103504,0.02021191686620311,0.01738591431013712,0.014643225508672128,0.012018842238740566,0.0095527551025509,0.00753489596611463,0.0062451990448911185,0.0049255091720112444,0.0039407405926273975,0.003152592474101919,0.0025543997160667243,0.0020178591364362706,0.0014796522817137974,0.001403003627480876,0.0010447544826965665,0.0008747944233105222,0.0007431586910409387,0.000716498289568618,0.0007698190925132594
0.02647316389354129,0.019978489825954057,0.01674696909660598,0.013953310269276743,0.011372755333424347,0.009289997769068638,0.007541879909297656,0.005990217199481893,0.0046233555205562,0.0037659453321923393,0.003041725076001505,0.002362456421919068,0.0018330264415312846,0.001510040856011694,0.001213693256926709,0.001022232729427982,0.0008624048108203498,0.0006925876472997403,0.0006376468002783668,0.0007358743752559743
0.026005889760212144,0.019351593366690876,0.016261801173954468,0.013645055333097917,0.011371434662971124,0.009239394767174579,0.007315561892451913,0.005836459214743058,0.0043806757233944725,0.0035711668254592216,0.0027499983343438317,0.002070410617558681,0.0017872490688982017,0.0014208047118081696,0.0011942754728797857,0.0008961230187019873,0.0008078432417666614,0.0006929129661338788,0.0005546635041408213,0.0006446089372447385
0.025180940641475177,0.01848634512397244,0.0155313283416759,0.013012734556539266,0.010812296467805476,0.008636844428527407,0.006967776324885272,0.005665170279927043,0.004299266243014318,0.003311484421198165,0.0024636244763340475,0.00207883931471595,0.0016257589512522176,0.0013925558229988257,0.0010744001265959838,0.0008112137389957273,0.0007179324876943707,0.0006146568166107254,0.0005297042484612754,0.0005030524623751738
0.02476903313409391,0.018031390194225165,0.014974573676433392,0.012533446930869684,0.010315299724437222,0.008296835687376032,0.006704362411640195,0.0051917624036528715,0.003948734674316751,0.002895405955883332,0.0023562613985809184,0.0019385907693126908,0.001570840932387279,0.0012030910954618672,0.0009618072658049227,0.0007887485190164937,0.0007155313569136968,0.000590729376056657,0.000444295051851063,0.0005391445573024135
0.024068029633969545,0.017313668343883197,0.014722110796159102,0.012138875527008292,0.009861900109354737,0.008174142014690487,0.006541310958609978,0.00505162309399015,0.003745025357982813,0.0027996145120564855,0.0021454834161954866,0.001800941083261068,0.0014430831046093778,0.0011567967216880239,0.0009254373773504193,0.0007190448687326999,0.0006541310958609977,0.0006075263358505451,0.00043775185295532443,0.0004410807643846423
0.02331525652602678,0.01671979950874987,0.014318427866554252,0.01217814718545607,0.009272886618339894,0.007834391832675617,0.00595187611317046,0.00475285329182486,0.003567134468496964,0.002780535585700198,0.0021419436808503916,0.0016413807554342672,0.0013653227965669031,0.0011225248327438,0.0008015658805666835,0.0006951338964250493,0.0005704089150090712,0.0004706289298762895,0.00044235793408866784,0.00038082694325678547
0.02275251383273037,0.01622519419025325,0.013904221642902748,0.01150677005745903,0.008884869121089593,0.0073735768248563505,0.005634510002128111,0.004282826133219833,0.003381703553947648,0.002553734837199404,0.00200674345605448,0.0015478692274952114,0.0013084565865077672,0.0010490928921047028,0.0007032746329006166,0.0005885560757607999,0.0005253777399446688,0.0004621994041285379,0.00037241966375824636,0.00035246861034262604
0.021720246158352108,0.01574767770429712,0.013409572750842886,0.010928352476394294,0.00870507260606343,0.006606602608692757,0.0051321819761230405,0.004113733412767884,0.0031834838263045968,0.0024978615908432824,0.0018155676186609063,0.0013978705771541353,0.0011565714894311001,0.0008869821638370883,0.0006989352885770675,0.0005092242816775778,0.00048093404380660117,0.0004626285957724399,0.0003461393810095952,0.0003411469860911877
0.02126344130698532,0.015087503531718989,0.01309976898402832,0.010910934201997706,0.00859246455816118,0.0065581944190530005,0.004949392544333461,0.003945553358041516,0.003046419252438965,0.002300187804351077,0.0016835912180691056,0.0013894198008941488,0.0010935863983114226,0.000850936528777277,0.0006598082068839434,0.0004553840017284648,0.00040884841031095764,0.00030248134421379793,0.0002841995047283486,0.0002841995047283486
0.02063327859243381,0.014580783785623788,0.012747600173355406,0.010492651490873101,0.008209474437549711,0.00634308097723299,0.004881847663106018,0.0037311264282310274,0.002910843181437023,0.002140374706715529,0.0016272825543686721,0.0012254433929837555,0.0010643756299493056,0.00076714748991666,0.0005795118484435377,0.00043836999423809146,0.0003005491248374794,0.0002656787843867222,0.000247413367960135,0.00025405533756980305
0.019512332890865503,0.014026617845685603,0.01190675945754219,0.010125812598537695,0.008180393968039313,0.006323025881876041,0.004590257622602076,0.0035618937180089947,0.0027212602192624707,0.0020683571263624997,0.0016314270667373292,0.001186190351986205,0.0009087480707793476,0.0007409536372350803,0.000568175210615241,0.0004020421080961646,0.00023424767455189745,0.00020268238507327297,0.00016447177149388545,0.00022427968840075288
0.01898881330711591,0.013603058404634109,0.011776252856459586,0.009794999202848487,0.007755619918159111,0.005932135834617633,0.004542102885688472,0.003416126375086357,0.0026438858479034925,0.0018400914067067016,0.0015826778976457461,0.001202370197162141,0.0008635808045915926,0.0006343997449115162,0.0005231306797045226,0.0003470930541531594,0.0002540920444279109,0.00019596641334963065,0.00013784078227135034,0.00021091300419833126
0.01824738777732046,0.013311714175706,0.011482826378470238,0.009232398199657458,0.007343764521568263,0.005843479069026407,0.004595454002310173,0.003116743451187615,0.002376558371725594,0.0017790995631912264,0.0013990493766513096,0.0011052987957885791,0.0007766964510946771,0.0005642666525046803,0.00047630743902600937,0.0003086870510760898,0.00028545254185530884,0.00019915293617812243,0.00012281097730984218,0.00017757803475882588
0.017848430234294874,0.012839916757111986,0.01084348146451722,0.009107595083757346,0.006804143557471781,0.005370294768775287,0.004263376780279268,0.003086757808999391,0.0023947266227882383,0.0016695044923942953,0.0013326164089389851,0.0009857710422288384,0.0007584130745767326,0.00047960914344130374,0.0003949722357751911,0.00027548483671715004,0.00026220845904403444,0.00018255019300534038,0.00012944468231287774,0.0001692738153322247
0.017423771001866845,0.01261646961211367,0.010543870566272562,0.008773283551130476,0.00661273594689899,0.005051234183779305,0.003929475212611494,0.0030234391205144185,0.002124040655465673,0.0015863928645509242,0.0011980916822236058,0.0009060360920970759,0.0007201825347438294,0.0004181705040448041,0.0002854179630781997,0.00023397635345364049,0.00022070109935697996,0.00016262186268409045,0.00011449906658369635,0.00015266542211159515
0.01691271248720556,0.011818162212736872,0.010298589418398441,0.008405759114533652,0.006526200188785355,0.0049651543378328835,0.0037292572507344876,0.002874912284485261,0.002060381452585513,0.0014996657271636907,0.0011081600727271524,0.0008244843654871175,0.0006685456726183269,0.00040975379934671626,0.000277040018181788,0.00020072959401195415,0.0001642333041915988,0.00015593869286879077,0.00013769054795861315,0.00012441916984212036
0.016080200268418075,0.011523065208339208,0.010013420903762666,0.007901577827140752,0.006101617310145636,0.004812613327007204,0.0036712558747559253,0.0026874986521032997,0.0018878848556133062,0.0014648526603748234,0.0009820982728673783,0.0008195211939129815,0.0005972219226896221,0.0004163963960974866,0.0002637730158545832,0.00019575607465937612,0.000165894978524895,0.00011114963561167964,0.00010949068582643069,0.0000962190875444391
0.015391180748819386,0.011239929063411197,0.009667434924978575,0.007508784048566321,0.005720424822492474,0.004406968789229326,0.003425612890798833,0.0026551405779870734,0.001804964232815478,0.0013317215406789449,0.0009498063856213921,0.0007372622993284931,0.0005247182130355942,0.00038191515505755277,0.00026900110921445025,0.00021752558831538883,0.00013450055460722518,0.0001195560485397557,0.0000863460350564902,0.0001129140458431026
0.014842700900156196,0.01086561396694503,0.009223986681074476,0.007522603498043825,0.0058228802010453955,0.004191212231368194,0.0032367777628388036,0.002481529618176416,0.001761139080190754,0.0011436614762030438,0.00091791697582044,0.0007037916776634118,0.0004929861515708332,0.0003220178902516553,0.0002655817651560044,0.0001626688311580527,0.00014275019877135235,0.00011287225019130187,0.0000979332759012766,0.00008797395970792644
0.01428012000212393,0.010702623055275317,0.008917193224658844,0.007428781925343813,0.00574291137896246,0.003993986619232199,0.0030531513832103225,0.002432565178144746,0.0015298943344129986,0.0011183826262411724,0.0008296607019593269,0.0005907184197950409,0.0005392794562735625,0.000355094780438592,0.000263832103223066,0.00014767960494876015,0.00013440503371741096,0.00012444910529389898,0.00006637285615674613,0.00008130674879201401
0.013470511779850513,0.010143967650852301,0.008859164678873956,0.0072141520881368205,0.005394844520580917,0.004075182553238815,0.002979614127520845,0.002328912880730777,0.001558695078407841,0.0010573895260338596,0.000732038902638826,0.0006108623949457776,0.00045150698756861815,0.00038676885332164724,0.000245672919706454,0.0001726350246585893,0.00015105564657626568,0.00008465756016911593,0.0000879774644894734,0.0001145366990523333
0.01305795296018419,0.009997495235141025,0.008549376214023035,0.006752912411192817,0.005376121131092093,0.0039495663107467684,0.002985812414676263,0.0021746667086892115,0.001492906207338131,0.0011528553490000016,0.0007464531036690661,0.0005457401580158284,0.0003748853365093533,0.00035497992041151155,0.00026042919394676306,0.0001559257594330938,0.00015758454410791392,0.00009123315711510803,0.00009786829581438862,0.00009123315711510803
0.012880404770078057,0.009669839090295505,0.008175665703165295,0.006583649663603694,0.005112693177050424,0.003897122596843497,0.002847387020757567,0.002024845400317408,0.0014891983370065784,0.001066319076498029,0.0007130905177202999,0.0004444378110442798,0.0003963456598491897,0.00028855290717053983,0.00022553560560455976,0.00015090985375010985,0.00009950100247259989,0.00009120925226654991,0.00007794245193686993,0.00009618430239017991
0.012341483630335682,0.009075839204309986,0.007946953999171155,0.006209697472026522,0.004999585578118526,0.0035690012432656446,0.0026539577289680883,0.001967675093244923,0.001409034397016162,0.001022793203481144,0.0006746788230418568,0.0004790716949854952,0.00033982594280978037,0.00024368006630750107,0.00017571487774554497,0.00014256112722751762,0.00012266887691670119,0.00009946125155408205,0.00005636137588064649,0.00007956900124326565
0.012105141038814675,0.00865789386456296,0.007333686897146076,0.006009479929729194,0.004632238390400743,0.003540057675096955,0.002462792933143293,0.0018346647220656965,0.001355696244489376,0.000967880937386058,0.0007275680334117803,0.00042261924492028235,0.0003380953959362259,0.00022208226987967763,0.0001392157512678577,0.00014915973350127616,0.00010441181345089331,0.00007789452749511089,0.00007126520600616528,0.00008783850972852929
0.011507706897495034,0.008125525357242926,0.006955025275175283,0.005719865840132235,0.0045526816223197455,0.00338052360812453,0.0024371602275346056,0.001730881141187842,0.0012451070278084956,0.00098149581952414,0.0006084610908198641,0.0004360361495521097,0.0002818484616876753,0.00019066219467107456,0.00014092423084383773,0.00010279179190962282,0.00009947592765447368,0.00007958074212357895,0.00006134348872025877,0.00009118626701660089
0.011184837264014183,0.007997216630631973,0.007014753514418019,0.005533603386432731,0.0042744601008971395,0.0031743664935344655,0.0022846823562547125,0.0017396058550162785,0.0012790244953072073,0.0009277897893420153,0.000569928013452952,0.00041419187024197083,0.00029324784413131536,0.00018058765542549929,0.0001308846309964628,0.00011597372366775183,0.00012260079359162338,0.00009277897893420147,0.00005301655939097227,0.00007621130412452264
0.011002070139440219,0.007784983947717792,0.006619805383688494,0.005346893382017799,0.004236410255560289,0.0032883560043159682,0.0021861600653693353,0.0016441780021579835,0.0011718083140379982,0.0007823105010267827,0.0005618713132374563,0.000389497813011216,0.00025690281283718497,0.0001856330002436433,0.00011104831264575087,0.00010939087514357551,0.00010276112513487395,0.00007458468759789239,0.0000629826250826647,0.0000861867501131201
0.010847050947667043,0.007594261303568293,0.006406156273095137,0.005276048001431693,0.004170795483543833,0.00308874166917986,0.0021955915835103613,0.0015526560858484598,0.0011151948193980931,0.0007870988695603184,0.0005186567287839567,0.0003612369548718934,0.00024855753775589,0.00014582042215012213,0.00012427876887794497,0.00011599351761941532,0.00010108006535406194,0.00007125316082335514,0.000046397407047766136,0.00008948071359212039
0.010401469535000925,0.007362595824822939,0.006149035783442531,0.005136077880049868,0.004025305711026818,0.003055452399267885,0.0021966763044112565,0.0014456616886389562,0.0010378259370275073,0.000721172975410488,0.00047415050797103346,0.0002917849279821744,0.00019562853126077603,0.00014091885726411838,0.000116050823629274,0.00007957770763150216,0.00008455131435847105,0.0000646568874505955,0.000053051805087668106,0.00007128836308655401
0.010084565790062644,0.007087213340870927,0.005880314788320272,0.004779517207422425,0.003914131157379239,0.0028929093052209973,0.0022596191306683204,0.001503649707642089,0.0010112748860657934,0.0006299745191885267,0.00043932433574989376,0.0003149872595942634,0.0002022549772131586,0.00011439011006317986,0.00009449617787827899,0.00007294441801130309,0.00007294441801130306,0.00006962876264715294,0.00006631310728300281,0.00005636614119055238
0.009609492230588062,0.006878355952022102,0.005902831835542202,0.004663965894749397,0.0036271609763853605,0.0028735727369993613,0.0021762965858312163,0.0015038640029944779,0.0009308056934833666,0.0006277141598402063,0.0003560911460834943,0.00026334182431290976,0.0001871548814299295,0.00011593665221323068,0.00006790575343917799,0.00005962456399537578,0.0000563120882178549,0.000039749709330250524,0.000051343374551573594,0.000039749709330250524
0.009443475755453222,0.006590396897545824,0.0054859258596907795,0.004426163544507532,0.0034790009753125064,0.0028067142566181318,0.001942345618296796,0.0014571731833769657,0.000960409598134818,0.0005878369092032081,0.0004106578971335087,0.00022851124921138784,0.00015896434727748722,0.00008776156672611271,0.00005961163022905768,0.000048020479906740904,0.00003974108681937178,0.000046364601289267094,0.000031461693732002666,0.00002483817926210737
0.009178691116657882,0.006525190849816193,0.005119714131339149,0.004259522601988218,0.003530265814099186,0.002603778213121981,0.0019888821487882738,0.0014353099507088706,0.0009579782349996855,0.0006016368500084528,0.0004126930458735667,0.00027347129545838764,0.00010607371460204128,0.00009778670564875678,0.00005469425909167752,0.00004640725013839304,0.00004972205371970683,0.00004474984834773615,0.00002154622327853963,0.00002817583044116721
0.008955589748855913,0.006182951087937699,0.0052305811775267205,0.00422686610672837,0.003256276945857357,0.0026136342932669933,0.0019030835253255867,0.001300191964648029,0.000844710703147127,0.0005863286057138881,0.00036107241820798754,0.00023353766498773512,0.00013084734421298642,0.00007618959283287816,0.000054657751380108234,0.000038094796416439075,0.000046376273898273654,0.00004968886489100748,0.000018219250460036076,0.000013250363970935327
0.008542878231713572,0.006184567212691518,0.005079057205178024,0.004124148111861725,0.00322716244708281,0.0024211993128626422,0.0017641821377386026,0.00131237939514701,0.0008258225954329866,0.0005775793302727701,0.00035085048142643896,0.00021017929783564965,0.00010095226116515456,0.00007447297954806484,0.00007116306934592863,0.000046338742829907024,0.00002978919181922594,0.000036409012223498374,0.000026479281617089727,0.000009929730606408647
0.008604406092177993,0.006046115507482668,0.005080128842406647,0.004062777534762263,0.003163067827838972,0.002308095067668775,0.0016751501173102163,0.001239379117456025,0.0008715419997083815,0.0005269018173141928,0.00031812939913309724,0.00020048779841200405,0.00010107236118291116,0.00009444466536763831,0.00006130618629127399,0.00004473694675309182,0.000021540011399636803,0.000019883087445818587,0.000019883087445818587,0.000011598467676727509
0.008577195588208509,0.006060335106726476,0.0050270976459075335,0.0038878871121840884,0.0029490319194207253,0.002237025335843571,0.001602842727680663,0.0011392105337234462,0.0008163238272175278,0.00045369721837241914,0.00028645846269499453,0.00019373202390355118,0.00010928473143277255,0.00007782397541424711,0.00004967487792398751,0.00003146075601852542,0.000021525780433727922,0.000011590804848930416,0.0000099349755847975,0.000013246634113063334
0.008364579851539048,0.00609927622804608,0.004965797059242077,0.00369828604711964,0.0026938745792889364,0.0021147246390241163,0.0015372294128743382,0.0010590170336271004,0.0007628232070345203,0.0004964142345127037,0.00032763339477838427,0.0001605072691591074,0.00013237712920338758,0.0000744621351769055,0.00005460556579639735,0.00001985656938050813,0.000028130139955719848,0.000011582998805296409,0.000004964142345127032,0.000006618856460169376
0.008092600412330163,0.005812364937032712,0.00480058289243813,0.003666260960282174,0.0026776621376586596,0.0019887892562325607,0.0014953178171340565,0.0010929233214933304,0.0007435190475007658,0.00046863227270092816,0.0002599832749612924,0.0001838098313420602,0.00011426016542884823,0.00007782938804573716,0.000044710499515636256,0.0000215272775445656,0.000026495110824080744,0.000018215388691555512,0.000008279722132525232,0.000003311888853010093
0.0078036852849991244,0.005682776967134193,0.004748055282583737,0.0035320899053366828,0.002718137571179469,0.0020497702073593205,0.0014227622101121993,0.0009264498112358513,0.000588957379999934,0.00038381492179770984,0.00027297181938199183,0.00016543746629211632,0.00008768185713482163,0.00004963123988763488,0.000038050617247186736,0.00003143311859550209,0.00002150687061797511,0.000014889371966290462,0.00000661749865168465,0.0000016543746629211625
0.007522843412916835,0.0053535885436848205,0.004639887132510011,0.003613216889056688,0.0026792781514636673,0.0020185661722090294,0.001395940347147016,0.0008975085031479033,0.0005795719116268745,0.00040404441839130684,0.0002533557213683195,0.00014737685752797667,0.000097699265102816,0.00006292495040520355,0.000029806555455096424,0.000016559197475053567,0.000016559197475053567,0.00001987103697006428,0.00000496775924251607,0.0000033118394950107137
0.007072552407050712,0.005285384274244257,0.004323954010206716,0.0036852068812592265,0.0026724782726689046,0.002073445991117112,0.0012791490432031345,0.0008786909986298377,0.0005692461460050172,0.0003756362649509854,0.00023663429906603918,0.0001605141748909497,0.00010425147441370956,0.000059572271093548324,0.00003475049147123652,0.00001158349715707884,0.00001985742369784944,0.000009928711848924721,0.00000661914123261648,0.00000165478530815412
0.007104007838905201,0.005066488349228524,0.004263728842735276,0.003426210677197988,0.0026582098297487766,0.0020937954138432148,0.0013622083996782345,0.0009765528017134362,0.0005826213325476772,0.00038069007524422084,0.00021517265122499444,0.00016220707553884204,0.00011089667409288178,0.00004965522720576795,0.00003641383328422983,0.000018206916642114915,0.000021517265122499445,0.00001324139392153812,0.00000662069696076906,0.000008275871200961325
0.0068149531596149475,0.004882725186517122,0.004053208293182067,0.0033395919637860417,0.0025216651268448903,0.0019405065848077541,0.0014040525460042453,0.0010116463509535307,0.0005596341515913147,0.0003311444683972277,0.00021855534914217028,0.00016226078951464155,0.00007781895007334852,0.000059606004311500984,0.00003642589152369505,0.000016557223419861385,0.000013245778735889108,0.000004967167025958415,0.000013245778735889107,0.000006622889367944553
0.006516778012208816,0.00474143213442283,0.004083957961399475,0.003371832282809949,0.002333453677052661,0.0018962416325232763,0.0013927853388227733,0.000972134356586169,0.0006011665612279037,0.00038421664519248955,0.00020204495997191253,0.00013745681703007166,0.00009605416129812236,0.000057963718024728976,0.000029809912127003473,0.00001821716852205768,0.000013248849834223766,0.000011592743604945795,0.00001656106229277971,0.000006624424917111883
0.006442169332296852,0.0045715419857428755,0.00386695555812838,0.0030168207604902345,0.002381700600387026,0.0018656654703031706,0.0012900878252096396,0.0008187095813830406,0.0005424984700881558,0.00042341344006880446,0.00021832255503547753,0.00014389441127338288,0.00006285043251021321,0.000043002927506987994,0.000031425216255106594,0.00001984750500322522,0.000019847505003225216,0.000013231670002150148,0.000008269793751343841,0.000006615835001075073
0.006291514563813697,0.004601973172531797,0.0038937227166369365,0.00293228927066751,0.00231836188950631,0.0017127084622691152,0.0013056299292080501,0.0009167540947797968,0.0005692480299715705,0.00031110066754260255,0.00024325424536575849,0.00016216949691050567,0.000084394330024855,0.000029786234126419396,0.00003309581569602155,0.00003309581569602155,0.00001654790784801078,0.000013238326278408621,0.000008273953924005388,0.000006619163139204311
0.006224856381305565,0.004373954936013112,0.0036703474992963916,0.0028690627948942935,0.002296243564061387,0.001708524411039186,0.0012598711984504074,0.0008492955647898281,0.0005678525901031404,0.0004006423522010498,0.00022184328592950682,0.00013078820588381375,0.00006622187639686769,0.000043044219657964,0.00004469976656788571,0.00002979984437859047,0.00001158882836945185,0.000008277734549608463,0.000023177656738903696,0.0000066221876396867705
0.006207191072238463,0.0043433784996143275,0.003628310088092456,0.002805650364651785,0.002126997474087046,0.0016734587130754893,0.0010924656287139693,0.0007796231986731509,0.0005495433162621785,0.0003956049776706647,0.0002267693805057786,0.00012414382144476925,0.00006952054000907077,0.00003972602286232615,0.00003641552095713231,0.000028139266194147694,0.000008276254762984616,0.000011586756668178463,0.000011586756668178463,0
0.0060532326944085805,0.004328466911642998,0.0033998742013440597,0.0027377760121826073,0.002122024696262456,0.00159069089946039,0.0011222564306286621,0.000723342271658887,0.0004932631509252823,0.0003542225312013774,0.00022511338431489402,0.00010428046479292883,0.00006124408249743437,0.000049657364187108946,0.00002151819114774721,0.00002151819114774721,0.00001158671831032542,0.000008276227364518158,0.000008276227364518158,0.000006620981891614526
0.005840576111249067,0.004252959192119856,0.003511298733548547,0.002610711033854813,0.0020329442926910034,0.001592583395414288,0.0010959357669067138,0.000763181855806639,0.0004800927075573217,0.0003592417846204786,0.00024666832215876187,0.00012912838341196925,0.00006787517589603512,0.00003145434980547968,0.000014899428855227217,0.000024832381425378697,0.0000033109841900504927,0.000006621968380100985,0,0.0000016554920950252463
0.005696977721870967,0.004285146810553147,0.0033433744910457168,0.0027061471746830435,0.0019977490151941485,0.001461484987917509,0.0010278393856135598,0.0007828792743884279,0.00046343804826376244,0.00031116554669138337,0.0002085471217186931,0.00014068655036578504,0.00008110165844615843,0.000023171902413188123,0.000019861630639875534,0.00001489622297990665,0.000008275679433281473,0.000003310271773312589,0.0000016551358866562945,0.000003310271773312589
0.005618683944064644,0.003990655380766761,0.0032808746351826235,0.002663745921656089,0.0020317267029774395,0.0015271040283779944,0.001103551881828951,0.0007130897467290524,0.0004897321694473309,0.00031931861048423935,0.00021673957499189307,0.00011250603892708953,0.00008437952919531714,0.00005294401831863034,0.000014890505152114782,0.000009927003434743189,0.000009927003434743189,0.000004963501717371594,0.000004963501717371594,0.000003309001144914396
0.0057290856948170295,0.00395115061342895,0.0032912472669416534,0.0025271486552195218,0.001954901642977405,0.0015397744751370244,0.0011246473072966455,0.0006747883843779874,0.0004746673194031429,0.0003043163302096805,0.00019681327877691299,0.00011081083763069886,0.00005623236536483228,0.00003473175507827876,0.000018192824088622207,0.00000992335859379393,0.000014885037890690896,0.000004961679296896965,0.00000992335859379393,0.00000992335859379393
0.0053858450470228225,0.0038038150562306697,0.003202081601007738,0.0025259580208259282,0.0020696985877448055,0.0014249841714345226,0.0010910551660635553,0.0007191045412691619,0.0004628718886330235,0.0003223572081551413,0.00018018941378928423,0.00011406485827028077,0.0000628183277430532,0.00004132784719937709,0.000023143594431651175,0.000014878024991775758,0.000004959341663925252,0,0.000009918683327850506,0.000006612455551900337
0.005250668537689638,0.0038705684556117445,0.00326325822764701,0.002473920410919008,0.0019460404035055215,0.0014280891736609398,0.000956472239137918,0.0006900500410389476,0.0003954963064947446,0.00030944690089756163,0.00016547962614842866,0.00014562207101061724,0.00008108501681273004,0.0000479890915830443,0.000024821943922264294,0.000011583573830390002,0.0000066191850459371445,0.00000827398130742143,0.000004964388784452859,0.000004964388784452859
0.005229017738946255,0.0038307519195128416,0.0032979216309240137,0.0024440693672226634,0.0019559173947577444,0.0013022901773894625,0.0010276012708498809,0.0006817580090018532,0.0004534021710352132,0.0002730341540905482,0.0002084988085782368,0.00012079692877945466,0.0000744638602065131,0.00004798782102197511,0.00003144029653163887,0.00002151178183743712,0.000011583267143235371,0.0000033095048980672493,0.000008273762245168123,0.000008273762245168123
0.005145439796036621,0.003672003046206315,0.003167061238680198,0.0024882870056123045,0.0018525569922023736,0.0013741039352350045,0.0009138618942767742,0.0006456632948694598,0.00045858649404830886,0.0002781318808668443,0.0001870768008211513,0.00010595500223498837,0.0000711885171266328,0.00003807757892819893,0.00003311093819843385,0.000029799844378590465,0.000008277734549608463,0.000013244375279373543,0.0000033110938198433853,0.000008277734549608463
0.005094047128621796,0.0037076192319718867,0.003231138045533734,0.002437002734803476,0.0018298201118076337,0.001354993373933501,0.0008834755331874109,0.0006038737258677996,0.00038548651541697894,0.00027132956449950454,0.00017702599635028654,0.00012739253942964545,0.00007279573681694024,0.00003639786840847011,0.000019853382768256426,0.000009926691384128213,0.000008272242820106844,0.000011581139948149582,0.000013235588512170951,0.0000049633456920641066
0.004967616173049111,0.0036719321412378336,0.003016643665379256,0.00233984319410108,0.001896365134681638,0.0012973388006897078,0.0009548016428545422,0.0005361451166115628,0.0004269303706351334,0.0002631082516704892,0.00019857226541169,0.00010590520821956798,0.00006453598625879922,0.00004467875971763022,0.000021511995419599746,0.000011583382149015246,0.000008273844392153748,0.000011583382149015248,0.000009928613270584496,0.000013238151027445998
0.004936270171462601,0.0035698629457159166,0.002941249452031,0.002350683617174382,0.0017634262743897898,0.0013597902416026333,0.0008767503990868559,0.000598837065036683,0.0003771680962109494,0.00023821142918586277,0.00018692980206946183,0.00012075996062894437,0.00009760051612476324,0.000014888214324116428,0.000019850952432155236,0.000011579722252090553,0.000004962738108038808,0.000008271230180064681,0.000009925476216077618,0.000011579722252090553
0.004761589732563716,0.0034765062931048753,0.002826522005193258,0.002206307990010419,0.0017332914344309746,0.0012520053586490912,0.0008815308535798753,0.0005573656616443115,0.00042670724244579344,0.0002811636868828872,0.00018192944445363294,0.00011577328283413004,0.00004465540909316441,0.00003307808080975142,0.000013231232323900568,0.000006615616161950284,0.000003307808080975142,0.000006615616161950284,0.000003307808080975142,0.000008269520202437855
0.004593522091748035,0.003372773332759901,0.002798789837680115,0.002100746509369825,0.0017037550430322203,0.001176087219025155,0.0008072159815531303,0.0005342843484460266,0.0003986455974473449,0.0002580444531194432,0.00020511225760776254,0.00010586439102336127,0.00005293219551168066,0.000034736753304540424,0.000013233048877920161,0.000009924786658440122,0.000011578917768180141,0.0000066165244389600805,0.0000016541311097400201,0.0000033082622194800403
0.004459430965983144,0.0033354418505808386,0.0027692966683767234,0.002143382493329946,0.001500865820271318,0.0011356108640105987,0.000823483901387803,0.0005229786873733022,0.00042004319969982676,0.000229114472563542,0.00015938398091376834,0.00010625598727584555,0.00006973049164977365,0.00002988449642133155,0.00001826274781303595,0.000011621748608295602,0.000008301249005925431,0.0000016602498011850864,0.0000033204996023701727,0.0000016602498011850864
0.007053799064719757,0.005102458178248598,0.00409185106411987,0.0033300612158643156,0.0024796515194895506,0.0017877350130203016,0.0012474947850627848,0.0008487054685263204,0.0005555782785935349,0.0003783385823551066,0.0002351834430856069,0.00013292977217882126,0.00010054944305833916,0.000039197240514267794,0.000023859189878249957,0.00000852113924223213,0.000010225367090678555,0.0000051126835453392775,0.0000017042278484464259,0.0000017042278484464259
0.007954888396467236,0.005703976777261455,0.0048836445427064635,0.003913251533537749,0.0028928382661644633,0.002089179451010993,0.0015956462367258733,0.0010220806093134385,0.0006769408277018858,0.0003834886462350586,0.00020841774251905353,0.0001667341940152428,0.00007669772924701172,0.00005002025820457287,0.00003668152268335342,0.000026677471042438855,0.000016673419401524284,0.000016673419401524284,0.0000016673419401524284,0.000006669367760609714
0.009034764970278391,0.006503017460501218,0.005625546322255049,0.0046809645807013404,0.0035199511434807927,0.002563625046348261,0.001770042162236528,0.0012046353293704523,0.0007583498173752708,0.00039259702934914454,0.00027850900372631616,0.00015267662252466729,0.00010234367004400779,0.000045299657232593606,0.00003187753657108439,0.000030199771488395737,0.00001845541590957517,0.000006711060330754608,0.000010066590496131912,0.00000838882541344326
0.010924369747899157,0.007788235294117646,0.006610084033613444,0.005186554621848741,0.004085714285714287,0.0030201680672268904,0.001994957983193278,0.0013764705882352952,0.000894117647058824,0.0005764705882352942,0.00026554621848739487,0.00017983193277310914,0.00007394957983193276,0.00003865546218487395,0.00003529411764705882,0.000011764705882352942,0.000020168067226890756,0.000008403361344537815,0.000008403361344537815,0.000006722689075630252
0.012848515128907133,0.009246474760398487,0.00796196083329676,0.006540724661654642,0.004802157848363214,0.0035885369369491027,0.002515014127965269,0.0017790771079700634,0.0011309123931118993,0.0006515405727480494,0.00038653572839197767,0.00018398425499880153,0.00011309123931118997,0.00004557408151346462,0.00003038272100897641,0.00002700686311909014,0.000021943076284260738,0.00001856721839437447,0.0000067517157797725345,0.000011815502614601936
0.015196106653842377,0.011348819566977001,0.009736752090438339,0.007659013861748281,0.005925025315555436,0.004538173148239086,0.002954892590924332,0.0020997517551553987,0.0013343583734374625,0.0008602208803378567,0.00048599093042709626,0.00025230888025657604,0.00011345432870597722,0.00008805410586135544,0.00002878691922390466,0.000020320178275697405,0.00002709357103426321,0.000018626830086055957,0.0000067733927585658015,0.000010160089137848703
0.018744155157692153,0.01365829527126845,0.011957361451824942,0.009592318013634579,0.007437350067088624,0.005431467953322582,0.0037085100904002267,0.0024226447826735157,0.0015687895585704023,0.0010825664448450185,0.0005709309732594228,0.0003388314381361559,0.00018127481940284347,0.000099955274250166,0.00005760134448314654,0.000044048086957700286,0.000020329886288169362,0.000015247414716127021,0.000008470785953403901,0.000008470785953403901
0.022800120134591467,0.016297920212305656,0.014115814497258794,0.011747058993211037,0.009284978594662839,0.006627764325795509,0.004562738932940125,0.0029032526270957788,0.0019750941308822262,0.0012793994627879714,0.0008144718065493717,0.00038517729184730707,0.00022567656306472162,0.00010689942460960497,0.00008823444570951522,0.00006447901801849191,0.000020361795163734286,0.00001357453010915619,0.000010180897581867143,0.00001357453010915619
0.02739952063171826,0.019863674328960954,0.01731713665057999,0.01400850887205562,0.01096355065942908,0.008224789362038729,0.005455408373124757,0.0038019450308493397,0.0024938037652014,0.001505468166577927,0.0009866345046499407,0.0005596599172928109,0.00033171332483920407,0.00014799517569749103,0.00006974485291490957,0.00005443500715310016,0.0000255164096030157,0.0000255164096030157,0.0000170109397353438,0.00002211422165594694
0.03307919163914597,0.023496215055517047,0.020487625881681404,0.016903140756445282,0.013430776966880038,0.010090920210380399,0.006819015778529781,0.004561299792065887,0.0030714450741359868,0.0019417376768459246,0.0012367323086122776,0.0007287886818608068,0.0004264008371726396,0.00024123075250404317,0.00008494040581128278,0.00003567497044073878,0.000028879737975836154,0.00002208450551093353,0.000020385697394707872,0.000006795232464902624
0.038741571808700914,0.028229117335413906,0.024811845633353657,0.019880139961636605,0.015784865200044976,0.011832686561570513,0.008285946938594727,0.005449577355379223,0.003746052080174713,0.002328719051204562,0.001340674391585948,0.0008722049409047083,0.0005314998858638067,0.00027256404403272125,0.0001141361934387021,0.00007154806155858935,0.00003236698022888565,0.00002895992967847664,0.00002555287912806762,0.000015331727476840574
0.04517730097818292,0.03317782558264309,0.02863522787080423,0.02361912353583407,0.01876993880182385,0.013840700789802235,0.00992149668971179,0.006899911260089694,0.004632870557255978,0.002905763665690698,0.0017560623325481302,0.001037286091679739,0.0005910316482969944,0.00033043267945134547,0.00018565547453709618,0.00009027284541712017,0.00003576848591999101,0.00003917500838856158,0.000011922828639997002,0.000020439134811423433
0.05210102644916733,0.03870352229652029,0.03345798373014183,0.027890455300481284,0.02170620554538098,0.016123344265087953,0.011918735891647858,0.00799863707994378,0.005385237872141063,0.003393670939988927,0.0020494910345415056,0.0012504791515822648,0.000764938881553729,0.00044805996848247363,0.00021806720899527243,0.00008688615358405385,0.000049405852037991396,0.000039183951616338,0.00002555475105413348,0.00001874015077303122
0.05962534085518391,0.044332504018593025,0.0378822782606915,0.03171019715848786,0.02513710995757867,0.018695416244330455,0.013746830345411298,0.009480808018756845,0.00610894397176917,0.0039383918119673894,0.00237873404934252,0.0014948142232597199,0.000865149327845522,0.0004914457720305923,0.00030544719858845837,0.00013139348766095705,0.00004948585898919162,0.000034128178613235594,0.000018770498237279574,0.000023889725029264915
0.0670673713148975,0.04965891724367566,0.043158281181964867,0.0356160407079495,0.02803281907672868,0.02153389056323478,0.015422575494975539,0.010646563132326455,0.0072058534752875054,0.0047743048144322005,0.0027935488828365793,0.001605095323879207,0.0010313591230032353,0.000594226779478685,0.00035687757733058977,0.00017416991812306296,0.0001126981823149231,0.00006317928402503266,0.000027320771470284393,0.000027320771470284393
0.07574632153937837,0.055752776027552804,0.047928843536718,0.03991366695182525,0.03151941725192481,0.02377232390602401,0.01737930704751562,0.012019349804230934,0.008144949363003492,0.005301901000445666,0.0031794330637133117,0.0017536400410491785,0.0010689178828595775,0.0006625241829864474,0.00030223397007371434,0.00020148931338247623,0.0001144049491239484,0.00003756580418995319,0.000022197975203154162,0.000008537682770443908
0.08368948423882781,0.0605883578795612,0.05322107320139522,0.04373567282628376,0.034417671917543795,0.026097235175752357,0.01938759125833154,0.013543983355710196,0.008879004348969809,0.005623255543826208,0.003612753789548124,0.002140321748606997,0.001305032574569629,0.0007601302299522056,0.00042874761284944637,0.0002135197275146645,0.00009736499574668705,0.00007003447062480998,0.00003757947204258096,0.00002391420948164243
0.09022093982708164,0.06695503473912767,0.05792474071644434,0.04747310643139385,0.037725308910880946,0.02858055599687715,0.020923768670038922,0.014896739288270696,0.009699963953990944,0.00674282453793629,0.003958227629693029,0.0024002200344060017,0.0014367153373206032,0.0008712542473644561,0.0004578355652817143,0.00025112622424034315,0.00011958391630492531,0.00006320864147546053,0.000041000199875974394,0.000025625124922483998
0.09865583582727662,0.07191449337323644,0.062460880718255674,0.05106113723813594,0.040610517315091924,0.03039760581445061,0.02244206926036768,0.016432663531423683,0.010669516887558786,0.006818298418127405,0.004552372808892689,0.002724241128687474,0.0017203933304831122,0.0009935870029927321,0.0005301410859341601,0.0002992731936725095,0.00014878153056861913,0.00009063702436938863,0.00004446344591705857,0.000022231722958529286
0.10509325865569995,0.07658620117456467,0.06593368995666803,0.055132348085815394,0.042921391754781824,0.032826567811180096,0.023855671901970212,0.017360154783879075,0.011663533239701178,0.007689583736059958,0.004836140872489766,0.003022801882451155,0.0018817668764551615,0.001094846182664821,0.0006226937663906171,0.0002993720030724121,0.00016935901888096453,0.00009922043530399945,0.00003934603468951702,0.00003250324604786189
0.11073305680275485,0.08077576744074713,0.07035799653253909,0.058503999206655895,0.04550273053998695,0.03424032171471756,0.025515246227340964,0.01851364244117456,0.012729411523323289,0.008336952395933427,0.005066117709013688,0.003313579520779119,0.0019508742173420912,0.0011729182411013806,0.0006958858952307026,0.00040351123163254513,0.00018978706233564608,0.00008377987436438431,0.00006155256075750684,0.000030776280378753416
0.11684142802387341,0.08544085035317306,0.07519301319607949,0.06184293380058039,0.04824645458029897,0.03655957400208071,0.026410981218857803,0.018904342112467835,0.01321490171384767,0.008574371680446804,0.005395129496796802,0.003310997645512785,0.001928420850900729,0.001233710233806056,0.0007374883644527187,0.0003524886382303016,0.00020362207742430057,0.00011293325302524229,0.0000615999561955867,0.00003593330778075891
0.12128062648565302,0.08981943700488931,0.07885319994044553,0.06401763359967416,0.05063670232519137,0.039124549277046373,0.028411589847674036,0.01983095429194354,0.013812187788253051,0.009165912252990132,0.005832230948131138,0.0033987120489989532,0.0020878291539671323,0.0013451096024739064,0.0007872142711679347,0.00045008120286340643,0.00023616428135038057,0.00010952546381466921,0.00005134006116312619,0.000032515372069979925
0.1280496777924936,0.0939381183629189,0.08170689554864255,0.06775597786470368,0.05246181592933679,0.040312727795402514,0.029313525186257496,0.020904987286235938,0.013981718189067191,0.009411265455864588,0.005876051922807089,0.003615637074225795,0.002248436874364739,0.0014424903235079724,0.000877814396156097,0.00046371871609805537,0.00027549340698076346,0.00014202455142486563,0.0000616010102565682,0.000027378226780696982
0.1318479380473132,0.09696875331510522,0.08560072273571898,0.06878821995530811,0.054622668304685124,0.04144608740585101,0.03010885522357926,0.021480170965324424,0.014916690335805196,0.009857198098712284,0.006048462988881781,0.003639343925700578,0.002523757541329737,0.001509121458612087,0.0009068416928167871,0.0005629262583711754,0.00027889659609271,0.00014201483113923275,0.00006844088247673865,0.00004106452948604319
0.13634698913947538,0.09985829633863753,0.08726754951926857,0.07200188938215149,0.05625190392902494,0.04280545867147684,0.03166939919701258,0.022292655711444797,0.0152211638183318,0.010210193764354347,0.006373241967558762,0.0038437973843010145,0.0025636725207849155,0.0015334116012171441,0.0010268381258150528,0.0005425128098056192,0.000297783056486365,0.000150602925119541,0.000059898890672544746,0.00003422793752716842
0.1408420551447983,0.10370777607080893,0.09046535167268673,0.07379757176547962,0.058436564984988386,0.04418879874494975,0.031789011802062395,0.022746073258078273,0.015513435100645505,0.010200708706054827,0.0065749698996884634,0.0041583815880290665,0.002616971608940863,0.0016904129437333964,0.0010036291641618753,0.0005668963367535505,0.0002980059292903862,0.00014043957587248085,0.00007878317670895268,0.00004281694386356124
0.14514345673569065,0.10699655990935796,0.09216298476140675,0.07495569580233749,0.059657289728090986,0.045269747196915705,0.03271589431248602,0.02326376249873965,0.015727349318732178,0.010347614921756303,0.006687071377181248,0.004325320126666428,0.002657397391136425,0.001710646166255668,0.0009946014672935044,0.0006271799630527773,0.000328115947973115,0.00017089372290266409,0.00007006642639009226,0.00006493961470301235
0.14898302534571664,0.10933674376615742,0.09461386423012216,0.0763825247233583,0.061189456838419344,0.04632124635817753,0.034027958254113706,0.023753915386614508,0.016323229698121982,0.010745940992217097,0.006861330342365511,0.004250502674089375,0.0026997360106142906,0.001795264604905006,0.0011489693471392036,0.0006719418949787301,0.00034195516283904847,0.0001709775814195242,0.00008035946326717639,0.00006155192931102873
0.15293876224840536,0.11312823845272502,0.09610616139678849,0.07909263471108298,0.06214580091317955,0.04667476101715204,0.033435367751423625,0.023713596798741392,0.01643039143594918,0.011185594336234759,0.007067736032970226,0.004488944371291276,0.0026591651418506426,0.0016912632316979322,0.0011389093147733294,0.0006942900627597172,0.0003642457718419206,0.00014877644201993946,0.00007866340612548524,0.00006498281375583563
0.15568344782029825,0.11482067131459786,0.09906972923576102,0.08149965944834052,0.06335972180865444,0.04775081886416609,0.03451379833181027,0.02446153477562951,0.0164491585464776,0.011168040852508615,0.007175543256906009,0.004464820500183112,0.002664517255187851,0.0018003032449952596,0.0011020867773545123,0.000689659893282405,0.0003764892717670697,0.0001694201722951814,0.00010610152204344689,0.00004449418666338094
0.16000527680075105,0.11690683534154435,0.10100105022040924,0.08221701014413547,0.06436668968128464,0.048986871388261154,0.03498279043391407,0.02473757339121823,0.016810379535607264,0.011257746017985666,0.007337836888606392,0.004432169981514065,0.002758327665341185,0.0017492251840455593,0.0011461622410641322,0.0007092842568020192,0.0003769143393633917,0.00020730288664986543,0.00007366962087557199,0.00004625766892187079
0.16241731181856636,0.11949394747341906,0.10174135359461343,0.08355894385166386,0.06578408859344043,0.04950074575621049,0.035085646376275544,0.024833424947471705,0.016848439391682124,0.011392689020516433,0.0074438627945565775,0.004500223470001079,0.002734724840788328,0.0017158386289730136,0.001083957936267383,0.0007020896585618124,0.0004469400021576415,0.0002397379321918382,0.00009589517287673531,0.00005993448304795958
0.1647604777601781,0.12064386317907443,0.10332291622072863,0.08469883128558585,0.0666843614880774,0.04994563123421379,0.03633374716383407,0.02567233186352156,0.016802089130527845,0.011402885397491326,0.007676698488805173,0.004527591078385202,0.0026644976240421223,0.0016473307932702583,0.001027441243203904,0.0006061903334903036,0.00040755169313754874,0.0002311742797208785,0.00011130613468042298,0.00006164647459223426
0.1662295390887988,0.1228142907312394,0.10471703769690012,0.0859516732764011,0.06720343991708566,0.050839850274525256,0.03709217367469829,0.026251638157725677,0.01740687126864074,0.011381877050373884,0.007069988950465536,0.004522600152466445,0.0026655931201658295,0.0017096799061217843,0.001111805870814668,0.0006629720678047404,0.00042656342347126687,0.0002278431137416808,0.00010792568545658558,0.00008736841203628357
0.16929832069431844,0.12398103291849974,0.10691065956827636,0.0870688327028091,0.06811715767670369,0.05141825153636784,0.037329886848006574,0.026238937295650244,0.01735967269801599,0.01151719533697383,0.007170857798243665,0.0045004022801581715,0.0027303695841963804,0.0016347980895972062,0.0010099799715836144,0.0006727493709023061,0.00042966944553811387,0.00022938528168170227,0.00010099799715836145,0.00008216786209493812
0.17015398046784724,0.12516669091780572,0.1070656407008294,0.08758826701360063,0.06878022476526324,0.052480035606378324,0.037939623222890795,0.02639836347607268,0.01768336000958633,0.011305025121327025,0.007328408925560416,0.0045124237159021845,0.0028142733645459754,0.0018402334956733114,0.000992870165107461,0.0006950091155752226,0.0004074191367165099,0.0002653359923994078,0.00014550683454161067,0.00007018564960242398
0.1711537441004933,0.1254589931850746,0.10771896007765008,0.08944311394671656,0.06998950628168016,0.05303008256313777,0.03855970720300466,0.026977244209196467,0.01803960907903499,0.01166292054046929,0.007350738411973452,0.004623741138970725,0.0028091666823587412,0.0018197100446967348,0.0010014396765264252,0.0006676264510176167,0.00041084704678007183,0.000253355678847711,0.00014550832906794212,0.00009928803630518403
0.1725021510278657,0.1257914239975867,0.10940933288998737,0.08991639271769945,0.07118273967249528,0.05341576369202083,0.03875963677623483,0.02742689076206376,0.018123480997254228,0.011846935942218766,0.007340918206094181,0.00473568923731922,0.00288803342920119,0.0017876669831791343,0.001107222311729357,0.0005690368537061097,0.00036164691606020835,0.0002570949640238447,0.0001816804412435169,0.00011826368345096856
0.1741077396070044,0.12720258843771742,0.11003773662509127,0.09005891849094634,0.07150250720629014,0.05383552863836247,0.03920016177735734,0.02728964659187891,0.01846901038185625,0.0119190839014392,0.00761244725955326,0.00480362216761094,0.0028927985083579246,0.0017720104606884454,0.0011447804523596525,0.0006255162651366366,0.0004044433933486198,0.00025534773563112026,0.0001850842647527583,0.00013881319856456873
0.17521179513602989,0.12897035638415336,0.11166726295121478,0.09084808780960434,0.0719547120459179,0.05487929089499173,0.03927432455796483,0.027582582556879554,0.018295950001112685,0.01182697591295729,0.007234158374317197,0.004736610558858423,0.0029306386977830195,0.0017460581026510975,0.001080159473306708,0.0006145439792664158,0.000415972665631585,0.0002773151104210567,0.00015406395023392046,0.00017460581026510985
0.17590973472243393,0.13042599579707437,0.11218591523243693,0.09116786183438688,0.07181453691603912,0.054338313246408934,0.0398644239645543,0.027714646356522495,0.01864598658283652,0.011944255573500673,0.007749893385444584,0.004898275156325199,0.002896148003267801,0.0017537880279989522,0.0009745169804017615,0.0006439690415308655,0.00042132017078881065,0.00023463765608970348,0.0001746937293514581,0.00015071615865615986
0.17671712288327754,0.13166933351587704,0.1125090915313989,0.09231861860063148,0.0726655086551379,0.055120778320655095,0.040427152232880105,0.027987370258498977,0.018639992470072825,0.012106069292443547,0.007507679670052281,0.004807173966988114,0.00301368221995944,0.0018396981183738776,0.0010285195992025117,0.0006229303396168291,0.0004723317959732001,0.0003114651698084147,0.00018824817955453638,0.00016600066742536386
0.17790142621685412,0.1314522492054228,0.11318510353892786,0.09307292994884239,0.07311308241181777,0.05551172140420659,0.04144466713334348,0.02884781600382014,0.019287216763396568,0.011900258954290201,0.007513610931876023,0.004679319427733271,0.002904464180271895,0.001720086329506926,0.0010560131993092273,0.0006520924293951629,0.0004261706428330589,0.00030465210612162455,0.00017457592597980737,0.00018142204072411357
0.1786958157993773,0.1316380991481063,0.11468917855554411,0.09367751205994046,0.07396421362345616,0.056016285196209235,0.040781415717267094,0.02882924492798249,0.019160764993670667,0.012581682575524307,0.007646515446987581,0.004731602175921177,0.002981627835368984,0.0017037873344965618,0.0011409901125594443,0.0007150432789353045,0.00035067912005200307,0.0002873858154572513,0.00019159054363816755,0.00015395668685209892
0.17979846367042474,0.13253152212964703,0.11395527878051705,0.09385981420334981,0.07429641922293885,0.05655677405005902,0.04074866127183451,0.028555542249063322,0.019222938871875584,0.012677285247472237,0.007916032232126056,0.004903252296795606,0.0030333099519255437,0.001811773964517287,0.0010401875074849021,0.0006449846880292898,0.00043284118321328997,0.0003147935877914835,0.00022925185197858038,0.0001693726369095482
0.1806735078017054,0.13212842042466236,0.11456729763737414,0.09384503560567362,0.0744187720928319,0.057034220532319393,0.04121823860772731,0.02910510959416046,0.019796548803944224,0.01276112827299626,0.007918276664826671,0.00489085155331251,0.0030274251115141584,0.0018137122129003279,0.0011108558733075734,0.0005931421792660807,0.0003668567235923157,0.00024171400946970353,0.00019542834808188795,0.0001954283480818879
0.18126230715227473,0.13360216434650088,0.1148131025153679,0.09428948134449752,0.0743018099005154,0.056307255012756637,0.041602027362545174,0.029437852091573777,0.019518501395524048,0.012609373127172483,0.008056368897792845,0.0049262855088097815,0.0029982363315696646,0.0016609304635194608,0.0009263540007876586,0.0006335507953630937,0.00034759678772623774,0.00023458502422903728,0.0001815037413742916,0.0001952021369497098
0.18177942523520496,0.13576057459358118,0.11565322352820318,0.09483875938465752,0.07435473791444443,0.05589788807752564,0.0417265201647077,0.02932550315461464,0.01938825301978376,0.013137236437725254,0.008702798489894106,0.005434326658847902,0.0029842568892160977,0.0017754873173362554,0.000986191605386386,0.0006060969241437164,0.0003321548115363871,0.00023798721032761765,0.00017121382037958103,0.00014895602373023547
0.18222829731616183,0.13494806136833318,0.11524183283835385,0.0953576854120191,0.07427600695252305,0.057197503661023434,0.04189476781584024,0.02978943982919786,0.020251960529377146,0.013138626192398752,0.008404957094173842,0.0051784663391134175,0.0031751679964963668,0.0017210231705147342,0.001081199447082815,0.0005850794476302578,0.0003455732409979883,0.00021897710320664603,0.00016765434464258838,0.0001334391722665499
0.18295840570905392,0.13476002635474513,0.11602248710072133,0.09527240367255084,0.07530611721016199,0.05743451958208906,0.04167301291211378,0.02971411946914014,0.020086080758469026,0.013194486039686138,0.00842496170860893,0.005479733372123868,0.0031950850111665385,0.0018465435067213148,0.0011312004244140768,0.000629775727964267,0.00038676444163022924,0.0002549907159420538,0.0001505985436436291,0.00014204180820933198
0.1824891394847474,0.13418143086967896,0.11748333524243616,0.09522547643511818,0.0756791134468651,0.05721153599570537,0.042493208438120295,0.029687972823494616,0.020315702911695162,0.013285645655708419,0.008703799000541959,0.005424701282404168,0.0031713901288558883,0.0017643528910939504,0.0010839144699162444,0.0006770191326290734,0.0003590252976063268,0.000282091305262114,0.00017096442743158422,0.00014873905186547833
0.18289942337414272,0.1350509446976609,0.11685017483624613,0.09616763740862388,0.07590614468533753,0.057488006216399844,0.04192304466668148,0.03019027455195537,0.020331666840675656,0.013158502792416406,0.00826685334122935,0.005334944485426891,0.003085949601291205,0.001810834541412143,0.0010132457925481936,0.000617874545793746,0.0004450065980785981,0.0002515998842982846,0.00016088700084380101,0.00011296321335841345
0.18366983444111248,0.13495267177141332,0.11682117345234894,0.09696506770839582,0.07622011265608382,0.057352188127781915,0.041825583446508906,0.029910892428682275,0.01999311527125317,0.013197442717172943,0.00851171688351279,0.005245752276498928,0.0032916538933826117,0.0018393529040025625,0.0010618238365750353,0.0006422321592187716,0.00044014310645126506,0.00027230643550875926,0.00015584833730375523,0.0001318716700262544
0.18341050109118917,0.13598014463605623,0.11733664256065725,0.09696777782532416,0.0761213573537593,0.05750353031794259,0.04254354058795841,0.029498908810817744,0.020324361333390387,0.013220933715606141,0.008679875048140698,0.005566348581454061,0.0032692883734862423,0.0018777012281227265,0.0010851983396807745,0.000718901108305876,0.0003731439085968594,0.0002208053404082331,0.0001557619067996063,0.00013008686721725362
0.18489631830459893,0.13652975135870263,0.11788976953738337,0.09646660436254166,0.07662211409172376,0.05762163399686658,0.04236452696988387,0.029632616380289804,0.020399760123423667,0.01359300599178884,0.008482814825192508,0.005371595127976889,0.003159058330670886,0.0020177652182381376,0.0011652124291603807,0.0006885346172311342,0.0003741664545251075,0.0002152738505486921,0.0001315562420019785,0.00015034999085940403
0.18577345110319365,0.13594782879654566,0.11761805378400451,0.09671670002414064,0.076207417857577,0.05780744662090787,0.04195337258614875,0.02995666667237368,0.020425389118215575,0.013647173232296425,0.008726589131227562,0.005562622736385786,0.0034396149822711725,0.001953509554390945,0.0012224415616434133,0.000707098550362367,0.0004228894477954103,0.00021401287843897287,0.0001249835210083602,0.0001352561391734309
0.18658868675043172,0.13659151086943494,0.11758433418399215,0.0967457591146301,0.0761981538819655,0.05828296987777554,0.04250726996694925,0.02979531127781971,0.020369600156096762,0.013714948832098423,0.00875819208459349,0.005780030226631272,0.003493349627644189,0.0020624626660025714,0.0011330707758453959,0.0006983276080738996,0.00042789681867273245,0.00024304539300611198,0.0001420617437993472,0.00011467634740429232
0.18728368968960757,0.13796322895719615,0.11845084198574587,0.09679929139136269,0.07619594807184574,0.058319995622494965,0.04211809687965963,0.02913434836732741,0.020377628213020336,0.013801110791918038,0.008886677336835336,0.005355603890507656,0.0035105538911916396,0.0021425835487886625,0.001231173308162679,0.0007369940219696039,0.00044801028713697505,0.000263334290912573,0.000159026552304346,0.00016073651523234976
0.18699707138165098,0.13731490858331502,0.11853890683161811,0.0980146294066127,0.07626382198379678,0.05790350613093936,0.04248378311802058,0.029925963433326028,0.020235179001532728,0.013476434201883073,0.009015081015984236,0.005356018721261223,0.003209163564703306,0.0019090759798554848,0.0012778492445806881,0.0006893885482811475,0.0004841115611999122,0.00026001751696956424,0.00016251094810597767,0.00011461298445368949
0.18791954351611057,0.1379432545192145,0.11876216579897522,0.0967169248626559,0.07612002389932153,0.058164717000190054,0.04214395403660568,0.029778280721156895,0.020742419754946357,0.013860236904592739,0.008696887781043867,0.005551969896441978,0.003309268519834211,0.0019653596796532203,0.0011453184892752648,0.0007190340291414221,0.0004382683606195336,0.0002653577964688582,0.00017119857836700518,0.00011812701907323357
0.1891225086530943,0.13882591668049676,0.11854953094497095,0.09681028892694792,0.07686924802343306,0.05783500692076452,0.04240058993315345,0.029879908909393592,0.020269541963443997,0.013636215873102776,0.008789114296126594,0.005480150494548083,0.003216572878473429,0.002037733137373326,0.0011617303108954569,0.0006912209802676947,0.0004773531027096207,0.0002566414530696886,0.00013858638465763181,0.00006330489175718981
0.1907381370224789,0.13939148253437192,0.11905910364433134,0.0962516719862341,0.07570035269929559,0.05757448249674157,0.041889455625228784,0.02964589811745469,0.020250276241203898,0.01370087952462566,0.008513018401256173,0.005324698871430673,0.0032464755727515,0.001919149416558052,0.0010998334000417356,0.0006910306277089599,0.00042248654713889384,0.00023946605910706516,0.00014025869176270968,0.00008039217698594338
0.1894741880178251,0.14012878214211852,0.11995678772826181,0.097203680564221,0.07617872240046904,0.057386170363697614,0.042340505180173654,0.0296007480098937,0.02022156545342973,0.013765364885584915,0.008733049695821848,0.005375893774390233,0.003363993306200311,0.001974294851962073,0.0011914142959459435,0.0006939945540230315,0.000449558048542013,0.0002717860445558178,0.00013845704156617136,0.00007521123245569802
0.19044392079553568,0.13908354595874808,0.11972393777134335,0.09738671814169665,0.07590171144207092,0.057876894590843685,0.042357378401364915,0.029755579171094573,0.020535251325807163,0.013556688416920362,0.008552932177198682,0.0054024823696311,0.003114513117747421,0.001926891082738239,0.0011277275519755764,0.0006417266039314737,0.0004569093419992091,0.0002874935185613003,0.0001334791336177466,0.00006331702492123877
0.18971792071377466,0.14066303525391932,0.12064290385201365,0.09751062205347143,0.07596865253131838,0.05756964677606553,0.041993488107750936,0.029830766123095986,0.020509721618318204,0.013701678643937813,0.008769827547837757,0.005298187831457713,0.003288471348701218,0.0018573614853413956,0.0011366709919508626,0.0006607756067666157,0.00038003156658598106,0.000273896624566473,0.00015064314351156022,0.00007532157175578008
0.19036224943558874,0.14013306424026822,0.12058561948416227,0.09818362181022097,0.07611685024286788,0.05789320654032976,0.04198193883833892,0.0295785728945748,0.020674557022644865,0.013894780050625992,0.008676541013887937,0.0053567763562974635,0.003306081959362386,0.001865977970855853,0.0011048778819183142,0.000603749059314497,0.00038311555038653643,0.0002343162071560513,0.0001351166450023945,0.00010604091126770198
0.18907550802139036,0.13906994652406413,0.12049283422459893,0.09877048128342247,0.07720042780748665,0.058296470588235304,0.04221775401069516,0.02970695187165776,0.02020278074866311,0.013985882352941176,0.009014759358288773,0.005552941176470586,0.0032273796791443855,0.001803636363636363,0.0011174331550802142,0.0006245989304812837,0.0003285561497326202,0.000241283422459893,0.00014545454545454543,0.00014203208556149728
0.19020671144615847,0.13906805250292711,0.12012920321262044,0.09879047442981465,0.0773439051277311,0.05827496251258137,0.0420321262042191,0.03014741627809843,0.02052735725681107,0.013688898931180637,0.00885319310642319,0.00561797752808989,0.00315133961889503,0.0018247300563509516,0.0010595758957610121,0.0006641606584091643,0.00035775664331833847,0.0002362220898465584,0.00013865209621428427,0.00012838157056878173
0.19120140580201625,0.13908670825155087,0.12149534310954911,0.09836332309125721,0.0766288840247591,0.057838613654502914,0.04208328623348506,0.030322025944309137,0.019982324711492017,0.013986085848465227,0.008856484193290926,0.005670821729643448,0.003303840264718276,0.0019473646350361214,0.0010790147054289849,0.0006285688839562499,0.0003922132818146626,0.00022265382810439364,0.00012845413159868875,0.00013530501861728545
0.19015675280392802,0.14080864786363723,0.12088958457852456,0.0986688085382583,0.07711936538491179,0.05806686955077213,0.042242594359091154,0.03010893746157389,0.020551006742442795,0.013606479047392334,0.009150335752072655,0.005596724169525256,0.0032881610787908475,0.0019129562109423833,0.0009710350685804218,0.0006096798666924694,0.000371630705259174,0.0001918093962627995,0.0001575577183587281,0.00015241996667311739
0.18968976165533494,0.14053844942450822,0.12184266924114509,0.0982016309594725,0.07724804688837303,0.05778368903587151,0.042752774753678544,0.029876959102766873,0.02100664845360118,0.013853227341508678,0.008781299426904672,0.005469054906230103,0.003402967497209842,0.0020797814432142645,0.0012067867633465486,0.000638484344295408,0.00036973892323809144,0.000190004724441797,0.00013865209621428427,0.00012324630774603043
0.1903573927967051,0.14109204400207387,0.12141978382244488,0.09891569006907622,0.07682909927159423,0.05791484650777598,0.042687966161727625,0.030361362496941442,0.020443956216944118,0.01377246431119712,0.008923270143234314,0.005530203087810795,0.0034255775314966635,0.002058426458736506,0.0011395777402481407,0.0005458337824912266,0.0003233936830433911,0.00019677393412693132,0.00013004190429258063,0.00012319759354033954
0.19086008616615407,0.1404224059398481,0.12081241395371135,0.09929656088823739,0.07707863860216307,0.05852517517483236,0.04256080604395981,0.03042699507524127,0.020842894032069157,0.013803365822585399,0.009221079885203117,0.005727857421727842,0.003219244231045843,0.0020154523723090205,0.0010685151064747903,0.0005976150194867015,0.0003184996951992163,0.00017808585107913173,0.0001335643883093488,0.00011301602087714134
0.19142851764319313,0.14041650907958309,0.12182094798684999,0.09860131123862595,0.07742845261178127,0.05832633104753623,0.04192130172350356,0.02938564140652677,0.02072277280249446,0.013774679848647945,0.008888767192679519,0.005751857245782798,0.0035270984181964755,0.0021100981803184155,0.0013844845319364134,0.0006759844129973834,0.00030804352997349123,0.00017113529442971742,0.00013519688259947668,0.00010610388254642473
0.19120958145348388,0.139898466727735,0.1215488532561703,0.09978854369098272,0.07675949627169139,0.0585126146101756,0.04279122327902817,0.030299035177083954,0.020799767141230555,0.01377633572755524,0.00904382367797002,0.005566351907815322,0.0035373986593498787,0.0020614849883142574,0.00126702565726956,0.0007105616861714421,0.00035271254783449915,0.00021231240743435872,0.00013868794356599232,0.00010101961321473514
0.19098230099116503,0.14071252098146086,0.12214767862317041,0.09936682708875912,0.07709347401556446,0.05854577687555827,0.04247556377764026,0.030000702953949656,0.020807436909883015,0.01375560862953127,0.008831501938266926,0.005402458281397609,0.003540487575717569,0.0020522826286362866,0.0011761619743061757,0.0006960958623444716,0.0003857674113977982,0.00024860566512302534,0.00016116505187285785,0.00008572609142173296
0.19072235535775425,0.14030640191715169,0.12092776446422461,0.10004450530640191,0.077841492639507,0.05844231427593291,0.04269599452242383,0.030474152687435804,0.0204655939746662,0.013690516946251284,0.008981513180417665,0.0057155083875385145,0.003594659363231771,0.002232112290311537,0.0012341663813762406,0.0007463197535090719,0.0003491954809996578,0.0002447791852105443,0.00013522766175967134,0.00011297500855871282
0.19098803138019832,0.14079682433761948,0.12174285005432509,0.09935066601647713,0.07833927914517193,0.05828093319302931,0.04271402783837657,0.02996175859148423,0.02069998032321261,0.013879834714986012,0.009111208069193851,0.005574519415856068,0.0035760422280967413,0.002075473312287726,0.0012986679670456585,0.0006809879458289485,0.0004209121474219126,0.0002395434985327961,0.0001283268742139979,0.00011292764930831816
0.19081710413455852,0.14024488177944233,0.12074933961200282,0.09910433276037059,0.07845546097303431,0.05868311969681957,0.042915822315475805,0.03012326103522865,0.020612990421383925,0.013829703619917234,0.009194172866169338,0.005624831272148199,0.0034360679490552963,0.0021392128653491944,0.0012490132624363103,0.0006578250424596165,0.0003998209348975331,0.00023066592397934604,0.00010764409785702816,0.000083723187222133
0.19145803154710078,0.14084516677412676,0.12187688660932802,0.09949667614710121,0.07811353604246868,0.05865099630074925,0.04232161761411154,0.029660705337490358,0.02057077574810206,0.013796512135013247,0.008910354310576303,0.005715624588473319,0.003540198353722253,0.0021395111789886665,0.001212560692168637,0.0006943577447397273,0.0004309806691487958,0.0002462746680850263,0.00011800661179074181,0.00011458613028956087
0.1924160665312515,0.14165760479287628,0.12127864748969001,0.09934378355457982,0.07756792985767727,0.058491830635288636,0.04270194300252364,0.029979414158408393,0.02060464925419069,0.013833890724060811,0.008837891626828616,0.005679914100275618,0.0034247043777399337,0.0020397764965770057,0.0011147814549607778,0.0006360409528303822,0.00040863921431844437,0.00025988770115650025,0.00014875151316194425,0.0001128459755021646
0.19283976554560603,0.14121326385015726,0.11957789997023126,0.09930436984393659,0.07886659846092256,0.05888391222673506,0.04273010028981738,0.029963764272736285,0.020954447003110326,0.013885229578481659,0.008988787112536057,0.005539720721429721,0.0033447047592325826,0.0020119553948120296,0.0012369419646675994,0.0006193264055458801,0.0003661211347702164,0.00021898834229246562,0.00014028940678111087,0.00012147009611535209
0.19174789257477998,0.13968118724133036,0.12111942047731232,0.09977912027935897,0.07864755227287115,0.05880088488761825,0.0426942877527242,0.03018746546081053,0.020874930066161264,0.013798566591557294,0.00912604515801198,0.005724736988884156,0.00340986276713871,0.0020377052461927766,0.0012695023448153144,0.000674102323257728,0.00037298047327458036,0.0002189977090786526,0.00011120977414150326,0.00011805345255021118
0.19103132256142252,0.1410679671500099,0.12230217059254642,0.09920923032665056,0.07858723124447764,0.059234093851243536,0.042858757371726834,0.029937258984773663,0.020724740919333958,0.013914669479509855,0.009041281670171302,0.0056405268601409635,0.0034298649972259706,0.0022021000431515715,0.001246600957553922,0.0007003568566477393,0.0003544593382055796,0.0002208949498962307,0.00011130365692445739,0.00010787892901908947
0.19013970068781255,0.1407697820929274,0.12192806449460922,0.09990130121603058,0.07845954632770392,0.059371509407174394,0.042789429479975445,0.0299620086656506,0.020331607387526998,0.013893093993058585,0.009136052082852243,0.005880873817795541,0.0036178150449789346,0.0022220055524480547,0.001277781483971283,0.0006243510597717779,0.00037290008501437684,0.00019158169505325805,0.00011631745771090667,0.00010434360177007804
0.19085099870555586,0.14017787064792311,0.12167775009533059,0.10008430131650271,0.07900897219082537,0.059479452195339684,0.04301761093830954,0.029878233331680364,0.020329784014213235,0.013573708933032608,0.009165416966623173,0.00587544266740993,0.0036490671281294513,0.0023118738318795764,0.001306413910914199,0.0007045059310165575,0.000369352624028098,0.0002479450485373808,0.00009917801941495232,0.00009062819015504263
0.19049956472586285,0.14122037527642894,0.12175019540302623,0.09961706137792911,0.07896505663694713,0.05906045778182932,0.04307418131690523,0.0298432157950637,0.020164566119766233,0.013832994976816738,0.00903215213557977,0.005986088330719407,0.0036446726379323023,0.0023140507175609597,0.0014811292841151456,0.0007131996668314264,0.0003796890312627737,0.00023089197847060575,0.00011972176661438811,0.00009919803519477877
0.19030820264760565,0.14057573610212493,0.12135372270320045,0.10005545799057217,0.0787092666194247,0.05973886817772575,0.0431066060052103,0.029916504914194154,0.020134331577163635,0.013597477688428795,0.00920191843567387,0.005882997333223789,0.0038735010081714944,0.002449394583602921,0.001357351435916922,0.000701783214030187,0.00041764659566674524,0.00022593996159020656,0.00013522164367898724,0.00007188998777870208
0.18965307843496138,0.14064512597524112,0.12145761453577582,0.10017122848311408,0.07935525035109534,0.05949719380293157,0.0428635697289937,0.03002399935682407,0.02012490613223765,0.013342479203693471,0.008888143838768112,0.005920297503074758,0.0036897086720983096,0.002367434771527149,0.001394118019360279,0.0007235729106618384,0.00035751001968870993,0.00025487556427568304,0.0001368459405507023,0.00008210756433042136
0.19099744613256836,0.13931928820359735,0.1218222152232409,0.10023073815669654,0.07867349523803001,0.05935516559057329,0.04275331557722195,0.030071275495881636,0.02055760580063402,0.013459155238166962,0.00888547308168952,0.005840345627956974,0.0039249450541926564,0.0022115259529075053,0.0013488254263863116,0.0006230614913764182,0.0003440531861721432,0.0002721614756287101,0.0001283780545418444,0.00007702683272510665
0.19191009543115226,0.14026016716716377,0.12148724674106208,0.0992114174967385,0.07785326133480343,0.0588012724153635,0.04262214810832651,0.030430450310399496,0.020324061867601686,0.013626418027482257,0.008883965717377235,0.005711487691880989,0.0036929493259554237,0.002268501556277672,0.0013439801673041298,0.0006694219686826938,0.0003252945627869871,0.00019688881431843952,0.00013525405505353667,0.00007019514249613927
0.1897579898596331,0.1403207066429157,0.12169980338708107,0.09928695732524291,0.0777741843301728,0.05953315982114896,0.042739781347269065,0.030433078883019587,0.020371425589111508,0.013600343602037657,0.00911537875793339,0.0056023559326964355,0.003747452502322907,0.002330607446650137,0.0013466872690996023,0.0007032890312578612,0.0004072573952296129,0.00022245151840272976,0.000131759745515463,0.00008726944183491705
0.19130996480671103,0.1408828135441047,0.12104846530531117,0.09925741132284957,0.07749377178163026,0.059234040511690546,0.04342447492778008,0.03030152458561359,0.020517995867272983,0.013465630857695067,0.008937107844985047,0.005592546013426222,0.0036855289445097443,0.002253124389600332,0.0013929962956236274,0.0007213424851876349,0.00042321043667778094,0.0002330227505594259,0.00014392581652199833,0.00009423714177035611
0.19018526728781907,0.14117665183683883,0.1215013103770565,0.09997723316152643,0.07762464844064274,0.0591099022053021,0.04294544688907414,0.03017376404311663,0.02076232961246733,0.01351802431772236,0.00913754765202,0.00558386669930484,0.0034920564275235677,0.0021756880977364967,0.0012889796519241403,0.0007583240183298728,0.00037488252824885345,0.00023109196946847146,0.00014379055878038216,0.00006675990229089173
0.19011589092216308,0.14036667408459866,0.1207456733485116,0.0994316722871767,0.07823578752760328,0.05936285670267217,0.043170652378588435,0.03040039714466679,0.020805587414622455,0.013667254395124704,0.008906653884999225,0.005599397435677969,0.0034202372597018,0.002192854819658662,0.0012838728452334084,0.0007446462502353768,0.0003766027012684665,0.00018830135063423325,0.000130099114983652,0.00011298081038053993
0.19057051755754434,0.1410334044940745,0.12155999397870658,0.09963872239100086,0.07813312532501304,0.059723704737663204,0.04380491009114049,0.03013383693242466,0.020338971453594996,0.013616334127049287,0.008811273503571717,0.005511536250923721,0.003330527957960423,0.0020150806032241293,0.0012487341598927115,0.0007218709801023616,0.00036093549005118084,0.00020185017927032867,0.00011118865807263873,0.00011118865807263872
0.18937592956765373,0.14003974142401635,0.12120449718198731,0.0991071015973588,0.07830190132420065,0.059577905685145906,0.0432277840818653,0.03075767144693357,0.020827449993752963,0.013591156249518638,0.008952945263975822,0.005471719749365454,0.0035479746763949294,0.002060666430477325,0.0012391382854365306,0.0006212806596871004,0.0003542840125488424,0.00021222810413553848,0.00010097950116126427,0.00008557584844174939
