0.09905422446406054,0.10239596469104659,0.10119798234552332,0.09596469104665822,0.09583858764186631,0.09955863808322826,0.10220680958385875,0.09949558638083227,0.09936948297604033,0.10592686002522067,0.10018915510718787,0.1013871374527112,0.09432534678436318,0.09401008827238334,0.09684741488020172,0.09457755359394701,0.10327868852459014,0.10226986128625472,0.10416141235813364,0.1054854981084489
0.07045718781928577,0.06033986682481709,0.06262991626639734,0.06261817242310717,0.06035161066810725,0.057491984826954466,0.0565935808152576,0.054925955068055574,0.0523246937792862,0.050786250308275875,0.0485549200831464,0.045360594708224206,0.04253032847529682,0.04154971756056885,0.04261840729997299,0.04018155981726579,0.03967657455578911,0.0380617961033928,0.03611819003887213,0.04020504750384609
0.0789200830929193,0.0639349808820801,0.06521921032622337,0.06441156461347604,0.06175943071891382,0.05876895875549799,0.05587307592961114,0.053737544247707124,0.051951264765910075,0.049284578696343416,0.04649783718298997,0.04323087389448946,0.04169561943151929,0.040476874774896046,0.04016400301230022,0.039865683424708864,0.03711168430511546,0.035761970073452116,0.03364462861030367,0.038021195242893976
0.08490551640147366,0.06763566660460346,0.06777912417626356,0.06521520161893396,0.0626238084627758,0.059946951221373335,0.055740897311849294,0.053460837609081185,0.05096101311568479,0.04773169160895296,0.04553099141391171,0.04246954578890981,0.041273048595489324,0.04015285862103697,0.03881595614471513,0.0377446027904024,0.03584913147123372,0.03446644466353095,0.0320185090790329,0.03573619678716086
0.08905761961232335,0.07119345025684999,0.06969007036577723,0.06689769147062571,0.06333462685514094,0.06063451315186037,0.05692762338434148,0.05436319378675343,0.05027910220540945,0.047152940410254446,0.0444908182565678,0.04240399671101728,0.04000781540448789,0.03966317777602896,0.037370116389825854,0.03598342482964861,0.034330792422314065,0.032281962426357454,0.02912866381006396,0.03481925520280702
0.09313954725515085,0.07353577941245602,0.07122479630440645,0.06794636737703416,0.06411369838948724,0.06132022951476777,0.05738611480192103,0.05366478868360564,0.05045069119178932,0.04682833651279083,0.044042290496020105,0.04202822170592119,0.039618267158554724,0.037888741256491915,0.037104392599905486,0.03466474662074392,0.03272985498209854,0.030750426195760548,0.028835328844978563,0.03272738069611563
0.09715278191491797,0.07575396516247886,0.07275460215477536,0.06886161686059034,0.06472345827242189,0.06144455188279342,0.05723077910115346,0.054045817618565334,0.050638596233954884,0.04757278438956433,0.04368896445216373,0.04205982228373195,0.03854032527851228,0.037291545416634195,0.035158308625059,0.033678103504374175,0.030701653888631754,0.02906334636341556,0.027624385348260647,0.0320145912480008
0.1007601373151279,0.07889382167961524,0.07427363222603653,0.06954374553682814,0.06493000886181591,0.06093143707680529,0.05813093117896565,0.05380756953944366,0.05068872656565918,0.04803663457484794,0.04361648125682919,0.04115367077063384,0.03804773335398222,0.035978542360340364,0.034429875504392186,0.032029441877672524,0.030046287931583347,0.027830833957101935,0.026043414294195086,0.03082707413812388
0.10489394744370427,0.08177489885160813,0.07592668274142793,0.07076096285095425,0.06551759368997508,0.06164126037026442,0.057231599166292044,0.05423597204626262,0.05065593199558624,0.0470534145245004,0.04342841963300503,0.040704564959744984,0.037279823450079685,0.03513220810004497,0.03326249540234582,0.030301606113858345,0.028593322162736527,0.027064857574890678,0.025209448690179416,0.02933099023253913
0.11006411769333647,0.08342183935174259,0.07897097002596178,0.07109196758712924,0.06653882464007552,0.06186964046888522,0.05729879631814965,0.05339863110691527,0.05002360160490912,0.046965226968767204,0.04254582644953189,0.039821807882936044,0.036674927228384856,0.034472110770199044,0.03221225710014948,0.02977735819369051,0.026937298402958068,0.02574148375422862,0.02372551333490677,0.02844780111714263
0.11348496565876218,0.086672383825545,0.07959165703172257,0.0724152188727498,0.06775216116262511,0.06209561948223981,0.0574708463181752,0.053204033659772894,0.05007235779205367,0.04616541986661664,0.042555187173145693,0.039046408526734085,0.03626503625546511,0.03392776471849373,0.03058743807474675,0.028405218949318908,0.026029662866287388,0.02466864725384951,0.02276590531466069,0.026824067197035235
0.11704305558685868,0.08958957830917987,0.08232850263321989,0.07442696477270162,0.06802985568001683,0.06206472987896955,0.05763220566912334,0.05327105261180855,0.049755084255523746,0.04592921484219461,0.041996288700068364,0.038390167309007045,0.03477841135327217,0.03280255734108649,0.029465016866130254,0.027325760478412113,0.02492919230393594,0.02304912589120031,0.021788861592553357,0.025404373924737236
0.12187471032091808,0.09234134856041082,0.08414690669089155,0.07587274513802629,0.06849960140158323,0.06359035206436903,0.05682901054895345,0.052453697695544955,0.04916108937874265,0.045076846066853304,0.041444965609299375,0.03706965275589091,0.034184912586440235,0.031038766013459645,0.028456219062274052,0.026542946661970004,0.023991916794897938,0.022369713936113013,0.020949591204879586,0.024105007508481803
0.1259207959350878,0.09531638640179585,0.08666779335961468,0.07762975645062331,0.06930263829849773,0.0635069052806384,0.05706638548329618,0.0525161380394808,0.048575774387085144,0.043928165976567235,0.040616056109308796,0.03675100943115477,0.032571835860432136,0.02988063178082393,0.027626633551691322,0.025306503345175854,0.023208650062641688,0.02124673473361672,0.019474030339881626,0.02288717517258609
0.1289753488236324,0.09783116352384848,0.08933862163582228,0.07925521046178996,0.07033940977289975,0.06342314203981553,0.05713446494249522,0.052354559518944466,0.048247854515733546,0.04386566641368438,0.03951084418238075,0.03571611010566874,0.03183015645980501,0.02916289625780839,0.026626992235390272,0.024355624963512165,0.021931008815459157,0.01993877342518536,0.018470138361842494,0.021692013544281633
0.13327910612253047,0.10121847816416683,0.09089473082181457,0.08179472700896381,0.0718958401798213,0.06417935649973038,0.057501420740818744,0.051825720038709534,0.04704331580027199,0.0432976438397949,0.03893465318491055,0.0344954055148347,0.030542750227409318,0.027950011710898767,0.02540447991807817,0.023183948261430835,0.02062752260929718,0.018759225737105756,0.017393862036534365,0.01977780158287776
0.1380870049590005,0.10359464239855028,0.09253364777713075,0.08259213577027276,0.07386415015173599,0.06494265138334775,0.05771213200852179,0.05187418389898251,0.046010916311892566,0.042321506725938346,0.0382740073860533,0.03376894891614551,0.0292928269920099,0.026663218394962135,0.024360954471962303,0.02217624526616197,0.019528551328006596,0.01762778197759588,0.01623159364408773,0.018542900237641383
0.141331915315494,0.10591331464674231,0.09567835029246621,0.0843834776887511,0.07472353158544609,0.06555568574080918,0.05766585851666921,0.051209070507331915,0.04620695249339811,0.041174190873613147,0.037122024641064226,0.0324407632060422,0.028875289537011167,0.02584698025289988,0.02315935576325111,0.021007093093472012,0.01854478923508152,0.01640334195560282,0.015091074599154599,0.017666940055699264
0.14542564458501833,0.1090872147489899,0.09767088088640666,0.08606214700440362,0.07604655720843755,0.06544118043705374,0.05726867493926811,0.05137440144713582,0.04506116342673426,0.04093085646778739,0.03575403725367851,0.030902679754663015,0.027561752314644156,0.025003011869462882,0.022557553678706353,0.01986934779989679,0.017654050380034987,0.015929642729347118,0.013703556523349628,0.01669564654498114
0.14943219964743598,0.11147053649324493,0.10060639569742683,0.08767605760220587,0.0769142393485824,0.06553130531251457,0.057054690501236856,0.05046116949280331,0.04529836894277477,0.0399506697638683,0.03471606392107161,0.03008462253752725,0.026898262670941468,0.023792683758719856,0.021389001583306706,0.01892248977672144,0.016610359349587666,0.014718289885147439,0.013294749956019255,0.015177843758863468
0.15287853243488742,0.11391402654129988,0.1022522659719896,0.09005301451762882,0.07754560162250582,0.0661669195859887,0.05699195017817824,0.050405895200027216,0.04373025840770116,0.039084545524582154,0.03411454647414938,0.029633664129112485,0.025853311570924617,0.022814696434106312,0.02018815764249331,0.018014902830606153,0.01569831711603891,0.013860098289166517,0.01263820234381859,0.01416109318479474
0.15669304717192042,0.11627453610552199,0.10391951710261571,0.0903322155153141,0.07871763916834339,0.06692421193829645,0.057636485580147535,0.050196288844176165,0.04361815336463224,0.037968253968253964,0.033196512407780016,0.0283890006706908,0.025110663983903422,0.02197361949474626,0.018924211938296444,0.016828079588642967,0.014867873910127432,0.013093673150011188,0.011864967583277439,0.013471048513302034
0.16018696698596138,0.11900741685740372,0.10559417943756243,0.09282060353314717,0.07859081496093238,0.06737887080088124,0.05764458047674437,0.049248576395775366,0.04311818907894103,0.03719863991523591,0.032318987405100495,0.027255298201979382,0.024098086197069345,0.021337535802283845,0.017939110656081877,0.016220243678875628,0.014140450371736255,0.012223252589467739,0.01105649569121859,0.01262170096360183
0.16377850767251792,0.12265502482573813,0.10749375119311624,0.09319062919820803,0.079908011853554,0.06749068254276933,0.05705727136324794,0.04870233556405184,0.042061918941244274,0.03614406242919358,0.030982663909638965,0.026804303960521463,0.02329319705195475,0.020670571464763143,0.017448488600499194,0.015107750661454724,0.013284401443692945,0.011421802047075238,0.010585059597828399,0.01191956567892997
0.16745331381426093,0.12463736071709412,0.11098411430425859,0.09417476939975285,0.08034856165714784,0.06786324999687958,0.056570836580073044,0.048038672013608674,0.04086701770089815,0.035280545059992625,0.030319942797943724,0.02607793245235984,0.02216579680788275,0.019016830742182404,0.016802212478535854,0.014337959305943632,0.012706416865334441,0.010932225905327745,0.009922987630590262,0.011499253769932896
0.17089986521277126,0.12730261515750135,0.11191975524350843,0.0962266707554503,0.08017165759764942,0.0673811340669372,0.05658032676988468,0.048313020161031506,0.04057701770776133,0.034386789425264415,0.02923955755557298,0.02489641351865984,0.02145719970617811,0.018483322754794217,0.015915946969426834,0.013785381647542092,0.011667296624614007,0.010642129210318,0.009326349120317212,0.010827550794816752
0.17424557807879937,0.1289482392374121,0.11378152097721701,0.09675387752052175,0.08141992506484773,0.06754838227602185,0.056133758890988227,0.048195471867294316,0.040422639951893484,0.033557142501325424,0.028358649743989345,0.023861117337916266,0.02048440985898955,0.017538241479061918,0.015531431133314117,0.013035371811430985,0.011000096070708044,0.009840131225470835,0.008957703981241308,0.01038631099155645
0.17637944866524483,0.13118615063602548,0.11549141441183429,0.0985959588233306,0.08253300199408357,0.06771523561671616,0.056328858356028425,0.04695968962738564,0.03990301745223362,0.03348317125104284,0.026842748455519136,0.02341669586934751,0.01977006668884291,0.01718896476644674,0.014561612912980753,0.01229714513406254,0.01020166748789942,0.00930690920604878,0.008305420314037028,0.009532822330889795
0.17955147699585616,0.1331537107186683,0.11720286684806773,0.09922993473118853,0.08258194170268013,0.06847178502196374,0.05648864464955805,0.04681747852531612,0.03887317932027958,0.03219513062654503,0.026697967241103338,0.022239413825606003,0.019301428088708678,0.01634921481797649,0.013729570150634017,0.011294883423144638,0.00988813601522346,0.008829963186256201,0.007912287253908124,0.009190986857315621
0.18219152543877565,0.1345205649707483,0.11794607743046619,0.10071819820139734,0.08395372992551692,0.06913878359063591,0.05611711335813145,0.04572854061060163,0.03816482160453822,0.031666415134540084,0.02622977015882035,0.021748355423772448,0.018365988121765233,0.015445256252052949,0.013142405653258523,0.010850208179824754,0.00927887218912848,0.00830766226041565,0.007803414326678091,0.008682297168931933
0.1858624013291608,0.13648748675365618,0.11924993299169451,0.10146211235029634,0.08506238428863803,0.06889518835990292,0.05582723750051033,0.0453828171179151,0.037196265995459436,0.030738617907104304,0.025594510111597683,0.02111427268031447,0.01727127979650775,0.014756027641147893,0.012510583762156902,0.010373418204603429,0.009042127367256991,0.007922068009436189,0.0071925206305703425,0.008058747202070423
0.18637284853814956,0.13894715564641824,0.12149786250148499,0.10293150252581222,0.0844608911356314,0.06910210877393937,0.05607675490312548,0.04540965323053954,0.036829516097287664,0.030715791601430543,0.024461990471242617,0.02047423919769777,0.016814515485560583,0.013736375774189376,0.011762891039882829,0.009863877427625596,0.008645742645533418,0.0074878940098621035,0.006780418350393723,0.007627970644192937
0.18878129897389714,0.14016550961217988,0.12286819506591311,0.10385834532935283,0.08542111346697963,0.06922116877867522,0.05581162822031076,0.04489820520639061,0.0361954772051993,0.030272516469411925,0.024438196271424417,0.01955410263865153,0.016219445606620378,0.013044341542629003,0.011041065388351926,0.009337394251838408,0.008333983363943864,0.007225976641445478,0.006265113211694876,0.007046922755089735
0.19110823485607403,0.1416813680729781,0.12469747608620488,0.10540154785861827,0.08528293188890168,0.06983448728291414,0.05612184289146372,0.044435776278579094,0.03532592796163154,0.028811801313818133,0.02343418941321441,0.019352665313250764,0.015311920993608213,0.01301584205813778,0.010572601306726,0.008712688717298606,0.00789000097516866,0.00666838059946277,0.0058403737555518115,0.006499942376397372
0.1935382657266792,0.14405065579902188,0.12473387801553212,0.10600030844446491,0.08738373504974994,0.06969604038849818,0.05552532169516821,0.04340380875734107,0.034845361190241106,0.028678244561007312,0.023168788256420166,0.01834890032457576,0.014936511847635524,0.012215464412776695,0.0100935792143884,0.008423724697361025,0.007159811458889136,0.0063071575069887495,0.005357006741461496,0.0061334359117990655
0.1969624026082062,0.1451221800186199,0.12639605229156123,0.10616369255167385,0.08697383651984295,0.0692194142863717,0.05452701482868603,0.04359046064858245,0.034809712099060856,0.02803078306365114,0.022646578853281314,0.018041155002070854,0.014382657269383666,0.011402052440237455,0.010056886365325866,0.007954179395595644,0.006853267160602211,0.00598952894408003,0.005122250816834399,0.005755894836332228
0.19959969021963989,0.14659577552947337,0.12821582779606833,0.1062412255420272,0.086959519911168,0.06951846128275946,0.05434240631442707,0.04348064403195407,0.03411650712035109,0.02718888468461459,0.022381277384265565,0.017411000031826745,0.01356880412757576,0.011095158444167044,0.009298715260219038,0.007783408361947936,0.0063582772534222605,0.0055643766731145305,0.004913696464755411,0.005366343566222628
0.20141016479045645,0.14833263756712964,0.1292073218189923,0.10682369756104462,0.08734460238730359,0.06990504560216798,0.05478805074612082,0.04305495609597328,0.033877917795812666,0.02634418492758134,0.02126214347878385,0.016993794708874906,0.013501991778166153,0.010328590330500738,0.008860405714245286,0.007317927418613045,0.005948801041526628,0.005152797333918249,0.004581443561568235,0.004963525341220258
0.20380758086557146,0.14941811438299618,0.12937253938312876,0.10836702547992524,0.08801031006203364,0.06972727481654206,0.05410661155709868,0.042861360426120945,0.03316120432555894,0.026280758263341468,0.02075801584341151,0.016205819386523025,0.012963594803247875,0.010048421227555017,0.008476808547875846,0.006929945674175876,0.005704830278205498,0.004774944710701286,0.004249895255285411,0.004774944710701285
0.20581810592299243,0.1511037845811526,0.13115589177410314,0.10885380094203301,0.08775091842022878,0.06985123095726183,0.054286285337290595,0.04164684199634577,0.03264747343788968,0.025415079956064405,0.020027486278969817,0.015812569754834416,0.012535087455538205,0.00995625896532024,0.008010640762823835,0.006531970928926562,0.0055220182074488845,0.004572202775866549,0.003949604951067698,0.004552746593841584
0.2082564963020982,0.1525678449621723,0.13139706961390832,0.10906644554103583,0.0882846438504149,0.06965103758723173,0.05469500045085581,0.04153708245003899,0.03208502256931245,0.025171899835747018,0.019507028930799815,0.015120466909834132,0.011877841054755117,0.009604113219623367,0.007553161206596285,0.006089205804194199,0.005113235535926137,0.004490877683697231,0.003857911458987149,0.00407361503277103
0.2105907062592375,0.15406945907911207,0.132967250560439,0.11003344954634493,0.08808262674407916,0.06917267179135404,0.053372534598711524,0.04111005820079627,0.03172403063497564,0.02468760386685242,0.018851612720728113,0.014742905230999878,0.011668446399400317,0.009274646941099095,0.007301618731745953,0.005889029538848853,0.004879532130658312,0.004039757579186322,0.00351998133048576,0.004022078114944804
0.2130348030300354,0.1550350502357283,0.13321561633676476,0.11024844172125792,0.08835837762435328,0.06919817067787333,0.05335052001483232,0.04114209030070807,0.03159995055886143,0.02401603305493263,0.018399166563664283,0.014592198894637401,0.011035968428301523,0.008966503628626417,0.007073614323804141,0.00562922677590804,0.004523864178129358,0.0037486977557254593,0.0032154397612699304,0.0036162661345858415
0.21441610671901865,0.1562545240121323,0.13486058098025852,0.11077959542531896,0.08857530251296737,0.06884089954133138,0.05272570627553308,0.040669324284720594,0.03123289702730473,0.023632556645045568,0.018288484557450104,0.01380419545850973,0.011050065145774703,0.008440703221273186,0.006595789005370553,0.0054694203261878935,0.004445448799658206,0.003536232702825808,0.0029200843187588052,0.0034620830405598657
0.21609672726245455,0.15815641905730465,0.1357790584346794,0.11089276381767586,0.08903978982160261,0.06880941282822718,0.05262052064353009,0.04039189513679959,0.03058745427066118,0.02335550941424072,0.017664943429806346,0.013648177182648978,0.010187578569713402,0.008132406740398605,0.006357967145500517,0.004901337627300592,0.0041244685509272995,0.0032840374592143745,0.002856759467209062,0.0031127731401048055
0.21706042026269068,0.1601029301197674,0.13607354773578445,0.11137879060639112,0.08890606744111344,0.06910366785622257,0.052716387985838276,0.03964715724376013,0.03021366118482592,0.0227886438003664,0.01737916476937794,0.01322454367999887,0.01010946032283912,0.007790355772523022,0.006058969498656897,0.004848234550774976,0.0038210512567993533,0.0031397922336471353,0.002647379623648513,0.0029897740549737206
0.21946020346041523,0.1598531838113977,0.13669963560645498,0.11242731981048008,0.08931965166447561,0.06897890399597667,0.05269501230820813,0.03985388965845825,0.029543228720916904,0.022278297849813403,0.017190905160624315,0.012599370031498422,0.00983244955399289,0.007363749459585843,0.0059202922206830835,0.0044344841581450325,0.003495707567562797,0.002812800536443765,0.0024687000944070433,0.002772214330459947
0.22111360193025748,0.1608900631601969,0.13705815641364372,0.11273239724783105,0.08937141405821467,0.06897530914279566,0.052196673198452816,0.039972062063139024,0.029982133124974636,0.02206285683041989,0.016096061350580546,0.01243273465485888,0.009455510070179958,0.007146750010141612,0.005421794060013652,0.004271823426595012,0.003374070278726778,0.0025856701665517286,0.002247028507630902,0.0026138903047951308
0.2223602177663774,0.1609678819291306,0.13762997357306928,0.11344527437787334,0.08926057518267748,0.06940862244771949,0.05238459828595422,0.039439283332686474,0.029253095196931804,0.02170783599072764,0.016073148615320564,0.01235256136587363,0.00898833192789576,0.006940156585739337,0.005377121828503684,0.0040892940939867275,0.003313069158113491,0.0024415802528376315,0.0021681373777004695,0.0023992407108809097
0.22341258642585018,0.16384048257372655,0.13855651192323976,0.1139498377310569,0.08947192041766612,0.06810533370960917,0.051463948073938205,0.03871701707351489,0.02883977705658248,0.021377169465218004,0.01583180471285452,0.01186503457034006,0.00894419359390433,0.0067147594186538736,0.005026809651474531,0.003961478763933964,0.0030866375052913783,0.0024111048398476093,0.002132425567941301,0.0022911669253562863
0.2251828953420949,0.16393520631793035,0.14046679508848242,0.11381368732166493,0.09007738794961591,0.06721172504102037,0.05153498143288433,0.03806126531324407,0.028389093427752157,0.020838877619179384,0.015696130250034808,0.011566775525598297,0.008798010578056787,0.006314757993024335,0.004883671336497469,0.003872041113780202,0.0030014046503266654,0.002307010385952791,0.0019245648139499232,0.002123718498909942
0.2253838424791553,0.16521355920252428,0.14089619066086131,0.11493063512489206,0.08911844030390101,0.06851169595797561,0.0511078989582048,0.0378748082991063,0.0280667736078549,0.020820039133423823,0.015083995839870263,0.011170653457667153,0.008360803116571766,0.006294840381462746,0.004674857656577765,0.0036277741543126085,0.0029297184861358377,0.0020800648698196685,0.001891448818064834,0.0019619594916180432
0.22710726027518008,0.16507452425233354,0.14138894520197792,0.11582064819793216,0.08999145020404928,0.06794531656280572,0.05133932112857305,0.03727358465620124,0.027509188827091392,0.020179281288286787,0.015088186297409503,0.010778031431517903,0.008042096727279137,0.006069473702766782,0.004549901721417679,0.00341991838029845,0.002751800304972103,0.0020766308515420486,0.001637682564586217,0.0019567574237790105
0.22823694833604394,0.16519391823911564,0.14224899697462523,0.11571133308547697,0.09056742074910182,0.06852817369210244,0.05086400262187398,0.03736346608919659,0.026946450690973036,0.020090461700024494,0.014755089131380905,0.010661935076903021,0.007710564848211468,0.0057899716844659254,0.0043081195278512445,0.00334253690974798,0.002380478315798376,0.001927641212052868,0.0016774354971428975,0.001695055617911205
0.22838146847110302,0.16707302893745665,0.14127665871558992,0.11618320126559531,0.09101222962521886,0.0687709420440492,0.05070837399892183,0.03757148041533513,0.026907994179388984,0.019711506276887735,0.014521578893590634,0.010360476218998728,0.007409651926051461,0.005581021707496678,0.0041152988348207836,0.003098805929130889,0.0022549582656552244,0.0017599244588981007,0.001471007931111025,0.0018303919046998261
0.2298717542190748,0.16689567698974736,0.142018109431702,0.11617517528097802,0.09053658880315682,0.06855864425888736,0.051386393263573256,0.03704330056724095,0.027074305041750343,0.019982031497727502,0.014045379276327381,0.010028890533065568,0.007236726209350664,0.005249621252157983,0.004058767572138251,0.002929570517563331,0.002175598069266815,0.00160131064369517,0.0015079448965930314,0.0016242116760032416
0.23093555606463786,0.16815690697305577,0.1433168273212681,0.11566426419017746,0.09087352635381606,0.06839656721941248,0.05111812078171535,0.03688476923890249,0.026856045253493582,0.019571078647329376,0.013428022626746791,0.009723862054381732,0.007008299998237792,0.005108640104322694,0.0037394047262410347,0.0026997021868997483,0.0021692776710663117,0.0015384073166863441,0.0013057959011049034,0.0015049253705041673
0.2312566053688438,0.16831536673007833,0.14386669484957376,0.11704889734376102,0.09041781159726622,0.0686782216585641,0.05135630240259281,0.03674170365673219,0.026259423659550484,0.019004086521524695,0.013506658211794547,0.009337349397590362,0.0065754245050376955,0.004891495807792573,0.003621503558092018,0.0026967519199605438,0.002096103713098006,0.0016187557246529986,0.001294652293384063,0.001416191080109914
0.2308721665240465,0.17008074768198167,0.1437893306006599,0.11716689380253616,0.09192311891002954,0.06930989432019467,0.05049635350088563,0.036579439449802985,0.026006176687056074,0.018635705758686626,0.012973155709561885,0.00926679132728342,0.006472491909385113,0.004542717390156038,0.0033137186543696364,0.0025794887506118574,0.0019456212077993886,0.0014596560916431609,0.0012043483313436939,0.001382183391966081
0.2318668042675045,0.17088861728769028,0.14555515245867573,0.11707283569262414,0.09114940140113345,0.06894365527467924,0.050281248128828206,0.03580674361512154,0.02602205605238225,0.01827496451377711,0.012887750825076701,0.009265162215185637,0.006281853948216532,0.004383385051054374,0.0032316237720710246,0.002513093799861227,0.0018456358109702634,0.0014035989898313929,0.0011359113531257822,0.001190505542190742
0.23240188803620965,0.1713244806666643,0.1467264286293407,0.11792471120730676,0.09063525579788563,0.0688995738170692,0.0499275594770182,0.03620263605951756,0.02561151434181351,0.01775057194524836,0.012633909214928032,0.008930806081478846,0.006059623309280496,0.00433761866321678,0.0032360292018147148,0.002326556942481167,0.0017220046460637128,0.0012884190340558585,0.0009711612691720631,0.0010892516594343648
0.23397561796189273,0.1720305858770188,0.14576203116715666,0.1184137055166959,0.09156739408821007,0.06834615377840567,0.04992663546545525,0.035694091909116044,0.025310324054583926,0.017857614675020658,0.01244290689133418,0.008617030083862798,0.005962519794332698,0.003945655639381167,0.0031459557910423043,0.0022176698437414684,0.0016046840569090368,0.0011607977974786563,0.0010286887916958044,0.000989936816666168
0.23483880280673589,0.17179462805116336,0.14576049797381274,0.11890251416218653,0.09189489879625816,0.0682055831933838,0.049549168928743705,0.035990789737739885,0.025148663350127273,0.017663564892564546,0.012391253067446867,0.008437459291415372,0.0057986628220159046,0.0041491949822378546,0.0030524837077642933,0.0021036436163658187,0.001496315543021713,0.0011213564716527425,0.0008344159616379902,0.0008661026437255088
0.23596087213724332,0.1716808924195048,0.14750767627257105,0.11884137581340319,0.09141102566269474,0.06845967492042031,0.049073565452547964,0.03554325473957013,0.02502007098791516,0.017380771289332096,0.012079565621566814,0.008429814924364065,0.005730795233668557,0.004133919265331418,0.00286451731034677,0.002014141243415308,0.0013257415701850754,0.0009208005859319981,0.0007887546128059944,0.0008327699371813287
0.23677331798427428,0.17233367305448033,0.14699716429653964,0.11897985083953369,0.09202570615352929,0.06787558109038166,0.050000616074618955,0.035457734640819694,0.024936940362216675,0.016959654153311052,0.01182511225759664,0.00814098603622871,0.00567140692080625,0.0039516786273153396,0.002635039155942568,0.0018024583137509615,0.0012462309434918754,0.0008836270249052564,0.000670641228065543,0.0008325808421916058
0.2366733311744082,0.17341565408388832,0.14786231220872115,0.11860770454641455,0.09200716669247987,0.0677016600256255,0.04970396913675852,0.03529666446080848,0.02466806527462935,0.01717929403151092,0.011635315320389169,0.007993889303465075,0.005631978373203047,0.0038719851315770952,0.0025660701462906377,0.0017283133632766848,0.0012971150190783272,0.000799036931698182,0.0006406375399518465,0.0007198372358250147
0.23804722336602854,0.1729065703757669,0.14784313311442637,0.11878165264184079,0.09247938508969206,0.06794913756999216,0.04926286078292666,0.03505502588521815,0.024695659518756678,0.017042715009203246,0.011742492230915147,0.007892263997550497,0.005345975033346355,0.0035809938093679505,0.002481179985851995,0.0016347632672741158,0.0011842795251619808,0.0008235405910487472,0.0005631046776401691,0.0006880435279915814
0.23893551306748748,0.1740559044053686,0.1478892336299828,0.11887698142976381,0.09236517825384134,0.06798756114654393,0.049091562217158734,0.034729828243804356,0.024426921735945534,0.016763573740354778,0.011614761805817239,0.00782534891829167,0.004925180226026508,0.0035059112727989904,0.0022327953259212055,0.001653465939306003,0.0011973981243110564,0.0007448520685052601,0.000574046747831477,0.0006039817009392534
0.2395546312229694,0.17400033078907268,0.1487424736688379,0.1196576685000827,0.09257343341462296,0.06837304561722071,0.04849754899373259,0.03433872097237911,0.023785141940183475,0.01665734123004268,0.011146536040173271,0.007875595156403405,0.0048140367175870695,0.0033166883087176985,0.0022029144628724455,0.001458639049298129,0.0010891406170271912,0.0008005799365870311,0.0005788808772244686,0.0005366524849649329
0.23961475776275076,0.17452064728017716,0.14946617338012752,0.1200326667394159,0.09197904822920222,0.06859839271193778,0.048734339853774095,0.0340079061957681,0.02360946349808681,0.01659033867101285,0.011208070937514305,0.007337695938834349,0.004831368518133914,0.0032015516701222537,0.002094473055220167,0.001448530524744703,0.0009469130283264276,0.0007480260911500592,0.0005473790925827493,0.00048225682111792065
0.24177532544816252,0.1759391956844007,0.14907585750352997,0.1200504942023219,0.09188430700756707,0.06714073938442144,0.048761765254777406,0.03380717130351806,0.023646709601997228,0.016245118717714873,0.010732658903564526,0.007065314990158207,0.00483286559879997,0.0030194406200152813,0.0020475856799287303,0.0013820763187825046,0.0009965034349438183,0.0006426214730644764,0.00048064564971671823,0.00047360322261464174
0.24068671671265057,0.17596632183119773,0.14905473581664105,0.12087001936072675,0.09319174153341876,0.06790673791976817,0.048387749108896615,0.03387863409281543,0.023394651093678852,0.01601788009713774,0.01041540276817948,0.006970565013179712,0.004649387965400393,0.0029331237240120475,0.00191145412949706,0.0013610538143796918,0.0009425385587952393,0.0005978789365492189,0.0004413753325701586,0.00042203219050533094
0.24160769226709725,0.17582199142606345,0.14998935734176305,0.11986799585552022,0.09261575430060144,0.06875684956206779,0.04880494382259655,0.03422362247940514,0.023081374996261877,0.015552353962499148,0.010340090101976014,0.0067286227696594526,0.0042623406459829675,0.0029799443063537557,0.0019315105362316552,0.0012366592959661689,0.0008056756152951713,0.0005593992263403156,0.000438020148926851,0.00039580133939173275
0.24293627298360781,0.17616793578925705,0.14851988467958835,0.12022803749496486,0.09286846331505724,0.06846929567653999,0.04874556510695631,0.03415109506897941,0.02316962267569388,0.015363155515450224,0.010337676318330774,0.006700052594269512,0.004437971303581511,0.002891805320288547,0.0018223298733691816,0.0011503897077060285,0.0007440593981034401,0.0005294607064518569,0.00038170423023273394,0.0003852222415712845
0.24407072544968864,0.17525805849912535,0.14936070472054364,0.1213130100900609,0.09233267990187967,0.06845544993506746,0.04813631260536142,0.033958492438613215,0.022721113813212453,0.015494068085915092,0.01017980509676534,0.00673609229220704,0.004258449150245829,0.0026976043583995272,0.0019145424278791164,0.0012177052942025268,0.0007443487564272671,0.0004575193301917008,0.00033962011818076265,0.0003536976360328148
0.24389712522708987,0.17719508466893197,0.14925381001409097,0.12090842964519523,0.0921097480840118,0.06802680450771141,0.04845930304063195,0.03369714560807368,0.023320413663692686,0.015008134823722059,0.010092100963177182,0.006604492952747743,0.004132420171551659,0.0027356199860144276,0.0016867021108374126,0.0011385239248152535,0.0006588680120458642,0.00046384308048028874,0.0003022007948583699,0.0003092287203201923
0.24337051110497634,0.17664570105273528,0.14995015025258965,0.12072079042181504,0.09331134200443465,0.06815084691819544,0.04841140196480098,0.03355494637855211,0.023068036552964688,0.015044601017392028,0.010138752859546804,0.006516513717911973,0.004063589638989361,0.002579526612028296,0.001751335041295285,0.0010567794777293835,0.0007279645653576787,0.00040090802150133045,0.000281338962457074,0.00025496343472672324
0.24259787860081214,0.1769280690553952,0.14987855860228952,0.12111954722848045,0.09321176882341663,0.06832199821663176,0.048938860719643616,0.03368701711435541,0.0226544046909268,0.015197322485389223,0.010024851078199115,0.006519670692435812,0.003955419311380668,0.0026082200261349636,0.0016672910214267998,0.001021831311655032,0.0006982220838675523,0.00041330526375031433,0.00030426302395235923,0.0002515006498565743
0.24297208527039102,0.17746144053789836,0.15045750898489968,0.12123108951140431,0.09233171335532378,0.06861052305831217,0.049091663560341246,0.033768101671789175,0.022333893644106532,0.014885745834593445,0.009772616979526388,0.0065162501846212275,0.003970235541520435,0.0025829388886153765,0.0015455434193961297,0.0009987129262992063,0.0005925462256387894,0.00040968329547132925,0.00020747909384384917,0.00026022801600753963
0.24343514269135416,0.17736807863410164,0.15028221765047212,0.12045330660617887,0.09364878409030963,0.06840393170508693,0.04886673348455275,0.03374479084243287,0.022742698387578895,0.014652459074044765,0.009644634347910184,0.006307256774102792,0.0039106047018691425,0.0025619384220428683,0.0015790121503050773,0.0008756659809041517,0.0006523535721193577,0.00038332366232350385,0.00025496298640783515,0.0002321042359023052
0.24446315893111764,0.17784876780342526,0.15036543063147328,0.12013938580930093,0.09243100595835659,0.06930962883781283,0.04889579644889686,0.033592894277410815,0.02229680667954801,0.014733262890286418,0.00945355066361218,0.005990003182244134,0.004138675518345374,0.002559860473539025,0.0015946383581730047,0.0008984125700401385,0.0005221693410996498,0.00032701514291089183,0.00024614043014798315,0.0001933960522591296
0.24463157820698575,0.17828154233544807,0.15057253787612362,0.12122469649865655,0.0926030779186068,0.0689014869104056,0.04849339541688353,0.03341679913345618,0.022519940354776544,0.014529731174476342,0.009198235964381673,0.005890669180018852,0.0038157469016838527,0.0024230872030047684,0.0014155190119149773,0.0008827211726476008,0.0004941128476374019,0.00030947993303979634,0.00020749222783349985,0.0001881497320185126
0.24614634815793604,0.1780377474017211,0.15096849339411672,0.12088001027523196,0.09275156283814574,0.06812267641640726,0.04799976071377672,0.03356869010146791,0.02250522119020264,0.014519043488511622,0.009166773700332713,0.005769261221380223,0.003839136317490591,0.002355913624711229,0.0013934903590524968,0.000837501781450743,0.0004416238385381018,0.00029734832156549484,0.0002234511055551352,0.00017594575240561825
0.24598768742735466,0.1780751098583228,0.1519974959863686,0.12107187257665462,0.09246562696175581,0.06797236441135461,0.04802993562363832,0.03327489462569041,0.02235676215563218,0.014552820795973889,0.009164971240770406,0.005634030670650112,0.0037472282644055517,0.002293001246731507,0.0013557545714953925,0.000847566411751983,0.0004659856828097003,0.00029365890199705634,0.00023035518659649342,0.00018287740004607105
0.2467658137763226,0.17922309155302507,0.15059088885800193,0.12102973181721415,0.09264208339124635,0.06832740714415153,0.04798014008209284,0.032768512670198334,0.0223582420946513,0.01454306178426091,0.008918313595985789,0.005784852062261054,0.0035944199401457826,0.002188672738884656,0.0013564844708039152,0.000825150735158283,0.00043632704119243935,0.00026390748459220124,0.0002076072212125317,0.00019529153859822892
0.24619180867323157,0.1791296517446186,0.1514377120425202,0.1209194181263048,0.09335938667937678,0.06791868119885257,0.047854556199072425,0.03294716458808569,0.022273148579699843,0.014597846905520271,0.009045388751215756,0.0056280855539355265,0.0033838864393037358,0.0020982206455765887,0.0012733543565779139,0.0008406952796191197,0.00043969418390121275,0.0002761279474899617,0.0001811540037672997,0.00020401810133016275
0.24659694146598704,0.1795886799085955,0.15117243803831956,0.12018280892951312,0.09299876955528212,0.06822112849358411,0.048428546317454746,0.032970645104587804,0.02223940938653542,0.014448936544208126,0.00920899982422218,0.005651256811390403,0.0033573563016347347,0.002058358235190719,0.0011706802601511692,0.000715415714536825,0.000428897873088416,0.0002337844963965547,0.0001634733696607488,0.00016347336966074873
0.24609028745093067,0.17878448918717368,0.15122831454982907,0.12140686336583512,0.09345145132469436,0.0678052847072728,0.04856802161158245,0.03293268892547101,0.022225387981371265,0.01435144147566587,0.009069899962010887,0.005814444303744039,0.003498163859693554,0.0021298524052734513,0.0011256032529934012,0.0006067705035667553,0.0003763735877196685,0.00019873932435664733,0.00016532297778340578,0.00017059924303181235
0.2465078118549049,0.1780414231226688,0.15247040138861806,0.12142326321725797,0.09345237781514026,0.06837678913701534,0.04764765925449622,0.032652903466098844,0.021770944783810232,0.014620545714240537,0.008886171620118798,0.005678154740257799,0.0035418192934281337,0.0020520064160337603,0.0012104729628829285,0.0006816596656002559,0.00040583346070530683,0.00023717539911349118,0.00016163064235882364,0.00018095604524955247
0.2475600666586976,0.17838936273441297,0.15109129007080732,0.12151500875422765,0.09324658796065169,0.06841657467110122,0.04785292897473579,0.03278440692744187,0.0219418213012509,0.014265172236793069,0.008998572603837796,0.005525007558871302,0.003556185266177742,0.0020426531286695682,0.001211177285415949,0.0006310778598901677,0.0004060695978680468,0.00023907127839850378,0.000158208934234304,0.0001687561965165909
0.24810510536369842,0.17965165220050297,0.1505301135794485,0.12186725105398843,0.093148152378877,0.06734454658725651,0.04761971709701969,0.03280500642322272,0.021930340984378648,0.014032676717706836,0.008943305174252982,0.005637674002555227,0.0034040444335877423,0.002052619462276967,0.0013250642761616722,0.0006994371112895828,0.0003743218711172894,0.00020209866280980403,0.00016870844895427125,0.0001581641708946293
0.24766321472064887,0.1794970925277348,0.15149433003368767,0.12166220602371315,0.0931427938796347,0.06709064741121622,0.047783063380962346,0.03294256578057152,0.022068320765625576,0.013986444097277752,0.008957017912278513,0.005616368304422627,0.00328968756754667,0.002047268171042666,0.0012178170322167962,0.0007029246939202284,0.00040593901073893195,0.000209120096441268,0.00010543870408803432,0.00011773988623163832
0.24769909933034345,0.17943245329193616,0.15227874873197736,0.12168797765115617,0.09293089474489233,0.06744210169145866,0.04721703097227667,0.033060887941082875,0.021828449065487105,0.013976817821409674,0.008859016981394133,0.0054395313634517635,0.0034124532567743615,0.0019620287658733576,0.0012078080306048352,0.0007454302838085159,0.00043776448270830274,0.00018635757095212892,0.00011251777868807789,0.0000826302437240572
0.24785316416524836,0.18127487938334286,0.15208248350751832,0.1212127072988902,0.09212053226056008,0.0676314827057516,0.04791786814454307,0.03204429409365199,0.021786603463069498,0.013976411179722334,0.008924929317935664,0.005353902634577246,0.003182451155528674,0.0020009002292771445,0.0011586935422615455,0.0006980293418480022,0.00040791639120588537,0.00018461733222680145,0.00009142953595993981,0.00009670431688070558
0.24793423293731767,0.1813199464948314,0.15176730524839294,0.12183851071421666,0.09114686325070265,0.06735780438974402,0.047764436640142585,0.03230875505565838,0.022027817766036174,0.014285036305823168,0.008781597315601394,0.005485861733785418,0.003322101466470505,0.0020477503748349934,0.0011724030043046706,0.0006837552753740875,0.00040779234932336334,0.00018456119258169467,0.0001019480873308409,0.00006152039752723157
0.24799873493340832,0.18089398039146776,0.1532364620304319,0.12102997505007555,0.09183856344660363,0.0669571634395755,0.047501493481392994,0.03209052254278384,0.021578170573145452,0.014195101381031031,0.008999543170397443,0.005585620409741013,0.003399866465193099,0.001897599887549637,0.0012176265945110165,0.0007748532874161014,0.0003865481252415924,0.00023192887514495532,0.00010190814210914712,0.0000843377727799838
0.24928039475487734,0.18039510633287764,0.15200276946975902,0.12182679567428506,0.09160337537913268,0.06714382615602518,0.04712491784726446,0.03238662922493508,0.021405400466030067,0.014175959737251827,0.009327630381223837,0.005449318351954621,0.0032210901448348327,0.0020032966530887674,0.0011879197697263217,0.000709940217410405,0.000372542886363876,0.00020032966530887682,0.00011246577701550976,0.00007029111063469357
0.24863320734815855,0.18140283027160053,0.15273622220268965,0.1210459699393513,0.09219829480530894,0.06745890832381118,0.04659400544959131,0.032272127977498476,0.0217245319504263,0.013915795025050541,0.008863496528082977,0.005340599455040873,0.0032381119803111535,0.0019811901204183874,0.0011883624857167972,0.0006644985497055466,0.00037619759163224064,0.0001722774017755121,0.00011074975828425775,0.00008262283554539863
0.24873158936029902,0.18045284677951198,0.15318707408221585,0.12174807650032972,0.09211167289514181,0.06692459881292592,0.04727192789624092,0.032242690701253025,0.021708507364255874,0.013687403825016486,0.008849417454385583,0.005413057814904375,0.003214772477467575,0.0018993185315453963,0.0012292811606946588,0.0006243130358320512,0.00034820839744998923,0.0001723455704550451,0.00008793141349747198,0.00009496592657726973
0.25023415685082323,0.18037545930766888,0.1529830616293802,0.12168072779288053,0.09220068779730889,0.06693634975389369,0.04677162282559224,0.03222666031704749,0.021294654546157456,0.013676868817688027,0.008717839676802041,0.005271824033542858,0.0032650163514408794,0.0018925848280418865,0.0011193839697889337,0.0007011525964612004,0.00032158126604611443,0.00016694109439552396,0.00009489283260377149,0.00006853371243605717
0.24894053604292854,0.18030278457448687,0.15272675349217657,0.12203402977076087,0.09292256922653842,0.06711818752335756,0.04748549186627836,0.03206244667423511,0.021228061515897234,0.013838256344443895,0.00861850130802372,0.005341390665435033,0.003120218309511554,0.001828060105629085,0.0011070605075555115,0.0006081781450742862,0.00037019539265391316,0.00018686053153007056,0.00008461608974946587,0.0000758019137338965
0.24890336771652255,0.18074456847678183,0.152307321571903,0.12213611829314915,0.09255739540546859,0.06762429858112724,0.04727341248774726,0.0321497616489436,0.0216753606067579,0.013721266059932924,0.008526644404865223,0.005149324989083504,0.0030946682200403324,0.0018915887715000627,0.0010182690513247464,0.0005852329245158239,0.0002808393291020208,0.00017756293065805193,0.00010871199836207259,0.00007428653221408292
0.24592166254498196,0.18074992765600115,0.1539356023015156,0.12232970755271348,0.09332819676147427,0.06773528665089006,0.047054667208728855,0.03203552045959298,0.021488386790962235,0.013948633097867673,0.00863157109861685,0.005336590440650406,0.003268350965148834,0.0018907081900507924,0.001079390215540734,0.0006195841862232175,0.00032488225237492497,0.00014735096692414625,0.00009409158128891268,0.00007988907845285038
0.24736376940720142,0.1797574703636513,0.15285485792801398,0.12266031180337138,0.09313130879411458,0.06794443788443166,0.047278608513942395,0.03229315385138352,0.021531751058249334,0.013881583420104407,0.008623434989676926,0.00538875232134998,0.0031452279485170193,0.0019143310039324288,0.0011056603368506932,0.000542095602048155,0.0002647859706373825,0.00014849483488447817,0.00008229834222513249,0.00008766562541372808
0.24787653681149407,0.1793822521666522,0.15298112637125333,0.12217291468716708,0.09361053525668708,0.06795802021249028,0.04715527914543202,0.03220285911721518,0.021747502231435893,0.0138924879790389,0.008725994068699432,0.005204284356914573,0.003118611614983732,0.0018517318821801847,0.001022141602602862,0.0005956494198266676,0.00025193631050070536,0.00011876997495033257,0.0000737813480752066,0.00005758544240016124
0.24705272399478295,0.17935840971743006,0.15292415303073545,0.12291125474653244,0.09325423349146077,0.06782799397357478,0.04767126356216647,0.032493198593834115,0.021542302397924713,0.014070691268548055,0.008560920005347188,0.005094280315484085,0.0030095996473746395,0.0019690657957012947,0.0010893088759705324,0.000583493809184879,0.0002890371810203735,0.00014271210812880937,0.00008129170716198,0.00007406577763647071
0.2459143602034934,0.17877099023507612,0.1534576097874053,0.1229136676299844,0.09425163987627956,0.06811333548478331,0.04793623972471109,0.03247843413118285,0.021587625053030832,0.013577704209469034,0.008646290743084236,0.00510183731412016,0.0030658162395796698,0.0019054836592538333,0.0010769336761149162,0.0005819793098196769,0.00028827012542469974,0.00018492800498943007,0.00008521192386767862,0.00006164266832981004
0.24339251281697133,0.1790068823637385,0.1536291883463244,0.12348817894509191,0.09430128651314772,0.06864190081908672,0.048747198985183024,0.03261444405875907,0.021439462641322904,0.013684763388078449,0.00856706170138138,0.005246734648257964,0.0031095126370520865,0.0018809734537398655,0.0010649762742913637,0.0005524791593593425,0.00031440425845120467,0.00015084134943034672,0.00010722457369145131,0.000059973066640981236
0.2440590295839048,0.17908029085565252,0.15250642930672614,0.12230414713018299,0.09433348004641466,0.06881631643465388,0.04893184389243144,0.03336510095921256,0.02170504850625471,0.013886211274112175,0.0085172399995635,0.005187095553866135,0.0032937693015608577,0.0018096634207913052,0.00103123533627002,0.0005565397052885822,0.0002837261242647673,0.0001746006918552414,0.00008911910313444616,0.00006911277385936641
0.2440557031160275,0.17950928901779414,0.15152647611616785,0.12288009683693951,0.09412433848448003,0.06891428508926245,0.04875389890821457,0.03320930961751962,0.021598720994037025,0.014098962539490403,0.008761263765812112,0.005237434623216437,0.003161055216379152,0.0019214257197598763,0.0010409241802494206,0.0005651252116940813,0.0002661557448623738,0.0001768295017236319,0.00010026415046185318,0.00009844116590800129
0.24144721367789418,0.17779840166871186,0.15336759978630568,0.12277758835402505,0.09392156397974649,0.06940688890631182,0.0493830762133807,0.033565686383552104,0.02263664492649245,0.014209212558369357,0.008994488072685238,0.0054335241144540854,0.0031106013890129765,0.0017540436906392052,0.0010155949435405789,0.0005707023650416537,0.00024432625212645893,0.00016774638205697176,0.00009116651198748469,0.00010392982366573249
0.24215684129137668,0.1765868674048463,0.15143624082746143,0.12308525537222635,0.094874684523028,0.06953075991655361,0.050383313638817165,0.034098866471180364,0.022181860621179626,0.014059696266795046,0.008982887653726644,0.00528469517265526,0.0031219455264271233,0.0019092739288371489,0.000984725808569303,0.0005981297503902434,0.0003282419361897675,0.00017141523334354526,0.00011670824397858403,0.00010759041241775715
0.24115555799267016,0.17614491084729353,0.1511163509079777,0.12219632787724242,0.09487931712042706,0.07032782240744295,0.0505195624160338,0.0343486962958901,0.022756559646862077,0.014480117712645882,0.009091656842047541,0.005403083559528053,0.003297416353649732,0.0018333196245624618,0.0010893903252634373,0.0005611456876776429,0.00034363318984819823,0.00022847951452672748,0.00010235882250797393,0.00012429285590253978
0.23868258590777885,0.1757204151287634,0.151289462186318,0.12267029365040188,0.09577138302520426,0.07110277489849381,0.050861865666321136,0.0348567030644722,0.022516914650710866,0.014528044225801676,0.00902541265166514,0.005418538201242754,0.0031279078482882427,0.0019524287445773485,0.0010877294972130363,0.0006526376983278219,0.00036196712680366575,0.00014807746096513597,0.0001060307745182455,0.00011882759213251654
0.23849917182714833,0.17509601143919462,0.15036404908042686,0.12276315717387609,0.09583247350668656,0.07125573648946021,0.05088104077678411,0.03519597655914724,0.02292952221639873,0.0149290254953058,0.00917655695583017,0.005613678822332725,0.003298081962632694,0.001979579649775107,0.0009788327419552182,0.0005368970636843922,0.00032323394650386874,0.00017348714642863013,0.00008035194150378656,0.00009313520492484353
0.24007433038574907,0.17462880577067424,0.14990205232419762,0.12191098661686894,0.09555482323648412,0.07110635103714692,0.0506911261236521,0.03530144083777303,0.023382947950422003,0.015025356547847897,0.009192435143992239,0.005710257959392909,0.0033448673587081882,0.0019388147415829082,0.0010234159023086358,0.0006426099851705387,0.0002892660332106698,0.00014280221892678635,0.00007689350249903881,0.00006041632339210193
0.23783713460097228,0.1745559690621341,0.1503814094283165,0.1229378878914646,0.09577105539461173,0.07152320065086057,0.05133772737517384,0.03497642646026764,0.023282191670377234,0.015131775445771692,0.00934695889426997,0.0056565501091180945,0.003278123791775923,0.001861695792310977,0.0009803220953606027,0.0005332219247662344,0.00030967183946905023,0.00017590826384040724,0.00007512748768184059,0.00004764182145677695
0.23545564195344768,0.1743526573767547,0.14907302516048374,0.12273755448749676,0.09646440761230199,0.07242941829900026,0.05141163401999494,0.03607264755159127,0.02384251876129618,0.014977875051783742,0.009407227360880456,0.005829108146453593,0.0035561225799119398,0.001966865736209027,0.0010576715095923657,0.0006452346124376307,0.00031528509471384235,0.00017414002324311054,0.0001393120185944884,0.00009165264381216341
0.2346930919569306,0.1730603550990032,0.1496376054463667,0.12384471842474766,0.09668070785169867,0.07192716181090959,0.05219984675677956,0.03555572664049068,0.02343008186414145,0.015223504137200342,0.009652856446297048,0.0058071115119386766,0.003667938805362779,0.00214283881232838,0.0011291605717658533,0.0006434015595613874,0.00036111141661992395,0.00015764254735692112,0.00011364927832708262,0.00007148906217348746
0.2342793422321995,0.17255767206247546,0.14987950216235849,0.12314622238361961,0.09669171994615196,0.07232988162967365,0.05221939776758039,0.03614018098518445,0.023571357829058136,0.015303408786621621,0.009599477659297407,0.005826813244858208,0.0036607866656395904,0.002096332243900829,0.001182969638946662,0.0007079477219122659,0.00040349352026087696,0.00020724894449763225,0.00012288211753399433,0.00007336245822925035
0.23497389952784542,0.17337751840229923,0.1494343675767618,0.1227162086864717,0.09612268688231321,0.07159850728760374,0.05234024458195256,0.0357598463298044,0.02434272266048857,0.015332194492507108,0.00958239244552626,0.005984413032640256,0.0036547992609753947,0.0021060001759582387,0.00121887738643362,0.0006525118038652161,0.00041423502155488444,0.0002144491040792985,0.00010997389952784537,0.00006415144139124314
0.2347801355975743,0.17164561142762777,0.14962339104028477,0.12236259048248149,0.09589262286809969,0.07263369388709988,0.052365618033192965,0.03622785530142478,0.0241341663684988,0.015550601381664057,0.009789080633767277,0.006012899200910101,0.003880769548344482,0.002330296608225764,0.0013614803805539492,0.0006477123643336174,0.0004293617372636445,0.0001394508206497307,0.00011926714923990126,0.00007339516876301616
0.23565641382850014,0.17213953147340244,0.14926678153755907,0.12168310298053303,0.09602778897972648,0.0719562268577923,0.05200718554093192,0.03651244638339994,0.024348352091505668,0.01563038457308355,0.009790299519741908,0.005973897422737105,0.003867727389375664,0.0022876416028155587,0.0012574696630861166,0.0008120394471532793,0.0003904388312497709,0.00019980203101514085,0.0000916523078051105,0.00010081753858562157
0.23450531599896587,0.1714558631829257,0.14800093137695286,0.12226522608808843,0.09621600611628643,0.07167202330642485,0.05251829294005269,0.037093737223359964,0.024798828078448347,0.015628065247722433,0.010250646738622258,0.006270293658753018,0.003973019403075378,0.0023284423820515597,0.0013475631108723588,0.0007627023865617706,0.00044002060763179043,0.000258512106983677,0.00013200618228953725,0.00008250386393096077
0.2342039447767894,0.17294722280751576,0.14775964894601346,0.12250245059867894,0.0956732046501828,0.07211814175911761,0.05236127779253735,0.03661698287787316,0.024276958875747774,0.01591469168262228,0.00991782478448473,0.006319338200939931,0.0039630990225088605,0.0024515147906226807,0.0013668385902873843,0.0007237282079939904,0.0004104180217484906,0.00024551792372454347,0.00009710783550299108,0.0001300878551077805
0.2340242507435369,0.17208876687256922,0.1489380004575612,0.12207732784259898,0.09566506520247083,0.07144909631663234,0.0527879203843514,0.036870281400137254,0.024402653854953098,0.015522306108442002,0.009899794097460533,0.006248455730954014,0.004160146419583618,0.0025550217341569425,0.0015172729352550907,0.0007961564859299933,0.0004520704644246168,0.0002708762296957219,0.00012811713566689544,0.00014641958361930914
0.23233343581184954,0.17267812962068313,0.14886102449236535,0.1217682667954968,0.09533795950634635,0.07254014961863355,0.052529389374441834,0.03690324564100313,0.025096256606204348,0.01584208060667282,0.009828787679154408,0.0062768091118040655,0.004000322075336348,0.0027211705974497496,0.001427379331547279,0.0008692374134422535,0.00045932334899790656,0.00024155650226184724,0.0001811673766963854,0.0001043084896130704
0.2327575159545839,0.17222346303259756,0.1483419315389995,0.12193769016436061,0.09527715025318637,0.07215353014620006,0.05251373943226212,0.036782501400488436,0.02516485488010721,0.01612117794807391,0.010359952987525586,0.006473368751350146,0.003972627316298023,0.002427513281756305,0.001559759665200883,0.0008402930590694902,0.0005052742577411312,0.00028192839018889213,0.0001537791219212139,0.00015194841808881845
0.23278175886223568,0.17172469855033193,0.1473212814494484,0.12095519174505762,0.09599885754878305,0.07216666605638292,0.05351212206651848,0.03751231247505466,0.025009428884242596,0.0165417415789994,0.01013010029403472,0.006272496585462307,0.004004071813311755,0.0024698184161671497,0.0015507310589277813,0.0009465501268779963,0.0004851755969490692,0.0002746276963862656,0.0001739308743779682,0.00016843832045024292
0.23230264048004745,0.17030383255385365,0.14907504579976813,0.12112347471231162,0.09586138302501526,0.07265251048549581,0.052683445897766856,0.037272418118059175,0.025187129990894896,0.01643306651844972,0.010357512441813268,0.0065308092572210034,0.00415945998325246,0.0024298559638428665,0.001475465585268015,0.0009324503698719804,0.000533873545103173,0.0002943617834301742,0.00018649007397439607,0.00020477341456012112
0.23235777030551852,0.170578620105177,0.14612578411435115,0.12149722596953784,0.09584728280467202,0.07246891456791568,0.054045544985786655,0.03760271051422526,0.025477881889086375,0.016702756824334593,0.010440824649425156,0.006430332572480812,0.00408004876289773,0.0026175279187724337,0.0015613645557432771,0.000948167455890994,0.0005637752440432937,0.00029470069574990334,0.0001940265450278867,0.00016473951936330007
0.23184032993795364,0.17154504717973676,0.14742730002360363,0.12173780984288057,0.0951188138920858,0.07197631590022086,0.052981828894089394,0.037902976431173574,0.0255943439207944,0.016447494817273443,0.010433153348324967,0.0066821950242165525,0.003992483445465641,0.0027025197291259176,0.0016193161545541204,0.0008709542255002955,0.0004647528850358719,0.0003037361374643888,0.00018480331255363414,0.00017382489794648756
0.2308869759863061,0.17123952795562652,0.14781104326341907,0.12297622770490094,0.09482766503356722,0.07174847708448773,0.05324672237126769,0.037647239549900985,0.025778465398591466,0.016672975953388094,0.010466100842518377,0.00644461634964787,0.004189732138775048,0.0026041809540007267,0.0015178863706605359,0.0008375806720030428,0.0004443932386391691,0.0002688304776952999,0.00021762467242000466,0.00017373398218403733
0.22973022311632638,0.17041508910413922,0.1482476733614952,0.12193995465382468,0.09662167342721431,0.07291168448992856,0.05323794328442128,0.03744710525643226,0.025216051523770232,0.016557560799290234,0.010741420919848263,0.006776368873976334,0.004017992427699868,0.0026105084832398033,0.0014896328128137621,0.0008853822478121017,0.000512974044608661,0.0002738295611790005,0.00018437857119386035,0.00018255304078600035
0.22861571531976804,0.16935607694613633,0.14731010228776573,0.12339421368564973,0.09711122971975053,0.0730582506525506,0.05337754348509554,0.038273829978577346,0.025950311103962096,0.01667020055421105,0.010521236226977941,0.006571202959691745,0.004004869453319782,0.002438382405626924,0.001365421032236366,0.0008938298323475003,0.0004843863099633694,0.0002796645487713038,0.00015354132089404917,0.00016999217670412588
0.22988278822178843,0.16939405239797894,0.14736657380393534,0.12200115530012211,0.09648218424843344,0.07303068857349686,0.053407038556313575,0.03833146876668057,0.025928444512690017,0.016888952259781667,0.010498241457725523,0.006791044230445818,0.004060002486088871,0.0025244770073339635,0.0014953093352637096,0.0008609910720161458,0.0004515176110148361,0.0002833410109607271,0.000168176600054109,0.00015355254787549082
0.23045371294458272,0.17039551368523415,0.14819790672764427,0.12219651023787852,0.09610554830501968,0.07280573803752977,0.05261147241932713,0.03736524056546868,0.025701626435331915,0.016595197098810785,0.010707640115082457,0.006611391993214963,0.004194952895888397,0.0027363156798017123,0.0015189568002105705,0.0008060889878373781,0.00042223708886719816,0.0002467619350522587,0.00019192594948509007,0.0001352620977323492
0.23144574085446093,0.1708099394683744,0.14690616135918352,0.12209404333713482,0.09595870982834752,0.07255022370383368,0.053169868701932924,0.03734793987776705,0.025259891218527935,0.016752200485422697,0.010856215457496272,0.006599628622393776,0.004181653361405973,0.0026153609965786475,0.001537050033628681,0.0008169576278620929,0.0005080855045764247,0.00029973389478609233,0.00014255636459338538,0.00014803930169313096
0.23095104354359827,0.17034636455818095,0.14761345481868382,0.12185678540425007,0.09683873038568437,0.07244074671179812,0.05262946724929055,0.03739577330191639,0.025408335217863894,0.0168750592715256,0.010701701913467218,0.006713184175779281,0.00434597063050313,0.002465695464725234,0.0015191747944645856,0.0008225064013247637,0.00042675498427936743,0.0002808558443547975,0.00018055018565665555,0.00018784514265288407
0.229642427747563,0.17053600261259994,0.1487904866332307,0.12204600146320195,0.09653118973642295,0.07283352155486186,0.05297630233181843,0.037151098404890975,0.025312298741317938,0.01697825083513801,0.010786097027437774,0.0064220334128181605,0.004132359568191231,0.0024684690930519815,0.0014777974614723606,0.0008246474723277864,0.0004780036233404425,0.00023352848773884225,0.00018974189628780935,0.0001897418962878093
0.22948135763982686,0.17010286698838462,0.1479196629992772,0.1223562307900097,0.09592948975345504,0.07300526381111608,0.053492294101757286,0.03757492352507429,0.025200221941550516,0.016824483657363137,0.011272294539799818,0.006745855022522687,0.00418878173070605,0.002496842443401255,0.0014437151847444384,0.0008888613084330492,0.00045446912895242154,0.00026830105203215233,0.00016974148189789222,0.00018434289969556042
0.23061574014120853,0.17020174477034,0.14721476944627343,0.12160680836161944,0.09607362835990492,0.07362288811838025,0.0529358870769169,0.037870234757882565,0.025460222847627154,0.017117572277740585,0.010726525579690185,0.0067813674724176345,0.003939686320716001,0.0026063943297699853,0.0013934816430680678,0.0007332193985777004,0.0004395668533761837,0.00028088504323623353,0.00016962538325305008,0.00020975181800108342
0.2311819323191919,0.17047030570235627,0.14690209933136733,0.12101448217466206,0.09610499576629979,0.07276307337440507,0.05374974451808812,0.03744817366930421,0.02532738182136705,0.016973123302870156,0.01103134398084616,0.006908960845572131,0.0041826038716458866,0.0025292709276183256,0.001518292504890654,0.0007938187976291276,0.00045256795818856015,0.00026095652427808114,0.0002135098835002482,0.00017336272591900496
0.23048290509398642,0.16984881162212756,0.14715048407285358,0.12260928587850192,0.09580007955362388,0.07301234540869761,0.05338121147761733,0.03736648310945191,0.02543161490207241,0.017014622539950158,0.01079447795671261,0.006957292841268625,0.004304288962117149,0.0024723660634458403,0.0013830652960088166,0.0008229056048812352,0.000447032978261425,0.00031383539698353095,0.00018063781570563703,0.000226253425732313
0.22873141814865486,0.16979662562699505,0.14741450068399453,0.12180209758321933,0.09601823985408117,0.07296124031007752,0.05374190606475148,0.03804651162790699,0.025902416780665755,0.017462836297309624,0.011206566347469223,0.006967624259005928,0.004155038759689924,0.0023365253077975378,0.0015120839033287725,0.0007770177838577287,0.00043410852713178267,0.0003009575923392612,0.00022799817601459183,0.00020428636570907433
0.22956394708129244,0.16862874390019542,0.14706380591373658,0.12108168956616935,0.09694841282129282,0.07362935410834018,0.05384585960112423,0.037936731433734126,0.025863717752321068,0.017371806197893237,0.011420910649133956,0.006874404591679675,0.004094769878668764,0.0023042188151761503,0.0013424579184069746,0.0007814307286249547,0.0004845234820844711,0.0003551957857386161,0.00019672381979369497,0.0002112959545932279
0.2280260699147715,0.17013262841256097,0.14694681190465336,0.12156054874435986,0.09566017957248987,0.07317624538535163,0.05386992388678728,0.03894626498336448,0.026037099494097812,0.017492365890342275,0.011159017364750926,0.006856569891983045,0.004318855111435214,0.002411922884098264,0.001427464564058156,0.0007529283077343784,0.0005213982954286496,0.0003008067089011439,0.00020053780593409594,0.00020236087689713317
0.22892117794463357,0.16810167952129365,0.14709170525486445,0.12148579911765403,0.09608415661914495,0.07341271650577867,0.05372680832593183,0.03859123745465621,0.02650320712150587,0.017874892168860377,0.01098281814517673,0.007061685795105334,0.004298655325171298,0.002498582009115265,0.001428021688421352,0.000751398385222985,0.0004924212718694319,0.00029362898063325373,0.00018602581381734086,0.00021338255114342048
0.22587230037013595,0.16918258153844473,0.14733562334793324,0.12282529183092324,0.09656005268371344,0.0734817403867729,0.05352833117770354,0.03848392033959834,0.02658447910072842,0.017685893424933916,0.011239070592162753,0.006975849041459237,0.004131877112684407,0.002504665463892138,0.0015159337221371926,0.000837320792371807,0.0004834205010425465,0.0003155914969070208,0.00022438008161597447,0.00023167699483925817
0.2271167100195225,0.16815925657903127,0.14875710673916645,0.12204907409601551,0.09664982983928151,0.07261223589543546,0.05427826153529262,0.03823922391400642,0.026483825161912434,0.017112681576160364,0.011467392394080187,0.006859290665859764,0.004258119318482171,0.0024954474944358256,0.0014218035395616826,0.0008549049487877299,0.00047211168813650757,0.0002479042068979346,0.00024061290669505415,0.0002242074812385732
0.22766406772434328,0.1682758972546204,0.1480504288345939,0.12150769023328532,0.09647184013498224,0.07296474391094963,0.054087640052258225,0.03890942816587802,0.026189248432526204,0.017382970155590337,0.011257021972876008,0.0068839477198973055,0.004221838768396523,0.002631133008875519,0.0014212491322180773,0.0008800811934119639,0.00045735068229068893,0.00032251422615717923,0.00021318736983271165,0.00020772102701648826
0.2269345685696524,0.16838298159359336,0.1473897976334359,0.1215967653433815,0.09645999792182791,0.07318447058566172,0.054010598677626295,0.03922640955667485,0.026906859608538003,0.017425655216667668,0.011120043605154594,0.006981929017662639,0.004307649678521362,0.00262323651603565,0.0014492515846062138,0.000856790244987322,0.0004958445673118116,0.0002697977792726034,0.0002005253764863944,0.00017682692290163867
0.22688042830129157,0.16832816981796092,0.1473416253494263,0.12200788112305087,0.09673248857127748,0.07301617982527321,0.05449864058833075,0.03886950924418172,0.026506248187906957,0.017545619156854767,0.011205345013393528,0.006916496930154862,0.004223202449311541,0.0025455918045073013,0.0014861442125167978,0.000764042239318452,0.0004814013154655644,0.00028081743402157903,0.00018234898313089552,0.00018781945262482237
0.2266738664847253,0.1685104038587133,0.14683797855378525,0.12222846530770101,0.09718842240067717,0.07285802372291401,0.053980392657645,0.038765912266811635,0.026862496853120064,0.017560502187309594,0.011098908716766215,0.0071657648651311115,0.004339957895658582,0.00256493518339469,0.0014411797972132326,0.000830046592065849,0.0004907308423422272,0.0002772902900967232,0.00018425210065637536,0.0001404694232726822
0.22700260775913128,0.16885012583212294,0.14802085478371638,0.121965131472245,0.09635770218333768,0.0736532500405469,0.0540941453894053,0.03873551928302114,0.025942738639117845,0.017084375859913577,0.010988670553096417,0.00711438969142428,0.004300706883135578,0.0025767794630312327,0.0013922627367438916,0.000823694708125967,0.000446471689139075,0.0002788170140337897,0.00020045667675631937,0.0001712993419554002
0.22781643499665652,0.16788104387245123,0.14663263130852106,0.12139945813086117,0.09652704517337446,0.07333453586740057,0.05493029857463271,0.03906778101490232,0.02641566501044928,0.017657208554025673,0.011325684487857137,0.007022070144176549,0.004250775725574437,0.0024396865394531375,0.0014539730085762542,0.0007433846961141749,0.00045550532850133273,0.00026054904790276227,0.00019495628059857048,0.00019131223797055978
0.2268131924170375,0.16762069888703318,0.1472263250970272,0.12228975017893795,0.09666656346241753,0.07314510092464935,0.054220477058606054,0.03934631642787025,0.026690440068989,0.017660675356464442,0.011255333990198024,0.007073740650150346,0.004248979643872492,0.002431370692057341,0.0014788561812363755,0.0007394280906181877,0.00045349161222642547,0.00029868523857483445,0.00015298512219686635,0.0001875888998366338
0.22631488872057795,0.168521323700769,0.14691541890002335,0.12135501631321371,0.09719288918666975,0.07296885924027034,0.053984720927522704,0.03903883127476114,0.027109793754369615,0.017778853996737357,0.011790666511302731,0.006996839314845025,0.0041966470519692375,0.002609021789792589,0.0014183028431601027,0.0007883506175716616,0.0004078303425774878,0.00026217664879981355,0.00016750174784432528,0.00018206711722209274
0.2269949496330236,0.16868699571511628,0.14678870657021575,0.12098463018956648,0.09570181146147162,0.07362855471291639,0.054938004968350926,0.03887196927860491,0.026414640414235795,0.017905018107324398,0.011372894237551329,0.007230171705186876,0.004335915928066442,0.00268830432698529,0.0014197892004891802,0.0008657251222495,0.0005084995981212851,0.00027885461832457577,0.00020595145013514425,0.00017861276206410746
0.22693651925170064,0.16887603760822756,0.148004455812885,0.12103439034306476,0.09599505557915537,0.07279711648377295,0.054951986975316204,0.039019356532487864,0.026364775012443095,0.017509667327259767,0.01110853842409348,0.007134040842520559,0.0043737705037584515,0.0025032042107796396,0.0014895250110757217,0.0007894300242298502,0.00045943733511760336,0.00026253562006720184,0.00019872487907864584,0.00019143222296566802
0.22872096326566282,0.16954939795896068,0.1474599914046167,0.12012594421741944,0.09511010103217446,0.07289868374088561,0.054016156406838434,0.038830372296642705,0.026722172446697706,0.017935578330893126,0.011230450966252194,0.0073097178820392935,0.004228491510237973,0.002533088583437134,0.0014386340624840657,0.0007939803180291806,0.00043341127452051594,0.00025494780854148,0.00023309513923792458,0.00017482135442844346
0.2279394492305507,0.16844119826862533,0.14785881684539454,0.12104144701261385,0.09568631307144196,0.07317917033136123,0.05413550538186571,0.03881389542919265,0.02672085862200201,0.017834543365400548,0.011351903547060137,0.007003436163296968,0.004273807767877793,0.0025165753452096743,0.0014786245877787675,0.0007411332601304903,0.0004370318978656453,0.0002421885100672118,0.00015478213049408273,0.00014931923177076214
0.22671317380219516,0.16807081039412608,0.14731208073871999,0.1216566162414143,0.09646221386357297,0.07345102262849146,0.054017163174075566,0.038568848602143484,0.02644091024232185,0.01793586316113665,0.011819956153539155,0.007293164435162454,0.004364599905600719,0.0025968913843344575,0.0014086996772565163,0.0008638080815259883,0.0004337264206818252,0.0002642450882305237,0.00017494847220779502,0.00015125753326298942
0.22715009721038953,0.16824679060081116,0.14706075103217772,0.12108882917913655,0.09585599755335648,0.07339566448944522,0.05413744893723923,0.03881862070472071,0.02652897015240551,0.018009407926833705,0.011605172903423114,0.007478282398001906,0.00449643561905178,0.002732449337731466,0.0015546380642389554,0.0007754986128405091,0.0004696681739738296,0.0002621403761714398,0.00014381312303849824,0.00018932360501270652
0.22821172073591675,0.16827245879983183,0.146317231741734,0.12136331297207106,0.09583986112854889,0.07336786923666191,0.05402921904824287,0.038340675397081,0.026114820051203403,0.017959397568657845,0.011932900633764766,0.007451239416783577,0.004721847689024025,0.0026784430821747067,0.0015794080131301944,0.0008151783293575195,0.0004439810543822206,0.00023108849961697548,0.000156485125724881,0.0001728614760914383
0.22736414116687806,0.16793369357301585,0.1471201148787239,0.12133974217807296,0.09586331033453514,0.07336440688762744,0.053846671847614595,0.0385422486891413,0.026419194502128488,0.018103591052126757,0.011926493632712044,0.007520261207136605,0.004559112856698255,0.0027991678936534607,0.0014469040802695065,0.0008499423968375589,0.00044954126770637505,0.00023114065181663806,0.0001765404978442039,0.0001437804054607434
0.22953062130285146,0.16849538333927547,0.14644346136775394,0.120489751668037,0.09494168237083173,0.07354278687689633,0.05373189170310762,0.03789554486783036,0.026430291697286765,0.01839388228788463,0.011954568274918689,0.007276061031599935,0.004640307922902856,0.0027994644819080744,0.0016025524422098856,0.0008185568660549924,0.00043292563138019625,0.0002255578919795981,0.00015097826640569865,0.0002037297088847981
0.2281412064416341,0.1683359112000728,0.14576471658629786,0.12157037576198704,0.09599308525156945,0.07362751342007097,0.05387134928577926,0.03805477208625239,0.026083158948230368,0.018143935947593483,0.011967973796742788,0.007498862705850241,0.004603766718223999,0.002805932126285143,0.0016504412701301065,0.0008661632244563736,0.0004258029296697294,0.00022199981803293595,0.00018742607588026564,0.0001856064052406514
0.22742425594127277,0.16837839166428464,0.1460843949305509,0.1211085642083492,0.09643314258872537,0.07266441026051841,0.054486928562715406,0.03849788166066153,0.02658711590875574,0.01788617590136386,0.012081907907313776,0.00755392343391273,0.00454437042445075,0.0026836546496956763,0.0016549810560199253,0.0008975859852781326,0.0005170677886794924,0.00020391405750740555,0.00015293554313055416,0.00015839752681378824
0.22657071826623135,0.1690999559569179,0.14689641867863465,0.12245432805180338,0.09571726525219214,0.07272568439673717,0.05333762844382323,0.038313841539542315,0.026307551750621504,0.017784669367490385,0.011860692823161564,0.007476404191736645,0.004673662600871398,0.002926499011760596,0.0017453436270388127,0.0009718597464428842,0.0005095893801573174,0.0002675344245825918,0.00017653632098307075,0.0001838161692710324
0.2284302020849106,0.1679466833614816,0.14648062139654067,0.12172776774794708,0.096598188806709,0.07255510744860517,0.05311462640498515,0.038329523615398056,0.02683667229631354,0.0175623143672471,0.011569288334983401,0.007388911536893598,0.0046080601013336435,0.0029664841884572825,0.0016834342787257588,0.0010500990041348787,0.0005532584007920333,0.000245690408246462,0.0001474142449478772,0.00020565197134703858
0.22724052071626727,0.169651720451064,0.1469637330992162,0.12172571505592766,0.09536568350840509,0.07276876868125164,0.05349600100544066,0.03776959744122633,0.02685000173037798,0.017352958855254792,0.011702819423219494,0.007602734361481423,0.004686592120769454,0.0029088564387364244,0.0017176278157347822,0.0010327624300335327,0.0005591853016230941,0.00028596772754014925,0.0001384302375353589,0.00018032359889474386
0.2270578223251855,0.1700028731138371,0.14594690922051332,0.12177638445899999,0.09622931085273291,0.07263886413808403,0.05320897720784252,0.0378396366056524,0.026727232391267182,0.01794059564377752,0.01155064499587217,0.007228245254816101,0.004664263919145486,0.0030185879554703726,0.0018111527732822235,0.0011310612700617903,0.0005873517527812831,0.00031276935442223116,0.00016547680960711072,0.00016183995664871271
0.22884693071685155,0.1688606148392662,0.1456303612826681,0.1210735485185846,0.09625287967070759,0.0723220427192098,0.05315335315590072,0.03817906547634211,0.026747728108133684,0.017927656120915233,0.011818932856815314,0.007537185510843575,0.0046784413202266605,0.002940630561449352,0.0017560077300734069,0.0010499652437848243,0.0005677455044382412,0.000260216689534194,0.00021108486703473077,0.00018560910722019436
0.22789234978140938,0.16825391054597674,0.1467293202330422,0.12175636003381113,0.09557637948428964,0.07276296774310824,0.05344882433672959,0.03795388237004989,0.026481735637094068,0.018163474909791595,0.01191932595911764,0.007692936931368899,0.0044990592876035015,0.002970288030684492,0.00157239849849577,0.0010306935822509845,0.0005580651318360709,0.00030539069103732865,0.0001872335784336003,0.0002454032338692819
0.22883321819437885,0.16787986765080173,0.14626767988946662,0.12170126895247789,0.09640766461840523,0.07215940079264081,0.053223284732574636,0.03807584627131586,0.02652983310911537,0.017974402792422642,0.011927789695669563,0.0074628222375740854,0.00462676798894666,0.003028760498854673,0.0016652728793222563,0.0009489873831945609,0.0005508489982910958,0.0003345089626586192,0.00017816238228556894,0.00022361196960331604
0.22751348736026078,0.16882937352439364,0.14666753975269836,0.12095333718946334,0.0969034548741847,0.07299181118059425,0.05292356495578184,0.03760999974534991,0.026256243474591382,0.01796920189023126,0.011992200431450018,0.007759552106865728,0.004827438183690023,0.002888459621589963,0.0016388552386980835,0.0009167403333005926,0.0006293495145277874,0.00032922619112580795,0.0001982632863685805,0.00020190114483405904
0.22747583497767634,0.1688341683867859,0.14617951679048485,0.12106789848417339,0.09589626544697337,0.07311249124785175,0.05277840924590583,0.03848762878161003,0.026411937475562187,0.018075345766688185,0.012219362934538475,0.007756449310285251,0.0047975412146617795,0.0029043492493612067,0.0016913242341301958,0.000992971001973212,0.000623789475598556,0.0003146226801123912,0.00020914224400534677,0.0001709510516217617
0.22795584446729572,0.1687462982678619,0.1461561940198176,0.12096806427115389,0.09619234836070044,0.07249762907463055,0.05346118767918201,0.037462437638303994,0.02694315956236896,0.018184361703287317,0.01172926757482495,0.007775908491364742,0.005014370896300629,0.0029286832916074696,0.0016460217507421632,0.0009901565719144358,0.0006104451525931201,0.0003397417962348616,0.00020711531962980866,0.00019076411018535008
0.22800792900269143,0.16931512329962908,0.14632283407288862,0.12105550301884045,0.09622099367134648,0.07260493198516041,0.05238233796464682,0.0377155015639776,0.026989524987269947,0.017880264785044012,0.011853495308067213,0.007929002691496326,0.00490288790281516,0.0028406197715865277,0.0016330835818724081,0.0010074925438277441,0.0006055866734560266,0.00036371571979340936,0.0002000436458863753,0.00016912780970393547
0.22835371172690525,0.16765105696257743,0.14573216829984584,0.12045302550085779,0.09633334302579166,0.07346035299933122,0.053478744438952064,0.03813315983832978,0.026393169724637254,0.017891672239830184,0.011990782472158415,0.008138030298624638,0.00507218458317583,0.0029240935128376612,0.0017028437672646916,0.0009341106684888487,0.0005906341775464514,0.0003380244831496614,0.00020717629612398595,0.00022171498357128326
0.2259334059250076,0.16811213777633158,0.14654732062191314,0.12104146632758238,0.0965972198237077,0.07397261270039213,0.05364027856297571,0.03797611018907162,0.02624388984728481,0.01790554235615123,0.012075788616437832,0.00782572181149554,0.005068086506492351,0.002912150137518201,0.0017523799828761213,0.0009398137460030656,0.0005871563635570405,0.00039264945674402695,0.00023631680267001626,0.0002399524457880165
0.22533184333178888,0.168995248348733,0.14521882126341226,0.12046480779888613,0.09596700191701417,0.07356428357273297,0.053879909509662295,0.038511088700518774,0.02679095460037977,0.018515994803165348,0.012367012819464507,0.00797877656336595,0.005233176156341139,0.0030817592920675584,0.0017480262022222823,0.0010266474056710912,0.0005360371410141096,0.00032525643471703586,0.0002453051323284909,0.0002180490065142141
0.22555468512860408,0.1684621494537213,0.14562586222252114,0.12057574198848739,0.09612179353189973,0.07354724025177346,0.0535682153197971,0.038936560416011554,0.027085828742386575,0.018183239212108106,0.012045214540048031,0.007893823260514344,0.0051038120459415805,0.003008122840467706,0.00175761618533672,0.0010214894479412993,0.0006198005369181192,0.0003780601515512283,0.0002799099198985055,0.00023083480407214417
0.22735881777191846,0.16693996066745478,0.14631125735215336,0.12162218602514305,0.0959888430675027,0.07297948569882456,0.0531988109441082,0.038382825878127205,0.027033407240747497,0.017804967958321302,0.012310033430847543,0.008158870070039532,0.004892053409456155,0.002994430613286266,0.0017341911677916213,0.0009297443747741466,0.0005538516295041304,0.0003740768382880356,0.00022517246576561373,0.00020701339594580612
0.22647196231950983,0.1681006509737338,0.145053890299746,0.12110910945120786,0.09640810108725882,0.07272690915635185,0.05366670362971028,0.038707578090489164,0.026847894651689977,0.018242170954682706,0.012245068614922042,0.007909485383540055,0.005011825144201315,0.003230327631935342,0.0017742260938485614,0.0010143628692289932,0.0005817134733929711,0.00039447444914460873,0.00027449604525730826,0.0002290496801484824
0.2265981475861743,0.16749862350061506,0.14593619221201176,0.12158078461373517,0.09618596097828674,0.07308802872567961,0.05403873096751097,0.038523811167907485,0.026654116142022025,0.017884497618610648,0.01186787786498131,0.008008228104573975,0.005040804348102614,0.0031182481115155304,0.0017535602725014495,0.0009685467619101268,0.0005742228457103193,0.00032163748003394467,0.00020897350397685658,0.00014900719414001948
0.22650617299657047,0.16831479828940846,0.14602185675158433,0.12184784603948612,0.09598541671588949,0.07275103186185863,0.05346416608659461,0.0385155728900674,0.026972896246767186,0.017980113373038738,0.011917073020015672,0.007747824048242607,0.004858065606603916,0.0031060359602267463,0.0018647120510196847,0.0009632528138795643,0.000512523195309504,0.00031442025811540485,0.00018174581393954047,0.00017447598138195882
0.2258024626250907,0.16851578738718423,0.14702464625450765,0.12202196395351159,0.09622641166319029,0.07208206568091347,0.0535496389350083,0.038948828971032974,0.026795732322727178,0.017706823591882904,0.011687558305949619,0.007865052073009507,0.004868148994091665,0.00301508817041613,0.0017421317655359778,0.0009383507213116544,0.0005091825619520605,0.0003018725188715788,0.00020185451563099543,0.00019639898818150906
0.22678927804199514,0.16741028867787822,0.14612217918475784,0.12090803602072336,0.09674349852819136,0.07303839050778761,0.05400203020612586,0.03884085762589368,0.026743153502105564,0.01771618154183078,0.011990564444517082,0.007746743589324531,0.0048666837363782805,0.0029890154589845676,0.001826822327909159,0.001064133085640922,0.0005465939569589035,0.0002959960630707683,0.0001815926767305328,0.00017796082319592208
0.22713802093749666,0.16865084415419138,0.14619885167394525,0.12048332963648467,0.09515688577464738,0.07319760444203648,0.054127319469544646,0.038853273892854416,0.026562767036715167,0.018053954597849527,0.01193233675988786,0.007685203029719025,0.004770752957175948,0.002939903784967037,0.0018472122730528815,0.001087237144966165,0.0006272521990189411,0.0003490794846714107,0.00017999410928369624,0.00015817664149173302
0.226697549942912,0.1685223297723025,0.1468343429789029,0.1210592915269768,0.09487880616986769,0.07294901350476703,0.054029976655733884,0.03890711018348157,0.026631371493814858,0.01797363043335976,0.011984844407921049,0.007905052106438215,0.0046106743656686554,0.0028580363181510754,0.0017217305300821044,0.0010199480753707085,0.0005999694561004166,0.0004108881729657398,0.0002327154253965251,0.00017271847978648358
0.22676094978370226,0.16845597466565168,0.14662999024344153,0.12120116497304684,0.09547982463630929,0.07325958077685461,0.05411528727341438,0.0382613340503889,0.02634452460851129,0.017954247736641966,0.011729672473968887,0.007883371881126238,0.004780168568620217,0.0030505142632889968,0.0016551628909209502,0.0010047256626556367,0.0006722395934585638,0.0003651896169869495,0.00022529110699692415,0.00017078519401379728
0.22845895346745002,0.16876068896453586,0.14698746131071924,0.12045247602309635,0.09540417689747863,0.07271676447656106,0.0535261542264234,0.03803044980434993,0.02628781008220393,0.01800744070066901,0.011631774372656604,0.007553383483243883,0.004865353124312771,0.003004269224687714,0.0017865678450502246,0.0010577644820134603,0.0006561047732076619,0.0003689453433827018,0.00024354027592749766,0.00019992112203003534
0.2279930217343898,0.16799265828305593,0.14563858399360322,0.12123646143781344,0.09597841099076833,0.07300465217707351,0.053883477502362435,0.038044268372464926,0.02653194737224685,0.018014465363087886,0.011973904194228394,0.0077269753579995645,0.0048120956603910706,0.002831285890819219,0.0018063531293159853,0.0010521916115432144,0.0006451261176128518,0.00037072036054372335,0.0002598677037144727,0.0002035327469651814
0.22733837551522296,0.1677689618416697,0.1460231882159917,0.12169811663956404,0.09596880104481574,0.07291518875440645,0.0537741786445771,0.03830748578475776,0.026724291602548,0.018025982152276805,0.011730530665997286,0.0075960142752682005,0.004629275941225472,0.0030249453399834813,0.0018462534696832434,0.0011168469264881888,0.0006366391274769806,0.0004056300726496191,0.00024374183737690123,0.00022555214802041603
0.22860400432821834,0.16684156251588586,0.14525675194806137,0.12101582414071067,0.09564926906848897,0.07290978279024839,0.054516670176687175,0.0389358101974568,0.026946064298734227,0.0180536089062534,0.01165568877495443,0.007420062308915692,0.004791177987087966,0.002913922193738607,0.0017537998997828631,0.0010493750953152114,0.000780676974023427,0.0004411732667155647,0.00026325153775208596,0.00020152359096883827
0.22781176880931273,0.1668931389789127,0.14605829179322471,0.12119780842622332,0.09559795956924239,0.07294648955805198,0.054109927480416806,0.038799430307081925,0.02718757720647008,0.018044514525716114,0.011938845209202291,0.007330073100902498,0.004726852591957448,0.0029229461262334877,0.0017784737461669258,0.0011353892659390489,0.0006594340856573994,0.00039239053030853537,0.00024706070426833696,0.0002216279847113024
0.22668902591904894,0.16767077393778407,0.14608670690363118,0.12127411401765244,0.09589103316460937,0.07292798406994111,0.05428538206342227,0.038489769370246694,0.027074559506982124,0.018253798105398567,0.011838533736914212,0.007583492912504584,0.004752855165096311,0.0028270040660893954,0.0017786870055922356,0.0011682285440202322,0.0006522457967391344,0.00031067975276432305,0.00022892192308950128,0.0002162040384734178
