0.03908332860627376,0.03987747461569005,0.04106869362981452,0.03675761529298314,0.04089851948493958,0.03891315446139885,0.038969879176357136,0.04265698564864712,0.037211413012649616,0.04027454762039821,0.03817573316694083,0.040104373475523286,0.041011968914856214,0.03732486244256623,0.039196778036190386,0.040785070055022986,0.04033127233535653,0.0386295308866073,0.03896987917635712,0.0386295308866073
0.02799510684261211,0.022649072122016594,0.023310168918039616,0.022534551417193717,0.022185783816142217,0.02141537180187918,0.020145233075661746,0.019624684417375915,0.017006324666198173,0.016824132635798135,0.01730824288800396,0.018833450456781448,0.018875094349444316,0.01741235261966113,0.017636188542724026,0.01843783347648421,0.017073995991775344,0.014377553941854717,0.012467140365945708,0.01378933395799172
0.02978079287957707,0.023492728209749087,0.02323990911477663,0.022614343918242196,0.021710029463148366,0.021077981725717215,0.019489759206018385,0.017878847793181014,0.01698749841988065,0.01717225083543747,0.017230593703508035,0.01795015574304504,0.017720025541211125,0.016861088872394424,0.01694212063360355,0.016877295224636244,0.014763986892302306,0.012430272169479548,0.011778776809358193,0.013179005643051855
0.02965376033883838,0.02381917094806675,0.023378875544966853,0.022638747075952304,0.021606889137399176,0.020874864264760703,0.019467539694116253,0.017903545593534423,0.016558348595106506,0.016639384558867223,0.016728524119004013,0.0170094487933745,0.016517830613226148,0.016118053192006616,0.015529191855345403,0.01473233821169835,0.013484384369783307,0.011982517841418017,0.01116405460743478,0.012339076081965175
0.030520504543137664,0.023800920353304632,0.023233775961214023,0.022525443724678924,0.020845547677220664,0.02013960845499817,0.018971817470440293,0.017440288310364385,0.017349353766484873,0.016045160966107735,0.015918331207538956,0.015363151887011433,0.015296147486258113,0.015150173613188385,0.014846260795485823,0.013781369426370538,0.012285735480983917,0.01152236391525858,0.010349786902075457,0.011776023432396154
0.031022343590504195,0.023746063043648957,0.023135344052905713,0.021885551261134704,0.02082987986284996,0.01955609453929976,0.01810345579703191,0.016964901107146286,0.0162843856603181,0.016365087812666306,0.01522653312278069,0.014423873877803852,0.014323541472181754,0.014408605903035276,0.013996370584283581,0.01256772437379492,0.011795601078355245,0.010838080946439944,0.010035421701463106,0.011503328418499556
0.03109518181523815,0.02387438072726095,0.02298797072823236,0.02154097723666742,0.020219457306608818,0.019138765663957526,0.017699867240876858,0.016526082310656345,0.015690266489654502,0.015413010394067929,0.014348508888385191,0.013937684162808014,0.013674594437068944,0.013470193957840883,0.013118058478774734,0.012051533205970922,0.011128695398763079,0.010181572386102391,0.009408493345853707,0.01081703526211832
0.0314934552009121,0.024224417039889302,0.022814006650437105,0.021156155841782792,0.02010358236625369,0.018567548379360425,0.01798130492463536,0.015868544422217103,0.01544789570957347,0.0150691215294102,0.013812885554999339,0.013340845370675258,0.012939230536431789,0.012604234276588898,0.012065575517864247,0.011209050989856847,0.010232613027928411,0.009705374596243857,0.008997314319757737,0.010299231602328988
0.03173524791973521,0.024227634322693318,0.022881553989053813,0.021111539876044666,0.019664005304607293,0.018471918010482393,0.01689394227616206,0.015781569026021198,0.014781520110585113,0.013786906243602496,0.01329775188279137,0.012801350790708963,0.012109287954302106,0.011641873787304814,0.011118297452955127,0.0107342206955775,0.009757723656773071,0.008978700045110897,0.008438818565400841,0.009556626863995162
0.032350199095574586,0.024285303522728268,0.022143610208331516,0.021138112208000423,0.019573229704885464,0.0177818051912973,0.016033946448953992,0.015293328337791564,0.014097883574832926,0.013461823314658143,0.012604448936559525,0.01208863020502052,0.01188299976474483,0.010935008582456931,0.010253639920187508,0.010004443708666974,0.009319589784697963,0.00854411905653966,0.00805792504944715,0.009113959344422275
0.03182156461535592,0.02444213513527259,0.022545148783741854,0.0210363750099596,0.019291961287238316,0.017439051472919204,0.015959096973467618,0.014521523759796437,0.013492506141048312,0.012712690482688938,0.011953217841504167,0.011876931527099446,0.011007267542885623,0.010190156353039501,0.009459502986185399,0.00919334851148448,0.00861526777343982,0.008027015526807858,0.007686269989133442,0.008438961624593356
0.031790153730546764,0.024147682404361045,0.022355517059651844,0.020945724654908425,0.018850985940313248,0.01705050814038739,0.01547779161339768,0.014254198205507166,0.013245066142206158,0.01203643515370561,0.011268364291687373,0.011145339954480995,0.010388906529766066,0.009531061151408048,0.00882117747590635,0.00852026659706371,0.007993256936328253,0.007672396164965661,0.006872737973124167,0.007848620215558587
0.03195162375490245,0.02424883900293736,0.022299348528856722,0.0205467762844812,0.018296985510100266,0.016373750799980307,0.015256239846403778,0.013592280805395554,0.012253236843400782,0.0116920198887412,0.010850194456751835,0.01026108075288403,0.009849193455750825,0.008948292554849933,0.008511790479003592,0.007847191453748828,0.007509148492755047,0.006732962470667389,0.006306306306306308,0.007203925236712121
0.03165217900503598,0.024221830390255963,0.022513891238434815,0.020192720600674067,0.01810740822673624,0.016161984202376148,0.0144459120069749,0.012988470597420849,0.011623745884679954,0.011119497182713708,0.010335471781591993,0.009728746730516479,0.00916756672348953,0.008290824625554674,0.007654820617590798,0.007290460265202285,0.006654456257238409,0.006210392077764911,0.005621559722565617,0.006420224602131507
0.03159881334789719,0.02450540004265743,0.02201381842154588,0.02003444910516349,0.017670516607312513,0.01574446907659594,0.013779642065395132,0.012462755540618271,0.011108705347044032,0.010313725997117391,0.01009397560770678,0.009177810381266924,0.008473316485803477,0.007846381551308483,0.0073309376232056425,0.006487483922673714,0.006047983143852481,0.005807227202512911,0.005057490579817867,0.005884786163481364
0.03239803669698221,0.02457022602421492,0.02194648664899286,0.01940956217956859,0.0170928903415202,0.015454660915447102,0.013411295262317668,0.012186240480504424,0.010618749125822127,0.009887253160303726,0.009425848012822882,0.008679882896338175,0.008152562727788647,0.00728602135325146,0.006644555660412242,0.006141350743473207,0.005604384474279476,0.005162271528087032,0.00472819699909809,0.005233009599477824
0.032440748040959574,0.024405877922535783,0.02209188660801565,0.01901671394003494,0.016667467910196625,0.014957614217265195,0.01332467990320978,0.011541111805522173,0.009961059564444022,0.009369741839334648,0.008903418104898808,0.008094162139640725,0.007337788247359904,0.006594234251558417,0.006049388651186643,0.005680816627405733,0.005129561078794287,0.004589522939602263,0.004273832988798616,0.004849125843308816
0.03258403431884354,0.02449358760147035,0.021698706008195973,0.01901095088331369,0.016801267609912556,0.014809035078322237,0.012616939732567575,0.01083576233273481,0.009463903976310662,0.008944260659483332,0.008160798427959047,0.0073485559511951,0.006836907146934345,0.006131791138562491,0.005696889654940849,0.004990174744055679,0.004772724002244859,0.0042818609306571965,0.003727041758536939,0.004387388496535976
0.03245785853739457,0.024474587517705156,0.02141366901884722,0.019037030893105523,0.016451440019395917,0.013971123049242662,0.012119259382137888,0.01065180496892825,0.009252938098944709,0.008354919800426202,0.007691375196192273,0.0071793612107136934,0.006534957316217286,0.005794849873033291,0.005150445978536884,0.004737325660035475,0.004191815432516239,0.0036686360330241067,0.003407046333278039,0.004040284813760894
0.03234542114161807,0.02402065827556892,0.021384244562396713,0.018886338091402045,0.01628335716082441,0.0137950029134282,0.011782667808688063,0.009832422157337858,0.008993418517940669,0.007950634108443213,0.007498495524783245,0.006742277823239288,0.006056109761417299,0.0054957126436415635,0.004683773637773313,0.004253923575843065,0.003822481476646406,0.0034292482718435483,0.00316019397382054,0.003580491812152339
0.03159275780635004,0.023717627601122754,0.02120496489428529,0.018456938845288363,0.015581689368097135,0.01339026581745028,0.011376955066275453,0.00986458656361569,0.008525559981870658,0.007873539912374865,0.006852571901115592,0.006400928731025818,0.005682116361728014,0.00492036608541463,0.004395569444113132,0.003910530124122357,0.003576568625112315,0.0032855450331178487,0.002768699856078497,0.003175814826300264
0.030797742450903703,0.02376709861783032,0.021009423379310454,0.0178772882119697,0.01544805875847493,0.012763371472182861,0.011010073924102049,0.009485260400386521,0.00826826563171866,0.0072432609113021835,0.006591129425092939,0.0057898486452008045,0.005094876404423071,0.004669642247965461,0.004119059217029677,0.0036779581144355893,0.0034082200301154644,0.002941731813703011,0.002445096399631252,0.003003612903635276
0.030671081551679854,0.023102027612061007,0.020699530918467348,0.01787520972289619,0.015177753039197961,0.012770498926409067,0.010561470613421628,0.009243665496341546,0.007664202323523533,0.006837997189951061,0.006111697859478524,0.0053092798218822256,0.004660685004931858,0.004272162437321002,0.0037060295530880407,0.003453886335740588,0.003019375382575794,0.002730758618064873,0.0023232063736730764,0.00272917281166646
0.030610660167157414,0.02276941215995639,0.020560297422276875,0.017210176507316707,0.014427389219393303,0.012257892751758261,0.01039107986726295,0.008723943063791753,0.007473590461188358,0.00645936274804999,0.005706615617205104,0.004995071487206468,0.004313637242441627,0.003863573694736475,0.0035545511883896294,0.0029713702533350666,0.002841422327589212,0.002381850395073388,0.0020934293891496647,0.002541908206053037
0.030104782502683693,0.02235455054987857,0.01999385681307929,0.016703768560182644,0.014183161967973097,0.011972881312995377,0.01004126068328705,0.00833763461970823,0.0071248301915471015,0.006317349436505094,0.005414870945575796,0.004629556328907494,0.0040738195739668205,0.0035687482781660376,0.0031428417622713315,0.002731184906759722,0.0025617722777607132,0.002183364629809657,0.00201711859200689,0.0022419465669401544
0.02923126793747678,0.021906847668819816,0.01955866889097967,0.01635660692119765,0.013622599441813401,0.011315533558400074,0.009707386880242882,0.008069196163850696,0.006764652398383948,0.005928163123314964,0.005153343189886228,0.004519255856610875,0.0037001604984147813,0.003227362212506225,0.0029427344818589354,0.002601181205082186,0.0023244598002862085,0.001967093871806833,0.0017852483772266183,0.0022121899731975562
0.029312849338428017,0.021579246534247004,0.018865064578267598,0.015738781697034767,0.013313544067957182,0.01103988379069694,0.009318849275270788,0.007673603435753308,0.006453089967474027,0.005560994094799002,0.004823633435437525,0.004139956421511353,0.0036946979505478907,0.003126282881232829,0.002598920011368303,0.0024047115293523236,0.0020778728644961627,0.0017462974073957115,0.0016831401774718168,0.0018820854517320872
0.02835544721402995,0.021160805067352084,0.01806002008247709,0.015682330577781713,0.01285467991183919,0.010887481291088559,0.009201311044730879,0.007339892767150623,0.006121050604053122,0.005183236815348571,0.004594340277997055,0.003920187941672403,0.003421283636570318,0.002990268208428325,0.002412423348721479,0.0021298161632364366,0.0018929944994221554,0.0015788110920952083,0.0014903976709378772,0.0016924854907260638
0.028036263492008447,0.020233086416639214,0.017565818616331184,0.014785050058563237,0.012719966832556433,0.010571334437863853,0.008775815510824344,0.006959803391465688,0.0058752405979598235,0.004924671754233027,0.004235785212427703,0.003696656614493101,0.003253688380517595,0.0025348502499381266,0.0022810499450624804,0.002005180048458518,0.0016552193796237763,0.0014739334475697438,0.0012595431279232357,0.0014928502404797297
0.02711723776758771,0.019403707857547352,0.017013933253516432,0.014933330809478963,0.01216340064137449,0.010063869289582321,0.008410744679005157,0.006610921033329073,0.005626617830084659,0.004716452848879488,0.003993999536241759,0.0034781867999261755,0.0030049641060586703,0.0023487619705623948,0.002022238311793813,0.0017872043738396187,0.0015963378873130566,0.0013770780391544454,0.001121537784465992,0.0013013624081356441
0.026037909406787404,0.019039758569308944,0.016896053124832642,0.014079781754719767,0.011967578227135124,0.009801821440834675,0.007837676922640743,0.006549248521772551,0.00526239521674894,0.004388217023005849,0.003862135010915414,0.0033029759860887533,0.0027894947407549743,0.002134254869408803,0.001932642601302289,0.0016696015952570717,0.0014191613559685105,0.001245900813064475,0.001093116516140007,0.0011734464042136969
0.025487471325216157,0.018687451158335224,0.016130353676674477,0.014099485744536035,0.011405316493987749,0.009530426781617888,0.0075909400287378056,0.006357294108749908,0.005339496836320553,0.004110577529052912,0.003767110338047341,0.0031116867075046016,0.002446809851521338,0.0019300335274395626,0.0017630265446570367,0.001514091608056669,0.001296667422924701,0.0011296604401421764,0.001041430336030654,0.001135962590435857
0.0245480009384009,0.01821851830275396,0.015393868589233901,0.013200592641110464,0.011098637586735164,0.009065960451755018,0.007351331946725279,0.006061817947074818,0.0049124342843827095,0.003956713896363381,0.0033568300943281858,0.002812053728175487,0.002153913493921649,0.0018689293255007295,0.001601264636928595,0.001398154373247387,0.0011541071571963225,0.0010092533257337556,0.0009226559264898297,0.001056488270775897
0.023896902475058834,0.017273749633797138,0.014736318188548012,0.012750159869206513,0.010563968158464247,0.008736891512598951,0.006955491782880292,0.005649762007516216,0.004690546768436937,0.003989642365497233,0.0032525114428550274,0.0026681619293929377,0.0020790872177087827,0.0017420230778681163,0.0014553610523961478,0.001299429511067989,0.0010631695999647184,0.0009828412301896064,0.0007812327727148153,0.0009214136533027557
0.023150319678401324,0.016725271750251056,0.014515382653944585,0.012371601351117381,0.01030651980243214,0.008343747934131451,0.006733550964386788,0.005532592716180351,0.004619675568133525,0.0037996241299742177,0.0030488284754598425,0.0024082124767442216,0.002014713706034383,0.0015661251074251645,0.0013095639089223485,0.001160034376052609,0.0009396750644550981,0.0008515313398160942,0.0006783918807037646,0.0008735672709758451
0.022177064197095905,0.016231723582555303,0.013847295971009385,0.011958313410675183,0.010066185167476158,0.008189785338601303,0.0064282029342929755,0.005136900118277675,0.004400810327905981,0.003425648639806729,0.002831114578352669,0.0022837657598711535,0.001873254146010016,0.0014957722022296601,0.0012110879029619752,0.0010018999924503611,0.0008336059591816192,0.0007565367289931299,0.0006558748773183682,0.0008147318619926013
0.021181900990659763,0.015511998200230635,0.01349669701417633,0.011744124398044798,0.009665894213206593,0.00783466034859519,0.006277167628693734,0.004935206729627129,0.003964526923385518,0.0035193042569894454,0.0026760556732852232,0.0021144143591389428,0.0017635851909187158,0.0014001702229417103,0.001112270053505381,0.0009879852809071845,0.000783466034859519,0.0006623277122005168,0.0005584948642070864,0.0007095244612884396
0.02053693616125369,0.015081787943682508,0.013461898020780468,0.01114283155501577,0.009522941632113728,0.007584101511006924,0.006077336781556822,0.00483924438655507,0.003833687111426745,0.0032067849977139304,0.0025767405175163363,0.0020158280999838167,0.0016214611061444266,0.0012192381960930956,0.0010448368561880269,0.0009379963957056424,0.0007447408568919165,0.0006598969618029642,0.00044778722408058303,0.0005860513494107276
0.019587385886900364,0.014582907782474109,0.013033640777461778,0.011149694389013717,0.00915733073550901,0.007196392376223621,0.005753971371556967,0.004536241220558427,0.003604481246955675,0.0030561098628285916,0.0023553258017378178,0.0018729475354713014,0.0014314221516898947,0.001187876121490187,0.0010008956208852505,0.0009019059440944016,0.000656788649183728,0.0005075185016419717,0.00046666561915685914,0.0005860817371902645
0.01976888894475836,0.014038252430845813,0.012562774589726025,0.010553044921150717,0.008566885186139619,0.006855708009377689,0.005362945550310809,0.004313297842251148,0.0034742082073651328,0.0028818172104512233,0.00218257584804621,0.0016813219275805937,0.001389054751384341,0.001073217641623874,0.0009365120269514331,0.0008422322926945777,0.000634816877329495,0.0004368294353900979,0.0004038315284001986,0.00046668468457143565
0.019046378158436735,0.013894295976289746,0.012148678856683581,0.010189568995830615,0.008057781182498617,0.006412631235243886,0.005073592203747424,0.004155259456472598,0.0033797784698849655,0.002612146481137289,0.0020423092379564974,0.0015070075852715126,0.0012542698548249358,0.0010658939066659962,0.0008790877580750487,0.0007472245943637916,0.0006326292259004368,0.00041756668508564833,0.0003500653036620283,0.000415996885517657
0.018647250166409203,0.0134398980194165,0.01166591311555706,0.009767906258241968,0.007733318262311142,0.006243484922698217,0.004920060786456175,0.003861949436720545,0.003004785049545987,0.002436481921052962,0.0018273614407897218,0.0013501124047071828,0.0010722404330407041,0.0009701970536151616,0.00084774499830451,0.0006546475264684824,0.000500797508257664,0.00044899086947238853,0.00033595820303178737,0.0003359582030317871
0.018122518968896044,0.013223267674991206,0.01116149942213959,0.009526845384654037,0.0076346665996683575,0.00583827445856992,0.004602469725139442,0.003803200844178684,0.002848474951007489,0.0022941686347419735,0.0017806894125923323,0.0013096075574091752,0.0009924124415858502,0.0008495176121802926,0.0007254660569820616,0.000549595497713683,0.0004412466710215568,0.00040513039545751474,0.00032347620722576764,0.00035645193708858856
0.017253195864000717,0.012570163153346579,0.01073521731561539,0.009096312699864027,0.007495047998732791,0.005667943809880789,0.004510516435311886,0.0035161953574301985,0.002775943703234365,0.002195661686174075,0.0015636247865111093,0.0012044772678440638,0.0009096312699864025,0.000802984845229376,0.0006822234524898021,0.0004955922091650055,0.0004469739861140081,0.0003513058697878522,0.0003105292956160479,0.0003262125933744341
0.01701075643276092,0.01218549944390325,0.010157197335127904,0.008685776315768832,0.006997877577143718,0.005413511660776275,0.004258963824690694,0.0034197204927534867,0.0024910624506846507,0.0019435934360190691,0.0014949512062358127,0.001206314247214418,0.000862773518813953,0.00068708145680093,0.0005192327904134881,0.0004847218496609302,0.0003560901614013952,0.000315304504148372,0.00025883205564418584,0.00029177431727162777
0.016677276818334343,0.011855668486595146,0.009980337246022762,0.008296302336010437,0.006624811447674181,0.005298281155429838,0.00409248707181766,0.0031344374163078566,0.002479012283733227,0.0018784672459914004,0.0013641623572725535,0.001099169899365586,0.0007840013547543416,0.0005535049564565648,0.00043276874782439636,0.00042963274240537903,0.0003622086258965056,0.00025558444164991526,0.0002085443603646547,0.00027283247145451077
0.016344012549894767,0.011172352619445757,0.009680407087995009,0.007857788754930707,0.006248305497787942,0.004855091655918494,0.0039179241897341,0.0031312050124354908,0.0023601575318958202,0.0017270209828347909,0.0012882134735845716,0.0009214957694254597,0.0007459727657253717,0.0005610467439699227,0.00041059845508413344,0.00038865807962162245,0.00032440412290998333,0.000213135075921535,0.0001880603611072367,0.00019119470045902395
0.015564348736729232,0.011057146619676795,0.009337355064057135,0.0076348084556679425,0.006159581606225739,0.004767444047984851,0.0038236751177359593,0.002883041632438058,0.0022371399725335016,0.001613186427285896,0.0012040108611813104,0.0008622473615230736,0.0006976365015959414,0.0005016711921588793,0.00039663378630061383,0.0003119767726238031,0.00020066847686355175,0.0001943975869615657,0.00015520452507415325,0.0001755849172556077
0.014858002633063753,0.010601216224688112,0.009106012162246883,0.007450943514513198,0.0057864710676446595,0.0045624098802582915,0.003540530374271206,0.0027662842455018484,0.002009278415146385,0.0015124443608551187,0.0011253212964704405,0.0008024575261739077,0.0006175161431885148,0.0005172089524167762,0.00038712306438467805,0.00024449877750611245,0.0002131527803899442,0.00017240298413892543,0.0001426242868785656,0.00017553758385054226
0.014525335854298257,0.010237500607508648,0.008741853504972162,0.007123920790278606,0.005581240759989403,0.004443043908373585,0.003547850516813488,0.0026213018400849113,0.001912672395277267,0.0014987826310533339,0.001050402053144073,0.0007650689581109065,0.000567530661549484,0.0004624904562350768,0.0003119850874263739,0.0002492745170894143,0.00017402183268506278,0.00011758231938179922,0.00011915008364022319,0.00015364089732555094
0.013923352633030052,0.010014850740657192,0.008297929668897412,0.007091698623956691,0.005429606236057849,0.00428603654410106,0.0031800636639346324,0.0024735569090407793,0.001872007920395017,0.0013566182921021627,0.0009524525653557915,0.0007644685064039903,0.000606248590119558,0.0004072987943955686,0.0002913752913752914,0.0002428127428127428,0.0001503872471614407,0.00010182469859889215,0.0001190565706694739,0.00017231872070581748
0.013372134934291145,0.009560927602731781,0.008175603885174843,0.006658643072284436,0.0054362986156165465,0.004011797191115122,0.003019817651280798,0.002324021575946769,0.0015765109274460212,0.0012552537305012548,0.0009057885845564612,0.0006957960753340292,0.0004999075406116111,0.0003714046618337048,0.0002601399741113713,0.00023976756650023978,0.00014417396155569972,0.00010342914633343676,0.00011126468772233345,0.0001504423946668171
0.012957042048025303,0.009336161427267045,0.008065401764002673,0.006469892409015176,0.005283850056635091,0.004060155566084208,0.0031063013990907007,0.002354827474765224,0.0016472810449723412,0.00114682137511884,0.0008518796261142683,0.000655774739808037,0.00047378940531585457,0.0003184743353613194,0.000280822197190523,0.00020865559902982992,0.0001364890008691369,0.00011295641451238914,0.00009569918451744079,0.00019453604721578126
0.01231673025138167,0.008962466731662053,0.00758000858942247,0.006232033530095895,0.005086254729668305,0.0038668075248356566,0.0031552020865399993,0.0022147543707307597,0.0016802665855791747,0.0010768126346015793,0.0008338636413508589,0.0006990661354182012,0.00045141490358843495,0.00032602187481386974,0.0002257074517942175,0.00016614576312629903,0.00013323009307297557,0.00010971890017774462,0.00009404477158092397,0.00014576939595043213
0.012082755595246488,0.008900691718956863,0.007277541460051856,0.0059332722301865225,0.00478797991429892,0.0037962288391185477,0.002932951046978919,0.0020712400021934466,0.001508777702051656,0.0010418869905133446,0.0007003360673074663,0.0005937972472248987,0.0004919586692047973,0.0003243167023101689,0.00021934462958175685,0.0001222062936241216,0.0001065388200825676,0.0000814708624160811,0.00008460435712439193,0.00009400484124932434
0.011702327621315123,0.008342470473982644,0.007136367908273553,0.005822186021741175,0.00467717176780176,0.003593245825632029,0.0027677704332571035,0.0019736223802512454,0.0014065975376711252,0.0009429529150089283,0.0007440243100153508,0.0005341311362425991,0.0003712289715234485,0.00024435324707872553,0.00017543310046677733,0.00011121205476018919,0.00010964568779173584,0.0000673537796434949,0.00007518561448576172,0.00009398201810720216
0.011085301410002754,0.00814570863282326,0.006949835958826915,0.005650654912469633,0.004492348919331813,0.0033246512559793632,0.002679756567908036,0.0017609381652433059,0.0014510130481604853,0.0009626461969996743,0.0006934183175135867,0.0005196724185429133,0.00037879736532344906,0.00023792231210398461,0.00016278895038693682,0.0001142653209446768,0.00008922086703899423,0.00008765558866988907,0.00007982919682436324,0.00011739587768288713
0.010717338418041946,0.00796520857011356,0.006811443099167473,0.005505825184962538,0.004417810256458424,0.0032734377201469054,0.0025783605571888827,0.0017721336677218064,0.0012038611223304495,0.0009142456377646064,0.0006293266205160478,0.0005119149375839492,0.000330318201315637,0.00020194809464320928,0.00017846575805678962,0.00010488777008600794,0.00009549483545144006,0.00006418505333621385,0.00003757173853827152,0.00010645325919176928
0.010168844139295629,0.007534274452344502,0.006566856706333926,0.005264443171251724,0.004235974790784173,0.003268557044773596,0.0023950633517737553,0.0017892532098545122,0.001225708891790098,0.0007451308205518351,0.0006120717454532928,0.0005087552871414839,0.0003177763793529886,0.00022072152457522858,0.00014558228216664007,0.00012053586803044395,0.00008766244947668649,0.000051658229155904544,0.00004539662562185549,0.00007357384152507614
0.009898540352877246,0.0072990186022402846,0.006276435648525867,0.005133272469028893,0.00409816169964875,0.0031022003542239877,0.0022894583129103845,0.0017382344236186909,0.0010664303085444402,0.0007532349169014325,0.0005747135436649186,0.00039775814738661963,0.00027091401377120155,0.0002051429815261699,0.0001284101105736331,0.0000955245944511173,0.00006577103224503157,0.00005167723962109623,0.00003445149308073081,0.00007673287095253684
0.010063458173018222,0.00722709385360478,0.006267551178218225,0.004976160138750186,0.0038553892487391316,0.002880193348631752,0.002236845812605855,0.0015512345698337317,0.0010769418607927423,0.0007325709169345982,0.0005932572169192581,0.0003928959404927011,0.00029897659216775266,0.00018157740676156707,0.00014870563484783503,0.00009391934832494841,0.00004852499663455668,0.000023479837081237103,0.000028175804497484527,0.000050090319106639153
0.009582665154300464,0.006902647944616104,0.005787147494817537,0.004792114835530175,0.003637501466734462,0.002892791489028826,0.0020401298548910706,0.0015676457934055623,0.0010826455978409668,0.0007243712598271207,0.00045370986036687903,0.00034262917041498806,0.00030195173465795763,0.00020182266202526704,0.00013298392459029222,0.00007822583799428954,0.000042241952516916346,0.00003129033519771581,0.000026596784918058437,0.00003598388547737318
0.009430346379063,0.006850611611465975,0.00590882851256154,0.004550908695536543,0.0035981746303657782,0.0026313607514240173,0.0018694863840378717,0.0013610486645296638,0.001087274507871398,0.0007274570448348201,0.00045368288817655456,0.0003300934117422517,0.00024092125785927365,0.00015957122273796052,0.00013141159519596755,0.0000797856113689803,0.00004380386506532251,0.00002190193253266126,0.000012515390018663576,0.00004223944131298957
0.009223617591348538,0.006677229692634717,0.005759091058393302,0.0045031024326763515,0.0033440892674755267,0.0025729779443392155,0.001808123102526525,0.0013670411692112308,0.0009588057628449477,0.0006600587796420359,0.0004535948959625363,0.0003222087881664913,0.00026590045625390067,0.0001611043940832457,0.00010636018250156026,0.00006569305389802248,0.00004379536926534832,0.000020333564301768863,0.00002346180496357946,0.000023461804963579453
0.008862291933218424,0.006461370980608068,0.005613619087243365,0.0043341706577741355,0.0033049810898147774,0.0025307427370186036,0.0017674532094134861,0.001331064319655643,0.0009134448445110405,0.0005974930318548246,0.0004348247718734064,0.00034097769880720347,0.00024713062574100076,0.00014859119902148782,0.00008289824787514584,0.00007194942268408883,0.00002971823980429757,0.00002815412191986085,0.00001564117884436714,0.00000782058942218357
0.008609326405426412,0.006220105419685114,0.005402328865010579,0.004192082109144241,0.003299251492090397,0.0023188578022606903,0.001682461898336145,0.0012665373026508157,0.0008678125962607438,0.0006395231565236836,0.0004331244849805875,0.0003346160281077464,0.00022203493453878492,0.00017043526665301098,0.00009538120427370342,0.00006567230458189415,0.000026581647092671437,0.00003127252599137817,0.000034399778590515974,0.000006254505198275633
0.008607378691809851,0.005946318867242681,0.005386260420919906,0.004164456938858199,0.003111609636134093,0.002274650784785809,0.001641065112269816,0.0012499628452846358,0.000816621533465056,0.0006601806266709842,0.00040987517580046915,0.00023935458739493047,0.00017990704281318302,0.00013297477077496136,0.00009855777128026548,0.000056318726445865985,0.000025030545087051545,0.000025030545087051548,0.000017208499747347937,0.00001095086347558505
0.008235215005418729,0.005983276226876578,0.0051857145761429,0.004137937505571204,0.002947850414966636,0.002247247239420188,0.0016670602346707858,0.0011353524675150005,0.0008913924331729343,0.0006130277786031409,0.00043318544559456634,0.0002486515734640291,0.00018609771850452492,0.00011885232442305794,0.00007506462595140502,0.000050043083967603346,0.000018766156487851258,0.000017202310113863658,0.00001876615648785126,0.000007819231869938025
0.008240903340615143,0.005743612518041633,0.00479755055958392,0.0040313185601718845,0.003093075295585722,0.002256475051329725,0.0016513081456716492,0.001114945746083225,0.0008115804238670324,0.0005394898771370447,0.0003393313140253297,0.0002564531589868851,0.00015637387743102745,0.00010477049787878841,0.00009851554278154728,0.00003752973058344657,0.000026583559163274652,0.000021892342840343832,0.000018764865291723288,0.000015637387743102738
0.0077888075773523986,0.005857245858872435,0.004751485425702127,0.0038850196831613174,0.002946609131673076,0.0020566831253450617,0.001524917146168391,0.001118272573856821,0.0008148531622089564,0.0004832814340164438,0.00031905958750600165,0.00017516996961113824,0.00017204193443951077,0.00011730131893603006,0.00007820087929068673,0.000042228474816970846,0.00002971633413046097,0.000032844369302088434,0.00001564017585813735,0.000017204193443951084
0.007937574834855302,0.005495965561116824,0.0046956429310565815,0.003601451835271092,0.002833954938084415,0.002027379787476827,0.001533430664236521,0.001075433534143452,0.0007034085615763854,0.0004705021711877602,0.00035326741092502945,0.00021102256847291574,0.00015162362327313206,0.00013130293149425865,0.0000656514657471293,0.00003126260273672824,0.00003438886301040106,0.00002188382191570977,0.000017194431505200534,0.000015631301368364122
0.007362335430379174,0.005401339544717429,0.00450685019336295,0.0035247884579597813,0.0026991059797864168,0.001923464863926589,0.001468401225387859,0.0009726789799693814,0.0006239532363469181,0.00041127744651438453,0.0003237050624656944,0.00020485682697104335,0.00012823099092843933,0.00010164651719937263,0.0000547327400304314,0.000028148266301364714,0.0000234568885844706,0.000017201718295278437,0.00001407413315068236,0.00001720171829527844
0.007518232417566948,0.005127916326422067,0.004356695231569693,0.003507256987137971,0.002662511771681012,0.0019851512563238555,0.001404780006445093,0.0009933577996577218,0.0006226085106516117,0.0004380160376443498,0.00029566082540993625,0.00018928550198202266,0.00012514743932695707,0.00008760320752886994,0.00004380160376443496,0.000026593830856978376,0.000020336458890630522,0.000010950400941108744,0.000020336458890630522,0.000012514743932695705
0.007086654795647015,0.005134033608847297,0.004504004514947949,0.003404971132786058,0.0027092814385299524,0.0018900872816980457,0.0013585490883338313,0.0009145583621119579,0.0005956354460934285,0.00040334368790578633,0.0002782758777024416,0.00016571484851943158,0.00010787098630038477,0.00009223751002496668,0.000035956995433461583,0.000023450214413127116,0.000023450214413127116,0.000018760171530501693,0.00001407012864787627,0.000015633476275418075
0.0068829292095188045,0.005142256587343293,0.004224219903410655,0.003365613192202788,0.0026493256262042388,0.001881427820734179,0.001263668893726697,0.0009070890573780754,0.0005364337011735859,0.00040506218251883016,0.0002267722643445188,0.00017359807822235574,0.00011260415884693344,0.00007976127918324453,0.00004222655956760004,0.00002815103971173335,0.00002971498636238521,0.000014075519855866677,0.000014075519855866676,0.000003127893301303706
0.006784389960103783,0.004845099146242861,0.004222649352761694,0.003421909919941699,0.0024788515644915865,0.001789152170207177,0.0012574111406001487,0.0008304543727097994,0.0005958627420008166,0.00038629421856745865,0.00024084740752788915,0.0001798535835435536,0.00010791215012613213,0.00007037748921269484,0.000057865935574882434,0.000025023107275624836,0.000017203386251992075,0.0000031278884094531045,0.000010947609433085867,0.000009383665228359314
0.006627227445695509,0.004929381490039614,0.004155501427378782,0.0033206489961446714,0.002584290391067391,0.0018057201462086138,0.0012616590112470567,0.0007551193338690564,0.0005925263510069818,0.0004017922749572411,0.00025326983868900017,0.00017510013538992602,0.00009536703802487045,0.00009693043209085196,0.00004221163978150005,0.00002970448725364818,0.000012507152527851866,0.000006253576263925933,0.0000046901821979444495,0.000009380364395888899
0.00645906394363908,0.004630584675780933,0.004188311485350287,0.0033006394989029135,0.002497358863279762,0.0017487763254130486,0.0011564740668504523,0.0008501647194143866,0.0005454181747713621,0.0003875750926742055,0.0002562996580587488,0.00018441072957885583,0.00010470778713375715,0.0000781401396520576,0.00006094930892860492,0.000020316436309534976,0.000014065225137370364,0.0000015628027930411518,0.0000031256055860823036,0.000004688408379123455
0.006518466644052641,0.004564489832286263,0.003821978643815038,0.0033498978460922797,0.00233695626687259,0.0017648318563873939,0.0011505015467680446,0.0008253598052901189,0.000526792148452216,0.0003454631003202961,0.0002454194875578574,0.00017194995943544143,0.00011567542725656966,0.00008284861681889451,0.00005314816928004552,0.000037516354785914485,0.000007815907247065518,0.000003126362898826207,0.000003126362898826207,0
0.006073731696379042,0.004490842525184814,0.003864249674593613,0.003047022590156711,0.0022313580814070683,0.0016172658363139466,0.0012172464603754244,0.0008312902656222414,0.0005109622497339714,0.00036564271081880535,0.00021094771778008,0.00015000726597694572,0.00012656863066804795,0.000059377876115874345,0.00003437666511971674,0.00002187605962163792,0.00002187605962163792,0.000006250302749039406,0.0000015625756872598516,0
0.005928723979749782,0.004258925137351901,0.003849292837063282,0.0028877513688285454,0.0023139534520120455,0.0016338387549679643,0.0011116357462030836,0.0007833045131473207,0.0005581630961947974,0.00035803739223699886,0.0002141970425173311,0.00014853079590617854,0.00007661062104634474,0.000057848836300301104,0.0000578488363003011,0.000015634820621703006,0.000012507856497362406,0.000009380892373021804,0.000004690446186510902,0
0.005715160882482101,0.0041726769363487045,0.0036288224143077494,0.0030037022740307916,0.002209799695879052,0.0016534427710325583,0.0011736630633699912,0.0007485813679816591,0.0005251009178326461,0.00038132328556894515,0.00024223405435732173,0.00013752643086093112,0.00007501441683323516,0.00004844681087146435,0.00005313521192354155,0.000025004805611078373,0.000009376802104154392,0.000007814001753461993,0.000004688401052077196,0
0.005625628348914042,0.004130881072215369,0.003478883567630278,0.002797178742692391,0.002148308324460226,0.0016339026194038839,0.0012164365912882506,0.0007974070199961537,0.0004831348415270813,0.0003674326464688158,0.000204824156116659,0.00014697305858752638,0.00009381259058778281,0.00005472401117620662,0.00003908857941157616,0.000023453147646945696,0.000015635431764630466,0.000004690629529389139,0,0.000007817715882315233
0.005496765274830444,0.004120619203180147,0.0034966620638750712,0.002841428877487032,0.0020704743168920366,0.0015059416670445862,0.0011290652996949024,0.0007787735723657359,0.0005285651957020455,0.0003628021461623509,0.00021580472487243285,0.00013135939774843738,0.00009695574595717996,0.0000656796988742187,0.00004535026827029386,0.00002032943060392483,0.000010946616479036448,0.00000781901177074032,0,0.000004691407062444192
0.005573198634675735,0.003972818544404298,0.0033445443292782033,0.002755341893699754,0.002184893912304172,0.0014315900026256234,0.0010502494342406318,0.0007829984621347568,0.0004907415511183906,0.00036102324302021715,0.0002594366161963467,0.0001250296945524562,0.00011408959627911632,0.00006564058964003951,0.000037508908365736864,0.000014065840637151323,0.000003125742363811405,0.000007814355909528513,0.000010940098273339917,0.0000015628711819057025
0.005423680068522809,0.003946625986461121,0.003297972606508105,0.002721218155417351,0.00209132101777623,0.001547389990731291,0.0010722318521632986,0.0008127705001820921,0.0004454607549074929,0.0003235451798801789,0.00023445302889868038,0.0001703692009997077,0.00010315933271541932,0.00007189892886226198,0.00003126040385315737,0.00001563020192657869,0.000006252080770631476,0.000003126040385315738,0.000003126040385315738,0.000003126040385315738
0.0054208166863616725,0.004039039883955757,0.0032903169333308316,0.0027588643170208637,0.0021054902181456676,0.0014536792152007952,0.0010504004651773486,0.0007158979360881333,0.0004955014099125291,0.0003704537354866544,0.0002016393750117232,0.00012192148256522793,0.00008440718023746553,0.000059397645352290576,0.000032825014536792165,0.000012504767442587487,0.000003126191860646872,0.000009378575581940615,0.000006252383721293744,0.000001563095930323436
0.005269715316565915,0.0038784229309997125,0.003260939231787748,0.0026512717819328967,0.0019524990894069505,0.001521042124894285,0.001016112416424754,0.0007738086863542355,0.0005236887069266039,0.0003407884719701483,0.00021103873264206427,0.00009848474189962997,0.00008128899331398033,0.000054713745499794434,0.00003126499742845396,0.00001719574858564968,0.0000015632498714226981,0.0000031264997428453962,0.0000031264997428453962,0
0.004989759588571357,0.0037118562249359864,0.0032400630515644928,0.0026464160122228802,0.0019809064365399116,0.0014606841625905505,0.0010341956316951278,0.000709251989108139,0.00046398202811699825,0.0003233814135360897,0.0002077764637695649,0.0001327894693264137,0.00008436036874854518,0.000034369039119777664,0.000031244581017979694,0.000014060061458090864,0.000010935603356292892,0.0000031244581017979693,0,0.0000031244581017979693
0.005040664380190469,0.0034750271486495977,0.003146899585153009,0.0025047070680239694,0.002029703357057477,0.0014296986695208555,0.0010406331299463274,0.0006812553223072058,0.00047187868655223874,0.000335940124532223,0.00017656387940530788,0.0001234384643630028,0.00006718802490644458,0.00006406300049219133,0.000028125219728279123,0.000020312658692646035,0.00000781256103563309,0.000006250048828506472,0.000001562512207126618,0.000001562512207126618
0.004804522344544406,0.0036592492133082914,0.0031186427966538644,0.002376480808472208,0.0018218123751996022,0.0014312008024724152,0.0010390267834543194,0.0006249785163634998,0.0004499845317817198,0.0002718656546181225,0.00017968132345450632,0.00011093368665452126,0.00006718519050907626,0.000043748496145445,0.00002656158694544874,0.000012499570327269998,0.00000468733887272625,0.000006249785163635,0.00000156244629090875,0.00000156244629090875
0.004774045190961809,0.003416504199160167,0.0030353304339132176,0.0024635697860427926,0.001777769446110777,0.0013044266146770643,0.0009498100379924015,0.0006389347130573887,0.00041710407918416287,0.00033118376324735034,0.00017965156968606272,0.00012185062987402516,0.000054676564687062595,0.00004217906418716257,0.00003280593881223755,0.000017184063187362525,0.000004686562687462507,0.000007810937812437512,0,0
0.004647826351956416,0.0035382242302721342,0.003038121865569358,0.002434873388146636,0.0017628608355772823,0.0013534020244768857,0.0009408175735970954,0.0007001433105838849,0.0004500921282324975,0.00026567938124834935,0.00017972428731505985,0.00010314611271994733,0.00005938715580845455,0.00004375895691149282,0.000026567938124834927,0.000007814099448480861,0.000004688459669088517,0.0000031256397793923446,0.0000015628198896961723,0
0.004675129994847053,0.0033603472775253353,0.002968410861791664,0.0023141425024593622,0.0017707406192907671,0.0012101622398151184,0.0009212848019237677,0.0006417763620180825,0.000416920410362112,0.00028263143923424076,0.0001733264627348106,0.00009681297918520946,0.00007963648287815617,0.000028106993956996297,0.00002186099529988601,0.00000780749832138786,0.000009368997985665434,0.0000031229993285551442,0.0000015614996642775721,0
0.004757327832086959,0.0035101702729524666,0.002770940291159715,0.0023849153323799925,0.0017863422181588014,0.001211211915199537,0.0008767611411960519,0.0006110759468942181,0.00041884489454642085,0.0003125708168256872,0.00020317103093669666,0.00012502832673027487,0.0000703284337857796,0.00004532276843972464,0.000015628540841284356,0.000015628540841284356,0.0000031257081682568708,0.0000031257081682568708,0.0000031257081682568708,0
0.00500178077141768,0.0034615697031422812,0.0028304893059990116,0.0023228132439406914,0.00167298788450604,0.00126840911505033,0.0008232162606299554,0.0006498253594346519,0.0004092650100285548,0.000349905962772505,0.00017963922195909855,0.00010934561336640783,0.000056234886874152585,0.00003905200477371707,0.000029679523628024968,0.00000624832076379473,0.00001249664152758946,0.000009372481145692096,0.000003124160381897365,0
0.004699353838847158,0.003424529127245004,0.002940220719651048,0.0022575020934621484,0.0017247628451087977,0.0012092087337991029,0.000952993963330042,0.0005921060854132556,0.00040619414830460804,0.0002827736186274387,0.0001905987926660084,0.00009529939633300425,0.000057804551874117325,0.000051555411130969496,0.000028121133344165178,0.00001874742222944345,0.000009373711114721727,0.0000015622851857869544,0.0000015622851857869544,0
0.004549573477486483,0.0032543824016498454,0.0029715964128362972,0.0022247914258038313,0.0017888947911133333,0.0012701934193669337,0.0009577227134956094,0.0006061931693903694,0.0003796519076336592,0.00027809892822547885,0.00014373652470080935,0.00009686591882011064,0.000054682373527481816,0.00004843295941005532,0.00003124707058713247,0.000028122363528419213,0.000012498828234852983,0.000006249414117426491,0.0000015623535293566228,0.0000015623535293566228
0.004502591644289016,0.0032692187597576946,0.0027243489664647473,0.00222163242365578,0.0017610691313307931,0.0012255667270342848,0.0009195653531505655,0.0006354212202585398,0.00038562418035346284,0.0002373071879098233,0.00018110285393118094,0.0001170923624555049,0.00007025541747330293,0.000035908324486354835,0.00003590832448635484,0.000020296009492287517,0.000010928620495847125,0.000004683694498220196,0.000004683694498220196,0.000001561231499406732
0.004598831943533525,0.0032980417876885596,0.0027358755738780102,0.0022564727193229014,0.0017302226802835823,0.001327336893719354,0.0008198257284737188,0.0005434273400168649,0.0004200630875417718,0.0002873293981698367,0.0001577188544301821,0.00009994066023298667,0.00006246291264561666,0.000026546737874387086,0.00002342359224210625,0.000007807864080702082,0.0000093694368968425,0.000003123145632280833,0.000006246291264561666,0.0000015615728161404165
0.004677042679581822,0.0032836475917305363,0.002722527860064889,0.002169244996159934,0.0015767777934515134,0.0012742746978887478,0.0008667575743326909,0.0005532828639049544,0.0003291484459491229,0.0002633187567592985,0.0001692763436309776,0.00010658140154543026,0.00006269494208554723,0.000018808482625664175,0.000017241109073525493,0.000012538988417109449,0.00001410636196924813,0.0000031347471042773622,0.0000031347471042773622,0.0000031347471042773622
0.0071506778733133715,0.005110617331658775,0.004287830483367145,0.0032621646861816893,0.0025424274627250188,0.0018081988857759313,0.0014072714391524168,0.0008066853444111682,0.000463723311757318,0.00032847067916143367,0.0002785560171320001,0.00016906579074485553,0.0001046597752230058,0.000056355263581618525,0.00003059285737287863,0.000012881203104369947,0.000006440601552184974,0.000020931955044601166,0.000012881203104369947,0
0.009173449720447924,0.006669427674859428,0.005600598926392584,0.004437789706749074,0.0031953360200066908,0.0023638477834944816,0.001608818235397187,0.001087943420570573,0.0006307841794230556,0.0004842383599611338,0.00036636454865480517,0.00025167651603243135,0.0001417671514359898,0.00008601602446678031,0.000033450676181525675,0.000030264897497570844,0.000025486229471638603,0.00001115022539384189,0.000007964446709887065,0.000006371557367909652
0.011957998804686018,0.008610147859367588,0.007374342212885745,0.005741718239551935,0.004322890262726125,0.002951032618466466,0.0022319006302122884,0.0014301656433072939,0.0009037739852383583,0.0006640633224869658,0.00044540832605833073,0.00033203166124348287,0.0002186549964286351,0.00011013733153442359,0.000048589999206363346,0.00003401299944445434,0.000025914666243393787,0.000024294999603181673,0.00002105566632275745,0.0000048589999206363345
0.014856636922558503,0.010989682615719556,0.009052075865646051,0.007221838628577468,0.005503926420498658,0.00379592524438953,0.002804822047420984,0.0018649258489624794,0.0013545077025236792,0.0007945343962364507,0.0006838612059082964,0.0004559074706055312,0.0002296055739643798,0.0001503173182068961,0.00008424377174232638,0.000049555159848427296,0.00004294780520197032,0.0000231257412625994,0.000019822063939370912,0.000026429418585827885
0.0191998384871631,0.01401292102695245,0.011625559406440326,0.009214643830546116,0.007202463070762813,0.005197012012517243,0.0036609576365288204,0.0024916719943470513,0.0017530872505804374,0.0012046165752548868,0.0008142938860661527,0.0005585652276321544,0.0003684511591910896,0.00020693832228540663,0.00009421582152831522,0.00006561458999293382,0.00005215518691746021,0.00002860123153538141,0.000023553955382078807,0.000016824253844342004
0.024826134793949593,0.01807375517996634,0.015150009083150243,0.011962337488731751,0.00898546353200868,0.006539868174355355,0.004875766497914302,0.003364193193464247,0.002200521681308249,0.00150643189865261,0.0011088298503165394,0.0007969178986046227,0.0005329924010022315,0.00033076377296923054,0.00013710415459864468,0.00010454191788146658,0.00006512447343435625,0.000029134632852212006,0.000032562236717178124,0.000025707028987245885
0.03148707655100555,0.023611386992566877,0.01913339536310065,0.015216459494213458,0.011801337473297577,0.00850818409598584,0.006072296042291759,0.0044117800800811255,0.0029272474464993262,0.0022041476308462186,0.0015838499576594565,0.0011186267027693854,0.0006446914019075896,0.00046348084569572666,0.00021257392171007008,0.00013242309877020762,0.00004878745744165541,0.0000191665011377932,0.00002090891033213804,0.00002090891033213804
0.03965186663149454,0.028901938775690868,0.024325429634180242,0.019414313054470195,0.01462358433612291,0.010521545001159616,0.007933205981860383,0.00590254602622685,0.0038134625496378622,0.0028539004781876665,0.0018854863581078559,0.0013756083570420695,0.0008515670781689004,0.0004726993968214063,0.00037709727162157144,0.00016641851423674985,0.00010976540300721799,0.000047801062599917504,0.000031867375066611665,0.000026556145888843057
0.04923979842895268,0.03631116363100862,0.030558917866622615,0.023984153038830797,0.01825704977856637,0.013463810957103296,0.0097588833854741,0.007039901154040937,0.005076989939406564,0.003559460226354372,0.002456781831308165,0.0017671588611163987,0.001090107142985421,0.0006788476112825194,0.0004076677453998198,0.00023885378915496043,0.00010595769594092227,0.00003412196987928006,0.00004130554248544429,0.000019754824666951617
0.05876348552223651,0.044029630594874164,0.03781104251841959,0.02916908731903928,0.02222475598919167,0.016272213444529504,0.011762108238905269,0.008658243701326788,0.006122666898325359,0.004256728508679058,0.003000704025250797,0.0020939774168969674,0.001370043997053591,0.0008162349308734076,0.0004977042261423218,0.0003420585408759957,0.00016831452011358518,0.00008687201038120525,0.000050675339389036384,0.00003076717034334352
0.07068732687610789,0.051574085196064504,0.04431607645296671,0.034897772730416284,0.02670430348231543,0.01965559037749654,0.013857191216135056,0.009998871623515362,0.007017773749595059,0.004992155963469721,0.0034888672920056346,0.002391430162595411,0.0016470656751513292,0.001053758039682453,0.0006788458528524268,0.00039129184547794015,0.0002438749176467162,0.00008189829323956889,0.00005459886215971258,0.00003275931729582755
0.08119152401571299,0.05922718539079727,0.05053815628982092,0.040058605501718705,0.031196886491831773,0.02232244296234087,0.016089246144925004,0.011286648888694989,0.0078110372483044576,0.005555161701377339,0.003915516460983897,0.0026067087302928996,0.0017850683215813305,0.0012088293623743222,0.0007834668498997488,0.0005017096300982153,0.0003072062590094144,0.00015087644673243426,0.00009270721425727888,0.000069075963564247
0.09046414849268747,0.0656204308058471,0.05489200828668145,0.044660641528464606,0.03461793827075388,0.025367984529592946,0.018046389452259066,0.012644082678150951,0.008638611436636275,0.006153332631892113,0.004547878805469788,0.0028789324548386744,0.001962826034111812,0.0012734786284163515,0.0009288049255686212,0.0005768749342398858,0.0003428596307274793,0.0001523820581011019,0.0000997739666138167,0.0000725628848100485
0.09841334145984164,0.07091041609772065,0.05974973007091403,0.048373824203370094,0.03713175252250314,0.027812190847550194,0.020080553711818827,0.013681832732586633,0.009353924506667293,0.006711603604841905,0.004749305056942831,0.00338383463881951,0.0021612412578243274,0.0014450475020934203,0.0009060936152050106,0.0006040624101366737,0.00034181974705338713,0.00017362272866203792,0.00008861993442124853,0.00008319422415055985
0.10616368650379797,0.07597659099628763,0.06426668539963362,0.0506492594173687,0.0401137667493439,0.030089828179065553,0.021308749916692335,0.014838671328293444,0.010059963506739366,0.007113123704228069,0.005070509806888328,0.0034565926534347083,0.0023524283509044966,0.0014554074330251402,0.0011005618088841098,0.0006574550904135846,0.0003746593391945905,0.00019633590371254984,0.00009906857526780036,0.00003062119599186557
0.11087016082387088,0.07964909201933253,0.06752059766813444,0.05378762510363749,0.04177373633910363,0.03172963109536079,0.02251999777951676,0.01588003660215923,0.010771134434143861,0.007512038063380465,0.005135762852389792,0.0036082852676309046,0.002444322278072548,0.0015113611741342347,0.0009777289112290195,0.0006428657126945384,0.0003885845672833283,0.00020235048895399124,0.00010027988833118148,0.00006804706708187316
0.11489402580952755,0.08343977599009457,0.07071468979822738,0.05628711409348215,0.043638524295610534,0.03251986237765025,0.023498624843893978,0.016444945723139984,0.011515375775193109,0.007946730046004576,0.005310272932017832,0.0035953305177916376,0.00246389548102,0.0015299278799113356,0.0009695473192461365,0.0006012972365232921,0.0003895979136053283,0.0002294891819867002,0.00013164495710864978,0.00011385509803991333
0.11952786546254773,0.08670258250581142,0.07354662124959503,0.05840071241539625,0.0448056879925076,0.033837960905674015,0.024458296966038115,0.01740141881137811,0.011913129227974693,0.008273153942981977,0.005158992208399209,0.003590403637142618,0.002475041560515474,0.0015650477392672951,0.0010427750208466488,0.000660365166003056,0.0004071956787686403,0.00026733281519158563,0.00016464868750210235,0.0000885207997323131
0.12243742392972431,0.08864017216136597,0.07437864916829831,0.06120195445485172,0.04742551727787479,0.035007320385951925,0.025127445273500203,0.0183186043640084,0.012292956553950367,0.008264098357764019,0.005440016933904851,0.003669012718068124,0.0025030428110282043,0.0016563475683970994,0.001038965620645252,0.0006879398846377729,0.0004515707960699228,0.0002398969854121466,0.0001464077190382953,0.00011465664743962887
0.12713528820681466,0.0902143896114847,0.07747468572352102,0.061910182628187545,0.04879981168005283,0.03634293905601114,0.025899262881997884,0.0188407782954234,0.012848620275312524,0.008751958738256354,0.0054546029470666346,0.0034800542473877637,0.002429538124249004,0.0016530696854073121,0.0011120011805131017,0.0007466042681170113,0.00045850285642009403,0.000259993956897218,0.0001668880128732143,0.0001001328077239286
0.13158092916301076,0.09397586985342923,0.07888445796489238,0.06410653832749255,0.049883797704676276,0.037506983521516234,0.027095187806377378,0.01853982665104459,0.013044079812675245,0.00850807461465848,0.005502752251802581,0.003574512204305878,0.0023538189135654574,0.001579720729193484,0.0011086066758087313,0.0007145521701895141,0.00043783833957690817,0.00022767593657999215,0.00014185962202291824,0.00010508120149845795
0.1322217318725176,0.09513559526031468,0.08096119395695352,0.06591288482034306,0.05046861345190106,0.037960044445452285,0.027614440934470873,0.0187968678864164,0.013117339133802091,0.0089414202659401,0.005977808671747311,0.0037799566360304697,0.0022414602110286817,0.0016222241216005244,0.00109892601785842,0.0007256400371890519,0.0003540983835321576,0.00027385934095836814,0.000148267796060263,0.00011861423684821042
0.13481357921294612,0.09721252474669997,0.08245765854864631,0.06765403895744351,0.05238203855348684,0.03898007901532075,0.028130707847032747,0.01957274615675261,0.013050238630447538,0.008986295072947265,0.005780759473393707,0.0037087402645568056,0.002216538195671743,0.0015792616995084618,0.0010516803379306623,0.0007278185120116173,0.0003865447599678925,0.00026814366232006954,0.00014974256467224661,0.00009402440107327113
0.13606589916633582,0.1000553686717787,0.08444941253491015,0.06845517923431045,0.05336286329161531,0.03938140309089516,0.02903721192620297,0.019922274921125756,0.013438220402136743,0.009184583133100714,0.005780628625951539,0.0035606582952020776,0.0022617580075635687,0.0015827082593343224,0.0010272803883468098,0.0006337797650139642,0.0003673833253240287,0.00022809106927700352,0.0001479980220499641,0.00012884533684349818
0.13902173875291318,0.10186198201577526,0.08698800704364769,0.06973489071579161,0.05408812895293468,0.03994699898235268,0.02879629340196374,0.020097666357551947,0.01342391436480399,0.008905282388449532,0.005949589988851028,0.003596497626068443,0.002332253168425842,0.0015299441856911136,0.0009447101441724927,0.0006164928330537407,0.00032821731111875224,0.0001927625477999021,0.00011982536755129051,0.00014240116143776548
0.14222665814138458,0.10381956898807325,0.08844806942213494,0.07092618873103258,0.05474894603600371,0.04046736567049094,0.028823077869441882,0.019949506763910343,0.014009533760637103,0.00916121273871223,0.005936507441427674,0.0035504681107662865,0.0024085654826574623,0.0016617369049413716,0.0009183738890708312,0.0006411289414268068,0.0003829445839333089,0.00020793371073301833,0.00015421750212698857,0.00016114862581808917
0.14624362410305178,0.10569032592720669,0.0892556410478084,0.07164346848793983,0.05505835566698366,0.04183107115068729,0.02982450073484914,0.020698538947004408,0.013967320826489145,0.008847583643122678,0.005878793118353937,0.0036413936197804107,0.002263335350566266,0.0015613382899628252,0.0010287887957119391,0.0006138151638281316,0.000368289098296879,0.00024206795193222104,0.00013832454396126915,0.00014178265756030085
0.14921915088814128,0.10739418064834923,0.09071809783463172,0.07160418318811737,0.055982017750732964,0.04219988838842211,0.030510044178143132,0.02090384645287694,0.014015373371827232,0.009103427304753168,0.006244028521423028,0.0037336318856655147,0.0023583560962209286,0.0015083112615390988,0.0008880549695659758,0.0005787906902813267,0.0003438189473611463,0.00023151627611253068,0.00016931787357483591,0.00010193627082566652
0.1518898056042273,0.10915446806749352,0.09222071991280474,0.07381762116968585,0.05695285661069798,0.04235420317048607,0.031197831155751164,0.020608849215656522,0.014072653522992232,0.00940073950414592,0.005899822022323091,0.0036975207295705075,0.0023419930740469917,0.0014158883017618407,0.0009536982105655277,0.0005294490970047322,0.00036216387742994704,0.00021039996688787402,0.00017418357914487933,0.00010002621376636635
0.1544857308217007,0.11018995714423512,0.09354545329272834,0.0750199809836156,0.0582996871942565,0.04346725185685349,0.030911959652193087,0.021917072028000934,0.014394920696165036,0.009141300004133995,0.006023577560666399,0.003777439402499689,0.0023839380451708024,0.0014813487852939969,0.0009508192203282395,0.0005787595254171888,0.0003014372528214528,0.0002084223290936902,0.0001274648954787857,0.00007923493502735328
0.1549095711659533,0.11106315143239893,0.0949653228593981,0.07622436187354582,0.059067216731698846,0.04388941147741988,0.032085598281705985,0.021877638618279745,0.014402234194945197,0.009526970440596583,0.00609107027086518,0.003834863552803316,0.002445370391070098,0.0014393635846172103,0.000868433226083263,0.0005743696980431878,0.0002837455095123533,0.00014617192914272742,0.00012725556184190387,0.0001272555618419039
0.15710209149340448,0.11324692518229403,0.09627969351287208,0.0774192110082933,0.05964083110967823,0.04467831884813524,0.03209265953725108,0.022216543994073294,0.01476701353399963,0.009725204244723248,0.006230235764605812,0.003796791077026498,0.0024351595886981155,0.001462810654337671,0.0008694548672323558,0.0005590577647292859,0.0002829586846022459,0.0001800646174741565,0.00013033248502891323,0.00012347288055370727
0.1581036946665342,0.11494213482568481,0.09715077844680758,0.07909554179418025,0.060248664320302674,0.044662593086336834,0.032423003505837926,0.022443531334925756,0.01520224538123845,0.009893796757356948,0.006401666900846131,0.003973625680691162,0.00247430594347479,0.0013930822244078973,0.0009544241070051647,0.0005825928121755046,0.0003238530632387365,0.00014907521958608494,0.00009252944663963892,0.00010109698799516105
0.1610610435741713,0.1153836931687784,0.09875864478538321,0.07904048448477252,0.06212770476024099,0.04596165637342048,0.03256330945848276,0.022523540876689993,0.015357660333151784,0.010029492462466472,0.006271858162150312,0.004035089522126196,0.002366932818157218,0.0015328544661727284,0.0009796567091070396,0.0006199925326866228,0.000321985072223992,0.00019010820753650594,0.0001181753722524226,0.00007878358150161507
0.162924869508035,0.11726638170783502,0.09947529215130223,0.08143931609880398,0.062077870480731025,0.04570815009658462,0.03307166440617593,0.022683681996903814,0.015583686106886964,0.010305782746290742,0.006283136739139373,0.004043195922896715,0.00237009028262984,0.0013991067636622686,0.0009076212787527574,0.0005274478374638664,0.00030139876426506674,0.00013871193128108173,0.00008048717000260297,0.0000667872261723727
0.1641476779597475,0.11908491294381876,0.10042916103895656,0.08139166636709279,0.06261779674508658,0.04593752086318373,0.03343758505759522,0.023332528763375972,0.015709656380154174,0.010029734851402782,0.006522152207517421,0.00410159493155164,0.002583183118410443,0.0014413785193516193,0.0008696202943356563,0.000587164883773878,0.00027731985764247304,0.0001609139914715585,0.00006847403892406744,0.000059914784058559
0.16607791994413754,0.11980653508862012,0.10122336092227854,0.0818511976888268,0.06300274520274109,0.046993626474434,0.03307079337043808,0.023248649647778848,0.015675381487338526,0.009996713971781233,0.006549807288136752,0.004138341788010105,0.002519288301054952,0.0014564635490473942,0.0008608709343958156,0.0004877698137232756,0.00027554715792788546,0.00012664900426499079,0.000053055663948847486,0.00005476713697945547
0.16805915123989845,0.12157023012759784,0.1016319941997859,0.08260346166079006,0.06365871759181677,0.04717290862268854,0.03397194967219897,0.02317691678949942,0.016183144495781503,0.010203383686213888,0.006530370755430007,0.003979097341682541,0.0025649531639552275,0.0015919809304282106,0.0009028635137122399,0.0005403501332065678,0.0002462355037397019,0.0001521872210613435,0.00009233831390238814,0.00006326884471089558
0.16879426087223687,0.12344142843244181,0.10311961807422426,0.0824103517315186,0.06414530111474671,0.04790628685739059,0.034195124199271856,0.02404104643839195,0.016044432837833463,0.010527878908910292,0.0065048227175514145,0.004222758174553188,0.002645624563685305,0.001573719901753452,0.0009626659702700077,0.0005581414402097383,0.00029187212928399165,0.00015532376470668566,0.00006656732773143669,0.00009217014608968155
0.16986945178611287,0.1229429837790308,0.10498557511251068,0.0836813880609986,0.0645907779555683,0.048235187864349834,0.0344953334253527,0.023940371451503236,0.016314692595678845,0.010633348840300396,0.0066339145889886915,0.004152799859585265,0.002627664088420386,0.0015575129551337425,0.0008810002164159139,0.0004975861957320055,0.0002794662195207154,0.00014995748364526196,0.00010905998810564502,0.00011076405041979575
0.1715153561731679,0.1250528699875841,0.10505266532956763,0.08506951550625572,0.06498574215818702,0.04852100473442211,0.03518071302852933,0.024193988511863346,0.01627201779160357,0.010568881066404707,0.006861160001637266,0.004284174477780961,0.002575280040385847,0.0016116818795792228,0.0010147626649202512,0.0005389327766635285,0.0002626444544499475,0.00015690447928178684,0.00010062352475679808,0.00011767835946134011
0.17408448784145328,0.12533612800981545,0.10679924339246455,0.08552902884992246,0.06558287749433397,0.048879573300615174,0.034960721162858074,0.023865514714653303,0.01618356253088629,0.010808922515890463,0.006817988173747084,0.004188606581122302,0.0026379019477531826,0.00160523490619089,0.0008946372884821839,0.0005435986571920318,0.00029139614539133984,0.00013291754000306736,0.00009201983538673895,0.00010224426154082104
0.17573063817342147,0.12634752327772075,0.10749920083792992,0.08578239667004464,0.06599718422896163,0.049553149378694004,0.034668330737473545,0.02408538451597984,0.016406627264009148,0.010766583463126327,0.006915302423331451,0.004216855178230147,0.002552217589727196,0.0015762196573465095,0.0010304089669384954,0.0004999013799998642,0.00026865448312917876,0.00012582551741493174,0.00008161655183671247,0.00009011827598637002
0.17576395275111395,0.12763284712105782,0.10833280921451868,0.08704905242151392,0.06646903137743525,0.0494229876812247,0.03567464290510276,0.02439957231904727,0.016507192893288843,0.010785515282454711,0.006891170836102663,0.004246212320815111,0.002915233839150486,0.0016930454249527017,0.0009876098312224092,0.0005082535964466443,0.0002957729959254721,0.00017338417002527677,0.00012918820511687287,0.00009519130903348525
0.17912333494093752,0.12913590142442788,0.10929953741755367,0.08735913651276687,0.06639858168553904,0.04955439928812569,0.03514709578377497,0.024582758784651233,0.016327937670241884,0.010610187682129102,0.006833449941243199,0.0045952573412038015,0.0027204738583179937,0.001669304496084012,0.0009339953945536175,0.0004737903910553807,0.00028019861836608534,0.00016811917101965118,0.00011547579423572007,0.00008490867223214708
0.17993037276046533,0.12932495542158454,0.10911437547762591,0.08689309671393391,0.06738897851744922,0.04924004415385922,0.03537403413432962,0.024474823809119473,0.01684639551668506,0.010880529846310605,0.006882907361806911,0.00454614927400866,0.0028564150462766402,0.0015317992697630968,0.0009272310435594808,0.0005145622824148767,0.00030907701451982685,0.00017152076080495887,0.00010868642268829075,0.00009000594378874078
0.18106392119504766,0.12981557046478412,0.10959301881313707,0.08690823692428386,0.06735133648159183,0.050234591108462075,0.03557837788271971,0.023936274085281466,0.016948634481072235,0.011113997863803014,0.007249145436298708,0.004572955881928421,0.002747509326758329,0.001672618471481431,0.0009407417595946322,0.00044150335287834725,0.0003056561673773173,0.00019697841897649328,0.00010528156876329819,0.00008660258075690659
0.18165449923465665,0.13101116960076564,0.1097241030549248,0.08853206805616365,0.06831410641496882,0.050398962798543306,0.03584046918432388,0.02421268060236425,0.016238515607234612,0.010957476776665679,0.007157911885391955,0.0047532743458944685,0.0027389449461883873,0.0016919009364001366,0.0009469214869721933,0.0004938246464317353,0.00028000366550253033,0.0001510322801801527,0.00011539545002528523,0.000045818781627686756
0.1820917116607343,0.13218006210790786,0.11170274945236279,0.08893493239454278,0.06853555110179699,0.05045716909242152,0.03554008975660003,0.024455200478430795,0.016506201472902753,0.011006957915369927,0.007264558340942936,0.00464708104692315,0.0028241648214440006,0.0016585826995762915,0.000936870513652389,0.0004845297774043094,0.00028970137040607307,0.00012875616462492141,0.00008301384298185724,0.000057601442069043806
0.18402031812297945,0.1323626086897589,0.11294924535590607,0.08862917053533304,0.06817042012022799,0.05038697959377307,0.03595996014991224,0.02460810691751438,0.016321254057863954,0.010970634280563593,0.007207579649346335,0.004517021002622786,0.002832880388741673,0.0016485601783765836,0.000977614823148293,0.0004845716454426547,0.0002473687420791175,0.00011860145168176858,0.00007624379036685123,0.00005082919357790082
0.18455401297620247,0.13452086890034562,0.11235078808305177,0.08927708616951116,0.06810726134993872,0.05089438144338636,0.03642288111025025,0.02503691622771252,0.016500833264106576,0.010695957779024804,0.00703569896702376,0.004382477549338898,0.002732902827672844,0.0017224747350593113,0.0008832769064625014,0.0004780884599278798,0.00023395818251789862,0.00014071397934047527,0.00006272791850117572,0.00005255582360909317
0.1862939860329514,0.13501932334395553,0.11187029629127396,0.08972303206997083,0.06855549528781615,0.051428910434605735,0.03670079327412027,0.024759305715641725,0.016463828056139402,0.010878703640924815,0.006858092074038922,0.004237575428842632,0.002756119058919247,0.0016068886026171256,0.0009797274391484163,0.0004695233575157636,0.00021357380161366867,0.00011865211200759373,0.00006441114651840803,0.00003898569394535223
0.1875619118899615,0.13510634875211028,0.11305936598838047,0.09010307218439544,0.0684472455664737,0.052023767392478625,0.036585799507922165,0.025238884646189952,0.016677475671273048,0.010904959216468517,0.0070628237409767385,0.0044060099194489265,0.002678826937958572,0.001688236698574396,0.0010413897388397732,0.0005215415277441464,0.0002506108639809534,0.00012361211534195687,0.000057572766049678536,0.00003894628291595901
0.1877291900893514,0.13602711818558375,0.11450332637344986,0.0904587605771913,0.0691682798380348,0.05130983879557388,0.03694768252787477,0.024982882068015248,0.016793325274520914,0.010881087432479267,0.0069418497510503226,0.004209743273286728,0.002777754296389595,0.0015807670524189132,0.000977201450586237,0.0005291765640717856,0.0002620522921122261,0.0001335621359797797,0.00006424507806622314,0.00004057583877866725
0.18895465379260878,0.13644967631600757,0.11519834631057763,0.09120496377479644,0.0705490702225951,0.05095548943354034,0.0364349595627602,0.025441375728859905,0.01700884527617594,0.010903930049749393,0.0068339865654650275,0.0041612888492683076,0.002589810255377957,0.001601927048884994,0.0010470885356492201,0.000576829064065241,0.00030279296911342544,0.00014547595164108714,0.00007950429915268715,0.000045672682491969216
0.188957480634577,0.13672665155769034,0.11527246896458411,0.09218110475932753,0.07016540946453337,0.05143422521394988,0.036569360349085006,0.02508202821093936,0.016581537732977027,0.011025606332239628,0.006650204647701517,0.0043720190779014305,0.0026739505462909713,0.0015086425599567025,0.0009319081284037479,0.0005716605215979435,0.00023170855461218423,0.0001234651422386091,0.00005412170618678753,0.00003551736968507932
0.19027796337236744,0.1366068272120949,0.11589785400030105,0.09250278673800265,0.07030868092145881,0.05160751226756745,0.03601869440267392,0.024640007577897572,0.016246809417567527,0.010730844242066462,0.006613745426620411,0.004396195489459451,0.002682711060516616,0.0015291114745945914,0.0009134072967711047,0.0005378954080985398,0.00027571368402535206,0.00010656418462329563,0.000052436344814637534,0.000038904384862473
0.19073411845902447,0.13832173462932076,0.11723092641899459,0.0926571238146147,0.06991531874727232,0.05129085625162816,0.035611460895395144,0.024873214944228096,0.016383098934633387,0.010640133433024678,0.006729165468453443,0.004227296255823316,0.0025746078036667022,0.0014327810839065023,0.0008390311896311981,0.000461805473325236,0.00021144939254818493,0.00012686963552891107,0.00006766380561541923,0.00003890668822886606
0.19162379733576604,0.1387209312147859,0.11696949730957992,0.09235785543532433,0.07073988663912892,0.05117964572616001,0.03623493238049383,0.02465049880472704,0.01636214659199378,0.01047785577321068,0.006749279879712461,0.004181343605078431,0.0023804093493153557,0.0013937812016928096,0.0007619337235920694,0.0004189790763876567,0.00023989930986712611,0.00010981306437579716,0.00008447158798138244,0.000037167498711808285
0.1921619787780186,0.1397229399432479,0.11705931223994955,0.09259531871043722,0.07026333734354667,0.05062852056968719,0.03577719457656715,0.024942850229529728,0.01615929853415704,0.010773429713819668,0.0066887651419395575,0.004397698103693625,0.0026294816672335105,0.0014856402212554847,0.00085788108448352,0.00046362804171298696,0.00023181402085649372,0.00009983231555133666,0.00003553353604369609,0.000027073170319006548
0.1928478347950573,0.1397018184645392,0.11747088242601661,0.09322187160379479,0.07083881937554615,0.051036671832983174,0.03592815383341248,0.024727331729916018,0.01663982097614649,0.010276293705939122,0.006731986485321632,0.004152771979521783,0.0025673832465989348,0.0015177815374890354,0.000797764906118958,0.0003921217335160983,0.00023831536390418046,0.00009803043337902456,0.00005070539657535751,0.000015211618972607253
0.19316780885536824,0.13904022373163008,0.11813800161448852,0.0933076411241974,0.07075546578669163,0.05135796047542971,0.036113203341113044,0.02466485852959952,0.016283366377432298,0.010607324643917471,0.006527194674214455,0.004179768905221417,0.002648031371065529,0.0015249823520868443,0.0008427089631133282,0.00041882128828077257,0.00019421148448503563,0.00013172605034637196,0.000042219887931529474,0.000010132773103567074
0.19355040067482077,0.1403407844791228,0.11774103753690426,0.09429101644875576,0.07089498102066637,0.05149725854070012,0.03614002530577814,0.02452129902994517,0.016266554196541536,0.010282581189371573,0.006619991564740615,0.00414846056516238,0.0025761282159426423,0.0015385913116828345,0.0008587094053142142,0.0004268241248418388,0.00020919443272880638,0.0001062842682412484,0.00004386334879797553,0.000026992830029523407
0.1928984377373008,0.14044839538172338,0.11920142017745464,0.09353664010583831,0.07094474875211358,0.05197923732960739,0.03643929652616765,0.024675920769757775,0.016393802248389308,0.01064458101727635,0.0066368321402897725,0.004213620608772836,0.0024434612100532904,0.0014664142206742468,0.000826861873567757,0.0004016186243043394,0.00022105899068852283,0.000131622910486296,0.00006074903560905971,0.000023624624959078777
0.19448183155366944,0.1402559811400094,0.1184254744973005,0.09447727192127708,0.07126198803349812,0.05197474301405212,0.03673543830732936,0.024971586735184993,0.01643156413967337,0.01022033156971256,0.006758388457037286,0.004159397993423995,0.0023963401350664422,0.0015063674421982145,0.0008342438525178452,0.00039347938792845744,0.0002094053394984065,0.00009625890605975145,0.00006586135677772467,0.00003377505475780753
0.1947733555010375,0.14078181707589058,0.11849921939944445,0.0940387123807979,0.07109209734866148,0.05207045004494366,0.03685718726979041,0.02538979339429453,0.016213512837668878,0.010436730804322704,0.006783790542230152,0.003923278116826504,0.0023012509884227806,0.00135675810844603,0.0008921149206220475,0.000473091245784419,0.0002230287301555118,0.00010813514189358153,0.00006927407527557566,0.00006927407527557565
0.19383108761349732,0.14054059535801935,0.11836847834170548,0.09387739924684439,0.07183373785587278,0.05215805450575007,0.036288714159190306,0.025150259277538528,0.016056953167783328,0.01065167566982848,0.006919701712516311,0.004061564048650879,0.0024575589374691543,0.001330191804531103,0.0008636950598670823,0.0004867792118233262,0.0002636720730709683,0.00012169480295583156,0.00009972213019991753,0.00003380411193217543
0.1936643109122534,0.14168164015949944,0.11824354590340447,0.0944099147905429,0.07171049406610197,0.05184575414848858,0.03626768717429484,0.024665272709140113,0.01654155418939454,0.01057131411204511,0.006928656307207052,0.004085523858140877,0.0024949247888357185,0.001529747245187212,0.0008502352092034998,0.0005020275489730405,0.0002569299240535427,0.00012508430513133003,0.00008282609393831314,0.000050709853431620294
0.1938615033398157,0.14178743552887466,0.11778642090132749,0.09386488543163947,0.07222964403483555,0.05243933372791073,0.03671429779318507,0.02477044051746005,0.01638792593218906,0.010878498351230234,0.006951889743806545,0.004137989346410757,0.0024892195823116602,0.001521941320706857,0.0008844170119218738,0.00045996448803585017,0.0002654942081677517,0.0001251373974803416,0.00004396719370930921,0.000047349285533102225
0.1966900343085609,0.1398056973822838,0.11736837128886725,0.09444140530026744,0.07178289704730259,0.051792082016370845,0.037038725450468706,0.02473863360077803,0.016620741821325342,0.010733244185104143,0.006925871896696116,0.004131547667288002,0.0024397574087581374,0.001514506848204879,0.0008594024367182646,0.0004727557608666288,0.0002785882162249777,0.00011312369992165763,0.00003545668206499716,0.0000320798552016641
0.19689240662206522,0.14052320658023026,0.1182815288644177,0.09394135686885763,0.07183294366116404,0.052217757580051476,0.036946319706615646,0.024734904842393633,0.016116571019861473,0.010759000414975553,0.006779620988991339,0.004099148794040546,0.0024982878041045473,0.0016076085599673418,0.0009159826317547396,0.0005060677523506848,0.0002530338761753423,0.0001282038305955068,0.00004723299021939725,0.00004723299021939724
0.19709000741517727,0.14073634906398166,0.11720371806110849,0.0937031800807055,0.07132927609965052,0.051943401421214154,0.03710629040131481,0.025441321286626163,0.01678971807124313,0.011085605603779549,0.006894932511751956,0.004209253262931376,0.002621493203880217,0.0014154712015796529,0.0008513096486827507,0.0005016646144023349,0.00025674417976146444,0.00011823745120593752,0.00004729498048237501,0.00003209302247018305
0.19683333980946657,0.14096064144128317,0.11905723268633947,0.09451325101323328,0.07103529717848955,0.051307869177604305,0.036398684274991246,0.025035604654030885,0.017064892544055996,0.011141764808241687,0.006482327758790504,0.004183018902988088,0.0025544121895468455,0.0015204834461588366,0.0008531601559002361,0.00044431905148863783,0.00024834562953927663,0.00012332810174399452,0.00005406163364120308,0.000023651964718026344
0.1949910282533986,0.1417519067073521,0.11915020156861952,0.09345146977822383,0.07167428673769724,0.052465287281746646,0.03648172365668793,0.024950241443048832,0.016740501944723225,0.010847196455906651,0.00673641312612147,0.004144575219055922,0.0025715627735031048,0.0015104974504019548,0.0007957989923258618,0.0004359153715925103,0.00023316403596808683,0.00009630688442160111,0.000033791889270737237,0.000016895944635368618
0.19616162604533777,0.1410507953592655,0.11855905768189347,0.09462826718132905,0.0722613711322292,0.052494217639447255,0.036700064613977866,0.02472539059402683,0.016428483461014828,0.010537308245789545,0.006606484004244615,0.004160262909720943,0.002513703055751909,0.001459297411560672,0.0008232799269845176,0.0004791219247204984,0.0002733019429743688,0.00012821572633365448,0.0000657949121975332,0.000021931637399177734
0.196587938034982,0.14122511299225096,0.1191570001148501,0.09480201865976662,0.07200258074976863,0.053052310851985224,0.03649531479066878,0.025081239570595663,0.01646916949851033,0.010544254453820116,0.0063758706652524335,0.004114336672994683,0.002442254034954973,0.0014001580878130505,0.0008225295401266048,0.0004289989798606933,0.00021956640701531555,0.00012329498240090797,0.00004222430904140684,0.000020267668339875285
0.19747411917417668,0.1419145312418239,0.11869985669120413,0.09446564724430186,0.07243930475822336,0.05220896414241756,0.036240752025144034,0.024943157553588887,0.01632775008566456,0.010779387165000926,0.0068312213994298045,0.003938037935475594,0.0023851039874955055,0.0013993285248646663,0.0007798429173552184,0.00042536886401193776,0.00020930848864079475,0.00015022947975024774,0.00007427075403383032,0.000032071461969154
0.1975916637111348,0.14229450608839575,0.11877522757595711,0.09456857678471907,0.07184644745064263,0.05204269476955297,0.03651348566989243,0.025116954619918596,0.016424313049940045,0.010481160595159682,0.0066474134873587675,0.004087078414483794,0.0024117140396210162,0.0014169664420462418,0.0008005269291178998,0.0004188410937156945,0.0002431980544155646,0.0001452432824981844,0.000054044012092347705,0.00004053300906926078
0.1976100316488315,0.14226428548496386,0.11883941893218565,0.09509012228648868,0.07188830142259219,0.051751669040751465,0.03651190337390399,0.025043637537237637,0.016763911207538944,0.010511872958582785,0.006404114855011853,0.004231109128482766,0.002402810375679909,0.0012757537508005141,0.0007333471892018851,0.0005221296807912038,0.00022811490908353574,0.00012335102491183782,0.00006758960269141799,0.000032105061278423543
0.19598942771776603,0.1422407965714441,0.1199876296186137,0.09511167142103912,0.07195945489204643,0.05206206821961145,0.037185501642624415,0.02533055281409276,0.01640089499371341,0.010590871604904888,0.00677836062027661,0.004057552692416888,0.0024318277069503968,0.0014195519623615936,0.0008432814633552798,0.0004748739302662001,0.00026025119309962567,0.00012674571092514234,0.00006590776968107401,0.000025349142185028465
0.1952789373557796,0.14050765602818321,0.11923012648356116,0.09507789381997912,0.07290233605498903,0.05305456196647925,0.037310371719538354,0.02539461756995589,0.016564569410660535,0.010496126831293917,0.006706515262259688,0.0040495671065091865,0.0025100901573068607,0.0014415716169065625,0.0008136270718371938,0.00045576620206647746,0.0003376045941233167,0.0001772424119147413,0.0000759610336777463,0.0000320724364417151
0.1964075054336987,0.1405916731735843,0.1190275791900324,0.09617731265992649,0.07214228009153628,0.05328066955337193,0.037038727145508196,0.02509642068827977,0.0163450390246046,0.010438109917894536,0.0064038209972316065,0.004034288920662927,0.0023915034866937752,0.0013909592717660615,0.0008501245609943243,0.0005543555785410306,0.00033633158576117404,0.00019436247418359303,0.00007774498967343723,0.00003549227789439526
0.19670377145788748,0.14193257683661967,0.11857782218051967,0.09577491410094574,0.0725433545521436,0.052916517594961486,0.037037849587212034,0.02463227104273689,0.016552022087363897,0.01026569640675312,0.006394332350022615,0.003942243433532021,0.0022968293292110788,0.00141421232761123,0.0008353640837321701,0.0005096564712871018,0.00036114730084582707,0.00018226125463247347,0.00006244135575371779,0.00005569093891547803
0.1976006574650806,0.1407373531630382,0.1192651106434754,0.09416972251801027,0.07253210120507139,0.0522259479326807,0.03691659677443853,0.0251983279866482,0.016512566256988517,0.010285548424766998,0.006333332770820431,0.003925215034619856,0.002392929887829302,0.0014175325146520547,0.0007745802669348728,0.0005501376187816306,0.00029363173517792546,0.0002008171062423744,0.00010462739989098499,0.00005737631606924984
0.19628892904323,0.14129097893921674,0.12001255244949917,0.09444874669528087,0.07211247264696406,0.05186152488641215,0.03659781378171223,0.02488388140634674,0.01681083424861611,0.01065102334519405,0.006669332375028046,0.0039698808698307615,0.0022709135787472184,0.0014155248830378276,0.0008182712375129276,0.0004859012709355115,0.00034924153848489906,0.00020583317727129312,0.00009279364549115677,0.0000742349163929254
0.19622930013704268,0.14091096274193443,0.11987018072085812,0.09518055208635719,0.07125208433189989,0.052717563745114056,0.03680069398969815,0.025376529916491718,0.016750602515375107,0.010693382119638958,0.006676612952224077,0.0039492604419121185,0.002313861566607484,0.0013957428997697957,0.0008387959143719329,0.0005451329584348779,0.0003442945000641334,0.00021434020347129874,0.00009451221570387972,0.00009788765197901829
0.1959886809145767,0.1413855749197162,0.11858531693101507,0.0942908181010816,0.07172187197141865,0.05314769853142296,0.03767681849954581,0.025648601829558616,0.016708482898118108,0.010731519533189035,0.00663206556424898,0.004018410397890164,0.0023046765517311255,0.0014267045320240292,0.0008914792815487421,0.0005774354437304354,0.00032417428419954263,0.0001958552967038904,0.00011312331792379876,0.00006753630920823807
0.1959042005168308,0.14003749556640266,0.11853159254817845,0.09447362642930737,0.07224314692519465,0.05424358606245882,0.037899234887766656,0.025559477764453532,0.016896650733865932,0.010883848193625749,0.006652929552248888,0.00380360430354519,0.0022412890367693016,0.0013106558346141506,0.0008377387808873953,0.0005286537064874087,0.0003006401270120088,0.00017227692671474654,0.00008613846335737328,0.00006249261067103553
0.19630833115299245,0.1401331836634791,0.11751390494838922,0.09542297207194284,0.07215718710701113,0.05325827333879121,0.03771680325447533,0.025877130052412583,0.016842922613370687,0.010816741642260921,0.006686191267945612,0.003914485622409966,0.0022619278715089934,0.0013166445819231456,0.0008018027902737102,0.0005249698268949974,0.0003173451043609631,0.00015360853455770023,0.00008608829958728257,0.00006583222909615726
0.19643321480070644,0.14053376829066497,0.11866095278619208,0.0954322726182878,0.07216137997642855,0.0526575285103049,0.03741544841466832,0.02533761536669132,0.016704320193434437,0.011025898197020814,0.006786077312990299,0.0041047409673748226,0.0023436365539762456,0.0012596202228143225,0.0008746424603456018,0.00047109120933672355,0.0002988643156007172,0.00018742338435977197,0.0000861134468680033,0.00008611344686800329
0.19619697675517656,0.14069599443690547,0.11830690188294544,0.0955633645919835,0.07295991736374131,0.05301818132717612,0.036867316144451406,0.02513013185344216,0.016959336749505456,0.011100871596486607,0.006844159088300624,0.004023791681013239,0.002420351204099406,0.0013148211910693427,0.0007747149251615258,0.0004472755014549114,0.00030549760665410917,0.00016540754393426906,0.00009283076445290609,0.00006751328323847718
0.1973101434016512,0.14150683937631497,0.11770780078660842,0.09510335413745567,0.07195222982059184,0.05302773376797583,0.03674045127904013,0.024922764906668286,0.01661630145561366,0.010935240630974013,0.006786227097327186,0.004187820898947311,0.002365562006577007,0.0012789557781636028,0.0007120307894261745,0.00041675735779209746,0.00028514977112090867,0.0001484803541931359,0.00010967298889265719,0.00006917834683998373
0.1976528502310998,0.14157397897126797,0.11801801497418712,0.09454989593750845,0.07209368327161664,0.05234714976890018,0.0366330378138768,0.024632064762007726,0.016862853744898234,0.010750871692299376,0.006895829391572291,0.004132091791226315,0.002321134146011839,0.0012399654026002108,0.0007669540773576234,0.00042064221423358664,0.0002432629672676162,0.0001503500283806795,0.0000810876557558721,0.00006250506797848475
0.19784779381999737,0.14229017676426925,0.11867325597085414,0.09495513425988392,0.07201288625016868,0.05248448252597492,0.036924841451895826,0.024711577384968292,0.01662562407232492,0.01082512481446499,0.0067888948859803,0.004108757252732425,0.002361354742949669,0.0013139252462555664,0.0007741870192956415,0.00040986371609769254,0.00021420860882472007,0.00012144110106598301,0.00007084064228849009,0.00004048036702199433
0.19825374793187023,0.14169029239687178,0.11923558886675763,0.09446019493124784,0.07182334418908232,0.053013271448255864,0.03724573176799167,0.025171732776547533,0.016742364574391114,0.010704521804539173,0.0065320014099543465,0.00398700008601396,0.0023594810153695135,0.0013138210943337046,0.0007623198134003007,0.00043512945101167573,0.00025466878722001183,0.00011299873340225691,0.00004890989953232017,0.000057342640830996044
0.19637231309853362,0.14233073641097094,0.1189990208695152,0.09490463201435384,0.07263660054012828,0.05265658900701964,0.03729151200407211,0.025719508709864503,0.016633380739708544,0.01081102105215095,0.00661547229094549,0.0038201308551241973,0.002259271723083633,0.0013156537429334335,0.0008218608214211424,0.00048702863491623246,0.00023844110251107213,0.0001082285855369406,0.00005749643606649971,0.00007102500925861727
0.19681537363955132,0.14071589159249864,0.11921856737351813,0.09498896124376172,0.07236499238502912,0.053443096856020555,0.03714048145505819,0.025933065839561082,0.016756309125652926,0.010445075230515206,0.006409056333918581,0.0036919537670915196,0.0021757059659881497,0.0012902442356441351,0.0008348639171814992,0.0005515161634714148,0.00027660137862174937,0.00013324090799462317,0.000048911219390431284,0.000053971000706682795
0.1952946419828951,0.14230534181036086,0.11888659668504555,0.09480438797594647,0.07289151948354508,0.0532020136879459,0.037375115219820836,0.02552899825439861,0.016890466045183048,0.010546201037906896,0.006580613357733486,0.0037646915822846785,0.0021507699891617394,0.0013252389650643362,0.0007917669740320686,0.0004980197384636681,0.00026673599551613403,0.00015193822529400042,0.00006921630263393353,0.00006752810013066688
