0.11745827984595635,0.11529204107830557,0.11737804878048784,0.11962451861360719,0.12106867779204113,0.11866174582798464,0.11866174582798457,0.11589377406931967,0.10887355584082155,0.11364730423620026,0.1200256739409499,0.11741816431322206,0.11525192554557126,0.11196245186136071,0.11200256739409496,0.11645539152759948,0.11850128369704746,0.11693677792041082,0.11661585365853662,0.1169768934531451
0.08452683809622702,0.07454738294258564,0.07824100513992004,0.07868972831851184,0.0755894590846047,0.07096501442589395,0.06388186342498163,0.05770357569329586,0.05472939396411698,0.05580113775430739,0.05679871242406935,0.05431775534573938,0.05123602839193928,0.04853256395232408,0.0479800040051325,0.04652628924473584,0.045317332581752905,0.04355210751555695,0.04096731366862721,0.04396003767791318
0.09307855941886282,0.07848974928240333,0.07981114899072,0.07923521379271906,0.07629051286100455,0.07107458360814112,0.06404027830675052,0.05820893442699092,0.055847135651317666,0.05621638442745538,0.055331580756332974,0.053197369276643966,0.05082628122358364,0.046899239208182,0.04576594736695433,0.04456298594532332,0.04253095651689258,0.04068239031685725,0.03702009270698831,0.04127225943093888
0.10112502800979757,0.08216722428700576,0.08202620944374467,0.0793990835966898,0.07590655158825214,0.06996654277965364,0.0642274318299477,0.059554624900516905,0.057466446194144614,0.05599834645608448,0.0539642556347986,0.05230684829893602,0.049428600128265554,0.046446039607785566,0.04453171481776246,0.04230831639867407,0.040847943501340585,0.03844489603535801,0.03477271498002613,0.03882544294114464
0.1079212965583971,0.08565664259723416,0.0832840107257371,0.08102117526767165,0.0757114893368811,0.07053390221600044,0.06455171325294179,0.06083750645482819,0.057874718861136695,0.05565305705810804,0.05298534732551375,0.05158372748530188,0.04850428120233935,0.04522068221315256,0.042997304841164055,0.04104670293379447,0.03871009801045467,0.03615218469129195,0.03278623839203151,0.03686071467171728
0.1135149856936244,0.08902510033245885,0.085038411209687,0.08107207032350566,0.0762949304716408,0.07050037879025041,0.06555419204978744,0.06055322159542699,0.05785003662682586,0.05529398506126386,0.05301185206518948,0.050155272697675286,0.047675918331569825,0.04471446728316605,0.04251059673551677,0.03948810097734144,0.03695083239940144,0.0343368666220049,0.031168802709759014,0.03498331444599578
0.11868475733618725,0.09165635482993828,0.08734065122338858,0.0816610224204292,0.07682039664340627,0.07093283468150605,0.06551930215886966,0.06085316574599293,0.057375011087345,0.05480420112225746,0.052384615272763245,0.04982252977588296,0.04685621058539726,0.04354672897875737,0.04071563904548504,0.038365848941649294,0.03551003968178957,0.03322277493343958,0.03010959386146418,0.033634279017217744
0.12352526973932954,0.09531565940238151,0.08919891939876483,0.08381098245940896,0.07680515751461717,0.0710103511954014,0.06505526299927122,0.061071504896131876,0.05698774186124246,0.05446432974776841,0.05136554679408847,0.049077762738984385,0.04555293137743781,0.042551413494364115,0.03982662158681798,0.03715525697157666,0.0343742979105819,0.03185362565825164,0.02911239458384248,0.03269339309883774
0.12888247204124076,0.09928084601436743,0.09218068531758829,0.08472936756483677,0.07718405981940864,0.07129271486177596,0.06563373405270488,0.06038073779533416,0.05644882310169587,0.05372702956376896,0.05073501479689677,0.047702532116511036,0.04444682320351836,0.04149527635015976,0.0388374482239155,0.03592636928407041,0.03287952702147019,0.030315688887902557,0.027341949952939752,0.0314670662981911
0.1347479499493613,0.10222232274569819,0.0942684027070972,0.0856472580965377,0.07824621717594372,0.07175240062626126,0.06554130635283237,0.0608870694139733,0.05623031938821413,0.05301859432997329,0.04989985348703372,0.047021112443047186,0.043389701872501074,0.04061902356521586,0.03743117283252538,0.034365206814486425,0.03147515687944975,0.028536101749862406,0.026206470193532807,0.029643116529326465
0.13962582060370998,0.105663311907053,0.097205698404217,0.08762928826192805,0.07843314670419625,0.07197469440956272,0.06547344661505938,0.06063266421550346,0.05552043607391642,0.0521811643555059,0.04963788893467329,0.04563956651826815,0.042920218183685625,0.03936696896592623,0.03598612447621366,0.033292453441552954,0.02987492709480915,0.02724606067423698,0.02456461692525338,0.028311057256710643
0.14517198582623345,0.1086451581957826,0.098908188288056,0.08915562963540322,0.07998225281346867,0.07231139117557124,0.06561062912577117,0.060393196112406865,0.055010282575980146,0.050959607163627844,0.048332304076456785,0.0451605940510951,0.04182460263689616,0.038350710786811924,0.03493437737953196,0.03174108293811867,0.029052624005468035,0.025713035188593837,0.022970615215814172,0.026614784125861123
0.15016610117393925,0.11175003251090593,0.1019825741544209,0.09086739097024364,0.08078309905777481,0.07327958196886047,0.06521569508316884,0.059454762552165204,0.05408632532185799,0.050349344461914955,0.04723893742537268,0.04387080757090333,0.0412699350964096,0.03712745457339779,0.03343066901533334,0.030535425065317368,0.027792686819487617,0.024670457635334042,0.021973825765188502,0.024656271058200434
0.15409173352467448,0.11619634505649369,0.1043887694960999,0.09305133968088716,0.08217702101117678,0.0732301826533806,0.06489183716777638,0.05926298499168158,0.05330350663069643,0.04904288409207351,0.04615400849076182,0.04278326281147157,0.03990611154295738,0.03599839142154018,0.03239784881941831,0.029265107095917935,0.026595476517920054,0.023343146599884873,0.020966624341825266,0.023157902141683867
0.15873432151086964,0.11881558565079493,0.10687772963938161,0.09455173595448652,0.08389951313781917,0.0738219205704808,0.06595659618412875,0.05862277563894106,0.05302799836352763,0.04815238308372465,0.04483398081224512,0.041616983878882394,0.03823447478445537,0.034771540766694274,0.030907647710861914,0.028139398538131327,0.025326857378637057,0.022248564298560633,0.01963766823670104,0.021965328698992828
0.16261540245882625,0.12170378102528416,0.11040941776849914,0.0972744142890281,0.08525284156808162,0.0746474135931339,0.06573184875898863,0.058201113430758525,0.052408953839016476,0.04734168406402226,0.04331825562514497,0.04052076084435165,0.03713871491533285,0.033225469728601256,0.029835305033634886,0.026860357225701688,0.02401183020180933,0.020874507074924605,0.018264903734632344,0.02067153792623521
0.16662947809207582,0.12532588174495732,0.1132212897460117,0.09945419504463206,0.08594260319251389,0.0745501820313286,0.06569429141891948,0.05746617477551013,0.05233415148197432,0.04702177323601873,0.04278574409713272,0.039030661498032866,0.035686002027837095,0.031796809335912266,0.028498394725311307,0.025427736048214883,0.022473845641595408,0.019894538597693995,0.017512928328560485,0.019539609300303712
0.17183160938024147,0.12753333494719787,0.11565644514071177,0.10134607825167753,0.08730315176205182,0.07491558912393674,0.0652727488607846,0.05756424045197427,0.05113183774206527,0.04632943815613676,0.04173453543181828,0.037864718962792344,0.03436263304295301,0.030844408478321754,0.027176325069194436,0.023964734755609035,0.021503591424846355,0.019083947466405682,0.016451042844643646,0.018401513343777345
0.1764842556637281,0.13149074295599686,0.11850005521099806,0.10260273846550234,0.08846872296961555,0.07519277840145759,0.06464057640281944,0.05715718571139369,0.0506618418388943,0.044743912987467105,0.04083658464766181,0.036913153100097525,0.03325542448055653,0.029231922999061414,0.026051539466661753,0.022929817619669838,0.020279689714191067,0.017650265932973853,0.01547058173988258,0.017561698290299427
0.18021921764393253,0.13476065469146192,0.12069711623998927,0.1051780956830263,0.08956265517585738,0.07570802661649764,0.06466679446136257,0.056583588635761004,0.04979631285518985,0.04463669766261969,0.03972157591521472,0.0354343317006987,0.0319804313415344,0.02808460621059265,0.02456986945427456,0.0218483015740557,0.018853543834919866,0.016571605013378267,0.014554821054903128,0.016503881476924068
0.18524323277733673,0.13808949334763135,0.12340077928892464,0.10640009073755194,0.09064704352538297,0.07639597776013436,0.06419452664670895,0.05623322300471906,0.04901660886730435,0.043611308740248864,0.038934658651516234,0.03449516352808682,0.030192003867802724,0.02687068867739708,0.023840375231856222,0.020549993297794444,0.017578109336458734,0.01559608957812767,0.013583136563452699,0.015392159221490134
0.1903291286398214,0.1420685993610574,0.12488443195445018,0.10729634850745584,0.09149213221899803,0.0765918640095933,0.06463800884267183,0.055723250002288484,0.048130086138242274,0.04268465714050328,0.03735250771216462,0.03336140530743388,0.028885145959008818,0.025523374495391007,0.022708548831504086,0.01953328817407065,0.017022829838067424,0.014861364114863197,0.012866957150572577,0.014060397462537644
0.19428816368520316,0.14424644224724242,0.12748585471795162,0.10985654683660054,0.09199519917700175,0.07711379093558897,0.06402354689375321,0.05526547408127107,0.04763788077956221,0.041750014288163675,0.03662570726410241,0.03169914842544437,0.02793164542492999,0.02475167171515117,0.02150311481968337,0.01853460593244557,0.01594330456649711,0.014199005543807503,0.012232954220723553,0.013283420014859685
0.19825937861368997,0.1472450625507272,0.13028062497074808,0.11134817108043416,0.09283009649444242,0.07751290226470277,0.06492170742538035,0.05438871061826992,0.046609110180374884,0.040472186929586346,0.035436850534640636,0.030856988912214393,0.02690725780214589,0.023858202370066986,0.020184724129546635,0.017358269150202815,0.015060347553506876,0.013137992874502446,0.01151129725836151,0.01216540012716766
0.20174316382866642,0.15023157808320392,0.13215001607706042,0.1132429369254731,0.09435752189786847,0.07793839635312977,0.06468337312690844,0.05372816769400222,0.04572156355683868,0.03962482298130276,0.03422019415615955,0.029966044336199833,0.026025454205462557,0.02220344664810393,0.019364306189326202,0.016612962443530745,0.013991603441631154,0.012271015910588748,0.010661029433562974,0.011698626950626321
0.205692927100622,0.15233498695945577,0.13396423425559467,0.11430994546681501,0.09572944974374874,0.07875052435754804,0.06472168013277647,0.05324622918528516,0.044874746940487695,0.03806721807802443,0.03350188768717285,0.028919458680625218,0.024965118823979997,0.021047256014153082,0.018331995841616655,0.01575580441007496,0.013173913439967905,0.011816283353699686,0.010137199292345293,0.011067363986211677
0.20977529970095363,0.15517172685350153,0.13641387930455487,0.11577546590108359,0.09555824460788719,0.07864908891593118,0.06428757631261107,0.052818628985530344,0.04454960333948427,0.03738706075070094,0.03214834158452473,0.027973986264583757,0.023725637736081016,0.02033788714100488,0.017317825874628184,0.01487263492092403,0.012564046813795525,0.010994252435230332,0.009590658186665513,0.010258873777831407
0.2137815217836517,0.1582073827305453,0.1384261977253799,0.11648439668864827,0.09597959304415893,0.07888808486817855,0.06434630840717429,0.0532132763540543,0.043316995025690766,0.03680101397630717,0.031167938688111265,0.026707899275926265,0.02244355547060243,0.01930218587441803,0.016561309613205358,0.013913730094798595,0.011943120844312769,0.01037414269395483,0.008885945869684931,0.009707412312439413
0.21746355602284664,0.16018413798982697,0.14020630274786175,0.11789377965957201,0.09744195959194114,0.07877468670967008,0.06403228098093262,0.05208718138160325,0.042642721150294105,0.03550339575459634,0.03029979256059789,0.025499701628257227,0.022095422124975127,0.018594527009746818,0.015738114858912793,0.013332954448580599,0.0112335540337018,0.009544485806029948,0.008381688499900545,0.009214856071154555
0.22120015679412824,0.16323404932197896,0.14146920642855917,0.11918285263056234,0.09797133394308831,0.07866066001238448,0.06403790327620194,0.05151823299834684,0.04186971316900249,0.03470490322507343,0.029375039056508376,0.024773472251415973,0.02094792276184905,0.01754049094741147,0.015015878245950898,0.012650332051333034,0.010708584478517509,0.009053156618018827,0.00777494361660427,0.008491879086731016
0.22394505508232543,0.16552633401885783,0.1433753013601093,0.12062353578449017,0.09826923055084595,0.07889133547810506,0.06389572457588143,0.0510520775252075,0.04132679075757077,0.033994215248622804,0.028243531900734843,0.023804467681363996,0.02005698445702943,0.016892064533932327,0.014248385459310852,0.012037370356953453,0.010177255956511021,0.00855221095832231,0.007314405893314832,0.008115004582149943
0.22730836745971503,0.1671245218618765,0.1455832008560247,0.12145814681549513,0.09908962274320506,0.07872499526258875,0.06310345257993176,0.050889441870545574,0.0408665547843315,0.03324925137555133,0.02748946706109161,0.022780423541586523,0.019025670528082347,0.016149182498697918,0.013533677604129437,0.011395885317202304,0.009624604128299312,0.008214160491011398,0.006980731501685611,0.007520853119826436
0.2309281836667997,0.16920549039543922,0.1470051563237591,0.12281900214241619,0.09925128908093976,0.07928074730382369,0.06268496495878573,0.04972833980899815,0.040015977341225153,0.03260943570935762,0.02655438650640909,0.022353525908711282,0.018387559461127845,0.015336205018337629,0.012969107447619735,0.01066101710301754,0.009135907258796618,0.007575620029775953,0.006464695522713244,0.007257888812229926
0.2330613998397191,0.17207529803298788,0.14821792312636228,0.12352173710979696,0.09959294990597382,0.07929372104543071,0.06243588479269461,0.0500804238489868,0.0391407400354341,0.03182834750810756,0.02591812976861282,0.021336407462698413,0.01766604209244832,0.014843556060353591,0.012432540883540148,0.010270901982654748,0.008526401579685356,0.007339597211973239,0.006142591087518607,0.006725224750368681
0.23657014373609597,0.17349874940643556,0.1497901700059271,0.12425244877212904,0.10021181326433826,0.07960166866693637,0.06238914935838376,0.04911370485085241,0.03896502757878967,0.030537828897041076,0.02515693334285303,0.02064981000270858,0.01695639412000032,0.013771828722513292,0.011967619429702134,0.009636426894958075,0.0080917426825827,0.00687571468560633,0.005824014796329474,0.006326065497783838
0.23980030518370501,0.17572532107160937,0.1515983628378233,0.12465406282887392,0.1002303038129838,0.07927186385227024,0.06224206935849116,0.048376261828134204,0.03854105423184674,0.03018985054607945,0.024104301685533912,0.019705532842365918,0.01660498421405001,0.013554279991888957,0.011083583404984663,0.009005977930256346,0.007685101167152083,0.006399342053838755,0.0054590953013717415,0.005898632337464756
0.24231426833012873,0.17794254778903146,0.1531605740915523,0.1251573517098225,0.10046602166156607,0.07946162204544187,0.062053509212227374,0.04801167490201987,0.03749927768342027,0.02952263655182493,0.02385854152102309,0.019395474842421677,0.015521591883767644,0.012781887586012331,0.010688019288968554,0.008646271090227826,0.007199371839510885,0.005979081711850639,0.005132696637233918,0.005513399963969151
0.24368057922503517,0.17858796912279423,0.15425354230668628,0.12721277393215571,0.10090464279122327,0.079758943100018,0.06201711902580766,0.04784902464129649,0.03723540981824482,0.028867265836344476,0.023125065818453167,0.018482387831201288,0.015004908782701162,0.012375567737238014,0.010042905138765119,0.00828321694554818,0.006605058707229329,0.005517992641921571,0.00499031265605343,0.005104681065007682
0.24627956560680195,0.1795806663096167,0.1553710923125177,0.12778048899240577,0.10192682438009748,0.07925830226130398,0.0618515494874672,0.04778053428415819,0.03636927724553678,0.02866967932306946,0.022536043742774552,0.018009133081888618,0.014297473965734527,0.011852851625351156,0.009649407866950947,0.007691671865782422,0.006418973620951058,0.005337633030369252,0.004451046975473384,0.004911890557009293
0.24730892033227503,0.18188010128461296,0.1567320551317763,0.1282938430450553,0.10248844255673502,0.08016328636436662,0.06165327443921227,0.04693804124247888,0.03629931006080245,0.028037689823792837,0.021982336289353564,0.017111578261371333,0.013564580254931284,0.01115918383971869,0.008947260043039171,0.007461707129975129,0.006018016713318834,0.005076676253555484,0.004310705711175929,0.004627502981288595
0.24925275535855287,0.18225981260620383,0.15760696176324843,0.12975017931608737,0.10305414327638213,0.08033021312028096,0.06164513742287146,0.04672626522489745,0.0358043882097127,0.027546797539127102,0.02137538267297496,0.016701851085060313,0.013204904549537629,0.01062886208386789,0.008587939550680266,0.006901123864991391,0.005653264910387208,0.004696158223537583,0.00404790511294085,0.00432847539466509
0.25152114226678746,0.184420202623045,0.15713289408690212,0.1303191940291422,0.10361739669061837,0.08032015481006494,0.06104915016101558,0.04681150721659508,0.03505833070531496,0.02695499136992666,0.020914505192173145,0.015988524884791067,0.01324408243726384,0.010263400915793768,0.008088645038922931,0.006602260434928574,0.005261688465090309,0.004348381423244342,0.003874772944861348,0.004116663671290848
0.2531169546276332,0.18551236549352862,0.15822721120893854,0.13078602546026458,0.10426632987991231,0.08022956977150437,0.061332802675600435,0.04612538824133318,0.03477353389783558,0.02674017482307953,0.020256954424113866,0.015829278965036515,0.012543572917008219,0.009823198260588379,0.007695290902574182,0.005992512751049536,0.005043886675930566,0.004133703135440966,0.003602291627329023,0.004097521926378026
0.25478171863949517,0.18688865741316082,0.15947158760967167,0.13089086270903422,0.10434483958506098,0.0800075016212088,0.061141602138413985,0.04589094179239036,0.034427244442134686,0.02628165876209693,0.020100729600448293,0.0154110865827178,0.01202970822760642,0.009500170594096764,0.0073750878390133985,0.005734673080703434,0.004674956108737355,0.0038683058763452653,0.0034118819353278922,0.0037677570378538148
0.25687447475669384,0.18781345165050656,0.16006027308133705,0.13186430875721789,0.10446581061420712,0.07976582055429544,0.0609248348589863,0.04582606652630058,0.03437689200545801,0.02581373178026983,0.0196226380994551,0.01491465078662244,0.011573425625547832,0.008877176653443336,0.006958061863495475,0.005517878604411593,0.004473039769389949,0.003602152480955695,0.0031864760579416776,0.0034982333752021895
0.2586614862460963,0.18767090022984353,0.16191148483428114,0.1323955115571192,0.10502549738249461,0.08027355331296553,0.06066174602009295,0.04539268227946035,0.03405185314863026,0.02554030167667172,0.018827967494366864,0.014481835585649184,0.010936485257825692,0.00856350627128311,0.0064966088198919105,0.005265505966331029,0.004244481214386961,0.00340529826007895,0.002810076972164652,0.0033883564776904965
0.2599789305147345,0.1897382799576804,0.1623264957245655,0.13206254001339143,0.10530451955137579,0.0806308651022254,0.06053694442782122,0.04512099146268074,0.03336001833700109,0.024747047618617478,0.018711870837054743,0.013899537171382086,0.010926549245123027,0.008297944652517217,0.006309554322801227,0.004947828747765744,0.0038954836101761326,0.0033207586369646404,0.0027799074342764176,0.003009119948150549
0.26123301395253223,0.1911190827675554,0.16336423981684256,0.13230000485678692,0.10489417287224734,0.08055828200763758,0.060273855012486444,0.0454696908259813,0.033305133849658726,0.0245346802822358,0.018199397080732222,0.013723246728163378,0.010497436633049423,0.007722291183576376,0.006046134957683831,0.00469639999141591,0.0037589271696566043,0.0030925308264782986,0.0026170175036341198,0.002898259350161913
0.26179240757774985,0.19144484009864401,0.1646405534895007,0.1335609442278065,0.10522282354136218,0.08013859810499822,0.06050349034722892,0.04498456572405661,0.03304120133406319,0.024273855408768464,0.01794777740783169,0.013296614617134024,0.010034818823609085,0.0074456978719321925,0.005774168608883598,0.004486380027426174,0.003566531040670872,0.0028814410591242842,0.002415308995897362,0.0027042431561542426
0.2640727720062524,0.19270248460874317,0.1647945104987839,0.13376596260954451,0.10517180084757717,0.08041035827347062,0.05986084385280824,0.04478615887275621,0.03231176394241893,0.023907093803432075,0.017551957835574544,0.012835546326131007,0.009686757594054546,0.007232056700769141,0.005483858225505187,0.004322530768406026,0.0033587079808815477,0.0027210500476832706,0.002284282578395247,0.002567560704470943
0.26512259919779524,0.19391281383385728,0.1654417656631958,0.13461646980220257,0.10607206300264765,0.08012793744879003,0.059743267370759,0.044348112651767704,0.03200580548903118,0.023395759645531103,0.017098203503608123,0.012310706522597838,0.009580636933473883,0.006930697538987291,0.0051159179195944295,0.003943308451591207,0.0032435799913775403,0.002564166228395884,0.0021307860207796774,0.0024490496107478286
0.2661759480176659,0.19499128551364706,0.1664122826313801,0.13504802838271554,0.10623663919770321,0.08016424973630923,0.05993761668669024,0.043784512468202016,0.03181887405452053,0.02306490459188565,0.016677665532937376,0.012119058497047225,0.00865131337744161,0.006615113006300377,0.004877856179952732,0.0037272055547094896,0.0029634894044254932,0.0024062135133763136,0.002036200371141231,0.0022663304961898795
0.2672374892829745,0.19512995803438477,0.16685844501601915,0.13545868868733354,0.10631514823338298,0.08071273859482875,0.0601055909029376,0.0436160371824376,0.03143698389061865,0.022773114931636664,0.01641171427282162,0.011660123640629936,0.008712377600288795,0.006482108208113352,0.004629754974956002,0.0034824692026533093,0.002921799557781688,0.002335183430350614,0.0018839402554036366,0.0021185867063760653
0.26890329798980644,0.1956135077614024,0.1664390259307423,0.13667692647786958,0.10746296937508391,0.08059497130147715,0.05989301073389044,0.04276976555071952,0.031046737594331793,0.02248285927291059,0.01593785915448479,0.011474897674455324,0.008210856602126478,0.006212279967652832,0.004518226861005311,0.003403896322145291,0.002665144800937483,0.0021756514265799426,0.00185308206006783,0.0019433112534977914
0.2679467526319349,0.19669627358596894,0.1675206835140558,0.1372111634617552,0.10818661376496314,0.08057102279131627,0.05929123740390901,0.04312653576500823,0.030900155549043035,0.022032732929056113,0.015816407042539286,0.011139791248675575,0.008130255416037332,0.005825198944971707,0.004319303861674068,0.003238350729277034,0.0025192181969836995,0.001981559548231475,0.0016265019499988737,0.0018327735070673367
0.2689460757516155,0.19680023084145543,0.168365477930858,0.1379311510850563,0.10763433721563273,0.08164325752460859,0.059668233037154454,0.042467839434438444,0.030418546668184575,0.021483584670233733,0.015492752953429311,0.011048378643107619,0.007820205164852134,0.005789070874413459,0.0042099259571523094,0.00299147081399792,0.0022824899767693247,0.001889112691884142,0.0015543474952913073,0.0016941147827576764
0.2700239597151907,0.1976146321213598,0.16905925404517602,0.13838314788243053,0.10793603523115937,0.0810715993899522,0.05922020377038379,0.042641299149001444,0.030237295936324005,0.021200512584490704,0.015208327693099063,0.01067132324408227,0.0077429136096596905,0.0055578868523882986,0.004019230942776439,0.002857342682585665,0.002132008555107345,0.001746216530849826,0.0015623448935574982,0.0015826497369394728
0.27143177725228046,0.1984135844443768,0.1695270185694519,0.13832646014395916,0.1074303744224886,0.08124233884654462,0.0594274334417031,0.04242545211377356,0.029962369429136236,0.020804507098160875,0.014666562920411961,0.010371242440337453,0.007615200630596799,0.005473742612308143,0.0037562910262872715,0.002788744433505981,0.0020004984330932517,0.0016001732111382888,0.0013814039349150133,0.0014986823097975941
0.2718105253424836,0.19964457715167827,0.1698136398028486,0.13830143510995901,0.10776799638262531,0.0811676632864661,0.059175874546559586,0.04236658393763862,0.029810640358760552,0.021142697988681045,0.014360120473912165,0.010076327958765539,0.007295640319294206,0.0051813705204261035,0.003643309717409517,0.0025732072965424083,0.001966552815587186,0.0014410862949084992,0.0011952671929601013,0.0013328356812064525
0.2729676490386945,0.20018672472873608,0.17118463084092647,0.1386239424851753,0.10752796078780696,0.08089713564717144,0.05957826821834617,0.04178867857299912,0.029583917317929292,0.020637818297444824,0.014119366263487084,0.009672250743347087,0.006787940018063588,0.0049951120066481225,0.003610462448146115,0.0024434328935454817,0.0018390581676846695,0.0013688636514832553,0.0010745692420622258,0.0012301731826756443
0.2735996049445074,0.20092360005592114,0.1719190406825982,0.13851182235130177,0.10784541424454654,0.08058613427376984,0.059236902512390596,0.041690530844543834,0.029341664374202343,0.020442768815870774,0.013691649266486578,0.009628350192341512,0.0067432274590626,0.004676627236280165,0.0033575207110998844,0.0024285089361011274,0.001762191024663908,0.001304449786011607,0.0010056777952656467,0.001129696357462083
0.27490170084591375,0.20073994913695142,0.17193784607615029,0.13973021842252398,0.10837256281225764,0.08027050303915731,0.05875741752791156,0.04178954060927439,0.02908392403008494,0.019994634128744825,0.013862209837130024,0.00947369370344318,0.006354499215410418,0.0045102627924174365,0.0032229046047291825,0.0023176956513897163,0.0016672528542827762,0.0012309939938315024,0.0009018271017080608,0.0010821925220496726
0.27479553417085495,0.20129270440662908,0.17254401385620352,0.1400606434429419,0.10854026113440897,0.08035763619121292,0.05840849865192943,0.04172760517036658,0.02889077076259863,0.020103222401764494,0.013743441475920219,0.009303998655876089,0.0062222111965972915,0.004282703538361093,0.0030423207336751543,0.002172925149663462,0.001562882333904285,0.0011355140766534017,0.0008727784462062889,0.0009776471742388277
0.27580093235469155,0.2018212025031108,0.17266483021045614,0.13953873690285115,0.10847865683215813,0.08057338911832068,0.0585268976213233,0.041485951560837495,0.029000829561234256,0.02003119871598348,0.01336089520477539,0.00906205478710934,0.0061676074371968025,0.0041613316261203594,0.002933896593388759,0.002038962327099602,0.0014855457971903125,0.001093307604912446,0.0008791545688986674,0.0008735189626877788
0.2771107679380217,0.20198627382734483,0.17288714824288992,0.13982876639036346,0.10857148006348319,0.080582973733742,0.05813742617930079,0.04091606939906037,0.028858078403411626,0.019992272973542245,0.013141576921647271,0.00876443044718758,0.006068982296548856,0.004178902063882009,0.0028452578472684506,0.0021637926859076383,0.0014203761462412974,0.0010306456572647005,0.0008222637484188322,0.0008459179110445791
0.2783555903507241,0.2024692053371783,0.17344703092702207,0.13946391659673216,0.1080232276523962,0.08079776059296975,0.058193041842441694,0.040901845708460276,0.028357561659729538,0.01944837141714589,0.013175102930491648,0.008813440948030658,0.00604797602888249,0.003935859237272381,0.002826293882746539,0.0019510326843033103,0.0013235931894090011,0.0009946662010622547,0.0007659943564239332,0.0008504790280883376
0.27792151303646245,0.2031869412260517,0.172970609645337,0.14057946844497735,0.10872695884989761,0.08108997401496904,0.05828151727339721,0.04058104602708485,0.028037014583619742,0.01902451337226205,0.01300829132081935,0.008797273938118216,0.005708593540477375,0.00382338292199758,0.0026570990067993796,0.001835629466529342,0.0013386911026622831,0.0009781009066589738,0.000748224656706865,0.0007752689214071133
0.27908635884878874,0.20262101311631844,0.17346938775510204,0.13991789922850487,0.10894218737340544,0.08119941845286857,0.05826499104273382,0.04092772971561805,0.02802071424070291,0.018805757856737753,0.012534546240198771,0.008752464373486493,0.005663557880143675,0.003733694624740058,0.0023946058352763266,0.001765571689637479,0.001350341636434018,0.0009283598750483873,0.0007055535050367745,0.0007156810673100296
0.27909171800907834,0.20348377504702475,0.1738733766599462,0.14072851784688503,0.10833154995888852,0.08088710676593489,0.05818568870166588,0.040931259362715834,0.028222745345392694,0.01891015171823435,0.01235934807339243,0.008376603629073132,0.005658740975186695,0.0036989063221562696,0.0023394118243357403,0.0016872599484135475,0.0012378495883220888,0.0009010734036921484,0.0006149825980198913,0.0006780577362783417
0.2804120621923702,0.20393000260242686,0.17374523029224914,0.14030460787284837,0.10862597492432118,0.08008489995302111,0.0580724240761666,0.04075107617675324,0.028426162614503966,0.019043906659621704,0.01263021992197226,0.0080855488698595,0.005400880769417088,0.0035442575929466344,0.002317399195388184,0.0016313048298114208,0.0011716554026269873,0.0008494501669045662,0.0006511700218446143,0.000594840435179855
0.2817311351665402,0.20372826623009588,0.17334433767877377,0.13970414374407458,0.10844985103599233,0.08044056414910364,0.05829187937856225,0.04069881346733715,0.02790795082724003,0.01899600735924984,0.012496988067115999,0.008374862351852308,0.005310009525589608,0.0035276208319915694,0.002260920086383361,0.0015414340628778988,0.0011113187874802677,0.0007656502284565164,0.0005877491459622077,0.0005438368534477904
0.28240823100498325,0.20475503122206282,0.1733190415175747,0.1402504520612416,0.10768290183909547,0.08008070672428431,0.05832209279021432,0.04079247517885411,0.027852151766472936,0.01894266084485349,0.012174690425309123,0.00815286538145412,0.005408971867491452,0.003371037004843754,0.0022023207686955185,0.0015064954951506157,0.0010077081226904342,0.0007453662315319189,0.0005336912292237606,0.000535943090950443
0.28173022453321267,0.20616354198693373,0.17442796793895018,0.13978225785562173,0.10733041193516164,0.08025285748554783,0.05800788574787908,0.04079033168117792,0.02768570981303729,0.018553243438960903,0.01239285485020796,0.008022019729010477,0.005173825443643705,0.0033043108079344003,0.0022377864946713194,0.0014460583085847882,0.0010473786814515994,0.0006441941997745322,0.0005405825452653416,0.0005360776907214636
0.2825350602786805,0.20581346377761423,0.17471133122082064,0.14102711358246567,0.107587253756016,0.07969105064850543,0.05733963033279957,0.04065348260555245,0.027496447240108017,0.018586958724925176,0.011947633107443118,0.00793993977762313,0.005127009758547457,0.003297141351422569,0.0021688163397677136,0.001390699989414915,0.0009256318957887128,0.0006790219381515739,0.0004132687417937439,0.000557406068631889
0.283029401866024,0.20533017864439168,0.17590805177321808,0.14107740431533536,0.10827396717517639,0.07989302272704249,0.05722338597026382,0.03992962732422872,0.027370153295820734,0.018073801261350303,0.012113735391085005,0.0077024987252550334,0.004869356931967451,0.003126924076977712,0.0020868672565574793,0.001402500863900011,0.0008554579908218359,0.00063821668525787,0.00042660339279141534,0.0005020187682980776
0.2838748487654531,0.2057026407748616,0.1753036519341125,0.14150146334209762,0.10823887510786374,0.08002532404184322,0.05745223016039311,0.04011066876648937,0.02722897755307572,0.017829342093108675,0.011690965580481561,0.0075758087809538,0.004783179789431943,0.003044968198500833,0.001979285654741384,0.0012279006053887928,0.0008572773951384138,0.0005947995593075986,0.0004190633258758086,0.0004213163545095495
0.2836844320122784,0.20654661574779395,0.1757128679672433,0.14137525963899214,0.10828886933548174,0.08000931662342163,0.056978803556519735,0.03978018169666064,0.027459284780372968,0.017972756752864194,0.011640153296711954,0.007498306579921555,0.004796710826861582,0.002925509770077436,0.0019004561544849192,0.0011623275355730745,0.0007493805795659891,0.0005963539146696308,0.0003825666622408955,0.00038481705437172416
0.28361664108883855,0.20680096246195692,0.17629672832743515,0.14220521787693138,0.10794931874402545,0.0801113339240817,0.05733674571210134,0.03966608830374524,0.02677959193324468,0.018062487966410662,0.011615298956582247,0.00741212805653169,0.004695210997377662,0.002872298142520484,0.0018105274061830407,0.0011158163305518619,0.0007341193214125267,0.000568604689130868,0.00041209765588494574,0.00034341471323745483
0.28452415779643075,0.2075320116119451,0.17641604968832278,0.1417557440871346,0.10806085019240723,0.07932916263474131,0.05756576726601707,0.0394356054639152,0.026291153768256185,0.01787136845421608,0.011535432184890964,0.007387987487904226,0.0046976618583612776,0.002970497558341022,0.0017417917501181448,0.0011173121497850885,0.0006683619506267296,0.0004950829263901706,0.0003679366293854223,0.00033530616378243364
0.28574983336035586,0.20843579419553585,0.175970338143364,0.14136558936388682,0.10773140391648203,0.07939365688446921,0.057184420544416234,0.038968905943180386,0.026540741141076227,0.01776175935433894,0.011358518438451422,0.00739744906231422,0.004734592588589238,0.0029083121655947676,0.001813895044046911,0.001070772307193429,0.0006609288583833248,0.0005269415770415604,0.00029499720766001887,0.0003344052315840673
0.28669744643453937,0.20760589594217932,0.17595217170654423,0.14115220456430266,0.1082438090694165,0.07973070141187089,0.0567584020776906,0.03940567966611115,0.026339094318645985,0.017387605648383722,0.011180640028626758,0.007121806636592064,0.0047564981281205,0.0028514232923248983,0.0018803189903215899,0.001096008795076737,0.0006414014509175975,0.0004444799528288618,0.0003769640106270093,0.0003477071023395399
0.2863310243150319,0.20742337191701057,0.17618578687629768,0.14152462734020227,0.10852461045867116,0.07990703903572699,0.056956034865988756,0.03912126003747701,0.026514132655070934,0.017411611117050904,0.01101351085201087,0.006973197755881808,0.004562515123038225,0.00287098571259756,0.001801822079917168,0.001062411020263465,0.0006054842467179492,0.00045805220894833706,0.0003567630226944049,0.00030499299416461757
0.2866793607065448,0.207956057015145,0.17624346448257153,0.14152954177667051,0.10844176159062624,0.07948292043942988,0.05694874893934995,0.03918834669133451,0.02629174234700195,0.017363150822749335,0.011015005525508485,0.00709200703123769,0.004361888170910391,0.0028449053911407314,0.0017386783343799163,0.000986939093366464,0.0006054426821335891,0.00038824856010425285,0.0003443595924402939,0.0003004706247763351
0.2864943517500241,0.20893689657731576,0.17693089636591391,0.14147612397138434,0.10813986699681316,0.07942971004225786,0.0564959934870269,0.03928249346116393,0.026059763724808897,0.017137035562722218,0.011175056392541566,0.007211273560612705,0.004362972308619569,0.002769587834054124,0.0016102516355523755,0.001014278614014137,0.0005217575131957423,0.00041943006987502557,0.00027999487238305993,0.00029123964637434765
0.28634743795108086,0.20962320692572128,0.17721175824769178,0.1416089973182628,0.1078521804863123,0.07987167257608754,0.05629173341012582,0.03898980399920806,0.026008576159536365,0.016860972624682787,0.010998047191375244,0.007138550422058641,0.004442189665412788,0.0026569896150177275,0.0015984683501016892,0.0010337736901783626,0.0005624448804017203,0.00040046075484602493,0.00027334821187523624,0.00024972552689836404
0.2868058720593282,0.20952943625754689,0.17730738283733682,0.14150672676018297,0.10836864108753506,0.07958002059384547,0.0563157272834692,0.03872543227381936,0.0261237993956888,0.01694209528310911,0.010986760295516049,0.006828604063627108,0.00429882457532227,0.002624308615092025,0.001623875356594251,0.0009970572182553747,0.0005615480269858148,0.0003679883864215659,0.00023069608323064548,0.0002183172690085132
0.28723435382877094,0.20933548506169344,0.1770190459470531,0.14192404128797595,0.1081659891873399,0.07960944779807971,0.05660778673581007,0.03892242524094408,0.026055944937361294,0.016795185170180107,0.010844170751799479,0.006651001363961701,0.004219053149491102,0.002651397498053091,0.0015890378893255372,0.0010128428473038117,0.0005919503752020053,0.0003398650443175011,0.00022282542640683859,0.00019356552192917293
0.287835260359524,0.20931049033673738,0.17688581314878898,0.1411179565082848,0.10833094213295076,0.07999324837539036,0.05659549329057305,0.039240442231411946,0.02570343488902017,0.016575238416744024,0.010885869412327345,0.006764002588122767,0.004175879821081949,0.0026646411792837646,0.001604636115565309,0.0009756097560975605,0.0005952682364193883,0.00036233718738571443,0.0002486848397895743,0.00017891805215630003
0.2875436986245901,0.20933497104755222,0.17807667562010432,0.14106950837078933,0.10820836763984686,0.07971371495674005,0.05659674886732267,0.03906105884523151,0.025771502872748698,0.01686193259276257,0.010588902236559714,0.006644215584380524,0.004144901714650791,0.002611794241904788,0.0015567283509027668,0.000938086303939962,0.0005646514683187779,0.00033069229419466277,0.00023058476295886377,0.00017097016570608435
0.28767698320790774,0.2098105614282676,0.17723923639363348,0.14154267572838697,0.10807778314218418,0.07987638607069986,0.05618896815455792,0.038830799495370674,0.0260079925903668,0.016833732287611706,0.01089724760936918,0.0068649396279202735,0.004224751371018476,0.00251189266385542,0.0014844025195453845,0.0009689693474818617,0.0005356903709655824,0.0003353691818229903,0.00016880999085049848,0.00020594818883760822
0.2882474217527694,0.2088197482096521,0.1773071502565032,0.14163966288482502,0.10852089760908273,0.07952215397385817,0.056225979194059424,0.038922563164104654,0.026173328849262094,0.01668029509387868,0.01070890691765468,0.006820587285858416,0.0041290197767787345,0.0025835898739473588,0.0014565733072537364,0.0008447000415039033,0.0005263909712700755,0.00033293104165799646,0.0002047075999383627,0.00018221225928579537
0.28819053986971804,0.20986378592068036,0.17681715390131045,0.1417364846839363,0.10798745133000365,0.07935559180126549,0.056527548427983035,0.038892096971907326,0.026247747306617313,0.016837370452542334,0.010575417529190745,0.006693074255302623,0.004171633567129419,0.002475289318434321,0.0014048026691250719,0.0008532375185871831,0.0005121676397851823,0.0003005467248849311,0.00018460547895553808,0.00017109776098318173
0.28890861370889986,0.20954846287027631,0.17623864182239335,0.14178133124535242,0.10836801114189837,0.07951539942198028,0.056498109454751234,0.03883014567492073,0.026077262044983843,0.016923220575612245,0.01051640403781316,0.0067004388584954175,0.004067962879838721,0.002456977580079581,0.001524361090205052,0.0008617421366030028,0.000521995236793464,0.00030487221804101014,0.00019237324459414292,0.0001721234293737069
0.2896550094092435,0.21000508729436976,0.17630513861751654,0.14203793410828286,0.10840101385724958,0.07926612402193388,0.056408190093732255,0.03903147819666669,0.02569421309010363,0.016596735127542523,0.01037943112343667,0.006619110218708639,0.0039449041517724505,0.002383825105122411,0.0014642853927121131,0.0008249970736802295,0.0005312395890546637,0.00028925545420984837,0.00017783020142084075,0.00014406497330295959
0.2897252393147686,0.20963984969086766,0.1780303924975902,0.14174655072933218,0.10813732073184032,0.07923171833121324,0.05602400627150346,0.038318481252411135,0.02569561838306338,0.016497563268964965,0.010199066247816616,0.006630292846369539,0.0038960703002246114,0.0023956783312582028,0.0014509037780859539,0.0008817895829607656,0.00047913566625164045,0.0003081764613919004,0.00017545813130341774,0.0001574624255287082
0.2896811916337268,0.209583148668501,0.17799477614122858,0.14197782222232214,0.10871453029140671,0.07889331584547997,0.05623184754071438,0.038034956209125344,0.02591344412473369,0.016492725517942678,0.010305984940348569,0.006483704125318617,0.003832404572338746,0.002301467494865006,0.0014027028182290624,0.0008155248943192224,0.0004769414554363451,0.00031496133849569967,0.0001709790123262369,0.00015073149770865622
0.2900867077053894,0.2111870823627596,0.177717615644954,0.14165782793205098,0.10812874896381536,0.0786128116849009,0.056340325212945075,0.03824182103052709,0.025672634265346498,0.016319134745056394,0.010338788791547213,0.006353766088277871,0.0038972914667875407,0.002306881615694443,0.001362083684352009,0.0008188248738301091,0.00047239896567121683,0.0002699422660978385,0.00016871391631114905,0.00013497113304891925
0.2897919146150228,0.21176720714721212,0.1786443065057898,0.14208143880165863,0.10734429593165958,0.07895275613580781,0.05602151723020783,0.03823110549157334,0.025280045716239836,0.016186293677345035,0.010368272209610755,0.006337728721812628,0.00388318060839496,0.00227118819477098,0.001303767765101321,0.0007683118063539268,0.00046008715783126827,0.0002609785345155359,0.00016536139902493017,0.00012711454482868784
0.2908268045086565,0.21030238411757957,0.17884818261364432,0.14138476315156098,0.10789937174824042,0.07909269019067991,0.05590383451763178,0.03834742569736395,0.025505716798592797,0.016195534081477034,0.010250423445734843,0.006403984101384049,0.0039251676350246425,0.0022595019423394007,0.001300141485985241,0.0007704125587369283,0.0004262574595055416,0.0002541799098898479,0.00014733437254677028,0.00012371588534461627
0.29114000910792887,0.21017276954128647,0.17759449476294087,0.14249523520383206,0.10760849398708024,0.07921311991544244,0.055433554284943246,0.038426464718019644,0.025664119819865418,0.0162233579022528,0.010290835287040313,0.006336195022123273,0.003919782759027814,0.002245498040670838,0.0012312570628615765,0.0008050959424738711,0.00036881490102155004,0.00021589164937846833,0.00012706123114461927,0.0001248123597969269
0.29185122625094984,0.2106931837812632,0.17824080608174406,0.14235034160694712,0.10743428399161313,0.07892582652396447,0.05529617790885287,0.03838350079657477,0.025622496942981944,0.016105375948296592,0.010076021800518703,0.006150167049240856,0.0038411728110000713,0.002217537742740783,0.0012566799937222452,0.0007327810565370498,0.00040308603572222936,0.00023823852531481906,0.000158072955185188,0.00011065106862963165
0.2912891695004333,0.21114201086634943,0.17917178600972006,0.14297730550267015,0.10713436288688023,0.07838482841354315,0.05522625465961735,0.03781178684505765,0.02558801383411819,0.016233393315211155,0.0101864775091162,0.006363647965546967,0.003739295787230242,0.0022925375350812773,0.0011764337351074972,0.0006439060384464111,0.00040258629791154035,0.00024480031371566265,0.00014386369147271176,0.00010209681330321478
0.2898092831535919,0.21048481876609174,0.1788549252685315,0.1421041314208934,0.10788136258500235,0.07926757813611064,0.05625253854896826,0.038898818700103664,0.02527797466741454,0.016395755375466326,0.010108686871904677,0.006165331925588232,0.0035519775367570503,0.002148024852465507,0.0012037130794006919,0.0006644314162287374,0.0003913774095593932,0.00021047913014095266,0.00013766472836246094,0.00011604795283447122
0.29067957070040645,0.21149447011140438,0.17866893155660854,0.14219137321245218,0.10840586858490864,0.07876446719578124,0.05565498381425751,0.03844934940114481,0.025193059203285777,0.015767413934374273,0.01009520143729854,0.0061493144828110744,0.0038260352479259304,0.0021515686168306373,0.0012745768024717105,0.0006545747050668464,0.00032959219304422185,0.00022702679031367729,0.00012330896732773327,0.00008643151915495325
0.29119561493662227,0.21122859581584133,0.17788771404184162,0.14283856208011794,0.10789624958628746,0.07877436549549709,0.056145301676334455,0.03862246764331875,0.025293082725103215,0.015894693446211552,0.009904715452819344,0.006138624209591165,0.0035303476347251497,0.0021007891023742745,0.001156653369798108,0.0005922622676677062,0.0003193571051149395,0.00018116257599247465,0.00010335557220083491,0.00009174258656029171
0.2899768981836547,0.2110332217213191,0.17933369498120047,0.14234623730335388,0.10844408799266725,0.07937391271815782,0.05574716137600776,0.03853303466207747,0.025174666566901743,0.015997072522867993,0.009995978226304268,0.005944976524065168,0.00356464767391833,0.002016732449166651,0.0011235245702313921,0.0005974204530574837,0.0003086477487420268,0.0002197946089526554,0.00011457378551787346,0.00008417665874782543
0.2891548708185701,0.2113780723557029,0.17872575461110418,0.1424715166258292,0.10925276313701984,0.07967706111512629,0.056180554331411926,0.03840011281707769,0.02511472674176055,0.015733281625506055,0.009778655243937548,0.006016910809873846,0.0035255336776604564,0.0020894662929600966,0.0011375721999917737,0.0006545740861522906,0.0003725313919394546,0.00020683130908941347,0.00010459083243726022,0.00007286102933831611
0.28914872588402635,0.21024151945671687,0.17855668595394159,0.14337254476448372,0.10876985240870782,0.07994390728898595,0.05646422497470165,0.038564328526846894,0.025143828976201873,0.01591848865761981,0.009686489393571267,0.006035037894423988,0.003557098747231336,0.002101707548927799,0.0010768007812407862,0.0006309840284379197,0.0002972111685352443,0.00016275849705501476,0.00008727629552225423,0.00006958515453801355
0.2882660383041299,0.20965694003980417,0.1780829036963544,0.1433410697517849,0.10899373409162048,0.08029103106969274,0.05689870016358687,0.038378541183140526,0.025407343101299835,0.016382308996096353,0.010025453407272232,0.005844244045615339,0.0034867033998901556,0.002004382001901623,0.0011563288036898585,0.0006260002716604954,0.0003236303291225957,0.0002007925399665739,0.00010039626998328701,0.0000602377619899722
0.2871215454713206,0.20915719199632848,0.17817466513368635,0.1430119279120713,0.10976541615212465,0.08037146385431013,0.056767587874314525,0.03872786286449684,0.025903346533997642,0.016474807549455184,0.010090937909563625,0.00596868745653007,0.0035343714070772596,0.002132687967523526,0.0012076951829403883,0.0006825074638164593,0.00032646804161757837,0.00022001107152488973,0.00011118839098569694,0.00007215416861837779
0.2864487536463262,0.20893996870939893,0.17703942592050861,0.14278202105068677,0.11044918948815821,0.08086997819606487,0.057019481419281016,0.03921273700380058,0.025803494551384917,0.016545408678700486,0.010462572674848965,0.005969138134620646,0.0036253039345384517,0.002114069756011478,0.0012151459774049171,0.0006798185097762403,0.0003162221987983556,0.00021199915200339207,0.00009711692996803433,0.000055664581810946495
0.2851403099773745,0.20809989819126526,0.1778678003505823,0.14385135687694894,0.11080085192221761,0.0801966010816141,0.05730919158649772,0.0393462907368274,0.025825521873470366,0.016676958158861926,0.01041672839586649,0.006222303342621357,0.0036966407858354308,0.002136916747951678,0.0011994230443300603,0.0006352675412657228,0.0003235597738163103,0.0002002989076005731,0.000130372070035876,0.00007111203820138691
0.28529150916998264,0.20716999207971515,0.1775685199501069,0.14361919080298413,0.11018562871411565,0.08123390451076826,0.05734381150670377,0.0392789220824184,0.025985174364835828,0.01683179117006797,0.010400709505764735,0.006330299595448921,0.0037123371480334453,0.002175707015854798,0.0012449549682002935,0.0006817610540144464,0.0003568870908840838,0.00022527756567433872,0.00012093848262517135,0.00009366804046459351
0.28467343159625197,0.2080637517208286,0.17706924055489373,0.14343068164406078,0.10958544514669949,0.08118865743902715,0.05742904960380858,0.03956806760020002,0.026506994373380888,0.016915491435352075,0.010596383617356637,0.0064628318867881954,0.003827098757440097,0.002183180482984138,0.001362409147977588,0.0007388129817280382,0.0004311722063782603,0.000228058026514121,0.00013065824435704861,0.00010215099104278347
0.28407612617745365,0.20752146004254018,0.1774512876025524,0.1432469709054999,0.11014770396536004,0.08115884229717411,0.05728810581890003,0.040029863643269534,0.026447603312063216,0.01690215739896688,0.010622008887876034,0.006449882254633847,0.0037899289729565492,0.0023299813886356723,0.0013234484199331515,0.0007311607414159832,0.0003952541020966272,0.00022789425706472194,0.0001483686569431784,0.00009970373746581588
0.2830641273188886,0.2070665688167524,0.1778149069119565,0.14329668711539872,0.10949690419020887,0.08060742946849922,0.057482074703184644,0.040057902449335374,0.02687428898499714,0.017335109831778894,0.010746865596492608,0.006590619233208171,0.004010183991089009,0.0025091853044628587,0.001449936231305798,0.0008086867923990564,0.00043937461554721164,0.00028143725374240295,0.0001401248773907323,0.00011281240128914885
0.2831788346725856,0.20789308138775797,0.1767551720454357,0.14279118348743636,0.11010195724679828,0.08081921876298202,0.05754471757011787,0.0396980451270608,0.026741522355817754,0.017768335093945473,0.010858031358678232,0.006614758281800812,0.00401300874767065,0.0024011584432232255,0.0013863336933686251,0.0008118597998836807,0.0004462855040296255,0.00023026432920677492,0.00015192698009519167,0.0001436184733712359
0.28352986604093044,0.20755754893515904,0.1768200314848368,0.142394629756141,0.10988208037544182,0.08110731576915078,0.057847744081741766,0.03947604479163574,0.02685597172305224,0.01736774883416996,0.011225235393708967,0.006825674993316896,0.004008673181453651,0.002464134018475066,0.001387709032583836,0.000787714973119078,0.00045148067840912486,0.0002483143731250185,0.0001639587726854189,0.0001247512400867318
0.2832164177508974,0.20844191477079718,0.1764043529179801,0.14214804767210107,0.10985392876740971,0.08140222682018916,0.0576006214381923,0.039685575079758374,0.026630859537389626,0.01736036051016845,0.010942870920921036,0.006761941186671385,0.004171427621217269,0.0024467941058392852,0.0014811418689231017,0.0008171817207851595,0.0004370971994897366,0.00025774481600345856,0.00014490722374387998,0.0001116498281305305
0.2838699943451009,0.20742550026848885,0.1761204065824926,0.1427957060783038,0.11031924043775575,0.08131649852449903,0.05797934773827796,0.039503509363847625,0.02661960586778941,0.017152401906508834,0.010929636898454173,0.006592234255382848,0.004153262021412585,0.0025138164866444594,0.0015586612620404213,0.0008363548235338845,0.0004300574518739575,0.00022572076203329275,0.00015681652941260327,0.00009504032085612322
0.2832380929751821,0.20703669822864817,0.17732527057369937,0.14251244460812854,0.10999013935585053,0.08115666543903627,0.058088698276169325,0.04007460824730021,0.026693832939303573,0.017195537761514966,0.010821759946776281,0.006649400639159823,0.004004847160015681,0.0025198103905052695,0.001477908593016763,0.0008221163556009655,0.00046214344267164065,0.0002447340596153161,0.00012711914747009134,0.00012355505922326634
0.2820806670130807,0.20690407890647058,0.17652760279124283,0.1436894516930393,0.1106982615236048,0.08149152590631162,0.05803383942998286,0.039734400098704284,0.02664777998438764,0.01708461755654734,0.010762561660509512,0.006635252134835725,0.004113073333001156,0.002611155006038518,0.0015244589653609707,0.0008707804518093018,0.00047216705697561596,0.00030370544368280814,0.00016964796268219355,0.00012693938466429872
0.280475275246773,0.2060874620349279,0.1768436788154897,0.14367169703872432,0.11064089787395597,0.08209472285497342,0.05844129650721335,0.03996298405466969,0.027029944950645413,0.017506643887623383,0.01087224753227031,0.00680879840546697,0.004093109339407743,0.0024914578587699326,0.0015114844343204262,0.0008292995444191342,0.000489986712224753,0.0002811788154897494,0.000180334092634776,0.00016253796507213365
0.28098124911884953,0.20555595705080276,0.1766032791235768,0.1429151951207665,0.11051136935811964,0.08195439461559335,0.05862804729956274,0.040872347811251944,0.027401853170423675,0.017606422238992878,0.010937520362720016,0.006601371692057621,0.004036409431952678,0.002389620729160127,0.0014394591898510424,0.0008518281131711103,0.0005046992715033288,0.0002701207368609364,0.0001480925092439344,0.0001552009496876433
0.28081347503034243,0.20548237174743203,0.17581125484739943,0.1430709570468606,0.1107368047127083,0.08248660489624346,0.05866966638050977,0.04040022497853822,0.027368047127083274,0.01772594061750688,0.011149462715727775,0.006833427074390928,0.003922915248216452,0.002442793286166778,0.0015286699624049024,0.0008442615671531332,0.0005233711257807643,0.00026997424587786015,0.0001610372694710044,0.00015866907433172492
0.281235512629134,0.20568717119966984,0.17582851458429918,0.14350367023275828,0.1108183830582388,0.08277853989829348,0.05851386104217774,0.04077746568382761,0.027005941378243237,0.01751823259707353,0.010935408408988781,0.006760674265212406,0.0038605323408508587,0.00232153634010626,0.0013801165985105654,0.0008394523640425086,0.0004730812051595491,0.0002442474392553061,0.0001671790724999911,0.00016955040686169307
0.27989250853699277,0.20640920217921413,0.17546275122219404,0.1432710012393747,0.11018704367670093,0.08201911433290601,0.0590409183221284,0.040930170834646576,0.02743923391004936,0.017764765265280685,0.010846305691881497,0.006733619756058833,0.0040001232265448935,0.0024052873666724336,0.0014455421612514124,0.0007749053880806749,0.000469208767094721,0.000258301796026892,0.00012441141551753962,0.00013033576863742251
0.27905651683090676,0.2053848003591605,0.17613075713908344,0.14359072769077144,0.11083629178704818,0.08292910016808992,0.05931832961971875,0.040706427810767935,0.027104055835705434,0.017800474063334005,0.010951313150696947,0.00666555317457779,0.004002648689692261,0.0023892697268746064,0.001409633601874457,0.0007995820850968557,0.0004015678916264212,0.0002369132103990684,0.0001575472849153805,0.00015517815281138983
0.278682681388274,0.2046886046090284,0.17567524361347253,0.1439749997927702,0.11152872856799449,0.08307784855170029,0.05883906294221368,0.04099242959810439,0.027360259001767962,0.017820581593490852,0.011221199493648694,0.0068066119343069605,0.00403802134585712,0.002464258774407234,0.0013629802255371109,0.0008016834167581439,0.00042748554423883284,0.000279464233906827,0.0001598630151585663,0.00016696803805450264
0.27949327655202705,0.20510629332721028,0.17516827853455946,0.14293407695066396,0.1110265493638734,0.08302609012651517,0.05937063177093997,0.04082359722516477,0.027427596140985867,0.017607255003379178,0.011155443560557194,0.006875540757907345,0.00408579216668896,0.0024985826372770532,0.0014203217265430913,0.0007847277539150573,0.00046988977119800566,0.00028051354099226024,0.00018464182445060177,0.0001858254258893877
0.2805161763661752,0.2047653421058859,0.1753224623103685,0.14298156343928245,0.11126192223037423,0.08260360211109266,0.05904551156130926,0.041152107542659716,0.027228835822308464,0.017553783163325683,0.011038269471990152,0.006717866187016304,0.004147634487492012,0.002469647125647882,0.0014507845596762373,0.0007727261969564292,0.0005029228693820557,0.00029110359027761327,0.0001834189288334556,0.00020116914775282222
0.27882973035632336,0.2045452394808684,0.17521161279943986,0.14316569909109406,0.11171594441526732,0.08272416289335854,0.05982408577119799,0.04146853841677193,0.02715480736019833,0.017726268375655888,0.011101096270220911,0.0067067891158393775,0.0041731132276333896,0.0025514187165547684,0.001452546214153571,0.0008303643667229712,0.0005240048639006784,0.00031109092371530106,0.0002093653745156209,0.00020581680884586452
0.27898218046714157,0.20390112880706154,0.1760939016021014,0.1434188418486878,0.11107745462290267,0.08320041649904156,0.059091984759921425,0.04104645384196701,0.027426225240788495,0.017765104006436803,0.011181579383297445,0.006681733203966211,0.004005253567456279,0.0025285751473128715,0.0014269825117731974,0.0008306316113306675,0.0005336393970229784,0.0003171072248384883,0.0001905009820858082,0.00019878363348084342
0.27871483761850707,0.20473048227250237,0.1760549157354794,0.14277429816967233,0.11113066463205072,0.08275509372501268,0.05910150127734362,0.0410757796047853,0.02742715952562896,0.01786391300599164,0.010979367623385018,0.006810137017689113,0.004070019452472541,0.002531065492353064,0.0015566702374807924,0.0008432948023985475,0.0005574721943026812,0.0003956635277360135,0.00026574416041971044,0.00020314664707640092
0.278287714590754,0.20468438506816825,0.17561247531674873,0.1433163896788579,0.11067899018338824,0.08312232499692936,0.059226811915987165,0.040749803951209834,0.02767712890089851,0.017781389064729175,0.011214935610963614,0.006887690025604447,0.004098128324562316,0.002463601061970314,0.001521149649001805,0.0009223741272285791,0.000520828412429966,0.0003306847063047403,0.00025391861376971106,0.0001889626893169943
0.2779438545041742,0.20511907858950415,0.17703095806825436,0.142764231487832,0.11115578364827472,0.08285362911808529,0.058715086441359414,0.04099638152448975,0.027521699027978137,0.01747747321618617,0.011133315989877726,0.00662086417709245,0.004158881820116831,0.0024891800487193434,0.001536078329352222,0.0008975238275429844,0.000534493768181066,0.0003228247759146701,0.00019511387555282256,0.0002211290589598656
0.27891509506454076,0.2045303280888144,0.1759642699660362,0.1432594198598178,0.11159606525128886,0.08313049193816281,0.05844551181642252,0.04064787876566824,0.026799889821361656,0.017966683965816247,0.01118336822717606,0.006879071851367597,0.004184896778457003,0.002571228952865531,0.0015025434478584327,0.0009055454611011486,0.0005627149340524105,0.0003038187774190537,0.00021515571007886287,0.00019742309661082468
0.27806366060285165,0.20405572784690443,0.1754980428122991,0.1439289361219318,0.11224636927498957,0.08283300555954769,0.0584378900192882,0.04105721228395297,0.027471540410725772,0.017855792140993157,0.011200644831889865,0.006866703226050448,0.00415429635792897,0.0025363072501040015,0.001427706970235617,0.0008757705835634054,0.0004810237888128286,0.0002931054044854582,0.00021273779357815515,0.00020328278053023715
0.2796977605905968,0.20453689636814565,0.17608951499333647,0.1431800770354002,0.11139795760574064,0.08187283610913385,0.05854619586067521,0.040684984707422475,0.02732124328478191,0.01792849613347451,0.011276726597516596,0.006824113520385579,0.00417639052674696,0.0025308596069376723,0.0015204044653618102,0.0008912308783759059,0.0005040471325384262,0.00029747043887513674,0.00021602019965932562,0.0001440134664395504
0.2803095880043517,0.20422047206849248,0.17552504611891576,0.14340972517856293,0.11163379215741923,0.08237666146350688,0.05839127761222269,0.040601201456884714,0.027317771155574475,0.018054964287403618,0.011270753512132815,0.0069793292654084455,0.004075020103117167,0.002438389858568657,0.0014533371174495055,0.0008112199044510664,0.00048129227567286325,0.0003145546568279648,0.00016555508254103405,0.00017028522775649216
0.2793831567416472,0.20477434982151965,0.17618443915613727,0.1437097474833324,0.11106625493417946,0.08207972123066465,0.058333097248191586,0.04054526224337547,0.02720173003191871,0.018147864845978055,0.01146783576028859,0.007099080212287759,0.004191691691691692,0.0024186922771828436,0.0013976240391334735,0.000835741401779138,0.00043203580939429995,0.0002809413186771678,0.0001794247077265945,0.00016407917351313574
0.2794162143762172,0.20520906219860435,0.1769830651109136,0.14321138826377197,0.11083440496227233,0.08214744983831007,0.05867759412999488,0.04034091983585166,0.02697904650239226,0.017876898201554494,0.011239102479245072,0.007110573195408387,0.004283363906276593,0.0024028915070254723,0.00136159912252501,0.0007777189432477922,0.0004054066831823597,0.00028130259649388205,0.00017138183399837363,0.00016429017190188917
0.27913118140385235,0.20482855465783567,0.17682142591409358,0.14331420445888993,0.11080732196151467,0.0826974429352094,0.05884402389003122,0.04041629217928626,0.02683317723951328,0.017690764166842836,0.01143480730778906,0.007192519779429392,0.0041915029059433374,0.0025132482907431457,0.0014715730123430256,0.0007818469776653958,0.00045115641309392894,0.0002775438666939094,0.00016298320682450843,0.0001358193390204237
0.2788343366346451,0.20533459577326604,0.1761800251937047,0.14360293588119524,0.1112796725526748,0.08250170889819453,0.059206386497874394,0.040510627044627344,0.026802843323255058,0.01731683503790272,0.011180149155231706,0.007082335246276145,0.004251290085320951,0.002468605267538492,0.0014072584786733048,0.0007980761170999613,0.000448622669375718,0.00029160473509421683,0.00015701793428150122,0.00014521207456108764
0.2780319380543817,0.2046083971618485,0.17572301944768629,0.14350412353251446,0.1116533896275074,0.0828777525125287,0.0591336628697993,0.040981623759665735,0.027110648024138227,0.017726056784270045,0.011284401612832807,0.006861737465086562,0.004288143413263038,0.002591294148466049,0.0014761880599868074,0.0007953243424709101,0.0004531224740487086,0.00026078142386657435,0.00016756091488259528,0.00016520090199692488
0.2788657820872672,0.20453535954939378,0.1760487841758574,0.14366854734295414,0.11118199087068704,0.08257373857654542,0.05938306257265173,0.04087753867672215,0.027152854564183985,0.017773099713645765,0.011078506421706213,0.00698520030620056,0.004328390651432244,0.002507962159659022,0.0015026509030081378,0.0007985786245546393,0.00043709185071777614,0.00024453517053670145,0.00015357281241435358,0.00014412217780423954
0.27751634958909166,0.2050305156921828,0.17570688883931784,0.14371704854066425,0.11131647682141094,0.08287096541948305,0.05934478896312741,0.04141305771838698,0.027522545968281617,0.01763784583172522,0.011015391805908157,0.00703672623452529,0.00417812996816832,0.0024561266846774787,0.0014670665396704016,0.0008120207395762157,0.00043905772546853526,0.000270280158957781,0.00017821966813373323,0.0001475328378590507
0.2770616944062069,0.20443281710792563,0.17488424477537234,0.14365571645459627,0.11197975080456078,0.08405328636225193,0.059660278190322644,0.041340139732670936,0.02742708188221183,0.017700337407885753,0.010987596895564111,0.006881562512543593,0.004241800327254955,0.0026409427587167638,0.001443841302597497,0.0008382071339691117,0.0004332704481220615,0.00022785067162822318,0.00014757167851568864,0.00015229397222819065
0.27743366431899147,0.20483496114131688,0.17458638584178485,0.14271530870573643,0.11172387282698544,0.08360836861921081,0.05994884874297378,0.041520010659459726,0.02740801794185171,0.01750792679403777,0.011036785748396661,0.007060712933910168,0.004266142183514862,0.002458514774081948,0.0014574217078010964,0.0007982803367162967,0.00045043292263755627,0.00022049988621262567,0.00014857211584380113,0.00012498924031303905
0.2780463292590574,0.2039343774992393,0.1754297806685399,0.14307738765072103,0.11170994552690744,0.08350024417345514,0.05955709058481308,0.041185102352322214,0.02730850077498531,0.017700806126276603,0.011222542282113527,0.006935941624850487,0.004392763029071972,0.002513689048053807,0.0014839140415071276,0.0008186298448377959,0.000477730673140212,0.00022176139888977736,0.00012149693662578233,0.00011677860898982966
0.27693945549246324,0.20404338214552548,0.17501572714901314,0.14323331299328076,0.11257215899232938,0.08407680750087634,0.05958966599430401,0.04132964930523179,0.027477955435220087,0.017582539500814988,0.011191356618562631,0.006944731316560069,0.004181710240409981,0.0025670956175251774,0.0015626825736107302,0.0008474366222450944,0.00047328981270234363,0.00023133367403905042,0.00014753423089225158,0.00011684711086666324
0.2778615974418319,0.20467113050545002,0.17583638087498302,0.14237054573079164,0.11095760530949476,0.08286486581983289,0.05977892808979501,0.04141123262017915,0.027631044290938635,0.018155692572242928,0.01117844166092492,0.006951339446083543,0.004237702359710026,0.0026029244621898714,0.0014698867551189868,0.0008809898179719565,0.0004593396109746831,0.0002826705298305743,0.0001707801117726387,0.0000965790976921129
0.2767592659170555,0.20480437931940895,0.17545214186109281,0.1436469103000999,0.11150337537175062,0.08317901434665606,0.05937754537921213,0.04118578277151792,0.027612391569055726,0.018039702905990558,0.011474024313049669,0.006954668527531647,0.0041775161460291775,0.002523719545329704,0.0015441721645875336,0.0008593141282322993,0.0004762179805292853,0.00024282401977483367,0.00016738354761177855,0.00011551822299967819
0.2760570814560673,0.20259863894282432,0.17532329820725015,0.14300290308594266,0.11221888136935172,0.08388433841687558,0.05980192093803609,0.041485616528738674,0.028118932267611734,0.01821380096895206,0.011595848964126151,0.0072023394348408,0.004142552830508793,0.0026179614304296206,0.0014680377778196693,0.0009036797556883515,0.0005054479989443323,0.00028041171037004913,0.00016494806492355833,0.0001296020510113673
0.2773830518871542,0.20304233194330565,0.1760046242501813,0.1433529352781923,0.11158952701706375,0.08317634082611286,0.05962805457087077,0.040726431954512476,0.02760158309789372,0.018136026093983165,0.01157832028830784,0.0071841029603458735,0.004272712795135101,0.002542157944096119,0.0014674916391905206,0.0008847417438849602,0.000488377442624498,0.00029137494765278026,0.00016397213653334596,0.00012976212243646077
0.27769333001569585,0.20389083400452596,0.17512290785419218,0.14315094582148666,0.11143841989261705,0.08317167712469326,0.05957950124588291,0.04071260022193579,0.027372867464707847,0.018289066065403838,0.011463538024488414,0.007469401280435099,0.0043101770887259685,0.0025695966829914875,0.0015153426974043422,0.000879724243006723,0.000508258912514608,0.0002818419491670331,0.00016863346749324576,0.00012146326679583438
0.27836355918213324,0.20408697497818548,0.17476593637242654,0.14321156521944203,0.11155460698535487,0.08223121005589223,0.058829563945947225,0.04103247411739735,0.027659599556635158,0.01824870881777232,0.011600594297573283,0.007365044926066553,0.004494964978893001,0.0025953352357144526,0.001511685493950899,0.000910312949555456,0.00046812725514704123,0.0002888946536801642,0.00015447020258000608,0.00013678277480366955
0.2789038826428025,0.20327353138304413,0.17504932362908635,0.14221725052627604,0.1112861431282037,0.08275395769023816,0.05899129638545118,0.04102593148499524,0.02786431046038533,0.018459781182445505,0.01194977013772856,0.007384384469428781,0.004495766191838231,0.002663239972435405,0.001600067967488885,0.0008708334513324462,0.000470816459460225,0.0002973577638696158,0.00013805896179660732,0.0001085591836349391
0.27792592103151764,0.20321806477190135,0.17529686334846753,0.14198822929743918,0.11145236499561077,0.08252352724629745,0.059923683937285845,0.0407797736475963,0.027838608281968266,0.01867902889344068,0.011985444728669732,0.0074204038096676445,0.004447050716908469,0.0026618589592320246,0.0015881481201800995,0.0008589686712415397,0.0005250563993166005,0.0002713774648153218,0.00015102745867983132,0.00009085245561208595
0.27737650017898524,0.2036710816361135,0.1752006518831131,0.14266537294873483,0.11124521920982725,0.08276772424967503,0.05940779433652997,0.0414751210505492,0.027815720556926733,0.01815051717316351,0.011957863104546237,0.007228884450892098,0.004557058612958529,0.002601173766414833,0.0015437477626844016,0.0008101437534148499,0.0004957420351564706,0.00024374964673964223,0.00011893098705654053,0.00008949262392373347
0.2774939049286882,0.20437783069744606,0.1756808424769236,0.14277217768106432,0.11088899535759718,0.08301805746006044,0.05912868211931473,0.04117388831327606,0.02802670738701403,0.0182297505564039,0.011764136671206014,0.007423832259861274,0.004544456848311201,0.002569016504485453,0.0015588749666629684,0.0008661727672449813,0.00041774544905275664,0.0001982520775165625,0.00012036733277791279,0.0000826050322985676
0.27673570627769656,0.2036210723872599,0.17515800046448182,0.14322546115151427,0.1107317711495455,0.08301847199610496,0.059573926298279865,0.04138957886583903,0.02790310012177913,0.01849439497699399,0.011745261164953544,0.007516589901409593,0.004450302207939341,0.0026784335407783254,0.0015502377227656244,0.0008770926735647337,0.00042439968075712916,0.00023931426442693686,0.00012260435221872612,0.00007426994413249758
0.27702334983284527,0.20364724813114166,0.1756585472733398,0.14363999180128972,0.11092054083216908,0.08240292891859477,0.05948894705470757,0.04130453732651363,0.027483349314535974,0.018048942531281136,0.0117173235451412,0.0074306702445713,0.004489265108126385,0.0026056820832263336,0.0015561058010587628,0.0009105751583788225,0.0004876819088859409,0.00023677310069100037,0.00012133148940882119,0.00008010234252232855
0.2781485760090533,0.20416470199924558,0.17547152018106368,0.14339282346284418,0.11156403244058852,0.08225315918521311,0.05917342512259524,0.04081714447378348,0.027141880422482084,0.017970812900792155,0.01163947566955866,0.007401688042248204,0.004466474915126368,0.0026629102225575255,0.0015878442097321769,0.0008322331195775175,0.0004809505846850246,0.00023693889098453435,0.00013202565069784998,0.0000860524330441343
0.2770602669784481,0.20373430387832986,0.17642947558983474,0.14351682699673995,0.11227780279047399,0.08298584019480043,0.05872535823812139,0.04058303416315244,0.02773737768987977,0.01787477989482095,0.011233319740046065,0.007136475818484828,0.004393853319787192,0.0025976536257540164,0.0014767967300679582,0.0008273833236294547,0.0004961942724330491,0.00023100730973130067,0.0001555763514516923,0.00009546730657262938
0.2761043715209394,0.20355958791658857,0.17598050135007876,0.14358096760164485,0.11231052637161758,0.08338195031285758,0.059112354134329026,0.0408264768659786,0.027741732461645616,0.017747260064893355,0.011578501984162059,0.007005559425270692,0.004261793889935873,0.002640049312349655,0.0015144925742720122,0.000861551806842678,0.0005315456427989708,0.0002451474361467538,0.00012728809184542984,0.00010843059675721799
0.276318731626257,0.20278845452255934,0.1757300657394571,0.14351584878748017,0.11249379205807102,0.08327821700846634,0.0592996735387505,0.041088925973087546,0.02791278989029302,0.017988320831146338,0.011414375122099333,0.007170614250845572,0.00448266366017902,0.002676181980374667,0.0014628382592813151,0.0008296870255778975,0.0004789824388797226,0.0002671474536257913,0.00015181507276531745,0.0001141555198312852
0.2764285260206111,0.20287082578916515,0.17531391195631965,0.14427471210512313,0.11237141558811548,0.08314870232458484,0.05937309433722375,0.04081856089056107,0.027872415067773895,0.01791882200315031,0.011237965629201287,0.007039915615192092,0.004347559927575985,0.002688823957374369,0.001498630865909621,0.0008758690999503208,0.000489733260187276,0.0002542845774049318,0.0001671685647754644,0.00012243331504681895
0.2751776877668558,0.20451623319611714,0.17500786646223693,0.1432968903020368,0.11187935969943631,0.08341985459713695,0.059966601417259534,0.04142296347015283,0.027850222559010256,0.01811937930961334,0.011355989530239623,0.00724775172384534,0.004488892083923073,0.002675186408638849,0.0015591504927881924,0.0008284828393273614,0.0004890759293326531,0.00023805623548239958,0.00012963458367853443,0.0001131356366649028
0.2755476515758233,0.20294671880152632,0.17559476138879732,0.1435059122815283,0.11239341404814623,0.08372944834409006,0.05939487445234842,0.04104089131766146,0.02782541103311817,0.018422292363499324,0.011559570358505671,0.0072502002167051365,0.004331747302963204,0.002778301220144152,0.0014792481273849327,0.0008738870306684876,0.0005158524520657649,0.00026852593395204215,0.0001401516935977764,0.00012130776840815939
0.2756097014652641,0.20368573628075914,0.17525520399225222,0.14330327512281274,0.11214946660332,0.08320257284763917,0.05995098102784226,0.04136196820958146,0.02765834790266468,0.01808208261076131,0.011871598115162751,0.007230239447894059,0.004423260787297978,0.002554692464305629,0.0014889601210973746,0.0009490205047374396,0.0005163614671739115,0.0002487494739125464,0.00017212048905797047,0.0000931336892847922
0.27528123017117945,0.20310963082126998,0.17517413979775484,0.1434704357445966,0.11237648635069498,0.08419685758159746,0.05981610648651583,0.041569463675369914,0.02775622079487477,0.018122804824256204,0.011636053130034605,0.0071342474542448134,0.00433786776933583,0.0025286537513474748,0.0015214381246447036,0.0009010687807973274,0.0005071460415482343,0.00030192880613104183,0.0001627584970550147,0.0001179409398949382
0.27784396842175973,0.2030972507509791,0.17432258687963947,0.1430318928913606,0.11161038890636946,0.08347799033420188,0.059915692367884854,0.04171896120364049,0.02788020632625428,0.018105989094453063,0.011507744305345891,0.007308861257732227,0.004303766738671087,0.0025337071435221374,0.0014954764488974857,0.0008814943922579347,0.0004537103489562899,0.0002639769303018413,0.00014259468110054818,0.00013316693358976812
0.275855637194719,0.2030568252649076,0.17545048448331224,0.14336290916646202,0.11204148801541283,0.08402550856581606,0.05998432276221597,0.041293230455395416,0.02790737207940615,0.018230691498403947,0.011604461401885044,0.007186974670872446,0.004356099956557053,0.0024601930377953648,0.001485087735866876,0.0008865666849252964,0.00046630338288347877,0.00029276769355722205,0.00017471620421963255,0.00015228642124549043
0.27637539918965554,0.20285495018749689,0.17450821131205344,0.14295380893831175,0.1119357854295923,0.08399810911714396,0.06006618089996123,0.04168194265815219,0.027851619923115106,0.018536310491452712,0.011881676001230728,0.007317150802623188,0.004248592152836148,0.00244965995937667,0.0015006819674140992,0.0008723524398165224,0.00047507842330548494,0.00026760000518696034,0.00018036476120530815,0.00015678766823729403
0.2762946504870962,0.20262849262430824,0.1748996634822223,0.14276368908350476,0.11224842202040321,0.08386188037411817,0.060584986945939105,0.04143588776454365,0.02776772611814072,0.01822382262978919,0.011702096311270102,0.007330311941960997,0.004312849557104888,0.002369179450609682,0.001487514660034538,0.0008616269544257109,0.0005162689549089756,0.00028878057980068265,0.00019448488027392916,0.00018387661407716927
0.27760983569447856,0.20234125936126462,0.17423978042293112,0.14278640282205582,0.1114851162966177,0.08400732866763502,0.060825819169606325,0.04154444360604402,0.028152175963479284,0.01829337307351304,0.011975108939654035,0.007197798570108091,0.0042184640923581904,0.002400445190620814,0.0015161947520325968,0.0008394484163664142,0.0004857482409311275,0.00028885514327215095,0.00019925109882854496,0.00014501707192846768
0.27692278681221294,0.20344921872237712,0.17408501299968657,0.14251687130663943,0.11161698185701052,0.0835079589195764,0.06010734464608561,0.041897176369092105,0.02818091603593241,0.018497740670986536,0.01193425435071104,0.007159845465195493,0.0042735143467981665,0.002466758281259945,0.0014920764376851854,0.0008544671542825893,0.00047025157870172834,0.00025103655705129875,0.00017089343085651795,0.00015321480007825748
0.27712548126993997,0.20280727053379133,0.17530831907784683,0.14268092686581935,0.11098662104910956,0.08332273007884111,0.06029481760045992,0.04164487108798818,0.028132790446703332,0.01867586557900838,0.011665936220246087,0.007134812133893195,0.004237767378734119,0.002507080617722047,0.001442042610945388,0.0008470822199916127,0.0004512273856144472,0.00028628787129062833,0.00018732416269633703,0.00013902044778721863
0.2759907117093756,0.20269218982059928,0.17373346849289245,0.1440097597774582,0.11171409038402601,0.08338362526226456,0.060379782644569654,0.0415191305782786,0.028053466606945,0.018890119993399186,0.012029986562625241,0.007196067799806692,0.004285815318607228,0.002627360380961361,0.001465145335816497,0.0008522124519672789,0.0005080270633442557,0.0002534241731299652,0.00014380348428770127,0.00011669299134821661
0.2761204937433403,0.20265189019962834,0.17488236348034367,0.14241209086537104,0.11250200382849111,0.08330740143521272,0.06059695229473725,0.041724424076117206,0.028415466727017266,0.018632068799683148,0.011794298754325909,0.007184314502060406,0.004270512131413429,0.002497713278074816,0.0014828330834441338,0.0008698973096834425,0.0004950635095759429,0.00025106792271351394,0.00016619989250049513,0.00012612332267768068
0.27752545950950275,0.20318428144330503,0.17396555079223752,0.14256735639775206,0.11141682833774613,0.08327013910592455,0.06018409864196291,0.04227310520512082,0.02769617237576879,0.018321411933979233,0.011919826869438566,0.007177606245909086,0.0043742592123031205,0.002727867769764659,0.0015768089961847598,0.000897495621613016,0.0004823596704858391,0.00026299805994704653,0.00016157279916029308,0.00009316971630411065
0.27798339348477336,0.20334017408534436,0.17409124147854593,0.14205057438728091,0.11078361993725379,0.0828863255726181,0.06003939329606302,0.04230415398768666,0.028376147005401836,0.018458236029533177,0.011563229778501171,0.0072948364116717365,0.004464180407142688,0.002651381124242209,0.001604038402566462,0.0008716061613945696,0.0005319274408510842,0.0002913216804661149,0.00015214776024343653,0.00014625056023400096
0.27779748652569847,0.20305327137060128,0.17393251593756737,0.14240270982843173,0.11154116777670788,0.0826584887803533,0.06030994723424717,0.042172529986434365,0.02821912932382755,0.018486281729283523,0.011460669654800958,0.007254259741392416,0.0043313411128541235,0.002717842886052137,0.0015062459706741678,0.0009405197845054667,0.00046436691114680906,0.0002722557270936876,0.00018150381806245845,0.00014496733520572984
0.27642008314979916,0.20389013862225733,0.1744072926849376,0.14262781631667593,0.11137126503115177,0.08343835019491916,0.0600292084280448,0.04188818354199302,0.028227354635071297,0.018270578397540833,0.011709281920218596,0.007224374904307065,0.004448396480855526,0.002726512537246637,0.0015475755826963628,0.000818542640771668,0.0005264583603236484,0.0002567515045873722,0.00018608595286607712,0.00011777591953549174
0.27702834039575475,0.20365573081041732,0.17428453959962728,0.14293539916523243,0.1106626660022454,0.08283707894950754,0.06000289800779634,0.0419963739560987,0.02812481224797052,0.018503661974485757,0.011727507159610726,0.007282717153261027,0.0043646824737677255,0.0027754903935753752,0.0016033287035891709,0.0009153463649440016,0.0004771110396426262,0.0002839105198861059,0.00016257116906341322,0.00011662714302375306
0.27635009749804107,0.20410021973878764,0.1751630367546996,0.14291033125769528,0.11148827372501434,0.0825840810146865,0.059554513481828844,0.04177629059718285,0.028042910920369722,0.018485157322368013,0.011547774040189229,0.007223691729456192,0.004333508103235991,0.0026286178842630493,0.0015458299704854861,0.0009319752337301986,0.0005066363470341156,0.00029219956759176903,0.00014845623192162455,0.00009307970096673285
0.2768698594549505,0.20408663390541812,0.17532019977214003,0.1434798949535031,0.11039543243316485,0.08261513466004211,0.05914579619612921,0.04134939270730365,0.028344645821526987,0.018730699944743384,0.011967948801025492,0.0072729029286011364,0.004310959309209715,0.002535442589073327,0.0016223533667072347,0.0009083765037990405,0.0005384280962855531,0.00030632670685830154,0.00011192706596745631,0.00009778891026630394
0.2760254129845424,0.20379946956221823,0.17498090023743748,0.14273791123348561,0.1113130630604118,0.08275229638593648,0.0595665383931714,0.041728713917929275,0.028220561350556287,0.018760734419714487,0.011672927307892886,0.007375039288417598,0.004359101434159678,0.002552128519918493,0.001524449461851682,0.0009499851086596965,0.000589767706863083,0.0002860549955443697,0.00013890736409150463,0.00009770602728470237
0.2768001602630199,0.20365541093912945,0.17504021305554412,0.14376889129807152,0.11087962008237047,0.0823268776403627,0.059582491265076185,0.041466877993884065,0.028340629621555397,0.018272341077415297,0.011802900053617406,0.007349709228675299,0.004388378574248324,0.0025618515092416375,0.0015248554981410671,0.0008932306550161742,0.0005361740739213183,0.0002851739030526571,0.00016261982901349852,0.00011666205124881418
0.2761338130446264,0.20373033686672437,0.1749606265796522,0.14345010185220117,0.11162364668603116,0.08266060583198157,0.05960593571994417,0.041412822060432314,0.028363008789467733,0.018279169338715158,0.011744831943868113,0.007314732732279603,0.004418310762382587,0.002552199253083858,0.0015006695839148963,0.0009147836583801728,0.0004845052623637256,0.0002782074012599497,0.00014381908031234686,0.00009902297332981253
0.2762632700396318,0.2035629680552133,0.17523586268375826,0.14293850531273253,0.11124016428141036,0.08261472990612659,0.05950897168468626,0.042195276968411306,0.028590059394592575,0.018494039905336553,0.011677281126150721,0.007296679350562519,0.0043829601076342765,0.002616569405122532,0.0015329158299501094,0.0008761203551176404,0.0005400580385516543,0.00028535817757532824,0.000153291582995011,0.00010730410809650771
0.2762516018946608,0.20305888128161015,0.1746141882435684,0.14323121328622637,0.11116499928017988,0.08347906739639906,0.05968488401456633,0.04200917121569351,0.028432892709048734,0.01887108612588119,0.011880571230325907,0.007110878251285646,0.004281159358722921,0.0025394307993306846,0.0014726810583479064,0.0008390033914145524,0.000538095002088658,0.00030208842222521166,0.0001640245730050955,0.00013570378342148186
0.2744975762948432,0.20250433814930782,0.17515395714662946,0.143493719114263,0.11184409068618208,0.08345632615338186,0.06021421969897019,0.04165920064883624,0.028355935719944162,0.018603351691878222,0.011856822211324456,0.007232213587838097,0.004372335810479459,0.0025356954241955556,0.001528961862009129,0.0008935644498094983,0.0005104398506167716,0.0002841016258629146,0.00014735561507412577,0.00012142102682107967
0.2750852293476391,0.202715087773859,0.17445334238048452,0.14269642802449323,0.11174645358740748,0.08353654083115987,0.0600681363575321,0.04236846879321837,0.028708212881352745,0.018779906842614914,0.011843757583468211,0.007141123778693491,0.004362187620010228,0.0024373119594386047,0.0015243507373192621,0.0008811548311551845,0.00047002777758144235,0.00025562914219341595,0.00016845607066202057,0.00013664967969786288
0.27532774586980685,0.20261371659042945,0.17458014466431013,0.14230352632515642,0.11157797717476751,0.0834571870723805,0.060940754107209984,0.04168321651205083,0.02866413576805623,0.018915736634109136,0.011965390884757681,0.007051707413662843,0.004337336333324297,0.002637760520103202,0.0014744586285295371,0.00077199872237158,0.0004620206094193275,0.00030644224094139046,0.00014732800045259153,0.00010843340833310741
0.275303753302306,0.2036915219732051,0.1743440988014616,0.14227716422389186,0.11099160375859772,0.0838023735415429,0.06071888771865826,0.042025924204357586,0.028107109445330288,0.01872826656154204,0.011825344057614578,0.007351271203892753,0.004408173832204615,0.0025912436675159006,0.0014344804862406377,0.0008402125243443932,0.00046600022358596566,0.0002671263907929651,0.00017298493148266912,0.0000894343863447813
0.2754896859276072,0.20312753849087967,0.17486596768155296,0.1426935021697107,0.11140869909185308,0.08354151411194906,0.060714226850729094,0.04209921570197146,0.028274520791785475,0.01856438849005559,0.01174681136113734,0.0070494995420415305,0.004214630654727566,0.002442837600156341,0.001375052682883184,0.0007852398454478451,0.00045207211492049877,0.0002448723955819368,0.0001659952296973706,0.0001530452472387105
0.27640997256014976,0.20184306289967383,0.17336096946286203,0.1433867605666977,0.11166252517282399,0.08369507613675171,0.060805765901569844,0.041965305665799084,0.028744715179065617,0.018626123208460427,0.012017005641067917,0.007180290414895243,0.0041689729487828725,0.002454276730300424,0.0014002567333623829,0.0007819768468903467,0.000439273138388704,0.00023200216692379253,0.00020373794354221368,0.0001554532285986834
