0.0707637997432606,0.07072368421052638,0.07016206675224647,0.07192715019255452,0.07260911424903725,0.07092426187419766,0.07164634146341467,0.07016206675224644,0.06570924261874196,0.06956033376123236,0.06992137355584081,0.07032252888318358,0.06847721437740695,0.06847721437740695,0.06795571245186137,0.0707637997432606,0.06968068035943517,0.07128530166880616,0.07148587933247753,0.06988125802310656
0.05054625557195518,0.04540262707024555,0.04822847055856764,0.048158009894160685,0.04632974107560057,0.04429009026381955,0.040563091962292394,0.03641332967432337,0.033695031410622495,0.03400654171642179,0.03454797629554912,0.03350219169750865,0.03209297840936905,0.030479800040051325,0.03017570664629488,0.02911508822416875,0.028006259873764164,0.02683809622701685,0.025358422274470233,0.02698643446787365
0.05723356030134412,0.049230847832347116,0.04968370010496885,0.04894984719138698,0.047614513566989626,0.04482773035085601,0.041256003195511426,0.03700151415221411,0.03512740243936425,0.03514598099413848,0.03414506135567713,0.03301409183379623,0.03233829690388385,0.03062442522596167,0.02960492703272614,0.028518081578434034,0.027075921264084868,0.025884571439187737,0.02342755757029662,0.025652339504509937
0.06378893361871132,0.05188766718951623,0.05191857455242273,0.04999072779112802,0.048215486134184325,0.044894876331914184,0.041014070576963206,0.0388698722753228,0.03717962586637203,0.03518803266908262,0.0340000309073629,0.03349199112958685,0.03186162773626748,0.03027376196694458,0.02949721447391805,0.027998207372951417,0.026705893261422208,0.024863041748120422,0.02240590639705144,0.02469111954195289
0.06795025536243968,0.05491364683640508,0.05338679046212282,0.052129278414539786,0.04916649082084828,0.04620541879611666,0.04221672096442427,0.03973257711053581,0.03775452609980838,0.03571643017548555,0.034290792369835475,0.03335237614878787,0.03164881617163925,0.02992295379801234,0.028897043560011455,0.027562330909234392,0.02569750744985821,0.02359250433610053,0.021283348516118628,0.023607944456739364
0.07270111883996269,0.05714723983996896,0.05542233547668091,0.05322942167181109,0.05033997207595843,0.04674459519531176,0.04318678428990917,0.04003280761837977,0.0385254728617134,0.036280905840883025,0.03458730645696504,0.03284831485296052,0.03156324544982125,0.03010443341117837,0.028420225521071384,0.0264167068413902,0.02471058546572418,0.022491062428389857,0.020415542296157635,0.022885505168452093
0.0765048617099085,0.059678270694075074,0.05765128591390984,0.054085886573188836,0.051083215431839364,0.047488734530427325,0.043859355756186005,0.04090030695587311,0.038341129615061906,0.036654399094981825,0.035174147655808105,0.033254764650199733,0.03136010097117872,0.02953668711585076,0.027707456948384602,0.02598437447744072,0.023966114165482815,0.021995838428665104,0.01997030772653446,0.0223549957031994
0.08065740228285231,0.06279898734732123,0.05927963570806233,0.05597810302973844,0.05183680291082846,0.048009216892887875,0.04424190782011167,0.04136094382736682,0.03850189872377269,0.03669633022998392,0.034725000136993055,0.03336191921793403,0.03117687995572385,0.029411039448520748,0.02711640574055707,0.025550575096854093,0.02328881972261646,0.021233923864738536,0.019435205023809403,0.021922998942413587
0.08513274128340727,0.06617939817685523,0.06169268144311194,0.05703887138905458,0.052345898838048716,0.048860436609624316,0.04498726566140888,0.041757665079715255,0.03848368033481324,0.03653208257020858,0.034840262702029536,0.03264585745634361,0.030460590126612352,0.028968498992871114,0.026847197074822565,0.024690648909520278,0.02251582491230865,0.02039191216113018,0.018603491467144625,0.021256097927129042
0.0902122804504457,0.06834088515946793,0.06346298348650597,0.05839031757879157,0.05345084527677884,0.04970760233918128,0.04536750126282618,0.042329179200687586,0.03905588351339601,0.03669106874046596,0.03447326955118782,0.03275557465501599,0.030224896146683857,0.02815913871485764,0.025986575089780035,0.023840398877152783,0.0215673117760739,0.019402287411696414,0.01786553477232689,0.020255480414257253
0.09494854146822798,0.07179128512440648,0.0661373882273248,0.05975596783245684,0.05441386672014065,0.050193007704412713,0.045837648546236884,0.04263043151313885,0.03903927770978049,0.036606047860041596,0.034804968679807737,0.03206972487384499,0.030238077479418417,0.02730964255975781,0.02503292196668554,0.023042319858456936,0.020502712623327455,0.0186869607002811,0.01681618599168789,0.019508634297780873
0.09961327921240863,0.07498546049752082,0.06775947765713153,0.06166068098832642,0.05592162458704814,0.05101476733798198,0.04650362438319534,0.04283187538597133,0.039145736778046225,0.03620426052390174,0.03424607433433062,0.03212000935324697,0.029733732245318875,0.026986515735638875,0.02445874078915023,0.022154004808528235,0.020204212558532744,0.017704017699221163,0.015946086925239977,0.018548208193684156
0.10431744830765952,0.07786539302729735,0.07093761452705498,0.06337616891484506,0.05684797900386586,0.05208128908697556,0.046504782058708755,0.04296168441959169,0.03893269651364865,0.03622660692541407,0.033733315994183506,0.03132041566671001,0.029826096208637264,0.02657382340075898,0.023617104283164082,0.02161443247780391,0.019553832149148204,0.017307624102994548,0.015421991558986605,0.01733717947202289
0.10832814531607042,0.08165646063496644,0.07353267043955698,0.06572778209624035,0.058427040063217583,0.05260004666284453,0.04690202092324429,0.042789124977870345,0.038883749723012645,0.035776801531666826,0.03327131161283438,0.030757614661043667,0.02899779230813424,0.026064364242191884,0.0233525260661229,0.020852898313689208,0.018843347672192347,0.016293305288729285,0.014707003061223294,0.016387099951109527
0.11293990393301186,0.08458837008985441,0.07602136738687765,0.06777489879863811,0.06044923730364372,0.05356649567628621,0.04800318902304699,0.04291776959541603,0.038803277140789065,0.0352669116712882,0.03253712659232606,0.030285228738972162,0.02783168578798359,0.025150855010181328,0.022494501382959005,0.020389466433084716,0.018193516352484954,0.015857696839999855,0.014007923603316305,0.015670038685553698
0.11760496404546508,0.08772906518209232,0.07957434469960564,0.07081303641846436,0.06221758292739502,0.05473208072372996,0.04848063094409647,0.04309904894456041,0.03869635815356067,0.035075388540941776,0.03199953607051728,0.029627696590118303,0.027420552076084435,0.024625376942704703,0.021862676873115293,0.0194908373927163,0.017369519832985382,0.01494896775690095,0.013225469728601247,0.014987241939225236
0.12173959288337854,0.09148620573644357,0.0830164597016513,0.07290964563720218,0.06359246255033464,0.0553793754862936,0.048717803461658986,0.04302968573149542,0.03916361546936798,0.035282515627872255,0.03181530727975019,0.029097265657064303,0.026563047351267858,0.02375135988790245,0.021096904947159472,0.018638990659694488,0.01643195473553143,0.014533603249163831,0.012719648631556802,0.014280412642882162
0.12661804323542936,0.0942473800639321,0.08547256833851496,0.07515997431649961,0.06515170902484543,0.056245482620408696,0.04927935187202515,0.043508633598583486,0.03858288865603131,0.03509233033961473,0.03147151010452077,0.0282795167167541,0.025720388756897836,0.023194690846967615,0.020341608999830542,0.017803230726135277,0.016087923336826203,0.014112092110162395,0.012152399528290472,0.013581822352714691
0.13149189318512244,0.09829743084822497,0.08838820693082058,0.07727929403537181,0.06660286729116441,0.0571652373152732,0.04938393728030622,0.043637392568599664,0.038658050683696196,0.0341180963247879,0.030969919207906215,0.027788385446380928,0.025126755249645732,0.022281088392807843,0.019741382483390683,0.017207427719601733,0.01513931575169774,0.013080405616798864,0.011449380716638757,0.013012542098385996
0.13598426977383776,0.10181258027821748,0.09120409004245918,0.07977488237340002,0.06843635537179649,0.057614363817724966,0.04995356920254963,0.04385271163892106,0.038450898714285885,0.03419923805282206,0.030368840745234393,0.027183538818786743,0.024646775843129323,0.02157396385858866,0.018855839548020004,0.01658652714852919,0.014142740553427558,0.012427842867621155,0.010869053672624427,0.012376189322867947
0.1412687446940873,0.1055408336168882,0.09428685668851469,0.08179096680174186,0.06970866600904856,0.059049295008174386,0.050168013408993795,0.04354944222756106,0.03812122857728789,0.03396471546559705,0.02998349080652164,0.02664155344522007,0.023288159322309637,0.020716116341122786,0.018396122115330635,0.01581033102021316,0.013352855655114815,0.011845145827390139,0.01024692758295555,0.011595388424317205
0.146832062466245,0.10954477632434118,0.09669612698296458,0.0833989363162857,0.07125628186703037,0.0596010728376189,0.05065313109306773,0.04383118369140355,0.03781935684666295,0.033378568878555136,0.02896981957654036,0.02581744368060196,0.02255064397718846,0.019796462931263338,0.017566342923574053,0.01511996191975687,0.012979092481898158,0.01140919784334007,0.009714581254634164,0.010586490667594263
0.15203063382294105,0.11256215351203064,0.09993713207978515,0.08604675087157798,0.07223981253929246,0.06082985654683657,0.05077213236554839,0.043772075212893655,0.037664742527290386,0.032975938732354125,0.028734068697490994,0.024771103617763045,0.02198319711950619,0.01937932216951477,0.016701148768360288,0.014319026118763211,0.012373549751385953,0.011040749842830199,0.00940732697033777,0.010080585243184548
0.1571479288454799,0.11631387348760117,0.10313592668568479,0.08818745012893707,0.07361111586753111,0.06169457163111335,0.051899010169986846,0.04361256562432578,0.03732838361249715,0.032291905676768165,0.028135555684930192,0.02436732955939952,0.021320557208887137,0.01876008123204215,0.015713308881529775,0.0133663010311538,0.011687094538983058,0.010216790010148307,0.0089302735474179,0.00926246191534563
0.16153683015098763,0.12029289895624531,0.10549744249315302,0.09072707080519848,0.0756488405132801,0.06265264655779874,0.052125022519286746,0.04346393379443712,0.03671270863121504,0.03177556879727627,0.027446164651903138,0.02393657656671523,0.020722304697922286,0.017676784952783617,0.015167167221952375,0.012952865707516081,0.010856006549406742,0.009583524319689497,0.008339547516265196,0.009006574491520206
0.16602299877801896,0.1233459939083332,0.10822169837129982,0.09227438946542889,0.07751030476572618,0.06392830436447866,0.05268083495960165,0.04343390359116527,0.03638357438581772,0.03091885680935272,0.026967936675846703,0.02322561965383282,0.020062375750059275,0.016810219044666144,0.01453268343394919,0.01244095278046289,0.010296786372175308,0.009204754783052762,0.007924638421273411,0.008548167940323552
0.17099602827223587,0.12654887706768334,0.11122659111011438,0.09423205863904856,0.07806738846092984,0.0642727776708987,0.05271503849354382,0.04332473114852259,0.03647523674980848,0.030383888149589207,0.02608886698183979,0.022712499957311595,0.019184731444495416,0.0163684360909274,0.013780950505373618,0.011746706448451208,0.009814914526460541,0.008599149191937243,0.007546168916249925,0.008017448736935932
0.17603274943225525,0.1301830891689308,0.11381292410196199,0.09540047057966856,0.07899731032317081,0.06479231234839278,0.05331681298326575,0.04382443828534241,0.03555857442576993,0.030291859517860627,0.025588338362255315,0.021842815468144858,0.01832370784011214,0.015615826768428386,0.013111605659698995,0.011007877885941318,0.009419557727928496,0.008174842647078899,0.007012046657473524,0.007623026546336623
0.1806621011053962,0.13300900798499612,0.11592509448438518,0.09769316018300134,0.08081839106589749,0.0653235202182376,0.05337387400187549,0.043306527237077674,0.03547611605239976,0.02951095450541331,0.02507686624421016,0.020976954334915174,0.018191014748089002,0.015230030405501402,0.012682788212895342,0.010566337984143673,0.008882953027762782,0.007491688215736977,0.006621011053962663,0.007342786507913955
0.18520795105296353,0.13636203536957403,0.1184727342964432,0.09946883148607884,0.08182608349855416,0.06590238997426533,0.05368040130207297,0.043301311730586795,0.035143472308225454,0.028998960386758844,0.024472382077749436,0.020607065961471813,0.017516630971385068,0.014487550205366219,0.012156089690786069,0.010110948888522785,0.008547552364125957,0.007176171837274963,0.006228589932226306,0.006810318871536755
0.18928878446407024,0.1397391070315277,0.12074958749294502,0.10102760532415161,0.08275237880014673,0.06670633699413236,0.05394104641087635,0.04315170152772399,0.034885662015623604,0.028687551882769655,0.023764721647166503,0.01995023796518474,0.016730809195188233,0.013951993604295295,0.011572909557331387,0.009768439604765436,0.008116140183127018,0.006894233531798531,0.005952820321806605,0.006593299272874694
0.1937493404502299,0.1421790730105993,0.12308758934417209,0.10279331383902784,0.08412848086256063,0.06674473466525507,0.05368082670379436,0.043298236775247016,0.03475954942963839,0.028313265999684548,0.02322749899861906,0.01919587692035362,0.015948338955817824,0.013363471211858163,0.011112207996750193,0.009266035995247836,0.007834032881605573,0.006676629414160945,0.005695105885396632,0.006150124307401824
0.19806796724645054,0.14480827190529794,0.12566723555684672,0.10502832346853551,0.08476841933258292,0.06778909001779296,0.05358990885653074,0.04250449362721957,0.034014261592650426,0.027769708413522647,0.02257366825229675,0.018948128109226914,0.015514361451033076,0.012846553977994838,0.010764279748719996,0.008847679654308433,0.007454201314499437,0.006216184320418319,0.005294763789534844,0.0059381695050655416
0.20129426287206656,0.14844576236027848,0.12750722341053794,0.10623316001682157,0.0858681865017156,0.06807972332835711,0.05352748409942859,0.04297773409914522,0.03366353019323261,0.02736904628310329,0.02225343204099746,0.01819086580042417,0.014953508327467316,0.012497152009576046,0.01037972072124153,0.008576276834870963,0.007043746266440416,0.005995232379015671,0.005016997260261553,0.0056166338510158145
0.20527527224634254,0.15058801130124055,0.12988606962298607,0.10768137573225171,0.08675844108157367,0.06908353647687333,0.053858820622837526,0.04233205384068787,0.033616997646141504,0.026360495069590123,0.021598379838187808,0.01769417065870639,0.014491472504507696,0.011592498025229468,0.010105611974872534,0.008044144196214565,0.0066433887402380576,0.0056449538238017355,0.0047836478799974155,0.00528116539227386
0.20907349444404794,0.15366124155618766,0.13243205584386017,0.10857244487945018,0.08725603145635161,0.0688781723415656,0.05405399282013987,0.041887426408699184,0.0333425092353755,0.02620116522627661,0.02080550826001108,0.01694143395559543,0.014171670931761873,0.011483471481636297,0.009395670560194485,0.0075197083649109,0.006376685505586535,0.005266514641227893,0.00451318441184167,0.004964049722060796
0.21255255915347893,0.156605032762014,0.13430896114446672,0.10996321000887174,0.08803877735313749,0.06944209966949057,0.05421396660008136,0.04193061908479372,0.03269743036584908,0.025790384295081334,0.020748331307070104,0.016818929113267173,0.013313285979580255,0.01092482582256279,0.009152742480259515,0.007278685032580729,0.006071991452303879,0.0049808685247859415,0.004267049787157381,0.004639821794585629
0.2149469319258848,0.15768572693579863,0.1360633034805364,0.11208783493807688,0.08884840071066945,0.07029354180844763,0.05441671545253089,0.04197773552814991,0.032718423844794155,0.025371669020089204,0.020163943150974233,0.01596062103178423,0.012932689095708235,0.010606820660143523,0.008581027753023121,0.007058002901107559,0.0055915960734267845,0.00464947215016006,0.004189733793373654,0.004350528982200426
0.2186153631889017,0.15929562266535172,0.1376914567299581,0.11332222930534913,0.09026306582137163,0.0702531695734536,0.05462298579084494,0.04222663313567258,0.03207335452232487,0.025271665592874706,0.01978117289786823,0.015775117390560974,0.012329547320256847,0.01011251603611111,0.00823630518941577,0.0066284479761946555,0.00554031362274008,0.004523513779449547,0.0037354372862087736,0.004187222517247664
0.22042980338203716,0.16215607696363382,0.13967704781149656,0.11408661689932412,0.09118669994546562,0.07123526044129859,0.05485005306354273,0.04173012040559102,0.032125506027068054,0.024763363753414057,0.019384598674429713,0.015132726741988995,0.011831246619886262,0.009614797147919435,0.007655179748508224,0.0064230646515343135,0.0052373377262554775,0.0043503053699400105,0.0036986081285653827,0.003946388850546362
0.2233837228508655,0.16317085146292518,0.14109630574920184,0.11635973635444173,0.09222842946259475,0.07187463938799474,0.05513319169059434,0.04164884819111363,0.03176213975567759,0.024399432523978578,0.018869482777736295,0.014814789674108568,0.011597282088528971,0.009206778034967202,0.007404566507601414,0.005939491851017179,0.004911111261955345,0.004086370393499819,0.003456218591401425,0.0037062429150347214
0.22646962745437155,0.16604102873639223,0.14149929297827402,0.11732943595377851,0.09322852908962051,0.07213769233986327,0.05484928738313798,0.04195221640855572,0.03124911692929895,0.02388953506115653,0.018575851393188847,0.014181126419553816,0.011652577097017397,0.008953347869383533,0.007046480320380878,0.005735296943473306,0.004614009090117858,0.0038126047675079715,0.003293783069231614,0.0035639320580944647
0.2289388616713231,0.16774286919249187,0.14290446917078314,0.11839170003064094,0.0941661192374358,0.0725772440546924,0.05560147302747395,0.041530374690339725,0.031033301410954086,0.023872814004841494,0.017984322229847916,0.014021349174672695,0.01118790823993116,0.008640524989343503,0.00676023278085381,0.005245144651343171,0.004441243412475961,0.0035921156622800714,0.0031127146421961083,0.0035446278253849638
0.23146681549401116,0.16946320477392332,0.1443779642136516,0.11876738421631781,0.0947339522924005,0.07286853408831573,0.055488271938287856,0.04151650243689715,0.030903516046012956,0.023477588906638716,0.0179722575586742,0.013789877782321934,0.010690939984770805,0.008412209566374656,0.006524376879641911,0.005042128833565685,0.004090869035702744,0.0033633021594275266,0.002922694889633529,0.0032480664119429433
0.23427545792179869,0.17112201006659852,0.1457228251538454,0.12040157957040745,0.09531189286392021,0.07281792469027587,0.05551991180430677,0.0416580067411872,0.031084237730768183,0.023262065911822383,0.017694486865528675,0.01339088042073683,0.010384003686869144,0.007887686037790406,0.006177539014846876,0.0048480521945004195,0.00393988957465458,0.0031480711710327753,0.0027617631909490972,0.0030678727307230052
0.23612778621729527,0.17178854396674892,0.14826544384646234,0.12123426531960671,0.0962214178012955,0.07344488555825998,0.05553629212150647,0.041438470269995545,0.030951506971543453,0.023153769264218395,0.016999384448573216,0.012984182022509986,0.009831881046098598,0.0076384849528736065,0.005781665603099218,0.004686097008645954,0.0037904414463764352,0.0030258023345776145,0.002457687898484839,0.002981753700367637
0.23841827557667278,0.17416650764813288,0.14898587576681752,0.12142053044066384,0.09663170517173439,0.07391369640746083,0.05558798655437135,0.041227766103872784,0.030407354673056,0.022479763244926572,0.01691656099932139,0.012545715476135371,0.009821135200380294,0.007451100389435446,0.005644499294861012,0.00439681541392054,0.0034980313693697557,0.002939114155735789,0.0024592357399894544,0.002672640494286058
0.24034318282188358,0.1759489653349659,0.15061009149960639,0.1222035355149719,0.09663989409945571,0.07391916725305783,0.05545660009103653,0.04170285725903276,0.030520952517566327,0.022451909338471722,0.01642045769004438,0.012417561689664874,0.009461698587804497,0.006938428366346305,0.005464450014062093,0.004244605860447569,0.0033568303930947793,0.002752555742924622,0.00232673977448696,0.0026147585329792775
0.24171599803615063,0.1769360563873072,0.15226040191193152,0.12360513083864266,0.09729067792306001,0.07376963143964829,0.055764292929577935,0.04141352008713171,0.030415963612354196,0.022145223275000986,0.016310107616688205,0.012033656315073677,0.009073209821504152,0.00669063164844839,0.005256118688735521,0.004028148507643778,0.0032132638837942947,0.0025755771629148525,0.0022031229719587154,0.0024525544149929753
0.2450107498970154,0.17865030951803215,0.1529803454638821,0.12400020314766017,0.09743413219269685,0.07439718753350523,0.05532726523748528,0.04120963145628657,0.02980063314354076,0.0220381353301996,0.016076880103379584,0.01163810372945246,0.008681176676391419,0.006517654095964698,0.004965831692163581,0.0038947920840128446,0.003015614154877519,0.0024355147253838647,0.0020867779088205593,0.0023170119236390514
0.24656399468206372,0.18042724065467503,0.15392784670980908,0.12527735204693144,0.09834232070586806,0.07448383740116336,0.05536996449442364,0.04100634495710214,0.029663972335896748,0.021603551911951586,0.015756304892004813,0.011237413352173342,0.008656318209417443,0.006219683135866952,0.00461482205453819,0.0035392716955323458,0.002929830778572056,0.0023350615873904412,0.0019174816998435774,0.0022018874610917113
0.248736822512141,0.18169788652554278,0.15523179405609988,0.12600188390837663,0.0991093738542848,0.07464789526823135,0.055818964301628374,0.040572843517155406,0.0295198289817306,0.02139307691873812,0.015369082468935254,0.011065423512755865,0.007842473673226505,0.005932619253092374,0.0044424138845175435,0.0033639609455640715,0.0026938761696871255,0.0021873642768104416,0.0018399129115409124,0.00206553068119645
0.2502628491494067,0.18259329452642037,0.15603312124904103,0.12678579486485267,0.09932877577726641,0.0755550291051848,0.05610983258878212,0.040557736564234455,0.029280041514372093,0.02112156491133071,0.015191101484590044,0.010653851360498168,0.00791480528857001,0.0058627769504986235,0.004201073958756372,0.003162086548440954,0.00266910337981138,0.0021219710301881678,0.0017079554171743146,0.0019279364649609667
0.2523383459409833,0.1834235437290146,0.15591942984172674,0.1281750807269315,0.10067773402915078,0.07545190727596938,0.05607518798688518,0.03990386079440039,0.02905154455461179,0.02098392679705536,0.014789692668088524,0.01056583855064847,0.007565717869102257,0.005694589970348433,0.0041358806538458505,0.0030869662802225505,0.0024440832770340763,0.0020143667433238865,0.00172563332434801,0.0017730036508987396
0.2518789873531865,0.1848993439888185,0.15747198990058384,0.1288205324736807,0.10164002795374101,0.07565657476498569,0.05559638404833291,0.04035257783087986,0.028978335850672915,0.020564034356049508,0.014677968394237921,0.010323722356229853,0.0075373655853378085,0.00533262697536013,0.003974390766248114,0.002964449153497599,0.002320836808764849,0.0018260105051962402,0.001477715908834735,0.001686241799860231
0.2531602623567244,0.1853325503359487,0.15844763629846625,0.12976716347925865,0.10145414336742224,0.07692949303925092,0.056089514184688945,0.03987763599413428,0.028560994331534768,0.020093801884378634,0.014418573719917628,0.010255988295616827,0.007256627392810326,0.005386676345175606,0.003867270671750891,0.0027446237498436085,0.0021201795784212833,0.0017369466934328537,0.0014393776297947785,0.0015543474952913082
0.25484496124031003,0.1865992545866385,0.1593885083610833,0.1304056005270235,0.10189760041873099,0.0764545036142621,0.05576499625488443,0.040097553491981845,0.028567786591583856,0.01986828924926226,0.014230311070200619,0.009934708648058404,0.007189042604073604,0.005194655765221863,0.003747371650828888,0.0026407576865112685,0.0019740819954697634,0.0016063387208851104,0.0014337475521383248,0.0014371316927019877
0.25685768381975677,0.18762735698522415,0.16014925928557172,0.1306830675963233,0.10166118051961086,0.07684214443508477,0.05621017186920307,0.04001335169190971,0.028215598249394725,0.019589999312117218,0.01376329389847978,0.009660806130952583,0.00715849157456367,0.0051027369840738225,0.003505946802980224,0.0025970393976402235,0.0018685602613503485,0.0014975546331160302,0.001257359499943053,0.0013791485815518867
0.2575056577859817,0.18894017011132902,0.16101602221843841,0.13095956275772955,0.10213445402788134,0.0768917640452352,0.05607156267654152,0.04007640689150471,0.02818913637434866,0.019935027079567572,0.013487349900939413,0.009448248877181787,0.006846851316654472,0.004875788058829696,0.0033918525626641357,0.0024175970393457164,0.0018222186639844566,0.0013249424072906781,0.00112197250659934,0.0012155641830292347
0.2590286931411362,0.19015365325353176,0.16227799658798897,0.1316995671278783,0.1020186792382623,0.07684128510813913,0.05657443562563496,0.039596692626966634,0.02806170485540674,0.019515891334326334,0.013290606145002572,0.009096065137162618,0.006331276279306817,0.004678266301486017,0.0033691635837166116,0.0022979770360155483,0.0016936023101547354,0.0012459590896943958,0.0009798537999497108,0.00113884043492429
0.2603589322678261,0.1911080945788104,0.16362332631313106,0.13181820231711772,0.10269526158897092,0.07674606861157836,0.05636530907680583,0.03959348970194958,0.02781961838360969,0.01930969013398514,0.012958812308053087,0.009063502013610471,0.006286613661884812,0.004382365011432256,0.003148944038314969,0.002280814102939917,0.0016415547868910117,0.0012131270265760496,0.0009098452699320372,0.0010541577786697082
0.2620844831628879,0.19139927493101025,0.16381351117363788,0.1332517179806288,0.10328963981025553,0.07652341143156031,0.05596288079649371,0.03980890283714806,0.027707510416103028,0.018914696174449436,0.013120457045975146,0.008944997565066825,0.0059159857872048745,0.00421829626823945,0.003032393629493354,0.002173403315116427,0.0015601608859549445,0.001149829554677777,0.0008161535270457949,0.001016810057175838
0.2625067234386117,0.19239915969703084,0.16491340436592197,0.13373469113904354,0.10367232243638243,0.0766534020881281,0.05580482238282048,0.039868158584069203,0.027541008746954025,0.01910189519216348,0.013018381345544717,0.008819121741317043,0.005825288699097792,0.004043647943276166,0.002881070969065981,0.00205452497285253,0.0014760555375762693,0.0010701120742245068,0.0008051212023143285,0.000903224205957671
0.2638331590052479,0.19318407242430244,0.1652010333447549,0.13340268886043535,0.10394650231736126,0.07702521144794502,0.05585336603487762,0.039682557573353025,0.027764377558565218,0.01909230672124939,0.012748868370272858,0.008589790986636849,0.005776496366161116,0.0039336531352004486,0.0028245658328975138,0.0019510468702097351,0.0014122829164487565,0.0010346973003192014,0.0008385782041802674,0.0008104001731258231
0.2654064629930625,0.19367915719092169,0.16559378143328454,0.1340120951618226,0.10402424889585755,0.07718578542520609,0.05572695436886753,0.0392400030187217,0.02769113971387474,0.01915536617206939,0.012549096467307135,0.008347666629495841,0.0057164226345555805,0.0039310965506598955,0.00272022870196093,0.0020669232580117205,0.0013561719905428404,0.0009833373320132064,0.0007850929214355151,0.0007828401440425867
0.2674649529420379,0.1942696863365756,0.16617459039015012,0.13374261463161866,0.10346218184480735,0.077422879575549,0.05572496296755222,0.03930339572056977,0.027200684889071614,0.0187026533819214,0.012603986550040268,0.008397776363441797,0.0057280607388466125,0.0037229578646780837,0.0026922448703723513,0.0018642950880611887,0.0012717759241215,0.0009360901620416009,0.0007310740254693127,0.0007964088382231188
0.26731903442960264,0.19526184482451647,0.16622869982443766,0.13489228494738764,0.1043288853030197,0.07781987167496397,0.055902748824137906,0.03896853174433255,0.02693158026399709,0.01828643031481779,0.012474167092989452,0.008415273699227212,0.0054437851152874485,0.0036295656916458005,0.0025342729712857534,0.0017533698280660871,0.0012857294176242965,0.0009375345096086016,0.0007144193258315549,0.0007234340807316376
0.2686324640133954,0.1951322434575948,0.1669449870817317,0.13456604520943802,0.10457383217954144,0.07800360991330807,0.05592214830352081,0.03929381633553289,0.02694944320913192,0.018087826220033666,0.012070928945023087,0.008366491722405766,0.005412619392706351,0.003553649073215524,0.002301207205422973,0.0016654213516019557,0.0012895762627944877,0.0008855990565613099,0.0006650432559437539,0.0006762961029140375
0.2689839271031616,0.19609722582025832,0.16757825259340195,0.13538515256299066,0.10431952062894924,0.07778178254846087,0.05589583591453317,0.03946476239820685,0.02718876361465595,0.018193798362299094,0.011895295270490963,0.008062354279535496,0.005414324814435196,0.0035186916414178394,0.002234662041156528,0.0016095423673451001,0.0011725217665544078,0.0008672831510536927,0.000594708446436818,0.0006431411418852709
0.2705577643012372,0.1966049031525418,0.16762783718045635,0.135223679155687,0.10476627164605193,0.077076900025123,0.0557888226327773,0.03928876010693607,0.027368292976939795,0.0183927366377771,0.01216493753612135,0.007788128652269575,0.005208233583023615,0.0033910411172184914,0.0022114995724584383,0.001552443408480758,0.001105186490362572,0.0008156524149057106,0.0006094861277126924,0.0005756883757138369
0.27200850322136066,0.19673157428946525,0.16723489923817805,0.13472854321532562,0.10460583650665331,0.07747029164517964,0.05619197103139839,0.03920129169697365,0.026895716186971785,0.018331693190441985,0.012022960499203959,0.008055090785849884,0.005102833581419019,0.0034026396917582265,0.002175347413791162,0.001454735434067381,0.0010460133268178,0.0007206119797237801,0.0005483406783210637,0.0005291994226096511
0.27271284034075166,0.19773597821999342,0.16744168241093327,0.13547312740808465,0.10394368544193909,0.0772793907362912,0.05618845380418259,0.03927809816766011,0.026854577021552573,0.01831213956138237,0.011774984968822975,0.007836478808855222,0.005206304312090024,0.003243806817286191,0.0021066166453115108,0.001427680334716727,0.0009424041326166407,0.0006969512044082441,0.0005134244736836178,0.0005168022662736417
0.2724288261137408,0.19936008541204212,0.16856039489554928,0.1351951897163181,0.10382225645911679,0.07759161466375197,0.05589285653952842,0.039363419004404605,0.02669914666792804,0.01790341817100653,0.011964893668539556,0.007756233310921683,0.00499588368916053,0.0031770486670698508,0.0021285437719822825,0.0013548350040712622,0.0009809320769294015,0.0006149126452393261,0.0005203106998178913,0.0005169320589099828
0.27374831370588326,0.19912571702689746,0.16908884940126706,0.13633251580443279,0.10414822722348718,0.0770920744739551,0.05548724046835622,0.0393348512795566,0.02656293283425784,0.017951853628544588,0.011556885822967832,0.007728238078829609,0.004925442715547238,0.0031687690447073464,0.002080982656225719,0.001327639908923227,0.0008783368354199467,0.0006373572421124225,0.0003963776488048988,0.0005472714128385818
0.27458175420665837,0.1988613403901114,0.17024852180236008,0.13665716282854937,0.10488027527737656,0.07741106895103969,0.05539990972666992,0.038614923464649877,0.026459540776643288,0.017517753567316108,0.011768175386897764,0.007476252598735049,0.004712898167856614,0.002992977365256925,0.0020204567020068375,0.001357476759119914,0.0008261923227147731,0.000603323004053295,0.0004153473665963912,0.0004862603316250437
0.27556793219285036,0.19953948094726345,0.16996397407214645,0.13726351648203097,0.1049809957034744,0.07760444477488863,0.05569148828312459,0.0388850211897343,0.026375079700887927,0.01728410916374336,0.011338366599301111,0.0073313551741929096,0.004636732928238784,0.0029356963097643993,0.001919580395947251,0.0011918521472489385,0.0008358736231178752,0.0005790283588714124,0.000410051211340845,0.00041343075429145634
0.27571354308488255,0.2004649310142293,0.17055046841912203,0.13734255694054676,0.10500779760873333,0.07750012939754751,0.05532026455609891,0.03854359122077021,0.026641267240816734,0.01746529332736229,0.011304844869218462,0.0072732673668386705,0.004651560534423126,0.0028231169281247265,0.0018306939984292269,0.0011240708693489847,0.0007336278346501877,0.0005806011697538293,0.00037581548584840913,0.0003701895055213371
0.2756122633957072,0.2009043629431879,0.171465277394642,0.13808874511759983,0.10474036158754434,0.07780651452081261,0.05564106519362396,0.03845231433367976,0.02599593081713561,0.01755581052065048,0.011278639942621588,0.007203827328830281,0.0045657267612389495,0.0027777183526452496,0.0017711191604016933,0.0010887935334446522,0.0007116003238231854,0.0005584711402156643,0.0004053419566081434,0.0003400368635990536
0.27666471633998674,0.2018498098431487,0.17158899115601853,0.1378209600108018,0.10504872066071068,0.07706190786956815,0.05590498908567183,0.03825528275986228,0.02551589891306795,0.017353781758444542,0.011244008371402206,0.007212458086729526,0.004569390372887461,0.0028996106847897023,0.001702410153700745,0.0010846816841821,0.0006503589351216325,0.0004838310416994849,0.0003600603101019423,0.0003308054099061594
0.27801234934875424,0.20289952980597742,0.17117944837774055,0.13752274405952192,0.10478706155758523,0.0772183339638617,0.05553266137022825,0.0377990506044065,0.025799870291304112,0.01726184042227387,0.011057891513087965,0.007180141958961611,0.004614116629735719,0.002838503666072169,0.0017733610765821753,0.0010403718315948767,0.0006429137617323313,0.0005235637464194991,0.0002871156028752092,0.0003321533445026931
0.2792290579613111,0.2019615631741045,0.1712744421776592,0.13733980436130488,0.10532486983488978,0.07773560531980615,0.0551774037644639,0.038315297199551256,0.025605421080052516,0.016940875164148134,0.010897073071378976,0.00694851571827398,0.0046259673065302525,0.002777155755902861,0.0018420599564072067,0.0010757540124161815,0.0006188961368503133,0.0004309767643884913,0.0003668366192967314,0.0003409555081193547
0.27908547119166727,0.20208655723683103,0.17162439718866232,0.1378050633338773,0.10566938084171312,0.07779684765543672,0.05542206641194311,0.038041967486171196,0.02585575294442037,0.016949057166491293,0.010771542240404258,0.006806633316264231,0.0044409680995335064,0.0027787000095662005,0.0017669335824297028,0.0010365260059985713,0.0005818501032586984,0.00043666893629472917,0.00034550866866619025,0.0003027421233589746
0.2795074532469958,0.2027208909235363,0.1717307783202004,0.13786650101394768,0.10576903599570565,0.07751691975971352,0.055465526903937155,0.03814513969070655,0.025643536055349622,0.016953520457885726,0.010769677449848416,0.006905197579129558,0.004249352356387419,0.002776258544281719,0.0016925386504254977,0.0009633065723166398,0.0005851862355194539,0.0003713681879258072,0.0003331060109879967,0.0002970945503406459
0.2793966504067234,0.20381265306948596,0.17258029330868493,0.13797450135049733,0.10548610033486938,0.07739665490463307,0.05511288628609852,0.038290704395132366,0.025412064742910738,0.016738970563430648,0.010892812565360248,0.0070650914987259675,0.004269640684491882,0.0026863765065185973,0.001565272539587226,0.0009872911564350467,0.0004992679652131672,0.00040368738628722303,0.00027437248538741613,0.0002867417367778326
0.2793551231979266,0.2045409549864113,0.1727414463382588,0.13818820755565955,0.10528180738287647,0.07787836791994386,0.05493286657907522,0.03803027303324274,0.025368513885639214,0.016457137200554348,0.010784318136822586,0.0069956894224366024,0.004357822933352531,0.0025951206781735397,0.001560222098234372,0.0010022767768758662,0.000548946203272079,0.0003880869674771872,0.00026884865283202246,0.0002441010780943468
0.280056042268024,0.20452501927156305,0.17296241904536835,0.13799226886784488,0.10578146891510949,0.07770294221907129,0.054982191387721334,0.037798146553906904,0.02549923195084485,0.016574106896687542,0.010741434704568346,0.006687935720193786,0.004207671488777479,0.0025612891972338976,0.0015754854464531886,0.0009722995898111103,0.0005424171322788833,0.0003556095721994338,0.00022619469624077923,0.0002183172690085132
0.2806373707499989,0.20443557644262572,0.17283375422580544,0.13847699946431863,0.1056068729264856,0.07772781086397747,0.05533498089103162,0.038000738249897595,0.025448239228979017,0.01642155869761915,0.010588709278090632,0.006512579508163515,0.004132398816999554,0.0025872507843905154,0.0015372703660188974,0.0009880844665919406,0.0005761950420217238,0.0003286112349030143,0.00021944928358249254,0.00019356552192917293
0.2814313444172505,0.20460123217149134,0.17265929614313455,0.13789405575716654,0.10593749120882211,0.07831772020142347,0.05541620952541703,0.038370607927532545,0.025175682898697496,0.01621740231243143,0.010621430781781864,0.006619967929783103,0.004089233971924497,0.0026016260162601613,0.0015551242017610488,0.0009564801530368242,0.0005761386333586518,0.0003477086673980924,0.00024305848594818115,0.00017779278138802142
0.2812020552413605,0.20470190451766174,0.17393514831661874,0.1378053279702692,0.10584290541300542,0.07806925191554079,0.05549444122000713,0.03827369624000612,0.0251888545448819,0.016552611569281166,0.010345944632661594,0.006500240707996454,0.0040605414355195,0.0025510548409302582,0.0014971137536499875,0.0009178398369484521,0.0005522786273795216,0.0003205690606989078,0.00022383594062836044,0.00016422134337558102
0.2812925893539415,0.20520092327810993,0.17332059380602383,0.1383589193009466,0.10578309266655636,0.07820516716127998,0.05504781261640855,0.03806890373666542,0.025470051419523212,0.016473604307130647,0.01068117082108054,0.006699505836886786,0.004136970175776216,0.0024443686675152203,0.001436010322168241,0.0009588407480308318,0.0005266871714535556,0.0003263659823109637,0.0001654337910334885,0.000191317989630565
0.2818744917458972,0.20422057581323463,0.1734165810906416,0.1385814213231084,0.10627361307789125,0.07785862353260083,0.05508209112187635,0.0381397253093953,0.0256143196340458,0.01631812010937235,0.010478329675965865,0.006692363844138784,0.004049161317462121,0.002509355249793886,0.001409333091883345,0.0008278285360144779,0.0005185176020416771,0.000328431973527483,0.00019121039554682233,0.00016759028786162658
0.282113192425322,0.20545801857536353,0.17297871071083243,0.13877829444799022,0.10566074690926529,0.07776280672369178,0.05539402576146945,0.038134539122291,0.02572319759202414,0.016479415926274877,0.010364922257454853,0.006553494502921603,0.0040804564708160134,0.0024043737990794493,0.0013597769425505509,0.0008374785142861007,0.0005065394239633671,0.00029379286589875284,0.00017897726313372293,0.00015533875668209918
0.2829979176440015,0.20530500159186044,0.17261054992873198,0.1388237332334342,0.10615290635472953,0.07793141387584832,0.05530224536701104,0.03808990242964035,0.025529392044297595,0.01657334876819249,0.010328530752156883,0.006572190028765988,0.003999338506036132,0.0023984781138872103,0.0014883614187020545,0.0008516172289927847,0.0005118703291832459,0.00029924726936866685,0.0001889982753907369,0.00015637357309114552
0.28380912291443466,0.20580244190129748,0.1727057653001504,0.13906096649588962,0.10621527809041877,0.07763864002665204,0.05522077957158678,0.038241371858708254,0.02521249583562187,0.0162512042931362,0.010201600922015832,0.0065279441027903595,0.0038739971727249018,0.0023433068313809527,0.0014316456721981613,0.0008114909824330772,0.0005211100206192993,0.00028587893139806034,0.00016995164819333516,0.000136186420075454
0.2840903339440625,0.20542772980797466,0.17453135245602017,0.13881325068805456,0.1060565672516395,0.077714455388083,0.05494988758307551,0.03760877560592106,0.025249099933528397,0.016169141638576513,0.009997739289462054,0.006531316464608636,0.003839833719678644,0.002346190140377753,0.0014182865613692928,0.0008694175352406528,0.0004690130817533664,0.00030142807172638423,0.00016758501002698233,0.00014958930425227278
0.2841716179338986,0.20554601922614002,0.17445933511661443,0.1392095370293297,0.10673139872080706,0.07736575335377584,0.0552442187721457,0.03726667551558046,0.025444376702759723,0.016198011694064558,0.010135005928022335,0.0063858411380003114,0.0037761614761788005,0.0022542232940906503,0.0013644575128402988,0.0008054011370104319,0.0004679425600507536,0.00030596244311010824,0.00016760442655664015,0.00014398232616946266
0.2849173133096159,0.2070637142481152,0.17427697651164858,0.13896515382772506,0.10611655432194433,0.07716862056127749,0.05534603786615137,0.037586086275797764,0.025179989629717934,0.01604581820063234,0.010139706370300062,0.006264910092353998,0.0038388039757996754,0.002251768403032801,0.0013305904199739278,0.000797454444430697,0.00045890185236632493,0.00026431846888746687,0.00016309011910077743,0.0001327216141647706
0.2844924754938908,0.2078266562575228,0.17535732685986577,0.13946490401164502,0.10537008331064775,0.07747575261934704,0.054985477444480194,0.03755728591323363,0.02478171170421233,0.01591181625311318,0.010208535347967628,0.0062522357536092645,0.0038336846794351175,0.0022340662480510973,0.0012745201707159586,0.0007581876390666864,0.0004510878980203878,0.0002531041821810155,0.00016198667659584996,0.00012711454482868784
0.2855002732996378,0.2064030843494906,0.17563156959468423,0.1388407146729289,0.10596265579766379,0.07766433405988299,0.05482525693540005,0.03767598584690272,0.025015352016681393,0.015890743127582572,0.010080595275852682,0.006318507671509585,0.0038846787998209507,0.002226885936203093,0.0012686501697157025,0.0007580409702024667,0.00041388587097107994,0.00025193053015630946,0.00014620968268000105,0.00012259119547784704
0.28584953926248263,0.20629234203084323,0.17436961325035005,0.13996637937335196,0.10572618866906172,0.07780420201611316,0.05443055766387248,0.03767871499491192,0.02521434555032693,0.015908515913575876,0.01011879662894185,0.006255235653606347,0.0038714320250524278,0.0022095160991077597,0.001216639399101576,0.0007859805360184859,0.00035981941563078044,0.00021139390668308358,0.00012706123114461927,0.0001236879241230807
0.2864801330522646,0.20697621114933715,0.17516741619592924,0.13985730528516926,0.1055622485652056,0.07758107731235324,0.05433532015983435,0.03769927071913033,0.025191183593833807,0.015840039202092884,0.009898754272203882,0.006059839646277891,0.003810687312500072,0.002191568614388931,0.0012431308832778006,0.0007192319460926052,0.00039856966557408113,0.00023598034024074495,0.00015694386264815096,0.00010952197609259458
0.2833093753879388,0.20539906511804373,0.17446721126035022,0.1392670144919466,0.10439747217571788,0.07633825138323781,0.05376673430580546,0.03676065374445863,0.024866374994634108,0.01577279746428642,0.009908031654652882,0.006212823127712671,0.003680126043156788,0.0022414891284296703,0.0011439483854201109,0.0006276633636027178,0.0003921445783691661,0.00024015954947460746,0.00014386369147271176,0.00010209681330321478
0.27998730298868996,0.20356631287210716,0.17312875520366985,0.13777736314021205,0.10464225943088719,0.07684308610189237,0.05447768750561752,0.037621153493896685,0.024499770748406893,0.01583144376168301,0.009783297513957043,0.005998086346503261,0.0034677858847006688,0.0020888631510204833,0.0011775454037615469,0.0006450900907563256,0.0003879642344760264,0.00020706595505758584,0.00013425155327909414,0.00011604795283447122
0.27873588717344727,0.20306566836341344,0.17181433587749315,0.13660213497376517,0.10417879108810364,0.07572438256203765,0.05336973444780053,0.03691086836018664,0.02418814874057752,0.015107077128030427,0.009658434160502176,0.0058992392873894114,0.003673915774213213,0.0020708991989526805,0.0012261751517449366,0.0006453553430236514,0.00032613493227802367,0.0002247219498028785,0.00012215654707233391,0.00008643151915495325
0.27680944832511717,0.2010776850674425,0.1694253314055776,0.13625632181905806,0.10283995563839489,0.07501988723790944,0.05339534667665385,0.03671561540114156,0.02405978365007752,0.0150899135413219,0.009357743829149752,0.005809976715963789,0.0033549915515529443,0.001991627037353168,0.0011032336358516093,0.0005713588935147284,0.0003135506122946678,0.00017883997886436606,0.00009754907938056329,0.00009058128799623739
0.27307843394002884,0.19907896705886757,0.16932719467255272,0.13442310929871487,0.10229334630277409,0.07483421874707723,0.05244790400119716,0.03621700742625189,0.02368169999438823,0.01494018780747863,0.009320226715800899,0.0055790418825642065,0.003343683944705289,0.0018974821826072315,0.001052208234347818,0.0005775454086309138,0.0003039712677004809,0.00021277988739033663,0.000113404665257487,0.00008417665874782543
0.2680721794261606,0.1964674152549843,0.1665779407357789,0.1326564308672226,0.10169166857633076,0.07413139664016641,0.052206102698796046,0.0356360944137919,0.02323914282524518,0.01452284839617597,0.009053570484232052,0.005540963763389684,0.0032023597572082485,0.001933167633250483,0.0010435579685874944,0.0006134428599129186,0.0003490278340883849,0.00019978024173409258,0.00010341565454470674,0.00007286102933831611
0.2635378507858405,0.19234044359946323,0.16322908140519563,0.13126472787486942,0.09967306771461128,0.07316466206382496,0.05168879631835564,0.03512635012890943,0.02287110706442642,0.0145067356070774,0.008754755968401267,0.005430000872762956,0.0031643554173811923,0.0018611080315421252,0.000978909801127987,0.0005708341490915011,0.0002771612087531048,0.00015096440306552094,0.00008727629552225423,0.00006958515453801355
0.2569199605501714,0.18747408890384987,0.15944935598745644,0.12854265955624852,0.09761234047327984,0.07196877085437227,0.050951697582812164,0.03429300356111475,0.022629319254232876,0.01450430818111487,0.008845501951821598,0.005137926757968215,0.0030614956681962336,0.0017539818932374247,0.001011049495361102,0.0005456832556738657,0.0002834718211292808,0.00017835102079383916,0.00009449060704309365,0.00005787549681389486
0.2486728364395112,0.182034321727158,0.15515630248920054,0.12501951711118364,0.0959946156430238,0.07023439459103964,0.049504856803546674,0.033699545310452175,0.0224718835313433,0.014281793965545787,0.008570968947684679,0.005100471722663036,0.003013915108846337,0.0017801971109944017,0.001032632609899079,0.0005701362176075102,0.00025786243866895677,0.000198719677506352,0.0001005426939764281,0.00007215416861837779
0.24006949782256734,0.17571650383789528,0.14932675464828868,0.12110954908135674,0.09353307838165295,0.068433089396134,0.048515828283055576,0.0330173874835227,0.021792091602583313,0.013867586987752614,0.0087097305242064,0.00485466214559723,0.002979831656092369,0.0017481047394246176,0.001013806000641919,0.000556645818109465,0.00025818891137843275,0.00017883727347772177,0.00007816728509622274,0.00004737411217952893
0.23054878345080643,0.1688709423174703,0.14488129623023233,0.11737278945266254,0.09024473207947006,0.06563759646051681,0.04707498408868145,0.032187678891221094,0.02105864491270405,0.013440175220062136,0.008288108052371644,0.0048948786295288016,0.002907297161800037,0.0016948369104663897,0.0009540865125352737,0.00048593226104281026,0.0002524477356149234,0.00015407608276967163,0.00010548285666539057,0.00005807483119779931
0.22086093971572343,0.16057310612707545,0.13830738293866285,0.1123921631863259,0.08645560134881976,0.06388871762524248,0.04517645161749294,0.030746830700352386,0.02016234212785331,0.012930932269707042,0.007868115399025854,0.004790112449075412,0.0027590573438115067,0.0016148844444655226,0.000926009362061361,0.000514581386856121,0.00027033307880920644,0.0001505802675823212,0.00009129669766802154,0.0000723259552954456
0.2095378142776203,0.1536077710772535,0.13152533997869087,0.10711125311946558,0.08212464558951219,0.06098176604809887,0.04309465239561889,0.029551331466900102,0.019585670829121587,0.012571698711590931,0.0076933949881873055,0.004674001741318056,0.002690372031533775,0.0015441428878560286,0.0009205467216064783,0.0005095671529924893,0.000282696928699796,0.00014253626657132574,0.00009027296882850633,0.00006651692439995204
0.19807215701914316,0.1455282873746581,0.12472937556973565,0.10107110300820424,0.07792559252506837,0.05794686265572771,0.04098654474323913,0.02849983857490125,0.018619672971741108,0.011748423731388638,0.007270064190215742,0.00440239478881799,0.002491406487389851,0.001540660133697964,0.000834425326648435,0.00046765800668489827,0.00023976374962017617,0.0001234427225767244,0.00009139509267699787,0.00006172136128836221
0.18575214996686876,0.13678800531049534,0.1179222093180668,0.09527304163608856,0.07323424842003266,0.05422951504917434,0.03875402859022496,0.027060726321864462,0.01775073446810735,0.011474802459547849,0.0070929312936851155,0.004242933787432934,0.0025816227410801005,0.0015389986533761782,0.0008502492560319007,0.00047737458229724083,0.00024224978803143548,0.00013893737842979382,0.00007243743661724297,0.0000510624553203516
0.17526201469418762,0.12893734199000603,0.11037376410962478,0.08953484231641168,0.06948166787337837,0.051067643114028324,0.036458914434250055,0.025200887823289924,0.01681166989115857,0.01115951145980463,0.0067073387852963195,0.004077102942398311,0.002307391010195725,0.0014100722840084986,0.0007453917460920343,0.000445098574497632,0.0002468813426546866,0.00013293610758329275,0.00008189813770756429,0.00006290726519566533
0.16441500579202187,0.12032435322422552,0.10353996495084207,0.08344669854753911,0.0645451035138266,0.04814566192413937,0.03469866634983811,0.023930852169780487,0.016115484005108864,0.010297323788873375,0.006525083910060293,0.003905307868238927,0.0022502747497549526,0.0013259274660646933,0.0007199928713577094,0.000436035286779339,0.00022574033920456222,0.00013663231057118238,0.00008079127929426443,0.000039207532598687144
0.1537489399205148,0.11339584140023139,0.09611268555845104,0.07815487969137139,0.0605225211956509,0.045461672039319743,0.03250435315553297,0.022577020564948137,0.01537916994291606,0.009776486546195706,0.006087291161372014,0.0036654401022427363,0.002158167422480574,0.0011877641290481966,0.0006615846198798457,0.00039552545497304956,0.0002185485997448681,0.00012827852593720523,0.00007720466838813282,0.000039196216258590505
0.143554840641142,0.10528804345243468,0.08967885875582716,0.07304205058996277,0.05678540370752291,0.0423333349173387,0.030532891079040284,0.02082927431963011,0.014174075851680073,0.009159510922508869,0.005726179331581428,0.0034273915708739424,0.002035050870331739,0.0011452358663162857,0.000692606338238998,0.0003956053355636128,0.00018770463369084328,0.00011167237700594473,0.00008197227673840627,0.000032076108288941585
0.133684198020743,0.09788530764021716,0.08443206253786842,0.06843049433903985,0.052828104023855633,0.03917645800910029,0.028692098416356795,0.019913749064426826,0.013614817102871466,0.008627469616147698,0.0054494909293954135,0.003293217540066292,0.0019020350943889377,0.0011024912976845308,0.0006011428842978157,0.00034334050111080756,0.00019483682415976622,0.00010217052974231643,0.00004870920603994156,0.000035640882468249914
0.12412299121389646,0.0914616061747113,0.07848057115605005,0.06390982795561155,0.049763797836573274,0.03727509781450715,0.027328744533895204,0.01881906036382963,0.01269868386398741,0.008070734895992747,0.005072829989014405,0.0030809493642353605,0.0018495186980527262,0.0010570373059428982,0.0006050381885868443,0.0003108235400191238,0.00017202066146096548,0.0001091441438235092,0.0000699946139737722,0.0000308450841240352
0.11553364654517845,0.08563259301442674,0.07366173120728932,0.05991244305239182,0.04658314350797268,0.03513311503416857,0.025472190584662116,0.01784121108580106,0.012044419134396354,0.007876566059225511,0.0048915622627183,0.00303246013667426,0.0017807991647684136,0.0009550588458618067,0.0005220197418375092,0.0003001613515565679,0.0002088078967350038,0.00009016704631738803,0.00006169324221716021,0.000037965072133637056
0.1081904635532487,0.08012397120133831,0.06875639019177389,0.05588181980814318,0.043718093468883355,0.032918002954741746,0.023992171237591318,0.016971401559354886,0.011553585201174789,0.007468601426190101,0.004693940172995744,0.0028469303977053943,0.00163020234175723,0.0008932940157594125,0.0005272093329084065,0.0002950002784139175,0.00017771101109272127,0.00009240972576821511,0.000030803241922738356,0.00003791168236644721
0.10187028211124596,0.07500074006098105,0.06426215920191826,0.05250407033539563,0.04139131464432669,0.031410556229833325,0.022571267872472694,0.015762706847044203,0.010918563689648024,0.007115242295965189,0.004490097984073886,0.0028217045084514953,0.001518013084278145,0.000899914152926201,0.0005375802966164409,0.0002865516118528165,0.00018708741600307856,0.00006867765903910483,0.00004025931736775111,0.000034338829519552415
0.0948770878116971,0.07115781585877284,0.06048562556393293,0.04928462770643355,0.0389562808940405,0.02949228545648779,0.02119854352643504,0.015099471548137495,0.010131526060371801,0.00671680457952092,0.004279072855691262,0.0027234775144147497,0.0014844553104254527,0.0008347096953191048,0.0004837522097872083,0.00030353079829785614,0.00015176539914892804,0.000060469026223401055,0.00004031268414893403,0.000032013013882977016
0.0891532203598689,0.06644398998073403,0.05645434574998757,0.046724188185891975,0.036396855827312204,0.027624073727389706,0.020196119785680595,0.014225556711462686,0.009702905539744117,0.006301141978307388,0.0041233497714384575,0.002545102100301669,0.0014419875493794836,0.0007926784474403238,0.0004893515677023226,0.00020735235919589948,0.00013033576863742246,0.00005213430745496898,0.000028436894975437632,0.000020142800607601656
0.08438493184599218,0.06209850614375182,0.053380100001066105,0.04403505841687485,0.03434056984734497,0.026502296281291797,0.019220768759676418,0.01332755265099959,0.009118789468260148,0.006268723547159348,0.0038664235937127967,0.002457974557890336,0.0014510934136942942,0.0007853672924729118,0.000435920307134286,0.00024283604065904497,0.00012911769966749223,0.00004619807602781836,0.000035536981559860274,0.000034352415507864924
0.07867865520863307,0.05794975090973896,0.05005370213138845,0.041787007991966586,0.03263337016103535,0.024935077853288395,0.018090572463536427,0.012766541973514837,0.008797202515651768,0.0056994125330235524,0.003834344022840279,0.0023316316803497577,0.001320350088161493,0.0007661583022784622,0.00045945814727054596,0.00023446575556589725,0.00012315373019622893,0.000055656012684834205,0.000037893455444993505,0.000035525114479681414
0.07480124372839184,0.055120319004259774,0.04769795438163336,0.03975125432162477,0.03122577315804986,0.023524078595869937,0.017255725376059766,0.012049062646840554,0.008101751848489547,0.005372366930649237,0.0035472535120413683,0.0022133346905296508,0.0013090631912972158,0.0007788097467211273,0.00045331935105500287,0.00021896626617539308,0.00011717654243980502,0.000053262064745365915,0.000030773637408433637,0.00003432444172479136
0.07101862589638606,0.05220457718978534,0.0452180910231226,0.03767898137410365,0.029578964807232617,0.022436276714079467,0.01627340070527537,0.011655977090384115,0.0077225285778524605,0.005146380138688378,0.0033062741107140314,0.002096892528341183,0.0013738669443589802,0.0007407758029015692,0.00044730551676804,0.00022601945423993543,0.00012661822829148215,0.00004733391711831113,0.00003076704612690223,0.00003905048162260668
0.0672618794150071,0.04987745619887107,0.04325464980388261,0.03575298197801781,0.028684239163863295,0.02132214825434227,0.015569923303667323,0.011298633092504009,0.007227245414070304,0.0050874603152072624,0.003222097628138705,0.0019789167885007537,0.001352003520177144,0.0008256329458299629,0.0004636792475148215,0.0002614110043387131,0.0001277483641112263,0.00006032561638585684,0.00003311994625105866,0.00004849706415333588
0.06372080365383252,0.04742172894431692,0.04118252597202831,0.03455048867643231,0.02730080223394939,0.020398987150057977,0.015139503514210662,0.010640840570793002,0.0073005655867666875,0.004841801358354829,0.003056298364767969,0.0019085595285988116,0.0011643041389592255,0.0007998674775776796,0.00045909553446766226,0.0002496627777646307,0.00014672125328347966,0.00005679532385166954,0.00003194736966656412,0.00003194736966656412
0.06122154913491418,0.04579067155320965,0.03977540484646481,0.03270306692382828,0.02586458386236107,0.019516251141223528,0.014281681723533945,0.010175048631181358,0.006971945684255778,0.0046310349022474885,0.003036569939729225,0.0018885551667160755,0.0011680932206893045,0.0007818783742126588,0.00045826104107932317,0.000258657649475185,0.00013228153763114478,0.00007204619460267707,0.000034251469565207126,0.00001771627736131403
0.05872606078929716,0.04368226868604792,0.03825431543541728,0.03171974943547397,0.02464427773736075,0.01914428246142798,0.013750578698236038,0.010131943197815593,0.006762502243931933,0.004598879451252349,0.002807276953165597,0.0018116797838266842,0.001120784951011422,0.0006826277151576423,0.0004558724879772491,0.0002905301348248788,0.00013699794975482085,0.00008503321019264744,0.00003306847063047401,0.000022439319356393083
0.056413925218172796,0.04141380696733912,0.036499302320081375,0.02980748764278786,0.02361705650024834,0.01815505049310598,0.013154222737270292,0.009587777593832038,0.00647186812667029,0.004398931012463636,0.0027481493744530884,0.0017264621715583099,0.001047702386301823,0.0007000449353167944,0.00043161554288957747,0.0002767069507840031,0.0001584561171156256,0.00008395809190454791,0.000027197691743726794,0.00002719769174372679
0.054047823676349076,0.04018801298973044,0.035034915515918565,0.028704372507828937,0.023143424924252188,0.017620306916073906,0.012671725584260057,0.009076733747173124,0.006014902488358539,0.004235730270398714,0.002704814640991419,0.0016254895679034965,0.0009882976572853257,0.0007152154098775385,0.0004362222913137385,0.0002636248535581672,0.00016550439236835606,0.00007093045387215258,0.00003546522693607628,0.00002009696193044323
0.05207348436140839,0.038577635112136466,0.03374848719791233,0.027904107257668027,0.02221928066260731,0.016548636587118495,0.012218240611172044,0.008838073446541353,0.006089028402859192,0.004094020649748495,0.0025835823153435933,0.0016451722703377308,0.0009171362656480467,0.0005968476986498242,0.00041720245073938205,0.0002470122158768579,0.00011464203320600583,0.00008273136416928256,0.00002954691577474377,0.000018910026095836013
0.05015918209794566,0.03705631752844562,0.03216458142249891,0.026334396908196136,0.020899659207477356,0.01601028397802968,0.011852780463274796,0.008391735515727571,0.005686171047863232,0.003982798653828223,0.002554468371927762,0.001580606816086541,0.0009301853406095545,0.0005878582482532463,0.00038600330758797484,0.000256155100142479,0.00013929171344153235,0.00008026980096630675,0.00004721752998018044,0.00001770657374256767
0.0483030604039544,0.03544179556312378,0.031060498557305707,0.025533323873042895,0.020377465588193554,0.015550352395818551,0.011248285322359391,0.008181968686438675,0.005619412515964241,0.0038739889314601973,0.0024608580483420827,0.0015538527032779902,0.0009070053450640926,0.000539236554562225,0.0003689513268057332,0.00019984863535310547,0.0001265313845135046,0.00009933304952462039,0.000044936379546852075,0.000028380871292748683
0.04689005042778629,0.0340800706366744,0.029980452150263487,0.02475706838914387,0.01977567189831342,0.015096464388917223,0.010848112263206606,0.007862815645834515,0.005372117400419288,0.003867074621791605,0.0024918786711239553,0.0015923942810735267,0.0010021814267097285,0.0006079192399947119,0.0003671123954142823,0.0002136570532796947,0.00014755321359094943,0.00007672767106729373,0.00004367575122292103,0.000028330217009462295
0.04498123073431795,0.03327998827511867,0.02917746175230243,0.024240482989466513,0.019135668223680482,0.014462262902097234,0.010833695796062715,0.00754080069592844,0.005247829951398479,0.0036451143175929945,0.0024111651128047055,0.001545982337033604,0.0008710924941848372,0.0005791524045462282,0.00032739840012103083,0.000202112369749806,0.0001276499177367196,0.00007919022674407608,0.00004254997257890656,0.00003545831048242213
0.04350824895802944,0.03198368278271386,0.027968154498631763,0.02304558923743938,0.018256481239806166,0.014114581918548554,0.010293924860017503,0.007605882985143729,0.005201290165616919,0.003442724984735087,0.002259325178661484,0.0014762971632654761,0.0009093990525715324,0.0005480015070041445,0.00038501830017963586,0.00019723330101226755,0.00010511235802450177,0.00008621575433470372,0.00003661216964898377,0.000025982830073472363
0.04180454926998466,0.031109620949261944,0.027292786501652233,0.022650722459585604,0.01816803752374452,0.013733756612757175,0.010141233499835312,0.007234630836669478,0.004979711630070472,0.0034366857646124104,0.002211237525633473,0.0014615654333872085,0.0009232182301363461,0.0005088325539498274,0.00033764758800383004,0.0001971578573309077,0.00010271097956759857,0.00007319633026656451,0.00003069523527307544,0.000028334063328992715
0.04035976036429161,0.030542106759902914,0.026720065891559765,0.022149900938459123,0.01740745504470455,0.013435553358121341,0.00999819459014246,0.007065878579697041,0.00474008588086891,0.003298118007724322,0.002115751552003473,0.0013829675510028284,0.0009251250511827798,0.0005416229572613466,0.00033040180399385004,0.00017936097931094708,0.0001085605927408364,0.00006018032858459405,0.00004956027059907747,0.00004130022549923123
0.039953739143583474,0.02960647557483485,0.025864024269229683,0.021387967452014416,0.017274578737962253,0.013045419749936211,0.009731790989764963,0.007007645563399582,0.004922599302543165,0.0033254420534338885,0.002185459253588879,0.0014152325328645823,0.0009793220114730711,0.0005292355381663884,0.00032959088202772836,0.0001866500335497528,0.00011458894464763305,0.00005788513698694865,0.000027170574504077942,0.000028351903830342207
0.038683110086643095,0.028787787585760848,0.025363845484727983,0.021101916864655734,0.016863593498640923,0.012727952987776016,0.009435020046762011,0.006784150016110595,0.0047505573790614375,0.0030875672307142162,0.0020737215689468186,0.001428117870475612,0.0008663128239083464,0.0005393800552126897,0.00032929329410140136,0.00018648150705384022,0.00010032232974415451,0.00005547234703500308,0.000038948669194789386,0.000034227618383299756
0.037661472930631865,0.028327859407871605,0.024703498983526282,0.02035898876802441,0.016218717755588252,0.012610885359236698,0.009292293452775876,0.006793019505434179,0.00460069464940511,0.0030210874025731783,0.0020683646460758925,0.0014261327011756157,0.0009586256236379132,0.000590286714062755,0.0003116713850251342,0.00018653060164383037,0.00012041848966880194,0.00005784809797814996,0.00003541720284376528,0.000036597776271890784
0.03680107726575426,0.027909154046880404,0.024283286934025733,0.02021995748007542,0.015872454375979422,0.01261565926518118,0.009222083476304514,0.006648012612121836,0.004522016383023628,0.0029926669048537112,0.001927900074639801,0.001368985924560739,0.0008643123882024309,0.0005141066865706138,0.00033605597631335994,0.00017569242270417767,0.00010612293988842937,0.00005777804505036711,0.00003655345707268123,0.00004127003217883366
0.03607869226831242,0.026767072678759735,0.023808681251017386,0.019569263870113873,0.015623562384548427,0.011981013449592928,0.008829170588776507,0.006296608230178894,0.004424611740614655,0.002940697699107526,0.0018944085458350141,0.0013223113199757476,0.0008693518669242872,0.0004942448198660467,0.0003232054430627608,0.0001557048119864395,0.00010734195371792422,0.00005661993163143252,0.000027130383906728103,0.00003302829345166899
0.035065935998470375,0.026203259680311022,0.022868986062146154,0.019043718523571836,0.015133471268003601,0.01177913299443737,0.008683274693394357,0.006277876592927089,0.004287934886652403,0.0028869498300995787,0.00189551979850365,0.001262893016437674,0.0008037664899009878,0.0004827320034794478,0.00032929640335150576,0.0001817621724592539,0.00008852053853535096,0.0000566531446626246,0.00003186739387272635,0.000029506846178450326
0.03387099623694855,0.02590557626509784,0.022518241082628117,0.01857027601599444,0.014990960432014793,0.011463467778504086,0.008579050580357933,0.006221107244021224,0.004389637769493961,0.0029103286633806193,0.0018385362377730272,0.001201349751779941,0.0007844107202798434,0.0004664063742204475,0.00027678156045910396,0.000177846875018403,0.00009540130381781881,0.000056534105966114875,0.000030622640731645555,0.0000235558774858812
0.033378872660019265,0.02509456581061378,0.022075768166714006,0.018570143725887046,0.014354907343776336,0.011386796267111133,0.008485874360966155,0.005992802507452694,0.004235275257529021,0.002760649778216799,0.0018317889647091819,0.0011964387382109515,0.000799197501977365,0.0004443915313354967,0.00027347171159107487,0.0001685623049893263,0.00010490940660174852,0.0000577591114998391,0.00003300520657133663,0.00002829017706114568
0.032605519633532525,0.024504213244858346,0.02146327784794616,0.018110119328142965,0.014416460874318998,0.01107390615868946,0.008428846117593827,0.006112504005881573,0.004234452466680491,0.0028795219333798334,0.0018745169378098666,0.001142854449827511,0.0006963164740701641,0.00045714177993100454,0.00030044111825362416,0.00019558127698079058,0.00012253284822892908,0.000057731822723245427,0.00004948441947706752,0.00003181141252097197
0.03199344111453867,0.023836122235919327,0.021145327678850533,0.01781515975486755,0.01398481783167493,0.010844574468712578,0.008187989925740671,0.005775594104081015,0.004238502781038215,0.0027710111418476936,0.0018638559404509816,0.0011454456444163943,0.000704254428132428,0.0004506284615520731,0.0002618835561899483,0.00017340938180145226,0.00010263004229065531,0.00006370140555971711,0.000049545537657557765,0.00002241345751175232
0.031489646730574423,0.023579204073618534,0.020744275011704106,0.01737160566183919,0.013871576770091251,0.010731220658661096,0.008038981453856339,0.005724103854630874,0.004108524480744534,0.0028396460819841663,0.0018030809216585523,0.0011415188568773568,0.0006709961049206777,0.0004280695713290087,0.00025943610383576273,0.00017570899759785744,0.00011792550174352851,0.00008136859620303467,0.00005542498581945843,0.00003891541557536443
0.03085866566044855,0.023517203971417117,0.020444308185741573,0.017047142890833193,0.013561540457043131,0.010495719642478123,0.007852038770841686,0.005656439402872437,0.0041093790533688656,0.002813480178289272,0.001831238355776714,0.0011367120250925637,0.0006921680069806376,0.00044454401811192597,0.0002582364455345139,0.0001697993066528311,0.00012734947998962337,0.00009551210999221755,0.00004716647407023088,0.00003301653184916162
0.030181813032765993,0.023082986415942152,0.019925330161517183,0.016680354563733686,0.013447178877214838,0.01043702151359821,0.007634542588239729,0.00565687746028149,0.003998989927595738,0.00284495860591128,0.0018478661040468981,0.0010773318984641238,0.0007221545693976383,0.00042479680552802256,0.00028437786147848175,0.00018407861572880977,0.0001168191215202062,0.00008259937885267105,0.00004129968942633552,0.00003893970717340206
0.029805504950868884,0.02245235555639458,0.019516759328305378,0.016345182696028925,0.01315590753343842,0.010423254452950219,0.007643405291624584,0.00555261891052567,0.003996328144910847,0.002766870239095346,0.001781652051613634,0.001132705940098734,0.0006454064054520915,0.0004283044335998339,0.0002654779547106408,0.00017108579303574636,0.00011799020209361817,0.00008023333742366032,0.000041296570732766344,0.0000318573545652769
0.02909805565499179,0.02192451532678939,0.019147888916103018,0.01594263993820299,0.01309182885242196,0.010417647945437761,0.007353703110575202,0.005676893946530511,0.003941208056220209,0.0026094165080920184,0.0017462837010381144,0.0010621361418316781,0.0007006330425608077,0.0003826987207264915,0.0002555249919927651,0.00014836935018934755,0.00010833317632873001,0.0000730071405693615,0.00004239124291124216,0.00002590575955687021
0.028780773324710945,0.021522151129446804,0.01909002296419898,0.01593333065850372,0.012906446260706207,0.010132097247364306,0.0073164457178731355,0.005462552778715282,0.0038505745770032306,0.0025808172233852487,0.0016674415805410863,0.0010514440539717675,0.000623077957909196,0.00036582228589365675,0.0002124129401963169,0.00014160862679754458,0.00009794596686830159,0.00006136373827893595,0.000046022803709201955,0.000027141653469529363
0.02826383985042269,0.02148051828632125,0.018532119393061302,0.01569335708399695,0.012607028294490934,0.009728183793355081,0.007351545581115159,0.005416990369663911,0.0038408171108520184,0.0026807913167825317,0.0016928831710201033,0.001079861409926473,0.0006342417451314872,0.000371349720662488,0.00023813537642483366,0.00015914988028392345,0.00008723771215563208,0.00006365995211356936,0.00004126108007360978,0.000020041096035753314
0.027773131318366756,0.021032754790237893,0.018880593322762967,0.015770737671896087,0.012499499360359238,0.009739502470214887,0.007341144097046343,0.0052584831914658,0.0037176910735363068,0.0024831726181921837,0.0017445819011113024,0.0010177709402837032,0.000590165788289508,0.00036399446822646316,0.00022499334443771676,0.00013782314816341814,0.00008245829377298527,0.00005536485439043297,0.000032983317509194107,0.000020025585630582133
0.02779257827235005,0.0208305827989438,0.018472981893625045,0.015674509619011692,0.012589588834402105,0.009556535269709544,0.007242549981139197,0.005288098830629951,0.0035411165597887613,0.0025073085628064874,0.001642069030554508,0.0009784043757072808,0.0005846850245190494,0.00041493775933609947,0.0002605149000377217,0.00015088645794039996,0.0000884100339494531,0.00006011882308562808,0.00003654281403244059,0.000022397208600528102
0.027190503242352598,0.020645689002873443,0.018523014692536352,0.01531366313948363,0.012560433162277923,0.009538480396201109,0.006919611813430953,0.005280167079572591,0.0037279393912250224,0.002451506144087274,0.0015545849057938045,0.0010029960233741682,0.0006305556668686013,0.00036419009544373464,0.0001956490480377343,0.00014025443805114685,0.00009311008912639163,0.000056573218709706326,0.00003064382680109092,0.000024750783185496513
0.026867216126929813,0.020361380321496723,0.01821987603554166,0.015328786319830187,0.012379945525411069,0.009488855809699586,0.007058596130206286,0.005128060070550604,0.0037561773028831924,0.0024891893516439615,0.0015333500693602248,0.0009876613052450947,0.0006093328100378446,0.0004019003640675144,0.00023571868860264788,0.00012846668528844308,0.00010018044265612534,0.000035357803290397166,0.000028286242632317737,0.000015321714759172108
0.026625303924360792,0.01993955641754087,0.017485801171682844,0.015006154983182666,0.012204048872684826,0.009458432091588035,0.006999969401613243,0.004998128790963591,0.003667098966951388,0.0023537220583770154,0.001486375479865085,0.0010121004851021164,0.0006543347322288099,0.0003907178616905846,0.00022478045657500496,0.00013416215732748983,0.00008826457718913804,0.00003530583087565522,0.000023537220583770144,0.000027067803671335664
0.026292554406304364,0.019900122668763728,0.017525622702903795,0.015066361211242208,0.011914880592200533,0.009138940622196692,0.006908064352833979,0.004949131312084874,0.0036294414450898354,0.0023933358604825285,0.00149863086590962,0.0009582761389241411,0.0005803810030584786,0.0003578819978291634,0.00020013138036499258,0.00012831953211637763,0.00007652082190426186,0.00003531730241735162,0.000024722111692146134,0.000024722111692146137
0.025851492977930303,0.019717420177505093,0.01740756759559668,0.014786592012859756,0.011794390122316124,0.009097990781802602,0.00677517474152632,0.004975611020825205,0.003473028346369464,0.0024253452110038548,0.0015732924473713065,0.0009239410327633736,0.0005868911151991838,0.00037004781159145304,0.0002474842052044748,0.00014141954583112847,0.0000577463145477108,0.00003299789402726333,0.000023569924305188094,0.000016498947013631665
0.025679559052150566,0.019408065199981145,0.016957177180006597,0.014211852828944277,0.011548970650586514,0.009259433740048048,0.006889810147453714,0.004872332406840343,0.003466104489565172,0.0023943562444057064,0.0014309605690865392,0.0009139303716964236,0.000571206482310265,0.0003674565411975311,0.00022259386630235064,0.00013190747632731896,0.00006713148348801054,0.00005299853959579782,0.000024732651811372312,0.000018843925189616998
0.025489158177550555,0.019117163360027733,0.016839514148657867,0.014195224717445356,0.01142243437316901,0.008903109132642415,0.006750424111958482,0.004866529991995218,0.0033704964261420355,0.0024049712169743804,0.0016092086819460938,0.0009667041166269577,0.0005882748221912828,0.00035838786762755503,0.000225171324726523,0.0001638681368428623,0.00009902822658129801,0.00006366100280226303,0.00003300940886043269,0.000012967982052312839
0.024989326344939514,0.018750250624497273,0.016443325840152286,0.014122248143019905,0.011472115223580643,0.00903427599595227,0.006544542754770124,0.00482614326050087,0.003500487096081766,0.0023576393884998143,0.0015178998964478548,0.001014292083096468,0.0006038576122620834,0.0003656169136743084,0.00023352306099197768,0.00017809081924135672,0.0000860968861233049,0.000040099919564279,0.000034202872569532086,0.00001179409398949382
0.02502359883048793,0.01840296314104264,0.016272292203606358,0.01392124766810558,0.011412288361799234,0.00867588464679533,0.006622992626322979,0.004680876639102287,0.0034305216254850853,0.0023687215620834855,0.0014200544688112453,0.000998162767703838,0.0006069112460064658,0.0004289625117404922,0.00020976738211485609,0.00015673630236671824,0.00009663441198549545,0.000054209548186985235,0.00002121243189925509,0.00002592630565464511
0.025144967228906547,0.01855297206429556,0.01621555257541129,0.013750637478042418,0.011083854333906273,0.008588245849309634,0.0064999150029276765,0.004697268760742687,0.0034836994503522666,0.00234922463781803,0.001548835540109173,0.0009562170636344744,0.0006115067147687138,0.0003742232212001586,0.0002479081276089379,0.00013575921273822794,0.00009208016168331982,0.00005194265530853936,0.00002715184254764558,0.00003541544680127684
0.024401112367246226,0.018078914887873238,0.01604539061938202,0.013415365898800045,0.011186151758674314,0.008699947305197221,0.006524960478897914,0.004777897889968064,0.003435182445439659,0.0023023031283265793,0.0015796652288569463,0.0009525145559077709,0.000636581510136381,0.0004208511094790523,0.000265242295890159,0.00015325110429209184,0.00007898326144284739,0.00004833304058442899,0.00003654449410042191,0.00004008105804562403
0.024182132143635907,0.017883179415248786,0.015935973220021334,0.01315778617271436,0.010862864585481994,0.008318059394503741,0.006593626789408236,0.004634633631739932,0.003286205128507357,0.0022760624473270132,0.0015063737999398885,0.0010066065924480944,0.0005869907295540408,0.00034889408824898807,0.0002487049075018124,0.00014851572675463677,0.00011551223192027304,0.00007072177464506512,0.00004832654600746115,0.0000518626347397144
0.02426265303427591,0.017527022693403255,0.015579313727339615,0.012939531418007588,0.010816151364811073,0.008372083152553243,0.0064326271905830856,0.004679453321008848,0.003250504612250289,0.0022613231216162696,0.0015574597725000478,0.0009938974929731559,0.0005777102865443021,0.0003607741789439926,0.0002629171304068966,0.0001568070777763105,0.00010493105204580189,0.0000624870309935674,0.00004008601988266586,0.00004598102280658731
0.023807222781390764,0.017577273295131774,0.015295551349350957,0.013162329902107521,0.010392677746846716,0.008438599758156326,0.006300664009372033,0.004655372771608592,0.0032611180908964483,0.0022982220011738613,0.0015062193423077913,0.0009758604189599777,0.0006069663233869428,0.0003653583694173829,0.00022982220011738615,0.00014142904622608382,0.00010489320928434551,0.000048321590793911955,0.000045964440023477225,0.00003653583694173831
0.023420232894594235,0.01735634946441783,0.014803321410562727,0.012808731426632542,0.010405327075056906,0.00823872874047475,0.006287729913901582,0.004592387334530329,0.0033553409771016865,0.0022196146070433916,0.0014066984293045696,0.0009413333710337948,0.0005702194638052023,0.00038996413743702885,0.0002438748533216464,0.00015669253860762781,0.00009425115104218213,0.00005772883001333656,0.000043591157357009235,0.00003652232102884557
0.022827035055046085,0.01694641552134657,0.014858907565006246,0.012941134868808787,0.010557768924302794,0.008106037388905913,0.006119899101817579,0.004388363704943539,0.0031495320493175236,0.0022772814069167125,0.0014804686579127269,0.000914684457436526,0.0005881798250783845,0.0003984063745019919,0.00023220726561210773,0.0001473396355406775,0.0001025483863363116,0.00005304226879464389,0.00003064664419246093,0.000020038190433532144
0.0228306788499439,0.016833338048223893,0.014823615943873943,0.012555753580959386,0.010516563410563238,0.008200373419332937,0.0062566597829264384,0.004501541769215538,0.003227342593378407,0.00239752185351778,0.0015346968796854218,0.000939441945552444,0.0005752166492215719,0.0003158976680151253,0.00023102963780210667,0.00012494460003583316,0.00007779569436193385,0.000058936132092374154,0.00003300423397172952,0.000020038284911407204
0.02269213305578979,0.016728091848829185,0.014777424623930467,0.012401007176426887,0.01035481150822901,0.008143504950378284,0.006089053737697767,0.0046372572722501665,0.003312832064534772,0.0022938620026771565,0.001468307554412884,0.0008857019866378118,0.0005554802073321033,0.00040098358915693205,0.000231155245513996,0.00011203953226443682,0.00006250626536858057,0.00005778881137849902,0.000023587269950407757,0.000015331725467765047
0.02244710211591536,0.01653810770646097,0.014415115703064188,0.012351095699761753,0.0099049371358479,0.007888094732620952,0.006123652489797841,0.0047095039275352035,0.003320123605312199,0.002263345363621352,0.0014660439223456703,0.0009270398414832639,0.0005779256009246809,0.0003561908805699057,0.00020876088033401752,0.00010850848017361358,0.0000648692001037907,0.00005071592008114546,0.000028306560045290498,0.000024768240039629186
0.022418078723155994,0.016355379761381416,0.0144566612490527,0.012381153303546274,0.009928494567260719,0.008127599541290352,0.006125164561497382,0.00460359683994781,0.0032988908230962427,0.0022098679147214903,0.0013695288090167315,0.00083562472082002,0.000525653914648419,0.00036182903990373205,0.00020861153114970873,0.00013082418055151228,0.00005067963751094623,0.00003300069419317429,0.000018857539538956734,0.000012964558433032751
0.022199583073244836,0.01666293709588138,0.014306240945976182,0.01220511854146301,0.010295970885792689,0.00792985266232466,0.00609019279918028,0.004568527918781727,0.0032058605297560867,0.002145877253936659,0.0013567785930488655,0.0008550531758276701,0.0005453025074493274,0.000362749832169315,0.00020021906321033615,0.00012013143792620157,0.00005064364540026145,0.0000270884614931631,0.000034155016665292614,0.000012955351148904093
0.021757441459653488,0.01631837560772754,0.014280345734686213,0.012183413264158116,0.009834377676386775,0.007838757673535887,0.006038694294340993,0.004349367798421173,0.0031300840304455736,0.0022135596135518386,0.0014101281838326504,0.0009106341571450623,0.000557218572224598,0.00038051077976436595,0.0002202957146004224,0.00013665402616924594,0.00006597090918515325,0.00002827324679363711,0.00002238298704496271,0.000015314675346553433
0.021350598243267925,0.016074510889735907,0.01435666020607139,0.012149846536315808,0.009871161198725161,0.0076902684583527265,0.006119695782546968,0.004367676601059223,0.0030056495843814625,0.0021667540516179954,0.0013514230001119311,0.0009272623374787186,0.0005749733426805775,0.00036171478730110106,0.00020501098693938638,0.00012489175066422386,0.00006480232345785201,0.00003770317001184115,0.000016495136880180503,0.000020029809068790616
0.021585429216734384,0.01626476995453405,0.013888381617098686,0.012231861040780332,0.009830730930867951,0.0075910114318770636,0.005795465657830711,0.004385184626640763,0.003155165080640504,0.0021301487923069597,0.0014526954982934071,0.0009472564319772095,0.0005773080244637225,0.0003558102518123347,0.00020264689838318413,0.00013431247916094758,0.00008247257492338886,0.00004594900602874523,0.00001531633534291507,0.000017672694626440473
0.021525932709976728,0.016387537419642675,0.014196803482572427,0.012028435985483003,0.009774134271625112,0.007649322473445732,0.0060201038979996145,0.004508603427715788,0.0031148210625942477,0.0021589500486764355,0.001306670967301441,0.0009511622897113195,0.0005532750942627726,0.00032490197024792616,0.00020129795982751938,0.0001294899156785212,0.00008004831151035857,0.000035315431548687623,0.000012948991567852126,0.000014126172619475048
0.021752169737392548,0.016132358399962302,0.01403951190483205,0.012042116178905377,0.009651133330583726,0.007320249114723573,0.005816604898627746,0.0042175099133283465,0.003026142905120757,0.0020421750991332834,0.0013681276919179125,0.0009050147005968625,0.0005880238744763467,0.0003582349856529247,0.00020739920222011406,0.000117840455806883,0.00007423948715833631,0.000024746495719445436,0.000020032877487170122,0.00002238968660330778
0.02092331849560526,0.015894366064355504,0.013923337357123994,0.011804953034818367,0.009579293824738768,0.007543428646874648,0.005891866913123847,0.004331076238258703,0.0030885736919536765,0.002137245841035119,0.0013026236372552717,0.0009230355728243238,0.0005528782677581203,0.000368978460145611,0.00022044400015089214,0.0001225998717416727,0.00007662491983854541,0.00004243841714134822,0.00001532498396770908,0.00001768267380889509
0.02069672203637255,0.015693520600620004,0.013817467457965683,0.011723268601049221,0.009532378130243603,0.00749006257834084,0.00575550935845114,0.004374705945473003,0.0030092316907943694,0.0020116572353037574,0.0013336367720565947,0.0008666870269333321,0.0005070413899065751,0.000338420648612063,0.0002087123860778227,0.00013678325867247135,0.00009197494979700657,0.000036554146714194914,0.00002122498841469382,0.000010612494207346912
0.0205290323494219,0.01531210690154042,0.013480695841800073,0.011687045834837876,0.009473304115718747,0.007495568976463063,0.005880103937297769,0.0043578614971785425,0.0031282672160899863,0.0020626975080065228,0.0013735582948052585,0.0008413634572131872,0.0005133143112029962,0.00034220954080199753,0.0002147659876757365,0.00012154338862967504,0.00008614240165015805,0.00003068085538224806,0.00001652046059044126,0.000021240592187710195
0.020128777019125584,0.015321447432947298,0.013463587838092723,0.011715360820853298,0.009724291749971711,0.007681353502584032,0.005797559319476402,0.004298068580482099,0.0030461352748123276,0.0020075728997698892,0.001249575615828586,0.0008688087064770454,0.0005740974763287943,0.00032418235316307686,0.00022869591459504312,0.00012849409634463775,0.00008841336904447548,0.00005304802142668527,0.000017682673808895094,0.000024755743332453132
0.020113419234149225,0.015475576225782973,0.013557768652092272,0.011556322050310645,0.009491262666600702,0.007578167150830618,0.005795831242357634,0.004381035851692689,0.0031500107199317695,0.0021498764262810324,0.0013782769417801683,0.0008870449035559543,0.0005136143133471399,0.00033337809788357923,0.00021322062090787218,0.00015078585345971074,0.00008246101361077931,0.000055366680567237526,0.00002120426064277182,0.000022382275122925808
0.02034069305448661,0.015313861679044182,0.013522353193540676,0.011839278116370264,0.009474958365107072,0.007542014999169069,0.005834188817922628,0.004395088909501716,0.0032023214178375304,0.002113272838491974,0.001371918340214533,0.0008721817626793423,0.0005857761297995041,0.0003359078410319087,0.00019800883260828305,0.00010607616032586598,0.00005893120018103665,0.00003889459211948419,0.00002357248007241466,0.000012964864039828065
0.02001800455409311,0.015077931476785301,0.013481056973234406,0.011422889319063054,0.009336479227098618,0.007370099495754807,0.00566143200927293,0.0043752243214460135,0.003061950964067382,0.0020922939331713313,0.0013732885376889457,0.0008672781938961028,0.0006413386915513923,0.0003848032149308353,0.0002141718199309237,0.00013650511599992934,0.00006707578975858599,0.00006119194855169248,0.000028242437793088845,0.000005883841206893508
0.02025377256534442,0.015236242998179944,0.013334950119022115,0.011245293858647414,0.009086178601448986,0.0072979037510212804,0.0057309558735234075,0.00423464426398186,0.0031444911951891987,0.0021744197819222955,0.0014633480178285938,0.0008758897226584662,0.0005474310766615414,0.0003649540511076941,0.0001801224832886362,0.00011301802873012476,0.00006239537002808969,0.00004120448964119131,0.000015304524723871055,0.000021190880386898385
0.020168878734704927,0.014943530437035555,0.013208813726991155,0.011146703096110138,0.009131699504198412,0.007440556805200621,0.005682286575671568,0.004294984278025743,0.0031361511193810127,0.0020609329549067857,0.0014426530684347508,0.000899744444313592,0.000588837987116225,0.0003639018760378271,0.0002166923792587706,0.00011305689352631514,0.00006594985455701719,0.0000423963350723682,0.000021198167536184093,0.00002708654740734634
