0.06743421052631582,0.07080391527599487,0.06911906290115534,0.07072368421052633,0.0695202182284981,0.07012195121951219,0.07192715019255458,0.06867779204107827,0.07204749679075738,0.06787548138639282,0.07036264441591784,0.06907894736842103,0.07409338896020544,0.07036264441591784,0.06875802310654687,0.07417362002567393,0.07008183568677796,0.0708039152759949,0.06514762516046214,0.07132541720154045
0.07201821593597722,0.06092993243193129,0.05764794885297454,0.051703293850638245,0.04760174149094767,0.044679478146068645,0.041875885393875135,0.038419604381911616,0.03468889762436307,0.03174067508733411,0.029511893018460692,0.02969360736351027,0.02894820770320484,0.028365980107841908,0.025265710873934748,0.022966468140654304,0.021360706683379447,0.020062747075882428,0.018371691130114894,0.01888345806107086
0.0759677104718024,0.059432796722742945,0.05577282143222078,0.052177871083408434,0.04701303285617413,0.042510055642771535,0.04032939777614699,0.03695506776527853,0.034419095038596956,0.03218966846569006,0.030464185191033978,0.029758200109613477,0.029205488105080304,0.02896164457366861,0.027196681870117326,0.02495564370047654,0.02295844906224743,0.022206017593891382,0.02090319644034891,0.022979349936368444
0.0770675094074286,0.0598559716888556,0.055111691482703444,0.04940541960608566,0.04474613464792651,0.041340529597663406,0.03797742217139679,0.035232462003260724,0.03297236109072082,0.030944065399979907,0.030488181797108615,0.030150132515318447,0.029947302946244373,0.02963629760699742,0.028909974578694025,0.027210069618834935,0.02532665219171838,0.025438691382254543,0.02538460349716811,0.03159118831083535
0.07725550140076202,0.05860040453116075,0.0537848024608121,0.048174891962044754,0.04309166113395676,0.03906693635410714,0.035994352346984115,0.033530795320614114,0.03138976525869921,0.03013396878007606,0.02970679210906901,0.02949234598908555,0.030315819089822057,0.02974625019514597,0.029713654384908486,0.02918525914526923,0.028605396836833955,0.02905316033535942,0.030827058639862612,0.041358936484490405
0.07732486429291444,0.05849178870391124,0.05266123629624528,0.046794683162303785,0.041538577126077655,0.036871004702007916,0.03349319742798288,0.03135193683907362,0.0294485940933765,0.028636229878724523,0.02840613828035486,0.028634664629756015,0.029434506852659994,0.030214000838973458,0.031103062253081983,0.030840100426373827,0.03156168020085275,0.03309249369204666,0.037027529598858,0.05112729230711437
0.07764776704506626,0.05851791642250272,0.05181897891732259,0.04511131694393513,0.04015436492414802,0.035319555459263303,0.031569488208154174,0.029061203598552326,0.027396284248990512,0.026906259951346545,0.0272334275091207,0.028127685500370064,0.0289346988095463,0.029884211766108653,0.03197226782372504,0.03290287776583819,0.03444420048246307,0.03804449769601339,0.04240818587770331,0.060097045168025984
0.07897238767939242,0.058463157087198826,0.05147514123984199,0.04443643796132412,0.03827996997112188,0.03370303193034176,0.029997369733301926,0.027336964562635964,0.02544646037338827,0.02541906176194991,0.026373903370577188,0.027227370116882494,0.028216459989807697,0.030015178830736858,0.0322399460795327,0.034301691590270196,0.03717032620786778,0.042270577727120784,0.04790099237770629,0.06733756733208758
0.0804110495679724,0.05820591379812254,0.05108356101973921,0.04367401659706622,0.03736493833864855,0.03231036539915069,0.02852465736078712,0.02562141092033174,0.024432176429659586,0.023844738975430754,0.024881239728003397,0.026073085051805445,0.02742810744622663,0.02967603477107562,0.032525759132367944,0.0355543255630588,0.039787791483201225,0.045488545622350836,0.05273621839096963,0.07460716752019156
0.08180851785673895,0.05958026422595668,0.051140061872199466,0.04343745052360166,0.03701651349402008,0.031271596840547165,0.02692395650349194,0.024248775498407964,0.02257505962298671,0.022544902580186325,0.02345715312489789,0.02471118348801384,0.02684605080959095,0.02922091793012111,0.03278824478471642,0.03628143557576078,0.041920802579432405,0.048655875471517944,0.05636225645046582,0.08074799518492548
0.08419342098666861,0.060910223600373195,0.05167617745704247,0.04347044603915423,0.03631503846092711,0.030213622908064258,0.025838700092805107,0.022611919402623727,0.021703432076816704,0.021353731706452224,0.022758646830748686,0.023797966113300466,0.025665072636190563,0.02879158958381988,0.03239741612999071,0.03740815780045805,0.042832181726810636,0.05098533581628745,0.06045047765891497,0.08599205470976702
0.08613261225395266,0.06262958144219873,0.05360249899572508,0.043725230383663,0.035914070041430074,0.029529879427053672,0.024963576297912907,0.02203409138601929,0.020442840269325552,0.020019545887868955,0.021582017783160556,0.022724792699670825,0.024561866332507926,0.02835352875224089,0.032278295070958765,0.03770797484216398,0.04456822174390093,0.05343701847266276,0.06320636500446676,0.09032838290754078
0.08901131379526404,0.06440942461607577,0.05475191223237614,0.044801210587915405,0.03567569484672586,0.028654521380353955,0.02417274522089684,0.02099495194296996,0.019616489531488295,0.01919916772080817,0.020172130469221044,0.021562415028314047,0.024053341530022348,0.027810420040904626,0.03207821532859659,0.03743837705557593,0.04492652535259558,0.055436414579072404,0.0666721836688853,0.09492002317140934
0.09269140266400284,0.06645351829640757,0.055865273346957026,0.04509881853898401,0.03530196605336683,0.02854757792870902,0.02338652663123573,0.020392132034746234,0.018674517279907897,0.01802264437636515,0.018695621078943455,0.020308889271883766,0.02335018119956338,0.0270949330950949,0.03147397139497284,0.037531934151457266,0.04533799492805362,0.05664611391127259,0.06972460714691879,0.09955248221711822
0.09523709617072461,0.06911531418753926,0.05780220830521378,0.045649885831576226,0.03573547426810405,0.02811025907315521,0.02294558030078921,0.019664476544479063,0.017843842772771613,0.016927697993922672,0.017832186986781177,0.019630674765106774,0.022252061034357763,0.026139265662171025,0.03106266966453483,0.0371155193293727,0.0469471748123127,0.05762270920096088,0.07186607968128418,0.10324928346055626
0.0982347483182556,0.07105891904430522,0.05903270702853164,0.04655184411969378,0.03619229877058685,0.027942472744142893,0.022792855485966136,0.018959638135003478,0.016800046392948274,0.01642542333565297,0.017079563906286246,0.018634887497100443,0.02118765947575967,0.025255161215495238,0.030510322430990482,0.03733472512178148,0.04700881466017165,0.06008350730688936,0.07443980514961727,0.10805497564370216
0.10114444466282295,0.07295357825381715,0.06020387046352379,0.04799985201644929,0.03666176856528791,0.028313415286932004,0.022228747885742833,0.018336086829348383,0.01625738039056096,0.015472373898938793,0.015997253055340055,0.017651662907344955,0.02056277681883923,0.02461729488381556,0.02977937733608798,0.037244453796182714,0.04809581010010856,0.061748448773990966,0.07651558856410869,0.1114616728384286
0.10413345275930477,0.0746193297159714,0.06206576958856829,0.04872717966807417,0.03707161984730538,0.028089311260278294,0.02220446971295114,0.01760380318692124,0.015236033443883051,0.01448673922140261,0.015156492980265895,0.016847592402387142,0.019776756432114514,0.0237457102905763,0.029825368335748354,0.03726182530378117,0.048722568626705084,0.06275396751290802,0.07884650189110334,0.11492905336473454
0.10695865616430793,0.07689511750740745,0.06385957082650863,0.0492919189502549,0.03728122642030291,0.02809779708117858,0.021498932587371417,0.017261488488506904,0.014686125476194856,0.013893617608627642,0.014178874431786812,0.016169921048272813,0.018875259951782394,0.022990779763328858,0.028799436847820076,0.03703047647091299,0.0490227653348547,0.06448874615823476,0.08039641496586124,0.11914188306310619
0.11023555164264008,0.07903566275515417,0.06472648300196628,0.05036450184747509,0.03786893544339978,0.028035248378939587,0.02115499621781267,0.016920553404599924,0.014242604073283751,0.013335797398727485,0.013349571677328339,0.01507939149828568,0.01781817722675564,0.021875850131257406,0.028163808312547573,0.03725368433256158,0.04949327872597104,0.06546685047676223,0.0831667984788605,0.12272652662051514
0.11304157544220234,0.08116428194173782,0.06648358761615723,0.05031465995758708,0.03797343635253373,0.02820883843331077,0.020992224295896082,0.016598556218902046,0.013630109286048984,0.012680343748675308,0.01283959273503833,0.014237317651318042,0.017002979903694457,0.021354257962735733,0.027566114107054254,0.037499126421927285,0.049579135862298875,0.06642859516043471,0.08571605332893394,0.1260140666119033
0.11598683668518807,0.08227987147917948,0.06700429318125647,0.05126300998690992,0.03811571450802341,0.028231786018326113,0.021007066814349655,0.0162447479472369,0.013272017429034357,0.012197577876843366,0.012459608395961292,0.01376289556310244,0.01629738289867543,0.020418928443927755,0.027340424558095263,0.03675521543714469,0.0501988685773917,0.06781899069047902,0.08726417253279391,0.12960212553664768
0.11843287420700696,0.08405212322112358,0.06853289135280335,0.052606732582728515,0.03855060867577298,0.02801394524775675,0.020656112476424533,0.016035891867177226,0.012765616962907927,0.011934617362976508,0.011947190947019485,0.013111962050637258,0.01574098416871464,0.020021718008801512,0.026633137109218722,0.036390238326570276,0.05042578727781906,0.06940847002343259,0.08965536949191294,0.13270503514888263
0.12066200233102622,0.08503908064871478,0.06968649865469417,0.05362387829348785,0.0390144393493674,0.028327334536517333,0.020822845427387163,0.01554321930482451,0.012374302090503653,0.011209930491581725,0.01144166327058285,0.012596902543238721,0.015126556918935778,0.019510073526641858,0.02621776716905878,0.03625076911310274,0.051379609113605,0.0703622907983822,0.09158010933677625,0.13621321242133358
0.12203629082832208,0.0873634305026305,0.07130803419738982,0.0539607719725527,0.03950966105907922,0.028300187223639892,0.02057407648119896,0.015478446477071377,0.012129628996175717,0.01109089126206065,0.010832061991320665,0.012079459445900123,0.014436288091801155,0.01875086941550193,0.025904591197980453,0.03655991954628483,0.05211590078287301,0.07165694061521548,0.09340202000852887,0.13863100979902532
0.12439812872749825,0.08845455871892613,0.07235564208721663,0.054783964690218685,0.03992526765033105,0.0285831859052691,0.020527458096992468,0.014973827718907873,0.011983849787521211,0.010631919239818339,0.01058176330044319,0.01140477666928086,0.014035683671049988,0.018343394918747372,0.02526149482937862,0.03680192051651498,0.05208010359481297,0.07302476791478964,0.0953019843513469,0.14128130186580098
0.12581577512439393,0.08977880584068236,0.07281045558187692,0.055595081842180455,0.04012822453865232,0.02872985534896905,0.020434647490662622,0.014893125347910376,0.011726216021464866,0.01041141362317422,0.010211062781529933,0.011113779925984026,0.013150300697016028,0.017589893210724683,0.02505637713313883,0.03661525466754852,0.053026948326558215,0.07373707822448172,0.09749572831515188,0.1437824645202565
0.12704854616368338,0.09093588010685888,0.07404916965898901,0.05656968356475476,0.040471444370110465,0.029149543301066314,0.020417195727464286,0.01474998748458328,0.011519872206217655,0.010031675381947758,0.009787055873371295,0.010697267998307006,0.013005793500175219,0.017284928252529252,0.024745254381533598,0.03660076730882133,0.052869671276891086,0.07508794924657193,0.09839620623586327,0.14651229469027754
0.12994117814213865,0.09203603193998465,0.07434741837401608,0.05682702963825979,0.04141627120570601,0.02884714841862975,0.020238129067091017,0.014551447813361366,0.011273336932738487,0.009686567588303826,0.009497882981444116,0.010118496206416408,0.012658918473473333,0.017065727032479897,0.024340314284902385,0.036332016708817576,0.053555738683186055,0.07560455798357535,0.10019607285953795,0.14962689323974893
0.13078448192606812,0.09330614053525878,0.07607923784419435,0.05699693796974329,0.041457276440546066,0.02913303072824056,0.02022076158771098,0.014655706226885652,0.011241457276440547,0.009590574173280233,0.009182682202162165,0.010096178427173103,0.012316292386963358,0.016357717850102545,0.023957688309179843,0.03623194169076334,0.054299624489424915,0.07667687343418904,0.10178211297130554,0.15211075573633587
0.13255870205350723,0.0943037119389138,0.0766848627796559,0.05787136139251935,0.04201042254576757,0.029188351913657994,0.020273884243649995,0.01434945394627018,0.01118226282121893,0.009300572002212149,0.008671449060914773,0.009606048665044272,0.011905640643613213,0.016264077193612014,0.023657975155321833,0.03627790881351271,0.05513910544168631,0.07765466601407463,0.10308872109753561,0.15423618910481715
0.13370165996620834,0.09540635641445482,0.0769310198880496,0.057861095697976685,0.04224295714316513,0.02952059667552875,0.020306757307244107,0.014173653639069403,0.011021431254205518,0.008973281000541256,0.008432024673118627,0.009211569949721032,0.011483257931901554,0.015902950584545484,0.023906055149140515,0.03649225050295989,0.05496758702936518,0.07871932171617968,0.10591943791041014,0.15603046921363514
0.13469761066124417,0.09647908420785065,0.07801436145103306,0.0588767293656269,0.042706479901230984,0.029786166890591513,0.02043011728820945,0.01424116707215222,0.010681442681288346,0.008619594030284321,0.008140727695268525,0.00872058716729003,0.010870946657467588,0.01570953919895421,0.023723174407204322,0.03659809724390862,0.055526934529213125,0.08026344456951953,0.10640478049311886,0.15791468462907146
0.1364326270317082,0.09724087821256157,0.0782214030589401,0.059394627754899385,0.042832642447696155,0.029808399673090374,0.02046359049695025,0.014164572472713133,0.01049647415951694,0.008270224132595627,0.007987975529386156,0.008471992210391962,0.010861470345193438,0.015335507441048014,0.02371681736928432,0.03718426979792586,0.05598043983173903,0.08128646419580116,0.10726353744781517,0.160075765046741
0.13764688949558077,0.09776842429744069,0.07888429147953098,0.05977576579731429,0.04310609589281726,0.030334968681329257,0.020384618435800403,0.014280679207734515,0.010502266027940313,0.008010145277380181,0.007756286683416802,0.008465730789760888,0.010259740406921734,0.015289313799821165,0.023551051076575766,0.037074687691598066,0.05647333748120145,0.0817413339589134,0.10863221216231991,0.16138266803115656
0.1386286217908416,0.0979351954750342,0.07938401376611876,0.060491851006007416,0.04351303374579578,0.030203444475030795,0.020539293818047522,0.014501323708831622,0.010141070997692429,0.008191475020589143,0.007472129613581238,0.008041941802124503,0.010521701008329684,0.015123245958354998,0.023137999902576832,0.03693017365111408,0.05680676343278428,0.08265335367891367,0.10847275606714044,0.16410704312787244
0.13915273114980337,0.09880610983517583,0.08053235015188476,0.06054089331582402,0.04390325150100216,0.03029310757021767,0.0206928120719212,0.014439533321171974,0.01018381399016743,0.007918855805215865,0.007286616351887713,0.007936984535060398,0.01032884382892371,0.014983395216508013,0.023145855829009812,0.03726700333228716,0.05760743821785521,0.08271119687007482,0.11048554403751742,0.16552323479990982
0.14005713891005778,0.09971000247986948,0.0800884600010644,0.0607805813765201,0.0436185258704738,0.030193259963923004,0.020935080641051925,0.014523655576705536,0.010248994746979712,0.007967288370318114,0.00711801800679643,0.007847258158940381,0.010261450712311364,0.014970937968160293,0.023323228903274894,0.03770080997745468,0.057628089787127544,0.08367351329561068,0.11145144834567797,0.16639697614456173
0.14056182154370145,0.09980037660092186,0.0811333808141872,0.061143865854887514,0.04416172326059856,0.030678368545783728,0.020736828875303873,0.014335971955346869,0.010068356577438141,0.007838870061359004,0.0069670038260207885,0.007744889674952415,0.010166866139093237,0.01493382308815021,0.023482641369713186,0.0376193296141256,0.05830294068025947,0.08434569835919305,0.11293385252778931,0.16752853097333106
0.14123727436680142,0.0999088076429604,0.0815605886093279,0.06188182104122212,0.04419548201836067,0.03040574941788501,0.021013841777866298,0.014086164331795352,0.010045867719037026,0.007715144946065266,0.00687336934262304,0.007660836842617379,0.010002873803807447,0.014930202772881247,0.023630813512761285,0.037602704543551704,0.05907137668779399,0.08538704706476015,0.11401307467590512,0.1682917612344232
0.14269261489239904,0.10070436716694166,0.08221501186767041,0.06196643564871695,0.044525824910568224,0.030178275262073014,0.021020144493695075,0.013980998151403868,0.009993053622863757,0.007602549569301992,0.006794778677563655,0.007568609615867605,0.009990790959301474,0.014881538249196193,0.02343440651466093,0.037702762938475916,0.059030629676642715,0.08590994146489361,0.11489918702498206,0.1699577108180207
0.14303767278514565,0.10168566187067436,0.08204390881849942,0.06278307714392613,0.04443781317219345,0.030624044164273213,0.020698612067182334,0.013866894541294928,0.009868915572224161,0.007724678618781346,0.00665425563780594,0.007284980055318374,0.009718581616078725,0.014919232234312997,0.023640862351743026,0.0378513773642275,0.05987360644378811,0.08688172334708945,0.11541352576079718,0.17106534779704247
0.14380786873457363,0.10223679018403796,0.0828436621263018,0.06268733668989426,0.04460238547234001,0.030724630471135862,0.020582585305680346,0.013600742619316018,0.0097112626450499,0.007375313334923799,0.0067251822345740855,0.007167271382811891,0.009719177284532423,0.014862562285386073,0.023620676204184125,0.03845271059442334,0.06022023049691499,0.08746128893295967,0.11650575450823521,0.17238197859203092
0.1442898427596928,0.10296652966416689,0.08266131310004493,0.06305090030752131,0.04494307128121817,0.030668525502122842,0.020086042691455166,0.013794396831242891,0.009511468216399175,0.007385255699085571,0.006447553047985523,0.007011304400875793,0.00958151347467412,0.01480214474061789,0.023654961576786548,0.03872711949043204,0.061099800935895045,0.08772038836706428,0.11684000985152662,0.17387831556970518
0.14553418938579293,0.10301546135564736,0.08368989635198759,0.06313198630075094,0.045038766344668024,0.03050929398263196,0.020069942076394096,0.013699249071505382,0.009578630617279498,0.007229155182852443,0.006325510784995891,0.006943377642030306,0.009544743952359871,0.014738440129040421,0.023970297208642456,0.03897757154604519,0.06086722752862292,0.0887525640909789,0.11776519703966094,0.17509465675067548
0.14560784291579368,0.10316980748487944,0.08379744404976365,0.06323012023018233,0.0450504582752136,0.030818231616754295,0.020389999830582175,0.013629099205430404,0.009411724842864969,0.007203645871569991,0.006318155378733548,0.006917894475284762,0.009538223484698747,0.014826318494214383,0.02439051937857543,0.03954776735544425,0.061323604985401826,0.08949778909739828,0.11834964450493286,0.1753214703208208
0.14618790232159531,0.10397102211844306,0.08311042510452879,0.06353816049618301,0.04542585539739013,0.031015953416790778,0.020516213680260968,0.013611610121934282,0.009243022850116469,0.007067197656838384,0.006162767983867051,0.007024290880842235,0.009569340172823976,0.01490897553297554,0.0244512166893809,0.03977119397137216,0.0618839913689633,0.08890283986400813,0.11862481524680997,0.17659751524601963
0.14671562609065927,0.10415548946811401,0.08433753991318774,0.06280954957254628,0.0454730792819636,0.031127486138391322,0.02079156590716308,0.013482666353422736,0.00936343336431888,0.006963277043549565,0.00610486819470972,0.006951982190275357,0.009433461454618973,0.015031190737316732,0.024497407266430904,0.03977369631979796,0.061987284254183886,0.08909380262695694,0.11976384720774284,0.1779379889965539
0.14702459890633912,0.10361562727493329,0.0847389716878383,0.06376190019356333,0.04541796696444192,0.03111008278640881,0.020398074524697662,0.013762746680360939,0.009266208811363245,0.0068046252038622395,0.006119535222315651,0.006865572253291428,0.009505482412825969,0.015192745043819799,0.024645180950661098,0.04025326884985017,0.06174161836989212,0.089751302178857,0.11958826882163395,0.17958951033560377
0.14751454480816653,0.10440322553340368,0.08415504680860668,0.06394975481206017,0.045585206335949806,0.031045476860917205,0.020443426198147978,0.013661680144009125,0.009260147507773224,0.006797546427704826,0.005869838779759722,0.006720801756098665,0.009509567690493258,0.015073556381940181,0.02489687434752923,0.03987675708618539,0.06238100343658127,0.09042892371241062,0.12045076208587505,0.180453809300777
0.14829954698225173,0.10401012123359872,0.08494026350419498,0.06428924517356653,0.04552297930835228,0.03088849714127067,0.020562987975956428,0.013773364723302541,0.009049069022569628,0.00672077900092319,0.0059081911116428045,0.006764794178259211,0.009392161686932458,0.015065605186116486,0.024706057616995722,0.03992176584377097,0.06257265325746171,0.09106853050251791,0.12130582873807366,0.181312058578558
0.14816544551048846,0.1048558584474113,0.08522711248737952,0.06448155856755282,0.045595095069687695,0.031157813989429815,0.020472556418543522,0.01355511560090473,0.009011173720042192,0.0065733737189141,0.005904417031885431,0.006656852293686651,0.009339447574890997,0.015078035546079609,0.024490808896108662,0.03969970274858848,0.06324404510099219,0.09160419874669325,0.12214607622496344,0.18227433992701259
0.14845787644961864,0.10513740354677135,0.0853109065475385,0.06432133026487975,0.046132845990704385,0.031054555299851096,0.02052141148865123,0.013799016289878618,0.009194079689544696,0.0066908081765263295,0.0057533504805739825,0.006614096836785344,0.009361039664275081,0.014940661522494474,0.024212580659717518,0.03956048914760166,0.06390844275980327,0.09285569243265197,0.12260728306484364,0.18260683182166854
0.14839657083950364,0.10576440480876487,0.08474664206417326,0.064327775590973,0.046174789737782704,0.031386224934612024,0.02055421026334518,0.013388884440088372,0.00907592899413623,0.006793130400358209,0.005866025437865359,0.006593498309894421,0.009143600889208698,0.0146137457409001,0.024426170526408393,0.04042719011629413,0.06420032685525319,0.09341315609312101,0.12342902515251553,0.1830750334693914
0.14879731283392325,0.10563358055862393,0.08550125115534615,0.06421695710002479,0.04557812394328098,0.031071484929777494,0.02062151987195384,0.013567708920399466,0.0091852837079285,0.00667282851281589,0.005721499582948215,0.006573637818706464,0.009107509186410874,0.014829008769359088,0.024553078293018334,0.04068171058860661,0.06416059875109899,0.09384454113032302,0.1241687143533443,0.1834937667666088
0.14910351683801312,0.10555811670343071,0.08539217686423077,0.0642106698798114,0.04583690735570435,0.030982124440226372,0.020818562899224385,0.013572079906310838,0.009029643063653853,0.00664458193237292,0.005689881186534096,0.006474381445216296,0.0092054793285309,0.014681200961689112,0.02494057072393819,0.04143085633388151,0.06452176480997847,0.09367451580215715,0.12432751082351112,0.18439926554544742
0.14871944121071012,0.10612326393589083,0.08585451805326187,0.0644656216440606,0.045712970733952425,0.03111378834231258,0.020770726732905576,0.013596348737941182,0.009227423270252952,0.0064851413668318165,0.005835386378608621,0.0064140744149949035,0.00915071608414327,0.014992870743879222,0.02490953064226476,0.04139593542157368,0.06486946241799098,0.09409941251319816,0.12423405618575768,0.1853065128913194
0.14835827190314615,0.10569262465619961,0.08609585928399295,0.06472187546164265,0.04601484699118944,0.03170688525551464,0.020540630754675073,0.013731718951395987,0.009089074053400002,0.006593525557100465,0.005719576128888933,0.00645707667863131,0.009054116076271546,0.01504884531546189,0.025059231217699093,0.041450011784221336,0.0654018645006253,0.09344041751101459,0.12501423691810473,0.18645006252967208
0.1482458326332751,0.10610928124975337,0.08589573436201485,0.06510372325730608,0.04623992620916499,0.031371253372965084,0.020643166510868477,0.013462542468632691,0.00896224872608197,0.006649519468760114,0.00587146818277665,0.006343937007163708,0.009184388006283047,0.014763805054176047,0.025747859513255634,0.04157500132494242,0.06543185793009039,0.09446106417118937,0.12593041966282187,0.18567912037355477
0.14808646617813045,0.1064116716486237,0.0859407329396629,0.0646218655108376,0.046089210670822105,0.03171501476546089,0.020805825450715833,0.013441699826467783,0.009119743997690753,0.006595126439477398,0.0058340202082161115,0.006665035456274731,0.008979925964096084,0.01528977851244888,0.025681415589936266,0.041777402925128604,0.06566486293886228,0.09495674097694465,0.12514390545594775,0.18706976356093985
0.14855619844773857,0.10612719343738865,0.08626054721499408,0.06527998881578057,0.045810201992414576,0.03138797065044353,0.02073477615776964,0.01356988558723917,0.009132275943555767,0.006645140050779965,0.005906665884973912,0.006382446187218422,0.00943443025872527,0.01509644134372985,0.025703410735948687,0.0418664117145679,0.06581101375027626,0.09478513220378733,0.1261539363491641,0.18773366224559285
0.1493155132298036,0.10615068629042437,0.08605234204498308,0.06505329798171096,0.04647115055101635,0.03130580055191821,0.020350855833919507,0.013313222588965244,0.009159181501722487,0.006694938946305212,0.005674747037497973,0.006537119203506306,0.00939929296755226,0.015187895676640875,0.025741527334379455,0.042318236747650735,0.06581196003102287,0.09566694623306823,0.12642150496906726,0.1880782966289703
0.1498731990487392,0.10588809717384415,0.08660465504390394,0.06503552569114696,0.04601256395019071,0.031592550035350914,0.020599375523638885,0.013365688530856783,0.009133727925414654,0.006608985107513,0.0056381036576633676,0.006448862963635358,0.00918672609979669,0.015108990181806293,0.025496632360685275,0.04285860876409385,0.06616427404341114,0.095148637326727,0.12666676439379676,0.1896601689401381
0.1503162702205551,0.10606661737389764,0.08591481668500116,0.06515549764657087,0.046206335323078024,0.03145908099042397,0.020569962669744462,0.013396963084525081,0.008969630845250758,0.006571116841896449,0.005691962272997782,0.006495599718670535,0.009295368884240138,0.015124839948783613,0.02570287280662206,0.04278439523182631,0.06649226343979364,0.0959101278606337,0.12753714991614215,0.18924478368289124
0.14919356201276646,0.10656312901768772,0.08634219913876322,0.06490702224505035,0.0463385045838388,0.03155352655405033,0.02070077146361821,0.013606775453286972,0.008935641529050128,0.0064226683472386,0.00555760182835413,0.006397887795916391,0.009103473444823283,0.014974211330794447,0.02586301085951342,0.04291653572398071,0.06689171912822021,0.09638958631122341,0.12776063789644662,0.19053540633909025
0.14866260764755249,0.10681002776729541,0.08618450325829213,0.06493829802812777,0.04615566582369738,0.031592761353331784,0.02094769272361685,0.01370228728167753,0.00901282477315866,0.0062834066472539675,0.005542194461184924,0.006302556506164564,0.009055630340135295,0.015217379060192505,0.02591201203061724,0.04336429227190545,0.06689271009929768,0.09629788168766584,0.127775743887534,0.19156279745644805
0.14928772167845725,0.10627945289452512,0.08653601281898146,0.06467523218628092,0.046285132190112176,0.03201364833891873,0.021015647360817822,0.013493961241061296,0.008836713490806078,0.006477101395709429,0.005538440041738316,0.006181868172731717,0.008895309397656618,0.014905897227286753,0.026372665460191957,0.04308714788930783,0.06724331048844197,0.09698411374817735,0.12812445770615058,0.19161763015615815
0.14923525651989952,0.10660272048828352,0.08562853902037218,0.06433590198320174,0.0466655563857656,0.03125703302935643,0.02119361198383192,0.013726222734351791,0.008806478038943858,0.0062869656022973746,0.005620797061656594,0.006173311847897515,0.009028159124258441,0.015131703320940201,0.026582600397900676,0.0431164084513382,0.06684866271166608,0.09679586435368154,0.12936722990916705,0.19259022532700779
0.14902289852787123,0.10623092258653122,0.0858689163465979,0.06468130160053163,0.046599011071939436,0.03169638331662594,0.021126792291317028,0.013765022583152172,0.008707748104930003,0.006358199204802719,0.0055675072930628615,0.006103645968259693,0.008982575493056106,0.01542750301296419,0.026350765349222264,0.04325828142775081,0.06728202471193812,0.09711881779169435,0.12979173940957173,0.19296149037540974
0.14851971479203685,0.10587596450334767,0.0860062661032206,0.06503138121273097,0.046783974908548916,0.031675253173327256,0.020972631707023057,0.013725267086735172,0.009045405026626995,0.006251457528054954,0.0051879549318243024,0.006173722698457582,0.009145671690890264,0.015451205622143386,0.026243954427111204,0.04335012330546522,0.06745918639798207,0.09785575795401927,0.12995911598599869,0.19340425603825
0.14790335692586928,0.10599076265518494,0.08657026980162898,0.06493164319798587,0.046830771032299184,0.03172043858246616,0.020983320084581834,0.013648841278455726,0.008924328986391691,0.006351519027534132,0.005258215539546963,0.006174743901258141,0.009007649746547252,0.015409836803905726,0.026283196004206574,0.04300589775867155,0.0677589192621834,0.09822053879256959,0.13047468062251869,0.19300916303170473
0.14860373313637057,0.10607845035883422,0.08596144362351575,0.06501124804932482,0.04651670768808113,0.03200571072133887,0.020779054082963093,0.013332147352823951,0.008995061667233387,0.006494369219752431,0.0052175636207234324,0.00614758251384332,0.009282174037385408,0.015251859474820805,0.026022514113543366,0.04291935857970578,0.06783170486199469,0.09838946849307666,0.13052353533283645,0.19412174014866806
0.14881561742973268,0.10606680023560394,0.08604272178806684,0.06532489574077266,0.046340312479235424,0.031976583766080945,0.02092955421085648,0.013457126736199107,0.008709010046951847,0.006358602188683582,0.005145670102744469,0.006233592475090969,0.009195534337690653,0.015307495740096926,0.026384933063492558,0.04303712788493698,0.06763138126723812,0.0983837708110202,0.13122979150406966,0.1942572114274644
0.14837361295974735,0.10630578283459564,0.0862819551327527,0.06525141828877463,0.0461329531711338,0.03178002842207914,0.020622898466513974,0.0136795331752327,0.008966918231344915,0.006238443677213466,0.005205834859162069,0.00627898230038669,0.009139207379831132,0.015306708466491445,0.02619921129856471,0.04358352420268411,0.06798552320723568,0.09855952758991135,0.13115258062118687,0.19507523292817228
0.1483375412111259,0.10653491112804514,0.08631571127392328,0.06476830032878848,0.046163214631033074,0.03147522604914607,0.02055688063997263,0.013516236254985017,0.009022830597931367,0.006412558123305263,0.005458047101967216,0.006197568022980303,0.009165782130608178,0.015466905594582695,0.026251304292035336,0.04375892743577592,0.06856158115651163,0.09844970751215934,0.13090871025075052,0.19596966726060958
0.14886323440284602,0.10622241448066565,0.08613215815359801,0.06483540499316208,0.046185960477371654,0.03147593652767733,0.02061746502736303,0.013547461174684068,0.00901211453496362,0.0063771975478036326,0.005519920152665218,0.00619582874278749,0.00902788573539981,0.015326227281022519,0.02662065982196566,0.043676086579384335,0.06781954141855187,0.09961991406948796,0.13233276331708899,0.19533983557397028
0.14939115640900416,0.10640979190623959,0.08550027342264392,0.06491368620982205,0.04627818897442879,0.03128495140278194,0.02051569986070072,0.013676758175112018,0.009060078718716736,0.00638661286729213,0.0053266781736717615,0.006205456300760407,0.009102836169202488,0.015447816782074271,0.026408351655275938,0.04315689508896927,0.06866396469584828,0.09992978776551809,0.13224316837208883,0.19571547842211515
0.14957455983804338,0.10575259052918515,0.08599217014453821,0.06549087473920184,0.045810396795997015,0.03138134909062657,0.02094604560772582,0.013482123856738646,0.008913019245861287,0.006392017465734528,0.005479998063366206,0.006429173811756941,0.009183247216933386,0.015310666460993156,0.02628304803639971,0.04380508006066618,0.06807718161233771,0.09958801493910303,0.13247475901857705,0.19659760465422638
0.14984922474514475,0.10657785179017484,0.08557733420347909,0.06500888898890564,0.04588743614555437,0.03117447172401378,0.02041879514818732,0.013609154533384344,0.008697706865900033,0.0063415622116704574,0.005519049440781335,0.006332560703917905,0.009283930058284767,0.01550622229223395,0.02636429101874564,0.04373720098116437,0.06838895514998761,0.09965456713999594,0.13275423633458602,0.19691923397169028
0.1503157145688087,0.10644895422363938,0.08610991010466772,0.06462127763065449,0.04581689455763928,0.03109405681961484,0.020682456898881266,0.013280504062404294,0.008821767641283397,0.006308661658469795,0.0055666648651570005,0.006248986650813381,0.009209092219279758,0.015480597740906887,0.02681547136500389,0.04348506548487632,0.0687715055216271,0.09973044911635955,0.13312593453313884,0.1963690572699922
0.1500350520266598,0.10646363872669434,0.0863765206559399,0.06455986919911465,0.04602449253329944,0.03089979621438111,0.020425823047467075,0.01332427119353557,0.008748940843656707,0.0062058403540536,0.005426031221622205,0.006123695957708013,0.009168664951011554,0.015493783469621764,0.026671047701138425,0.044175680982672015,0.06935462636114953,0.10063138658615764,0.1324584017401109,0.19626096712086158
0.14999127787562816,0.10635477100203143,0.0860001463066024,0.06478118722180647,0.04585699092336347,0.03132761987293835,0.020558328503339728,0.013076433945382613,0.008655723683099905,0.006248417356464782,0.005265912249801642,0.006084103787652849,0.009137410035507484,0.015688569515331242,0.026936170931128985,0.044876736687506,0.06946187306214094,0.10020314109020925,0.1329915761160098,0.1961082443770434
0.14985944276766075,0.1064183676455032,0.08590421401611065,0.06466420438304488,0.04619932793611567,0.03108801876197099,0.02054003686673284,0.013072160214988419,0.008488576489467771,0.006199598022070523,0.005254297180077558,0.00617484014287547,0.009281953981854722,0.015613218906917123,0.027196530295766626,0.04519550847057075,0.0695336290774539,0.10065878465821743,0.13241526615845492,0.1965044125292874
0.14979838120233624,0.10647451596870351,0.08625416337757032,0.06502965246901497,0.04619015812401187,0.03087477594787823,0.020085415303237816,0.012977593663344958,0.0084234601968735,0.006046314975115316,0.005282794821106892,0.006225106881576786,0.009182482441285413,0.015921475494264044,0.027524957775873653,0.04512977593663345,0.0697738226159392,0.10116248473521926,0.1323498654000553,0.19642483655721002
0.15028414715357896,0.10601523550692028,0.08607656449667929,0.06524023145731718,0.04594612228001654,0.0309850884613308,0.020181647198574543,0.012938482028761182,0.00852553949712928,0.0060620309209697435,0.005259984521516892,0.006217265707960619,0.009321961447778119,0.01603305376073145,0.027532801785425023,0.04509120606180594,0.06994677021651875,0.10091498533143754,0.1331295783013265,0.19581743489138065
0.14978702812804198,0.10670987998176935,0.08606989528648516,0.06442047455872342,0.04582299421009099,0.03125087917714646,0.020116698457712287,0.01325208329816625,0.008496367943372548,0.006094877984278905,0.005308260607799779,0.006144393241167437,0.009312244335285802,0.016067700860327595,0.027262650304124978,0.045117401799429475,0.06990203856563305,0.10103813237453789,0.1329473393989523,0.19684115167986135
0.14905670569487775,0.10594223644703735,0.08614903644883792,0.0656333418862285,0.04620363993211704,0.030925468271009733,0.02045942551553701,0.013150076300827828,0.008550644393127074,0.006065803274408387,0.005292666567633145,0.006362903842950841,0.009242753672118008,0.015865620512543494,0.027045154784894675,0.04502424070547881,0.07024740374616807,0.10124827254025486,0.13368850355845452,0.19643411794892568
0.14939319773820572,0.10610853236560046,0.08596280980110843,0.0654873829015107,0.04621487045320279,0.03120375840436604,0.020274003432075846,0.012868596506034263,0.008583565420429288,0.006141727853264695,0.0052111289278982805,0.006479309083748274,0.009348749542858751,0.01578642360818072,0.026761189411202074,0.04562522857062481,0.06995358258080851,0.10157931752327903,0.13379244380679103,0.19703378625481752
0.14982498054089566,0.10580128767530068,0.08554019823540784,0.06527011036574115,0.046132699843877245,0.031322409239587734,0.020120488974673903,0.01311633619933321,0.008649740620261763,0.006068316078844238,0.005372062575080642,0.00610543460166201,0.009236888163015553,0.015571782723914688,0.02723037329985918,0.04507538434543171,0.06998978678220653,0.10156752646663161,0.13400686580191756,0.19819716459477815
0.14971983168518507,0.10592376765893176,0.08585338514674652,0.06502898467542903,0.04612451650005121,0.031353642300632596,0.02059256808388281,0.013266214480971173,0.008586801534595359,0.0061086708689100395,0.005163334920147248,0.006148059866775155,0.00916300630336506,0.01563743215245118,0.026994968336872732,0.045053135758120054,0.07051530937807023,0.10209290626656446,0.133437545367685,0.19802424786708578
0.1487155722870901,0.1055616355462375,0.08619989584657284,0.06518924767707489,0.04621330306960168,0.03146423297074592,0.02048088289712993,0.01322950983777485,0.00863371174245535,0.005997257817974453,0.005184051253384143,0.006213213088239098,0.009270329882923001,0.015772608098547587,0.026948293334743047,0.044913072379883304,0.07034630452167594,0.10231780742413728,0.1343770421551436,0.19752371290096543
0.14929067595997655,0.10590501147593206,0.08540930073920985,0.06495073622691165,0.046445162604783326,0.03134578519801752,0.02076586509616932,0.013054083777118149,0.008706849876348106,0.005972662630110281,0.0051937175603710565,0.006203419478804702,0.009437392290019712,0.015811909529807596,0.026872479262838814,0.04518894483335415,0.07054968532645339,0.10169735732754304,0.13465168660743532,0.1977653731901065
0.1501107552393585,0.10555103684678878,0.08587384140119719,0.06470040960876232,0.046134704020825805,0.03159533669255269,0.020688561216878912,0.013180379729034972,0.008606171468685345,0.005939945797994594,0.005383075879432602,0.006150318878340236,0.00936328955998277,0.015902854886449165,0.02705937808317499,0.04502883911184311,0.07051660653596536,0.10112757721085791,0.13413927597910671,0.19905905858609044
0.1494313935584949,0.10579208723134133,0.0861407244667345,0.0651758943283421,0.04572374640963074,0.031222706440604705,0.020508999558801012,0.013142552291083276,0.008699048270770114,0.006050728878724304,0.005313521398150566,0.00620042139004691,0.009429502705720278,0.01559615886764931,0.027187761680517918,0.045357956438353705,0.07014501039969029,0.1015523000873394,0.13434846615823737,0.1994421984314926
0.14912591482857399,0.1060250747665338,0.0859114993684633,0.06461695577892726,0.04636593592853906,0.031116824747694633,0.02047686370839757,0.013407925533769524,0.008613194676420341,0.0062422604406023674,0.005319980519648499,0.0062152668819403034,0.009400506804063881,0.015882335077792076,0.027495188960534336,0.04476881704103358,0.07030922246179,0.1021514990985276,0.1335731261127814,0.1996826007393986
0.149107197091557,0.10565153127453604,0.08657387305708224,0.06465706334547436,0.046420801846573316,0.03107206090452396,0.020631092533391536,0.013487094459155139,0.008571447854775826,0.006010137255651869,0.005349843306734095,0.00623623450221485,0.009255363904080775,0.01588192549364565,0.02739713700143306,0.04484149570640205,0.07008902157260198,0.1010103509794173,0.13492268824001846,0.20027716597787623
0.14927132459545212,0.10606369062816688,0.08637702611353992,0.0651168231394511,0.04624223494200176,0.031285183881297404,0.020450376175795402,0.013024714339220698,0.008616782085731413,0.006038833444497058,0.005163770598563233,0.0061006952138111465,0.009576201889820815,0.01571963796243078,0.02727766598918657,0.04527044278404957,0.06947751549637321,0.10139481418411642,0.13514547076244066,0.2006953262870903
0.14863065012902693,0.10673572098694888,0.08685748097219001,0.0649150357383105,0.045992967078457805,0.031240930433471842,0.02053293616600034,0.013262659146285211,0.00843793098017688,0.006052002222817174,0.00516894985387452,0.006206114547078503,0.009457097153759102,0.015802700227906245,0.02754898409605811,0.045312398055259946,0.0699726197520254,0.10146440455272554,0.13506201614917174,0.2001244147668853
0.14856703264074927,0.10688715086814812,0.08663598512710119,0.06492497193898784,0.04617976592954489,0.03127537581511898,0.020255664500513988,0.013190362757469619,0.0084824109751736,0.005905746490405274,0.0051589524188704996,0.0060272129960163515,0.009396783836856992,0.01584463084304503,0.027743849633463557,0.04496735025316768,0.06993996405491187,0.1016472207788702,0.135413784648883,0.20043772929614662
0.14895286927873078,0.10694282806816328,0.08613964366633495,0.06489230717333735,0.0457364210336937,0.031210960998948666,0.020344414646899088,0.013028836152855787,0.008639039282160267,0.006026975211815568,0.00505096504691708,0.006151787571612498,0.009436264174917216,0.015937751241095876,0.027121388453170053,0.045429450094733724,0.07013667515615597,0.10176480179010161,0.1353213356046934,0.20025524689796304
0.15007220546774352,0.10653552633213159,0.08706319643839051,0.0651260575362975,0.04635489410805644,0.030840033556630196,0.020322536574130006,0.013245384551981725,0.008646590648629791,0.006152425234314927,0.005102369174870466,0.0059706413358519604,0.009492280958870548,0.01608392319009289,0.027611957993241266,0.04491304293826011,0.07067216007822352,0.10149638633933525,0.13460476680287284,0.1992080544945222
0.15284241008809324,0.10666680588959393,0.08275526813755688,0.06000392144578369,0.041855052690077006,0.028022094678551664,0.01849228530954477,0.011552022387046708,0.007594610680486863,0.005394888430226691,0.004578113923800972,0.005404169958708802,0.008659666073809032,0.015118449706297636,0.02642799216174919,0.04412902716819406,0.07010918558068142,0.10309457761504165,0.13839339062356784,0.20794336411320213
0.3598442226891952,0.19019918152061507,0.07938135063888946,0.03337857686527175,0.020593960728007493,0.013577610481633137,0.009044913970922025,0.006057248047948284,0.003880780069788052,0.002882995220417159,0.002686168790609672,0.003534911661340216,0.005481559183887085,0.009865213715957846,0.01780994758500797,0.029525102196150618,0.046275827780287083,0.06769122597835818,0.09141734370786865,0.13925299250125428
0.486782315880697,0.22862865446868244,0.07908944970780381,0.02688020245719047,0.013325435413182995,0.008229433043806949,0.005415222780121674,0.0034226881585361483,0.002454655144000673,0.0017666602515272452,0.0018046901199554237,0.0022068847890898075,0.0035978560373568546,0.006264556508351011,0.011107026421539197,0.01912787139911886,0.02975203373364571,0.043442786367790295,0.06003763804554133,0.09029443185105201
0.5887644363927742,0.2344197281400062,0.07204231771967415,0.023582489940251194,0.010268201903368347,0.005624168945715095,0.003397959598422955,0.002321435829544598,0.0015689143600373938,0.0010951045459032288,0.0011113627257999898,0.001491107356245754,0.002313306739596216,0.003919382653683349,0.007089727733551658,0.012025246630782537,0.018890843741471704,0.02753090505803589,0.03826362638702597,0.057838474982725686
0.6740831758918048,0.21688934510559485,0.05844315269645899,0.02059872986774912,0.008754372509773845,0.004246244785723637,0.0023955274135318656,0.001552591705793224,0.001122355449971006,0.0007996782581043418,0.0007225163209188351,0.0009750462971623115,0.0015759741110009536,0.00276146205503283,0.004836650517218803,0.007960539852971436,0.012384490918273816,0.018566798855197433,0.025247152023045703,0.03889078546175572
0.7258027933978507,0.19652969968328962,0.0509756914452925,0.018121243103174752,0.007420073213582705,0.0034174173115455357,0.0016593511842855212,0.0010964409737524012,0.0007403620723086949,0.000558209498962905,0.0005029761380128912,0.0007004060239618764,0.0011281707768513454,0.0020283570425473144,0.003263469007621029,0.005587970879091822,0.008862016487745832,0.013476940071803372,0.01803663029491089,0.02740514845434728
0.7570510990916187,0.17747634694450398,0.04520676226172981,0.01620744396036241,0.0064395753182636285,0.0028777589334364902,0.0012914532918495735,0.0007890248878971365,0.00047412257837765176,0.0003715139606690555,0.0003844874640574988,0.0005236577731335258,0.0007890248878971366,0.0013822678155686755,0.0024814773753895018,0.004125574077524938,0.006695507157835639,0.010062720991836121,0.013593872732290579,0.02052408236051715
0.7701539606328509,0.1612057001458698,0.04064867801735083,0.014810221521416882,0.0057757383555091,0.0025760501745123398,0.0011043589698161564,0.0006531663211853845,0.0003484341134714079,0.0002952831470096677,0.00027756615818908757,0.0003342605224149438,0.0005102492780327059,0.0010724683899391123,0.0018957178038020656,0.0032292164956977247,0.00513202109502802,0.007879335494805968,0.010936106632650053,0.016476799603139452
0.7710808457887985,0.14869909582546734,0.037101436932525204,0.0134123953764555,0.005077997473421245,0.0022344135167232057,0.0009782212696294835,0.00046131353706831737,0.00027087384612472994,0.00020463395362261262,0.00018807398049708324,0.0002696909909014778,0.00041636503858473776,0.0008078901174811815,0.00147975188428837,0.0025608815583407843,0.004235804554465751,0.006340103996631226,0.008832379952023395,0.013115498715419225
0.7615708308116492,0.13824950286791027,0.03418397499594359,0.012126588365154924,0.004660428285661158,0.001973131772277381,0.0008243095519238032,0.0003647806637823728,0.00018239033189118646,0.00011369786923086947,0.00011488222203535767,0.00019304950713158059,0.0003481997245195376,0.0007342987387826981,0.0012068555077734992,0.0021413098705147077,0.003403829960099153,0.00522654892620653,0.007210339873724303,0.010977766144801344
0.7450313426308373,0.13023221636074664,0.031437446888196476,0.010859993433988475,0.004080645792122921,0.0016403176811786591,0.0006791199648232446,0.00030578176426596354,0.0001457796783128431,0.00010903845857545992,0.0000948160509351825,0.0001718540923200183,0.0003128929680861022,0.0005712667068844745,0.001014531745006453,0.001784912158854812,0.0029618163910877667,0.004311759916277429,0.006147635702509898,0.009219675752809815
0.7228801381070046,0.1217210257480401,0.028192894508444352,0.009555325798786821,0.0034503037690122402,0.001381307179003183,0.0005952070419395687,0.00024780532224177247,0.0001268668396166013,0.00008773968347316353,0.00009129669766802151,0.0001292381824131733,0.0002786327785972084,0.0004956106444835448,0.0008963675771042112,0.0014939459618403506,0.0024709391940280112,0.0037230081906180204,0.005066373884876049,0.007667736932715518
0.6966626320984547,0.11328782467088971,0.02581094227162423,0.008447649398793902,0.0029908859935549857,0.0011141584836991962,0.0004632428663568085,0.00019479956431414508,0.00011759241992134379,0.00006770472662137977,0.00006770472662137977,0.00009977538659992807,0.00019598736653557276,0.000395538139735429,0.0007530666083851702,0.0012982678280204914,0.0020501466341842347,0.0031559905023334383,0.004457821737018212,0.006674260682202329
0.6667568748100882,0.10479218892433909,0.02288319469766028,0.007620214220601641,0.002454611060467943,0.0008913988909146158,0.00033709358857490144,0.00018991188088726823,0.00009970373746581585,0.00006172136128836224,0.00005222576724399882,0.00008783424491036159,0.00016261204800972344,0.00030860680644181096,0.0006136527651169861,0.001049263141902158,0.0018172193102400493,0.002833247872986934,0.0038742023701002735,0.00576501253418414
0.63455431976497,0.0963204157196362,0.020264669768413953,0.006584681738403483,0.002253873027861101,0.0008454992601881478,0.0002944997423127256,0.00013181238466416343,0.00007481243453911974,0.000046312459476597984,0.00003206247194533705,0.0000629374449297357,0.0001662498545313772,0.00027906225582052617,0.0004524371041175341,0.0008419367633053322,0.0015104986783136573,0.0023548104395408657,0.003316684597900977,0.0051406830019023715
0.6020593227380086,0.08926778317171309,0.018068628265539878,0.005612989756798139,0.0018979003216579035,0.0007038492124722552,0.000237385906398737,0.00012818838945531798,0.00006646805379164638,0.000030860167831835824,0.00003798174502379794,0.00007715041957958954,0.00009732822162348215,0.00021246038622686964,0.00039762139321788427,0.0007631956890719393,0.0013542865960047945,0.0020878090467768935,0.0028925472694686133,0.004511519151107999
0.5680624944307483,0.0826863100365343,0.015898060415243418,0.004822526509638518,0.0016443401550479697,0.000648706448451005,0.0002340570885436776,0.00009742477797249528,0.00005108860308313777,0.00002019781982356611,0.000028514569162681563,0.00003683131850179701,0.00007960317224581932,0.00018059227136364977,0.0003635607568241898,0.0007247452995514896,0.0012237502598984162,0.0017334481836813506,0.0026566073603231663,0.003911248403481154
0.5359595590069341,0.0759123810157284,0.014216348860577875,0.004043149095280061,0.0014205658983416436,0.0005582491406526525,0.0001983566095510487,0.00008551901729147015,0.000042759508645735105,0.00003682068800049412,0.000019004226064771157,0.000033257395613349524,0.00006176373471050626,0.00016272368567960287,0.0003135697300687238,0.0006116985264598213,0.0010464201976914612,0.0016569309600222351,0.0023018868820954058,0.0035716067360479276
0.503151774640391,0.06958614692283197,0.012539382332954754,0.0035069878395909467,0.0012331481631081996,0.0004383734799488683,0.00017701259759452944,0.0000475201604280616,0.00002019606818192618,0.00001900806417122464,0.00002257207620332926,0.0000297001002675385,0.000059400200535077,0.00009504032085612318,0.0002851209625683696,0.0004858936403769301,0.000924267120325798,0.0014814410013448212,0.00199822274599999,0.0031125705080380364
0.47431718009337914,0.06338493341095125,0.010769486652489516,0.0031221413042186916,0.0009112185617715897,0.0003575968540981077,0.0001508797357822579,0.000057025411949199874,0.000021384529480949954,0.000011880294156083306,0.0000273246765589916,0.00002376058831216661,0.000053461323702374884,0.00009029023558623313,0.0002566143537713993,0.00044194694260629914,0.0007413303553395987,0.0012106019745048893,0.0017119503878916045,0.0026968267734309116
0.44422259710862944,0.05968761047878689,0.009985502810461698,0.002660981680392729,0.0008399353676852661,0.00028116480528447477,0.00010558509565535126,0.00006406286702684234,0.000018981590230175505,0.000013049843283245662,0.000010677144504473723,0.00002491333717710535,0.00004982667435421071,0.00009490795115087755,0.0002159155888682463,0.00038556355155043993,0.0006513058147728971,0.0010973731851820214,0.0014580233995553557,0.002421339103736763
0.41884847190584656,0.05484054669703872,0.008857725892179195,0.0023324791192103267,0.0006964217919514039,0.00025270501138952153,0.000097285497342445,0.000022541761579346997,0.00001660971905846621,0.000014236902050113896,0.000015423310554290052,0.000020168944570994684,0.00003796507213363705,0.00008304859529233105,0.00017321564160971908,0.00031914388762338644,0.0005374430523917992,0.0008862471526195897,0.0013845387243735768,0.0021355353075170834
0.393773243119326,0.05125659455943663,0.007844164029632719,0.002094620450746209,0.0006302817193421851,0.00022510061405078024,0.00006634544414128262,0.000037911682366447225,0.000005923700369757377,0.000004738960295805901,0.000013032140813466229,0.000011847400739514753,0.000024879541552980977,0.00006160648384547672,0.00013979932872627403,0.0002701207368609364,0.0004561249284713181,0.0007949605896214397,0.0011385352110673686,0.0019500821617241283
0.37187176223320806,0.04728812054113259,0.007244308931055916,0.0018673218673218664,0.0005470530771735594,0.00021787395281371177,0.00005210029306414851,0.00002486604896243451,0.000005920487848198691,0.000005920487848198691,0.000008288682987478167,0.00001420917083567686,0.000033154731949912676,0.00006512536633018563,0.00011840975696397385,0.00025694917261182324,0.00042745922263994553,0.0007436132737337558,0.0011142358130309938,0.001784435037447086
0.35069071041620464,0.043786688988827455,0.006804543950903893,0.001792728777446713,0.000564377578085076,0.0001565080678723319,0.00005691202468084806,0.00001541367335106301,0.0000071140030851060045,0.0000071140030851060045,0.0000071140030851060045,0.000005928335904255004,0.000016599340531914012,0.00005335502313829505,0.00011619538372339806,0.00020867742382977604,0.0003960128384042342,0.0006710876243616664,0.0008773937138297408,0.0015591523428190664
0.3303679971183949,0.04076310407666586,0.006098529101607396,0.0015723233180169056,0.00046683902584676807,0.00015403318111695385,0.00004976456620701586,0.000023697412479531363,0.000002369741247953136,0.00000592435311988284,0.000002369741247953136,0.000007109223743859408,0.000018957929983625087,0.000037915859967250174,0.00009715939116607854,0.00020616748857192293,0.0003412427397052516,0.0005722925113806822,0.0008151909892958785,0.001450281643747319
0.3127716358027983,0.03840836966989696,0.005521262368350293,0.0014830766970981683,0.00041341355214637436,0.00013977879413545034,0.00004619807602781836,0.00001539935867593945,0.00001066109446795808,0.000004738264207981369,0,0.00001066109446795808,0.000016583924727934793,0.0000390906797158463,0.00007581222732770191,0.00017768490779930123,0.00033404762666268655,0.0005520077802298296,0.0008161660098247906,0.0013255294121827877
0.2944132020798769,0.03619890748431269,0.00507417051818116,0.0012587732230633776,0.00040380213458571197,0.00012670624164419706,0.000052103501236866065,0.000016578386757184658,0.000010657534343904423,0.0000071050228959362826,0.000001184170482656047,0.000002368340965312094,0.000013025875309216518,0.00003434094399702536,0.00009118112716451565,0.0001870989362596554,0.00029249010921604345,0.0005186666714033485,0.0007093181191109722,0.0011782496302427667
0.28048513455772944,0.03391018122121629,0.004749792573847851,0.001247515916480348,0.00034324441724791334,0.00011125853524587546,0.000049711260429008185,0.000014203217265430908,0.000005918007193929545,0.000002367202877571818,0.000002367202877571818,0.000005918007193929545,0.00002485563021450409,0.000053262064745365915,0.00009113731078651503,0.00016688780286881313,0.00029945116401283495,0.00040597529350356655,0.0006391447769443905,0.0010474872733255295
0.26683312427519934,0.032091212458287,0.004430454642273918,0.0011431140984072131,0.00027572006721416205,0.00010768466144415767,0.00004378387333443779,0.00001301682720753556,0.000011833479279577782,0.0000011833479279577781,0,0.0000047333917118311125,0.000021300262703240007,0.000049700612974226683,0.0000757342673892978,0.00013963505549901772,0.00023903628144747108,0.0003916881641540247,0.0005987740515466356,0.0008969777293919957
0.25502831755404465,0.030533041877806314,0.004341078669335186,0.0009782212696294835,0.0003110909237153012,0.00009817698352992393,0.00003548565669756285,0.00001655997312552933,0.0000035485656697562845,0.0000011828552232520948,0,0.000008279986562764664,0.000015377117902277234,0.000049679919376588006,0.0000484970641533359,0.0001253826536647221,0.00022119392674814186,0.00037969652666392266,0.0006032561638585688,0.0009119813771273657
0.24340109330998402,0.029288638568757835,0.004191021605887782,0.0009525049104290413,0.0002626783728139717,0.00008992592943181015,0.000021298246444376078,0.000010649123222188037,0.0000035497077407293464,0.000003549707740729347,0,0.000004732943654305795,0.000023664718271528974,0.000039046785148022815,0.00006271150341955178,0.00010294152448115108,0.00022126511583879586,0.00033248929171498213,0.0005241735097143668,0.0008673119246515371
0.2340119454952822,0.027764949880651344,0.0037546697154411538,0.0009035301454270152,0.000242122457271292,0.00007795162038978178,0.00003543255472262806,0.000011810851574209352,0.000004724340629683741,0.0000035432554722628054,0.000005905425787104676,0.000009448681259367482,0.000022440617990997763,0.000025983873463260567,0.00005905425787104676,0.00008621921649172828,0.00017361951814087755,0.0003188929925036527,0.0004807016590703208,0.0007866027148423427
0.22568168290171103,0.026633110042422133,0.0036682382063661523,0.0008078154968301516,0.0002161260759063121,0.00006849897487741041,0.00002007728573993065,0.000008267117657618503,0.0000023620336164624296,0.0000035430504246936443,0.000004724067232924859,0.000005905084041156074,0.000016534235315237004,0.00002952542020578037,0.00005314575637040463,0.00009448134465849716,0.00017242845400175733,0.00029171115163311004,0.00042634706777146855,0.0006566453453765555
0.21496227798405979,0.025620225622590653,0.0034363692264030446,0.0008206607856585388,0.00019984390889955754,0.000059125416834188647,0.00003902277511056453,0.000008277558356786415,0.000002365016673367547,0.000002365016673367547,0.000004730033346735094,0.000010642575030153962,0.000011825083366837735,0.00002601518340704302,0.000052030366814086045,0.00008277558356786414,0.0001631861504623607,0.000255421800723695,0.00036539507603528605,0.0006243644017690327
0.20766663632419474,0.024353971337003594,0.0032072386892525,0.0007979676060617159,0.000178508308911584,0.00005201566617291187,0.000027190007317658492,0.000007093045387215258,0.000003546522693607629,0.000007093045387215258,0.00001182174231202543,0.000004728696924810172,0.000009457393849620344,0.00003428305270487375,0.00004965131771050679,0.00008748089310898818,0.00013831438505069755,0.0002529852854773442,0.0003038187774190537,0.0005698079794396257
0.19976906130630456,0.02348388865776635,0.0032064312998751894,0.0007670379335123483,0.0002044646571612269,0.00004254755871563103,0.00001536439620286676,0.000008273136416928255,0.000003545629892969252,0.000007091259785938505,0.000007091259785938504,0.000009455013047918006,0.000008273136416928255,0.00003427442229870277,0.00004136568208464128,0.00008864074732423131,0.00014537082561173935,0.0002233746832570629,0.00034274422298702774,0.0005554820165651829
0.19114600486576644,0.022474363832316387,0.003005395783238486,0.0006893759377106346,0.00018296792867319932,0.00004249577698216239,0.000014165258994054131,0,0.0000047217529980180446,0.0000047217529980180446,0.0000047217529980180446,0.0000023608764990090223,0.000012984820744549622,0.000023608764990090224,0.00007082629497027066,0.00008263067746531577,0.0001510960959365775,0.00022546370565536166,0.00039426637533450663,0.0005854973717542372
0.18496405089636261,0.02144766094319095,0.0028298093751478173,0.0006432997493023033,0.0001643725462371696,0.00005203159737003923,0.000005912681519322643,0.0000023650726077290572,0.000007095217823187172,0.0000011825363038645286,0.0000023650726077290572,0.000011825363038645286,0.000016555508254103402,0.0000248332623811551,0.000041388770635258505,0.00009696797691689134,0.00012534884820964004,0.00021995175251880234,0.00034293552812071344,0.000519133437396528
0.1791083536366555,0.021218152114378525,0.0027645570098400302,0.0005972954086161639,0.00013692938221240107,0.000049577879766559004,0.000012984682796003551,0.0000047217028349103825,0.0000047217028349103825,0.0000011804257087275956,0.000007082554252365574,0.000009443405669820765,0.000012984682796003551,0.00001888681133964153,0.00004839745405783142,0.00008262979961093168,0.00012512512512512515,0.00021601790469715,0.00025497195308516054,0.0004273141065593896
0.17377172412488895,0.020549272868246374,0.0026038219330925313,0.0005980635034701861,0.00014183324192968845,0.000028366648385937706,0.000011819436827474044,0.0000070916620964844266,0.0000011819436827474044,0.0000011819436827474044,0.000004727774730989618,0.000005909718413737022,0.000009455549461979235,0.000028366648385937706,0.00005082357835813839,0.00006500690255110725,0.00011110270617825599,0.00016429017190188922,0.0002186595813082698,0.00039358724635488553
0.16766484038865592,0.01960050217724305,0.0025108862152819194,0.000575165374808229,0.00010747443348572649,0.000046060471493882805,0.000010629339575511418,0.00000236207546122476,0,0,0.0000035431131918371397,0.00000944830184489904,0.0000236207546122476,0.00001535349049796094,0.000025982830073472356,0.00006850018837551801,0.00011456065986940082,0.00014644867859593506,0.0002125867915102284,0.00031179396088166833
0.16313573078861962,0.01921993962483339,0.0024756887833707387,0.0005147354838100341,0.00012750328498046726,0.00004368168096553043,0.00000826410180428954,0.000007083515832248179,0.000001180585972041363,0.000001180585972041363,0.000002361171944082726,0.00000826410180428954,0.00000826410180428954,0.00001180585972041363,0.000027153477356951343,0.00005312636874186134,0.00008500218998697816,0.00014521207456108764,0.0002302142645480658,0.0003199387984232095
0.1589964281204976,0.018548521274926153,0.0023234326859424654,0.0005133028026333028,0.00013334072804037513,0.000051920283484747806,0.000007080038657011067,0.0000047200257713407115,0.0000011800064428351779,0.0000011800064428351779,0,0.000008260045099846245,0.0000047200257713407115,0.000012980070871186957,0.000028320154628044262,0.00005074027704191264,0.00007906043166995695,0.00014986081824006764,0.00017346094709677116,0.00036344198439323494
0.15601934544904691,0.01796329373517431,0.002458346327955921,0.0005115155982724246,0.00012403957925774712,0.0000425278557455133,0.000007087975957585553,0.000003543987978792776,0,0.0000023626586525285174,0.0000023626586525285174,0.000005906646631321294,0.000005906646631321294,0.000014175951915171105,0.00002717057450407795,0.00003898386776672052,0.0000791490648597053,0.00012049559127895434,0.00017011142298205322,0.0003768440550782987
0.15156107446395423,0.017853833906350872,0.002385310922505134,0.0005075129622351349,0.0001463525751561784,0.00003068683027468254,0.0000047210508114896214,0.000003540788108617216,0.0000011802627028724054,0.0000011802627028724054,0.000009442101622979243,0.0000023605254057448107,0.000005901313514362027,0.00001298288973159646,0.00003776840649191697,0.00003658814378904457,0.00007317628757808916,0.00009442101622979246,0.00016523677840213683,0.00030450777734108064
0.1482670362648546,0.017512626232813806,0.002291493023991613,0.00046632650410957595,0.00012041848966880199,0.00003777834970001629,0.00001888917485000814,0,0,0,0.000005902867140627545,0.000005902867140627545,0.00001062516085312958,0.00001062516085312958,0.00002243089513438467,0.000031875482559388745,0.00004958408398127139,0.00008382071339691115,0.0001522939722281907,0.00029278221017512617
0.1459709246727581,0.016920713193321807,0.0021943865681374143,0.0005494809998667568,0.00012616838408957714,0.00003301602574306691,0.000014149725318457255,0.000003537431329614314,0,0,0,0.0000023582875530762092,0.000011791437765381046,0.00001532886909499536,0.000022403731754223976,0.00003065773818999072,0.000045986607284986055,0.0000801817768045911,0.00017215499137456327,0.00032190625099490265
0.14178574546037903,0.01637967438820985,0.0021079128713618737,0.0004942448198660465,0.0001273948461707233,0.000027130383906728106,0.000005897909544940891,0.000003538745726964535,0.0000011795819089881782,0,0.000004718327635952713,0.0000023591638179763564,0.000003538745726964535,0.0000023591638179763564,0.000011795819089881783,0.00002359163817976357,0.000051901603995479835,0.00010734195371792426,0.00015688439389542765,0.00030551171442793815
0.1379928971119879,0.01604228213029987,0.002058397589408695,0.00044260269267675526,0.00010976546778383516,0.000031867393872726336,0.000008261916929966092,0.000002360547694276026,0,0,0.000001180273847138013,0.000001180273847138013,0.000002360547694276026,0.000003540821541414039,0.000009442190777104104,0.000022425203095622246,0.000051932049274072564,0.00011448656317238723,0.00020182682786060017,0.0002962487356316413
0.13536031659099337,0.015834260846009345,0.00195867121295102,0.0004770065190890941,0.00011306821193222966,0.00003180043460593962,0.000012955732617234658,0.000005888969371470299,0.0000023555877485881195,0,0,0.0000011777938742940598,0.0000011777938742940598,0.000005888969371470299,0.0000070667632457643585,0.000029444846857351495,0.00005653410596611487,0.00008951233444634854,0.0001283795322980525,0.00025558127072181097
0.13262906509216119,0.015552524839364843,0.0019638097909945285,0.0004750392231517376,0.00009901561971400982,0.00003654147870397984,0.000008251301642834157,0.000004715029510190947,0.0000023575147550954735,0,0.0000011787573775477367,0,0.0000023575147550954735,0.000008251301642834157,0.000011787573775477367,0.000027111419683597945,0.00006129538363248231,0.00006718917052022099,0.00010019437709155763,0.00022278514435652218
0.130409118329029,0.01526712160913906,0.0019581691707353877,0.00041943936509133387,0.00013195845193884675,0.000042415216694629295,0.000023564009274794047,0.00000471280185495881,0,0,0,0.0000011782004637397025,0.0000011782004637397025,0.000005891002318698513,0.000012960205101136729,0.00002238580881105435,0.000047128018549588094,0.00006951382736064245,0.00011546364544649085,0.00022503628857428314
0.12740399077509273,0.01504414861301986,0.0019806418506437976,0.0004152387917966747,0.00011324694321727484,0.00004246760370647807,0.00000943724526810624,0.0000058982782925664,0,0,0,0,0.00000235931131702656,0.0000058982782925663994,0.000014155867902159358,0.00002123380185323904,0.000046006570682017924,0.00007195899516931008,0.00009437245268106236,0.0001592535138992928
0.1255163662907595,0.014800829723830261,0.0020188845898492084,0.0004103807460674791,0.00012853879690044606,0.000028302120418446852,0.000009434040139482283,0.000002358510034870571,0,0,0,0.0000011792550174352854,0.000002358510034870571,0.000004717020069741142,0.000009434040139482283,0.000016509570244093997,0.00003773616055792914,0.00006721753599381127,0.00008490636125534056,0.00013207656195275198
0.1240395726717449,0.014285545834021177,0.0019220338183619091,0.00041978161922505473,0.00011791618517557724,0.00003183736999740584,0.000008254132962290405,0.0000035374855552673158,0,0,0,0,0.000001179161851755772,0.000002358323703511544,0.000021224913331603895,0.00003419569370091739,0.00004127066481145202,0.00004952479777374243,0.00008961630073343867,0.00012381199443435608
0.12154144600832598,0.014273172665741553,0.0018785458733350331,0.00043187675228682293,0.00012035909489960639,0.00003421974266753515,0.00001769986689700094,0.000002359982252933458,0,0,0,0.000001179991126466729,0.000003539973379400187,0.000015339884644067476,0.000027139795908734768,0.000020059849149934394,0.0000365797249204686,0.00007433944096740393,0.00008731934335853795,0.00014513890855540767
0.11965858355122198,0.013931103161193496,0.0017604138152367825,0.0004412833558301316,0.0001286093202820438,0.000030677452544340724,0.000009439216167489454,0.0000035397060628085445,0,0,0,0,0.00000825931414655327,0.00000825931414655327,0.000017698530314042722,0.00002831764850246836,0.000049555884879319614,0.0000637147091305538,0.00008731274954927743,0.00012742941826110764
0.11748850726303293,0.01360052376735686,0.0017686568570190477,0.0003932965314543019,0.00010597810727810545,0.000037681104809993035,0.0000047101381012491285,0.0000011775345253122821,0,0,0,0,0.000005887672626561411,0.000007065207151873693,0.000012952879778435103,0.00001766301787968423,0.00004239124291124217,0.00006358686436686324,0.00006829700246811237,0.0001307063323096633
0.11595622405316931,0.01333245221298882,0.0017748281225292242,0.00037172264534355475,0.0000826050322985676,0.000027141653469529353,0.000008260503229856764,0.0000011800718899795376,0.0000011800718899795376,0,0,0,0,0.000010620647009815838,0.000008260503229856764,0.000023601437799590756,0.00004012244425930428,0.000044842731819222425,0.00006490395394887456,0.00012154740466789237
0.11409042306753733,0.013268384463670804,0.0017353231390958162,0.0004243996807571292,0.00008252216014721952,0.000027114424048372125,0.000010609992018928223,0.0000023577760042062723,0.0000011788880021031362,0,0,0.0000023577760042062723,0,0.000004715552008412545,0.00001178888002103136,0.000017683320031547043,0.00004715552008412545,0.000057765512103053675,0.0000648388401156725,0.00013439323223975755
0.11298553210336973,0.013102622880527357,0.001786989023623124,0.0003899099319836868,0.00010012792815291069,0.00002473748813189558,0.000008245829377298527,0.0000011779756253283608,0,0,0,0.0000023559512506567215,0.0000035339268759850823,0.000007067853751970165,0.000011779756253283609,0.000023559512506567217,0.00005300890313977624,0.00007421246439568673,0.00009541602565159724,0.00009659400127692559
0.11182690494153145,0.01319784986797435,0.0017752734817050176,0.0003925405507355714,0.0001084496416446625,0.000029470011316484344,0.0000023576009053187477,0.000008251603168615617,0,0,0,0.000008251603168615617,0.0000011788004526593738,0.00000943040362127499,0.00000943040362127499,0.000029470011316484348,0.00006719162580158433,0.0000766220294228593,0.00008723123349679367,0.00010491324028668428
0.11059828536002952,0.012983553693877598,0.001744340910215944,0.00041958470543032155,0.00010136035018822375,0.00004714434892475528,0.000014143304677426576,0.000014143304677426578,0.000002357217446237763,0,0.000004714434892475526,0.0000035358261693566445,0.000002357217446237763,0.000002357217446237763,0.000007071652338713289,0.00003064382680109092,0.00004125130530916086,0.00006600208849465737,0.000054216001263468555,0.00010725339380381822
0.10974119266584868,0.01286552602393253,0.001648852226775522,0.00040425755095354097,0.00009193028855503269,0.000034179209847383915,0.00001414312131615887,0.000007071560658079435,0,0.0000035357803290397176,0.000004714373772052957,0.0000011785934430132392,0.0000023571868860264784,0.000007071560658079435,0.00001650030820218535,0.00003535780329039717,0.0000388935836194369,0.000056572485264635475,0.0000660012328087414,0.00011432356397228421
0.10738033088624697,0.012793656248308265,0.0017688221268703267,0.0003966021668365267,0.00009179516027670354,0.000041190136021597764,0.000005884305145942536,0.0000023537220583770146,0.0000011768610291885073,0.000003530583087565522,0.000003530583087565522,0.0000023537220583770146,0.000005884305145942536,0.000007061166175131043,0.000015299193379450596,0.000030598386758901185,0.000032952108817278206,0.00005178188528429432,0.00007061166175131042,0.00010944807571453116
0.1066064545901898,0.01243993115480516,0.001725838844794583,0.0003849585963491329,0.00011536985456334873,0.00002472211169214613,0.000007063460483470325,0.0000011772434139117208,0.0000070634604834703245,0.0000023544868278234416,0.0000023544868278234416,0.0000035317302417351622,0.000007063460483470325,0.000004708973655646883,0.000015304164380852373,0.000014126920966940649,0.000021190381450410973,0.000045912493142557114,0.00007063460483470325,0.00010359742042423146
0.10552255111432715,0.012400137176959458,0.0015992193641070128,0.0003429423986404867,0.00010842165180386514,0.0000247484205204475,0.0000035354886457782137,0.0000023569924305188093,0,0.0000035354886457782137,0.0000011784962152594046,0.0000023569924305188093,0.0000023569924305188093,0.0000047139848610376186,0.000007070977291556428,0.000009427969722075237,0.000021212931874669284,0.00005656781833245142,0.00006246029940874845,0.00010370766694282761
0.10394544683657608,0.012141376548735101,0.0016264662929288147,0.0003768785037923395,0.00009893060724548919,0.000036510105054882946,0.000011777453243510624,0.000003533235973053187,0,0.0000023554906487021248,0,0.0000023554906487021248,0.0000011777453243510624,0.000007066471946106374,0.000007066471946106374,0.000009421962594808499,0.000020021670513968062,0.00004946530362274462,0.00006006501154190418,0.00008950864465068075
0.1031272878172882,0.012017782640116098,0.001618639941620501,0.00035131442287174796,0.00010728057879640618,0.00003654613123833619,0.000008252352215108172,0.0000023578149186023347,0.0000011789074593011673,0,0,0,0.0000023578149186023347,0,0.000003536722377903502,0.000007073444755807004,0.000024757056645324516,0.00005305083566855252,0.00004479848345344436,0.00007309226247667237
0.10202363064671735,0.011842449774850751,0.0015273351716394502,0.0004163315178291319,0.00008727629552225422,0.000034202872569532086,0.000008255865792645674,0.0000035382281968481464,0,0,0,0,0,0,0.0000011794093989493821,0.0000011794093989493821,0.000022408778580038263,0.000036561691367430846,0.00003774110076638023,0.00008373806732540612
0.10087218449159104,0.01175286574062617,0.0015661845552283362,0.00037475296355350706,0.00009192053823010544,0.000025926305654645107,0.000003535405316542515,0.000003535405316542515,0,0,0,0,0,0.000001178468438847505,0.000003535405316542515,0.000007070810633085031,0.00001532008970501757,0.000020033963460407585,0.000032997116287730147,0.00005892342194237526
0.10030244791568292,0.011929102997563418,0.0015382109060687909,0.00040609712332130815,0.0001003437659369511,0.00002951287233439736,0.0000047220595735035796,0.0000023610297867517898,0,0,0,0,0,0.0000023610297867517898,0.0000011805148933758949,0.000007083089360255369,0.000007083089360255369,0.000028332357441021476,0.00003423493190790095,0.000054303685095291165
0.09939159311596042,0.011608181722801762,0.0014688528919072797,0.0003524775398718113,0.00008369868003645024,0.00003772334874882263,0.00001060969183560636,0.000007073127890404241,0.0000023577092968014136,0,0,0,0,0,0,0.000004715418593602827,0.00001060969183560636,0.00002121938367121272,0.000027113656913216253,0.000053048459178031804
0.09754065028671785,0.011640804106577718,0.001483978571302285,0.00037836149435109876,0.00009665309201492237,0.00002711001361394161,0.000011786962440844183,0.000004714784976337673,0.0000023573924881688365,0,0,0,0,0,0.0000011786962440844182,0.000005893481220422091,0.0000023573924881688365,0.000011786962440844183,0.00001414435492901302,0.00004125436854295463
0.09667804795231182,0.011496434702231613,0.0015492067684065574,0.0003324781649091698,0.0001143630567240762,0.000023580011695685796,0.000005895002923921451,0.00000235800116956858,0.00000471600233913716,0.00000117900058478429,0,0,0,0,0.00000471600233913716,0.000007074003508705741,0.000005895002923921451,0.00001061100526305861,0.00002122201052611722,0.00002593801286525438
0.09591128627360392,0.011234180571891924,0.00153804087770866,0.0003571083417208614,0.00010607178466956287,0.000028285809245216754,0.000009428603081738918,0.0000070714523113041885,0.0000035357261556520942,0,0,0,0,0,0.0000011785753852173647,0.0000035357261556520942,0.000004714301540869459,0.000010607178466956283,0.000009428603081738918,0.000025928658474782024
0.09426057615728628,0.011165226980334501,0.0015033058591228065,0.00032870088925961036,0.00008129161777388209,0.000027097205924627354,0.000014137672656327318,0.000007068836328163658,0.000004712557552109105,0.0000011781393880272763,0,0,0,0,0,0.0000011781393880272763,0,0.000005890696940136381,0.000010603254492245487,0.000017672090820409146
0.09291355288903556,0.011315684009524039,0.0014144605011905038,0.0003323982177797682,0.00008251019590277945,0.000028289210023810077,0.000014144605011905045,0.0000023574341686508406,0.0000011787170843254203,0,0,0,0,0,0,0,0.0000023574341686508406,0.000004714868337301681,0.000008251019590277943,0.000020038190433532144
0.09282322932284742,0.01117782681263968,0.001506407536281083,0.0003312210623591429,0.00010608503776627344,0.000031825511329882035,0.00001414467170216979,0.000007072335851084895,0,0,0,0,0,0,0,0,0.000003536167925542448,0.0000047148905673899305,0.000014144671702169792,0.000034182956613577
0.09228873177146299,0.010899677444083431,0.0014801011893880878,0.0003479122317685146,0.0001085014417718757,0.000036560268423132024,0.000009434907980163105,0.000004717453990081553,0.0000011793634975203882,0,0,0,0,0,0.0000011793634975203882,0.0000011793634975203882,0.000008255544482642717,0.00000589681748760194,0.000010614271477683494,0.00003891899541817281
0.09093600358549762,0.010808388177293423,0.001390559762224896,0.0004045479206472773,0.00011086736017738779,0.00003184488005095181,0.00001769160002830656,0.000001179440001887104,0.0000035383200056613118,0,0,0,0.000001179440001887104,0.000002358880003774208,0,0.000004717760007548416,0.000001179440001887104,0.000009435520015096832,0.000015332720024532352,0.00003538320005661312
0.09074483745390212,0.010562579334258136,0.0014826740462504724,0.0003901153492121668,0.00011668102589729473,0.00004125086774146785,0.00001650034709658714,0.000004714384884739183,0.0000023571924423695914,0.0000023571924423695914,0,0,0.000003535788663554387,0.0000023571924423695914,0.0000023571924423695914,0.0000023571924423695914,0.000003535788663554387,0.000015321750875402343,0.000020036135760141524,0.00003889367529909825
0.09035297443084787,0.010629276738078137,0.001486332104537906,0.00044165969825809464,0.00011306488275407207,0.00005299916379097128,0.00001884414712567868,0.000004711036781419671,0,0.0000011777591953549177,0,0,0,0,0.0000011777591953549177,0,0.000005888795976774588,0.000010599832758194259,0.00002473294310245327,0.00003179949827458278
0.08892760752963684,0.010703780015291117,0.0015079064956606454,0.0003180740264284174,0.00011898324692322275,0.000030629350693106866,0.00002356103899469759,0,0,0,0,0,0,0,0,0,0.000007068311698409277,0.000008246363648144156,0.000018848831195758072,0.000027095194843902227
0.08836327004306412,0.010488550607669062,0.001422116443884133,0.00036407123542684115,0.00010721838972117326,0.000023564481257400718,0.000010604016565830324,0.000001178224062870036,0.0000035346721886101082,0,0,0,0,0,0,0.0000035346721886101082,0.000002356448125740072,0.000010604016565830324,0.000018851585005920577,0.00001767336094305054
0.08823976426981726,0.010529391458433233,0.0013949646958470346,0.00033813755718589434,0.00009071983241572772,0.000025919952118779364,0.000008247257492338887,0.000002356359283525396,0.0000035345389252880944,0.000001178179641762698,0.000001178179641762698,0,0,0.000001178179641762698,0,0.000001178179641762698,0.000008247257492338887,0.000008247257492338887,0.000016494514984677774,0.00001885087426820317
0.08858522849672802,0.010587566378296553,0.0013490494851598673,0.0002789919092346323,0.00008240267361360439,0.000021189258929212574,0.000009417448412983365,0.000008240267361360443,0.000005885905258114603,0,0,0.0000011771810516229206,0.0000011771810516229206,0,0,0.000003531543154868762,0.0000011771810516229206,0.000005885905258114603,0.000011771810516229207,0.000021189258929212574
0.0872478950748581,0.010580894526900026,0.0014164422787987351,0.0003323100853754103,0.00006716905980992332,0.00003299532762592725,0.000002356809116137661,0.0000035352136742064917,0.0000011784045580688306,0,0,0,0,0.000002356809116137661,0.0000011784045580688306,0,0.0000035352136742064917,0.000002356809116137661,0.000008248831906481815,0.00002356809116137661
0.0865236806367649,0.010314893055188804,0.0014028254555056767,0.00034304387189256516,0.00008251914444151044,0.000030649967935418155,0.000003536534761779019,0.000004715379682372025,0,0,0,0,0.0000011788449205930062,0,0.0000011788449205930062,0,0,0.000008251914444151043,0.00001532498396770908,0.000028292278094232148
0.08567584490193468,0.010079511164933488,0.001396132571277638,0.0003195539922434462,0.00008607911968181388,0.000020045822391655272,0.000003537498069115637,0.0000011791660230385457,0,0.0000011791660230385457,0,0.0000011791660230385457,0,0.0000011791660230385457,0,0,0.000005895830115192729,0.000011791660230385457,0.00001414999227646255,0.00003891247876027201
0.08491280736906943,0.01019430421720158,0.0013723782619059423,0.00031388875121838385,0.00009440263194537873,0.000022420625087027426,0.000009440263194537864,0.000001180032899317233,0.000001180032899317233,0,0,0,0,0,0,0.000004720131597268932,0.000002360065798634466,0.000002360065798634466,0.000002360065798634466,0.00003422095408019975
0.08490041118110826,0.009957703044249124,0.0013792485570938164,0.00031003621411596066,0.00009548643856803356,0.00003418650269719718,0.000008251914444151043,0.000005894224602965031,0.000005894224602965031,0.0000011788449205930062,0,0,0,0.0000011788449205930062,0.0000023576898411860124,0,0,0.0000011788449205930062,0.000011788449205930062,0.000027113433173639143
0.08473458155747653,0.01024165789045879,0.0014112613472244803,0.00033455611236373324,0.00010013123081308911,0.00002002624616261783,0.0000117801448015399,0.000005890072400769949,0,0.000007068086880923939,0,0,0,0,0.00000117801448015399,0.00000117801448015399,0,0.00000471205792061596,0.00000942411584123192,0.0000235602896030798
0.0848514992686638,0.010307066911663307,0.0015003883566091928,0.0003382650890391504,0.00009193267228241715,0.000028286976086897588,0.0000035358720108621993,0.000002357248007241466,0.000002357248007241466,0.000001178624003620733,0.000001178624003620733,0,0,0,0,0.000001178624003620733,0.000002357248007241466,0.00000825036802534513,0.00002003660806155246,0.000022393856068793924
0.08371529269168083,0.010069605841477553,0.0013791723788958384,0.00033420218055155127,0.00009296469106891746,0.000021181828344816634,0.00001294445065516572,0.000003530304724136105,0.0000011767682413787016,0,0.0000011767682413787016,0,0,0,0,0.0000011767682413787016,0.0000023535364827574033,0.000011767682413787016,0.000009414145931029615,0.000021181828344816628
0.08337551888225173,0.010037413676594208,0.0014986661518067575,0.0003355222727925574,0.00008240897928238266,0.00002589996491732024,0.000007063626795632794,0.0000011772711326054658,0.0000035318133978163975,0,0,0,0,0,0,0,0.000004709084530421863,0.00000824089792823826,0.000021190880386898388,0.00002236815151950385
0.08302262315546494,0.010119769646579438,0.001370814834006571,0.00032503856888815613,0.000057706122737390014,0.000020020491561951643,0.000007066055845394698,0.0000047107038969297984,0.0000011776759742324496,0,0,0,0,0,0,0.000003533027922697349,0.000003533027922697349,0.000012954435716556946,0.000021198167536184096,0.00002590887143311389
