0.048459563543003854,0.046293324775353015,0.04376604621309371,0.04408697047496792,0.04412708600770219,0.04525032092426188,0.04817875481386394,0.04557124518613608,0.043685815147625165,0.04488928112965343,0.0434451219512195,0.04733632862644417,0.04789794608472401,0.045731707317073184,0.048940949935815145,0.04693517329910142,0.04797817715019257,0.048620025673940956,0.04705551989730423,0.04801829268292685
0.04998257025669931,0.039595184940701786,0.03528595904381169,0.03135499566110646,0.027464825294636817,0.02662671423379591,0.025640264932098165,0.024943075200071198,0.023552404192038683,0.019502770216648008,0.017782046622709102,0.01707373152261787,0.01597973699629896,0.014993287694601232,0.014815281805573075,0.014603899812352125,0.01427384722644574,0.012771922537770628,0.011351583881566756,0.011533298226616329
0.04810916758785333,0.03650918245069717,0.033123240843094814,0.03037361473650965,0.028032716834957404,0.0256662734205906,0.0243146835607658,0.022670481463246964,0.020979832978792586,0.01877827423804701,0.017208386359625082,0.016116896266639424,0.015587407455574027,0.015283183621146118,0.014605066371886924,0.014133635544490993,0.01432638805027357,0.013032856174118226,0.012159664099729685,0.01301427761934399
0.044547168499215715,0.03427047033279503,0.03078180174472064,0.028434773874006114,0.025693677126233393,0.023493459229324904,0.022230120770520553,0.020939738369172987,0.01900609647733332,0.017180630355666474,0.016431126805183164,0.015784003894327735,0.015472998555080783,0.015144607824198924,0.014798831701682134,0.014800763411863793,0.015248920174008463,0.015326188581274774,0.014317835866449287,0.01707438629567529
0.0425323856530399,0.03185640001578323,0.029240157351985003,0.02661362127442756,0.02377435464584652,0.02187865094519272,0.0195008723668161,0.01831198307762778,0.016932665633894155,0.015714611672388093,0.01518964757066857,0.014829378089096356,0.014810506830537822,0.014834524795975962,0.015270279311782362,0.01571461167238809,0.01676110873790738,0.017227743494991392,0.017394153684098558,0.022477384512186532
0.04040533687288298,0.030419048453847065,0.02736055196939625,0.024593191793086625,0.021818005371934457,0.019509263143395583,0.01749009197402938,0.015990583462205506,0.01507021706872695,0.0141404591814374,0.01370531996819415,0.013750712188280665,0.014095066961350872,0.014271940094791479,0.015810579830827894,0.01712851946230568,0.018343152661862393,0.019556220612450614,0.020243364909622523,0.027938128838773082
0.03858105249076296,0.029606482861509253,0.025930573590162296,0.0222619347089881,0.01962714531038023,0.017620517622698742,0.015532461565082353,0.0143212145623007,0.013219023412110441,0.01276098883122661,0.01261848918384054,0.012473081380385364,0.0128642283716798,0.013986776614353791,0.015887256605512996,0.01764087471518246,0.01918365150984194,0.02155089055009226,0.023859966468960526,0.03273711286989926
0.037349787112789135,0.02797946200086579,0.024898488144620826,0.021081861571255568,0.018246105287384032,0.01566378615931744,0.013902055443830113,0.012519795496764232,0.011652629444739743,0.011307406940616252,0.011384123052643687,0.011662218958743168,0.012244439451808583,0.013618479815442959,0.015502134351831051,0.0174268868053767,0.020470872536179876,0.02325320152774657,0.02638486281515252,0.037675830588905765
0.03651511215486417,0.026813256244133787,0.02373377856740976,0.02005642010393726,0.016862065769497368,0.014414409710210577,0.012533304440113356,0.011449808691202407,0.010417224188324616,0.01007128879861208,0.010173111290678412,0.010515130430696079,0.011671729507244412,0.012810052751883391,0.015119334655285173,0.017645315708469157,0.02105636919269123,0.024818579732885652,0.02884709525233049,0.04113367596166774
0.03581274486890483,0.026224061801833058,0.02262406481753732,0.019008989311841414,0.015715588929349586,0.013149727204416999,0.01140438835234484,0.010074965382227952,0.009451719831020038,0.009156432120266289,0.009216746205867052,0.009789730019074334,0.010568786958084228,0.012224911225205259,0.014627422301635768,0.017752445861825457,0.021363751737171314,0.026273066996383657,0.030753900939140582,0.04441629787116411
0.035045846207646225,0.02576411365017491,0.021713213905358356,0.018104941902052106,0.014905061240360316,0.012403358590829782,0.010454329253903253,0.00910199145801823,0.008510190831247565,0.008022322132732079,0.008330449731794488,0.009083650529502605,0.009836851327210724,0.01197418086356428,0.014314483342157352,0.017335845632963774,0.02141364540626991,0.026813214761268366,0.0320244839168398,0.04666176760087207
0.03465737737353632,0.02522378842475733,0.021037610844969936,0.017022909459370333,0.01392914315863946,0.011475714534106377,0.009271705828391902,0.008170900609759757,0.007462212282731868,0.007365082410499617,0.007487394101458748,0.008260835676641463,0.009498342196933811,0.01124667989711428,0.013722892071924073,0.017016913788244895,0.02134339007236775,0.027108827426598002,0.033688476919664014,0.048110464244815285
0.03379597337652359,0.024945913674678143,0.020514972749949748,0.01654273115254117,0.012999633513424052,0.010487427146015344,0.008754300306193624,0.007483419437975106,0.006634589239481244,0.006540012058590564,0.006855663399813211,0.007627649638833388,0.008796860037594428,0.010493338219821015,0.012882594252071826,0.01628027947556953,0.02136616737796588,0.027451026753520038,0.03410334921441831,0.04958799815574494
0.0333639338419349,0.02415095312963478,0.02000640148570745,0.01624640795753916,0.012744349750916553,0.009851956849765567,0.008236343790265756,0.006850527653597555,0.006116584420472093,0.006019272458252581,0.0061083773875138195,0.006915011483983974,0.00810034152981439,0.00987188821552137,0.012401999233228633,0.015887643373934696,0.02081538044873712,0.027131278526767243,0.03416822307184554,0.05106650393292742
0.0327422684257579,0.023520210550118124,0.01997102371602776,0.015773775180868668,0.011759522485759543,0.009544923147575077,0.0072044413206937994,0.0061950502539212995,0.00560759864000289,0.005315038411642732,0.005442086478938578,0.006175235417737543,0.007472524398474023,0.00919408398926269,0.011732714177981525,0.015531334832267412,0.02034750560351911,0.02711718610676932,0.03494637755655098,0.05180064409873383
0.032045929018789145,0.022842727905358393,0.018822778937601488,0.014810948735792155,0.011641150545117145,0.008937601484574348,0.006957782417072601,0.005496404546508929,0.004919972164231036,0.0047610763163999075,0.004976803525864072,0.005479007190906982,0.00672697749942009,0.008329853862212945,0.011136627232660637,0.014841104152168863,0.020199489677569005,0.0268591974019949,0.03491301322199027,0.052029691486894
0.031195626161179515,0.022281929474276877,0.01819850837205377,0.01409543320450286,0.011129981582984668,0.00833216757749771,0.006458094642417404,0.005239542592093746,0.004477658530268995,0.004215218952068359,0.0044452871285526165,0.004898486752581908,0.006074262307780349,0.007610747767818437,0.010503363735474777,0.01428041264288216,0.01973036934613237,0.026587325902555158,0.03487440474194788,0.052411611621795674
0.030663425104584183,0.021663825112422964,0.01749429095440487,0.013621016204352132,0.010473980469934285,0.0080439616684131,0.005944785085125591,0.0046041248070567385,0.004136104108092033,0.0038813440724486817,0.003958579015381281,0.004407002788527268,0.005532096882590203,0.007189766254785397,0.009780018743883167,0.013795083016036045,0.019236111831586324,0.02623336710921136,0.03525717506856041,0.05225232079475911
0.029973820785100403,0.020952573752691533,0.01705099655851445,0.013185076467232283,0.00969643152916061,0.007436231297274416,0.005432532160406352,0.00436741999006202,0.0035990669341332804,0.0034483869186742004,0.0035703112059922333,0.004086764083405416,0.004942534552882934,0.006425179895835247,0.009313405230321878,0.01308730699155272,0.01886950880615419,0.026421913245118427,0.03525452270092202,0.05219049634687227
0.028387640339811462,0.02035494020241303,0.016733452786938306,0.012578212075680469,0.009420458706434534,0.00677579721507044,0.0051205880698677346,0.003983062228747146,0.0032863133028539176,0.0031485705168453697,0.0032966440118045556,0.003621487415474713,0.0043871077343722205,0.005992959047921862,0.008658281957187248,0.012495566404075351,0.018390957645241162,0.026327237832433608,0.03449768075584058,0.05216089734833657
0.027624543591259414,0.019506282315228215,0.015991347853633,0.012013560223040235,0.009128747649931782,0.006460467871230583,0.004854229893669797,0.003630647753844603,0.0030921799582286458,0.00287564716382138,0.002851587964442794,0.003237680830661043,0.004011012239258426,0.005617250216819213,0.008049520706378094,0.01212010810600254,0.017854217291232023,0.025665437356146046,0.03442527728227284,0.05193006334443492
0.026558909953040468,0.019075592944170338,0.015283587964446236,0.011754757741914814,0.008455919372408301,0.0062383859835412805,0.004405316587790523,0.0033240116071510313,0.002866316377250716,0.0025825453347125223,0.0024692657653121934,0.002785075473943411,0.003795437693948352,0.005268072096152613,0.00761376014939172,0.011537352507712161,0.017296302737932864,0.025030207885173423,0.034489624049138155,0.051662349074997935
0.02532662742184375,0.0181368234554495,0.0146619420472081,0.011043035949019828,0.008087100645824996,0.005870720694976281,0.0040269760530376635,0.0030508087100645834,0.0025432931359661657,0.0022655312339258165,0.0022529576498828375,0.0024575641538549485,0.003249699948562611,0.004825970166314225,0.007290392638738068,0.011062467851631707,0.01683145682116935,0.024912842201520267,0.03349602789049551,0.05135394639080987
0.024279430919088744,0.01755004800178995,0.013963326860797105,0.010378888801370773,0.007601520075706995,0.005192869023035158,0.003763659962397646,0.0027899256742796017,0.0022853646480800994,0.0020159610232314963,0.0020216687271477803,0.0022728076994642746,0.0029954030152658244,0.004345845761858613,0.006611804216623356,0.010679114027367315,0.016500972021976954,0.02452143756513918,0.0334597018980399,0.0501330465782886
0.023520397342838176,0.016609541792375598,0.0132778275672557,0.009966637249066731,0.0070910098446340265,0.004942840919197381,0.003534672860325692,0.0025358427230207543,0.002069493948868107,0.0017171668798872549,0.0018095244610764108,0.001985117887040977,0.0026053959631755505,0.003951992301254465,0.0063099611642072175,0.010350890395495691,0.01627203754506708,0.024125852597300417,0.03214499912203287,0.049494541780973435
0.022448202593518027,0.01571362782469131,0.012682613215634062,0.009413357894544856,0.006745973845957428,0.004784192671761292,0.0032361979974101294,0.002392666289737184,0.0017885152018092616,0.0014909992886975865,0.0016175290448485282,0.001886547265133414,0.002443962136825403,0.0037320578525962527,0.005940059092815845,0.009961653504532271,0.015967827244706273,0.02310364952853417,0.03168259497711065,0.04864100202447611
0.021585526473062486,0.015210726966198764,0.012042679282698449,0.008723230110910127,0.006451069429535127,0.004584163859667895,0.003040551693363038,0.0021162057648677966,0.0016494793724009882,0.001369443536920904,0.0013216325406194256,0.0016415108730174087,0.002166293475278868,0.0033410779558294677,0.005658772919396354,0.009578136259062744,0.01532570102873327,0.022462061405256254,0.03154387398842747,0.0482560939099036
0.020455879742774047,0.0145019546805383,0.011359447319197736,0.008515034428773629,0.005931169759112361,0.004040204069558409,0.002941122928698533,0.0019228231139266998,0.001482507998489048,0.001224235308038538,0.0012697459142853244,0.0014779569378643692,0.001970609250485825,0.00319939561914904,0.005489716878518541,0.009407042311210626,0.01454063869584807,0.022011204711257962,0.030902839406723736,0.047878295536774834
0.019415191384160726,0.013361370805035378,0.010891421101986303,0.00810207155238555,0.0055912022960416,0.0037998351851325635,0.002597254979966468,0.0018300133556875332,0.001359438492796454,0.0011286976783836777,0.0011662072689039807,0.0012991958171123294,0.0018038703077491404,0.0030246369810462905,0.00534454832201415,0.008919325964024893,0.013999033843880532,0.021707823022932,0.030214543491233568,0.046448239606717644
0.01822788549483886,0.012640106347321715,0.01019957165662086,0.0075386162350094005,0.005380992688621633,0.0037176115027808226,0.0025734688428479717,0.0017190544632357543,0.0012418549427076534,0.0010555198918347753,0.0009657609344021089,0.0011873178546472987,0.0016861049725326236,0.002860924744499422,0.005010594965545058,0.00859413612684418,0.013643361529765322,0.021094491186011238,0.02922847063234618,0.04513739369528539
0.017371288146256325,0.012045319563792954,0.009591285852342347,0.007289422671819265,0.005012542712791749,0.0033522940843138285,0.0023245752000645016,0.0015943837718077974,0.0011140245585067306,0.0009084807816568648,0.0009096163826339353,0.0011038041497130906,0.0015784853581288021,0.00273225595083302,0.004858100979910081,0.008329633166816378,0.013162750925230896,0.020380630735494672,0.02849109291373634,0.04396592742828395
0.01639995324997759,0.01152410746604666,0.00904930652242242,0.0067084012740515845,0.004932581248021348,0.003262289185199304,0.0020560932186369186,0.0014898732870145,0.0010235077721912262,0.0008408195778200648,0.0008340113221292141,0.0009894664937369726,0.0014955468334235424,0.0026540850101499716,0.004615997358396792,0.007784105673205998,0.01283469668653542,0.020035561788891876,0.02759045618717256,0.042787617598433185
0.015329396492247356,0.010714350557391337,0.008792076691237879,0.006447674207487564,0.004567386252224119,0.0030627019862740114,0.0020164584770688844,0.0013197193071643847,0.0009554631613348332,0.0007897890264715487,0.0007421293438396449,0.000898725443915901,0.0014967409855114566,0.002426104796833582,0.004320009804277569,0.007534768873234322,0.012649106721376955,0.01931351900940485,0.026853961654381052,0.041588746868078
0.014472892232042359,0.010113341517409296,0.007938100274200553,0.00590341656833307,0.004341414258201931,0.0029415065274240246,0.0019065949823226227,0.0013058248630414162,0.0008943540077601371,0.0006937194584907525,0.0007220576716643946,0.0007991376114966998,0.0013817712743467768,0.002288594095903316,0.004098839153435555,0.007245514344236745,0.01239740149920483,0.01913962917747769,0.026160704873379185,0.04021532507897862
0.013563302020329083,0.009399567760411884,0.007637290467496474,0.005732217715476649,0.0040141390170459245,0.0027165136148670486,0.0019322718870873241,0.0011616297268413527,0.0008556394573319231,0.00064597945785324,0.0006051807552519826,0.0008613059438043202,0.0012772260508782493,0.002200863345878935,0.004050404530469264,0.007196437819943995,0.012099081915861747,0.018394548386694628,0.025409658639521934,0.03911348952436646
0.012817942173691897,0.008982188554591515,0.007253493922947348,0.005374133245425926,0.003730400669727566,0.002582846500752763,0.0017366244235324508,0.0011022410724703681,0.0007420019552601141,0.0005607495692423769,0.0005856717723198156,0.0008303624934437619,0.0012007970573675126,0.002117254434169699,0.0039014576090318043,0.0070609132628035,0.011447221004432746,0.01820793500289437,0.024916538940375904,0.038183080769461704
0.011876584139400867,0.008403799328557166,0.0068968486602302105,0.005136095774079768,0.0035520980039135397,0.002368065335942358,0.0015137489420186557,0.0010752602889039702,0.0007081535095521404,0.0005835184918709639,0.0005869176287168138,0.0008033293412359477,0.0011126507942083234,0.0019658341425167424,0.0037118574356685024,0.006691767403863914,0.011378044068676164,0.017591666222890476,0.023841545836793848,0.036768463261562453
0.01141532604621616,0.007968420730802811,0.0063570717610809966,0.0048408410720736155,0.0033483899532448357,0.002285103458115684,0.0014392301760480844,0.0009194767135728122,0.0006714897674244801,0.0005412683116844881,0.0005922245334957896,0.0007349019545674325,0.0010825366233689758,0.0019952191740336155,0.00370621586640864,0.006478234332943423,0.011079014982261576,0.016728361440407836,0.023322096542790195,0.03589922444630404
0.01070357340604169,0.007652041582357957,0.006121180348361516,0.004571070119558903,0.003257609297490949,0.002078891439066174,0.001432351672341345,0.0009262163383203328,0.0005978511328033445,0.0005525593803182429,0.0005208551535786715,0.0007008898697069512,0.001108515642072868,0.0018229930375253491,0.0036335308431172946,0.006217425322392353,0.010306138277984926,0.016097821127017325,0.022714946165090694,0.03452250603795675
0.010154483925932802,0.007135858509287815,0.005858486659440671,0.004375196584020293,0.0031147960165006125,0.002010531246393601,0.0013328113721168626,0.0008892951939591286,0.00058154927442111,0.0005068756321802672,0.0005261097521513932,0.0007026110883570213,0.00103298538433166,0.0018453440984062843,0.003338816943223142,0.006037250833289962,0.010120541361277866,0.015537774680204466,0.021823937654297236,0.033614453196597595
0.009425125068728406,0.006851345266620964,0.005276531427265546,0.0039981265145704195,0.002944856626323375,0.0019402340046656126,0.0012670915948836661,0.0008552868265464744,0.0005407765913878503,0.0004491387171150136,0.00044461338999042906,0.0006199698160680789,0.001062320542496216,0.001763746246806815,0.0032706801792934605,0.006008503089667097,0.009911597734621242,0.015253746405193273,0.02106879176028437,0.03210040795824029
0.009081075215582282,0.006422537885852441,0.004935022951360749,0.003710875022747903,0.002694707905644532,0.0018300050751839337,0.0012207569371208446,0.0007754067211712038,0.0005640349181697241,0.0004204829450082911,0.00039448534356960677,0.0005436889692177098,0.0009133070418459657,0.0017599245843492174,0.003289261747242275,0.0058110290867946866,0.009537728736505269,0.014662647211418146,0.020362903909474102,0.030903235797114726
0.008747937953749113,0.006012864681147442,0.00465606934128717,0.003581939697231119,0.00250441806482542,0.0016903408609092567,0.0011498840505315814,0.0007338001463077636,0.00047374770616787846,0.00042060655535668443,0.00044661179937067303,0.0004658330666853602,0.0008502584129791039,0.0016349383845316284,0.0032257809205177962,0.005488237149734806,0.009168544509105795,0.013865317710588767,0.019758332136715222,0.029963694418030914
0.008263080951982846,0.005760657611998979,0.004662528724204702,0.003304554523454993,0.002370241159045667,0.0015929647446398423,0.001086831265491864,0.0006925442471377468,0.00045529417878713204,0.000355875102525922,0.0003626536759073683,0.0005016144302270139,0.0008371538126085977,0.0015771480734164689,0.002939641323087143,0.005255653895081243,0.008971441870343969,0.01373451943304012,0.019134782893592203,0.02902133217043142
0.00775665760010121,0.005409441276668804,0.004260683335893658,0.00311079583962119,0.0022015036642780337,0.0014571265915436953,0.0009556039507333077,0.0006822515203816997,0.0004461744214416746,0.000339996204693529,0.0003648464256345843,0.0004992635298157471,0.0008324824015253517,0.0014910132564633167,0.002847609408745471,0.005098813514905614,0.008486350451370379,0.013270017982523521,0.018237803059739932,0.027784806123094447
0.0073516041044291444,0.005195479932458761,0.004143959972215477,0.0030709804209468183,0.0021380529374227025,0.0014106857468784769,0.0009272802227279667,0.000622328139735822,0.0004438746985774555,0.0003512596215205817,0.00033996509992828,0.00039304935141209774,0.0007702863725949738,0.0014773234242730572,0.002720850251585469,0.004870197710600471,0.008190787058737155,0.012765068303619334,0.017638654370697487,0.026843689468423325
0.007071714159574817,0.004854111315984694,0.0038593515882846437,0.0030294442104645118,0.002069687378971841,0.001380920711665337,0.0008716850281321663,0.0005984366125777825,0.00039745224080637665,0.00033309207681216216,0.00030825131176176376,0.00043019688564553807,0.0007282860662503207,0.0014577012581847497,0.0026850608768112577,0.004677967709263682,0.008122930171480316,0.012286016568790284,0.01700124542562958,0.02615732559806965
0.0067193082128266576,0.004724637124601434,0.0037724809935856525,0.002783051846764985,0.00206131072254306,0.0012932606998968782,0.0008482434808930619,0.0005376350158523268,0.0003535289074827275,0.00028688927316489687,0.0003128674356955765,0.0004258159684376624,0.0007025398736557714,0.0013610298195421292,0.0026576789754212686,0.004601523223912561,0.007879289644087878,0.011771496082380144,0.016066928782561662,0.025349039203306247
0.006398311541000999,0.004475093536791142,0.003652308369497136,0.002716658295852783,0.0019491769326704423,0.0013509929290136185,0.0007607094688013191,0.0005428801995451551,0.0002787763186853497,0.00026974712617732215,0.0002979633527649083,0.0004017990666072247,0.0007065343137531539,0.0013227767024260328,0.002451425765929473,0.004359971332313788,0.007656755246807334,0.011342923088209566,0.015658877107046717,0.024409293296388874
0.00603799989842617,0.00429883020805706,0.0034512530260536883,0.00253595995733899,0.0018136571657515605,0.001300145024857373,0.0007809898934039087,0.0004875543843215153,0.00031826466754321153,0.00026522055628600954,0.00030585008831280236,0.0003713087788004133,0.0006342721388627121,0.0012899876418506762,0.0023271693066457496,0.004222085536450896,0.007320087353493858,0.010960944862339247,0.014976496944320615,0.02365203063015276
0.0058201607569707626,0.003969266120276548,0.003377882711966937,0.002493064788083849,0.001719977698976816,0.0012459680968965915,0.0007651869290723627,0.0004898099221495658,0.00030584905277081183,0.00022346166955210614,0.0002223330752614389,0.00033293531574682476,0.0006116981055416238,0.0011895383823632315,0.002390362707633135,0.004024567240519243,0.00697922709348598,0.01067650198971173,0.01459159558403626,0.022649758819400102
0.005487024158022687,0.0038400144395372596,0.0030864510888877626,0.0023983168914383703,0.0016537782515750929,0.0011280888482776907,0.0007874060160978273,0.0004546198058559092,0.0002933031005521997,0.0001793661268761528,0.0001974155484485959,0.00031812105521430875,0.0005990151784354534,0.0011630596025742983,0.002202029431838051,0.0040329176325927425,0.006627521983631429,0.010239662475816596,0.014002966873670971,0.02175068108364215
0.005405893235864809,0.00376111186318307,0.0028766752402869895,0.0023182618112901044,0.0015658138170660163,0.0010299625468164788,0.0006779928703578356,0.0004354496638238348,0.00028541130815396427,0.00017485673029195433,0.00019177834935246607,0.000292179955778169,0.0005223139750011281,0.001119083073868507,0.0021197148143134335,0.0038626415775461407,0.006327557420694011,0.009643066648616942,0.013492170930914676,0.021139614638328585
0.005243444003198627,0.0035663088703192214,0.002830940943865038,0.0021497105334688286,0.0014786309073334916,0.0008876296903672445,0.000614686380241611,0.0003902412615845829,0.00028422195930437815,0.00020752714488891095,0.00015790108850243233,0.0002515138766860171,0.0005323522412367716,0.0009722195592078333,0.0020673763944639885,0.0037738360152081304,0.0062213028869958316,0.009511284852435792,0.013000898908339546,0.02033991592894901
0.004876124349061068,0.003478437295700986,0.002784102436935006,0.0020660970716201896,0.001422484726887441,0.0008949705809418608,0.0005726008250862285,0.000346040262404473,0.00022768772966027205,0.00017921954958407548,0.00018147388354110782,0.0002637570729727904,0.0004880633016975138,0.0009761266033950268,0.0019511260398115376,0.0036531481773709957,0.006113753691471855,0.009162740368358164,0.012747131360039684,0.01954732974142789
0.004856913239456305,0.0033814666322508516,0.002794218593783287,0.002055931712408518,0.0013627310527970927,0.0008780541688411381,0.000586120882923481,0.00034716390757775405,0.00022204964218447258,0.00015329315399537194,0.0001690733316125426,0.00024233844197797766,0.0004711510174269519,0.0008960886575464752,0.0018857312252518914,0.003459240364792622,0.005842047184985385,0.008962013731008833,0.01218116996491165,0.01888999976329734
0.004737796789127433,0.00325328712853417,0.0027749952622032103,0.0018725577785598906,0.0013130465387010313,0.0008911570150977783,0.0005583831930043042,0.0003440542906390158,0.00024027398002003428,0.0001928960121287599,0.00015454241907391874,0.00023801788631092595,0.00044445046069433505,0.0008934131088068868,0.0017935944987410996,0.0033785003293896826,0.005632337944788876,0.008502089142774635,0.011887357753291639,0.018088231312775812
0.004540026319973747,0.003270262376533501,0.0026365080814949385,0.0019260717721100748,0.0012675085900771222,0.0008254593309043181,0.0005469231905581889,0.0003687502748711912,0.00020862018608920613,0.00016351311882667493,0.00015223635201104215,0.00023004604303890824,0.0004476876425806205,0.0008965029618428046,0.0016937703757080409,0.0032736454065781903,0.0051997171786882625,0.008291806639534771,0.011306086409353412,0.01725796393464438
0.004530739227654423,0.003167458061344271,0.0025032954418598365,0.0018684506969197066,0.0012550305526081067,0.0008006034971713888,0.0005062971411689487,0.0003112205143933849,0.00020071467957254554,0.0001522274255185036,0.00016801397335005212,0.00019733184789435656,0.00041045024362026147,0.0008840466785667167,0.0015211466446256388,0.0031268640812060007,0.0051340108769314585,0.007849297103957799,0.010900611277684248,0.016907392727588465
0.004400885363870795,0.0032067942543808708,0.0024456880231195884,0.001706005522812327,0.001270765515009578,0.0007509581481777987,0.00047921503449784464,0.0003382694361161258,0.000214237309540213,0.00017590010678038542,0.00012854238572412776,0.00019506870816029918,0.0003890098515335444,0.0008445460255032606,0.001632713811653833,0.002831315180291971,0.004902651694109715,0.007529877647944958,0.010516796768850346,0.016268504747611538
0.004312463640012444,0.0030576212788794147,0.002375519186799013,0.0016956719776676371,0.0011894507556112753,0.0007328369584334869,0.00039122219165603077,0.00027509571978118593,0.0002164687631065069,0.00014543995021218444,0.00013754785989059296,0.00020068458246332415,0.0004306826432639879,0.000860237845053463,0.0014476348532747648,0.0026494874651056847,0.004727362102633252,0.00723253705900127,0.009924867300138446,0.015444820759354383
0.0040717493642118945,0.0029027559836228194,0.002228640225096045,0.001668380138159912,0.0012163393034287466,0.0007372436556463397,0.00041934960229424845,0.00024236603358404146,0.00020854751726998908,0.00014203776851901952,0.00016007431055318079,0.00019840196237577335,0.00040356762801435717,0.0007823350107317427,0.0015421243439207835,0.0026355897047418086,0.004430225637140846,0.0070297422578143335,0.009664204678679001,0.014813637429432033
0.004061689874980689,0.0027784574824965074,0.0022800491191590664,0.001621518611943984,0.001152428387626392,0.0007228048889124432,0.0003766253243319125,0.0002616080097155802,0.00018492979997135833,0.0001285487633947247,0.0001229106597370613,0.0002153755597227405,0.00036196625482198797,0.0007160391645232472,0.0013824630168590576,0.0024164912276745183,0.004322170263964735,0.006532306897768776,0.009208150893695814,0.014098642006353013
0.003841229193341869,0.002684802798867468,0.0021618185424969794,0.0016794106508448896,0.0010944347261546228,0.0006593659266740005,0.0004113992533948889,0.0002581107644587112,0.0001724495500532,0.0001386359127878667,0.00013750879154568896,0.00023556833961515568,0.00035955167625471114,0.0006740185028223118,0.0013006979134731569,0.002337649456276712,0.004137662080034626,0.006482074263764407,0.008960613875313338,0.01334624262862708
0.003681038260044851,0.0026177273305826934,0.0021514024102465327,0.001607356669854347,0.0010216345476929864,0.0006668221083067788,0.00046857769772908796,0.0002737124532407892,0.00015769441750498135,0.00011038609225348698,0.00016895830446962286,0.00019486524448829838,0.0003570652167791367,0.0006499262778598164,0.0012593025626469233,0.002320360714716156,0.00391645349760586,0.0061635989470518494,0.008433272170427112,0.012979376949356435
0.003760131120210422,0.0025863574152196313,0.0021256343390764123,0.0015466327226030282,0.0010115631353951353,0.0006724979864486593,0.00040439996170028245,0.00025345401499321323,0.00017009580561766754,0.0001295431632187534,0.00011715207804130744,0.0001903721268171246,0.00038187071592310793,0.0006465893538049085,0.0012165792719674223,0.0022461658039842963,0.003793924988876184,0.005873374374109389,0.008256968577334453,0.01254541051101961
0.003687034754133827,0.0024970871073229117,0.002035080918693672,0.001481800336701096,0.0009679593073963814,0.0006648381738811002,0.0004191861028538462,0.00024565207102725375,0.0001566313663889369,0.00016001189947646805,0.0001171918137010752,0.00017240718746408174,0.00032227748767795704,0.0005780711579678039,0.0012068503122485733,0.0020643788721189417,0.0037219669293716475,0.005707466696114863,0.007961155421135546,0.012051600457048076
0.003577280051853118,0.0025408928458900094,0.001945617241162013,0.0015011297858358156,0.000991375818081975,0.0006706696794288949,0.0003893485051718082,0.0002666924731957184,0.00017892026682750722,0.00012378131667311834,0.00012603188606717504,0.00012265603197609003,0.00033420955501741936,0.0005716446260904007,0.001024009074295797,0.0021391662090508904,0.003514264108819531,0.005419371100888527,0.007644058946913568,0.011725466543035393
0.0035017965150986093,0.0025218791885834005,0.002030794183571179,0.0013685052318574507,0.0009832963517790569,0.0006577835846952687,0.00039534595586993037,0.00023315274320534344,0.00015994052915535635,0.00011939222598920959,0.00009799173265152107,0.00015656150389151079,0.000291722514445333,0.0005395177004606738,0.0010339817307367404,0.0019710980705765742,0.0033812779473547864,0.005229604766678302,0.00743723460572407,0.011185699965083406
0.0035160927996142543,0.0024649827124498527,0.0019963205513990577,0.0013654291807537584,0.0009880209500998732,0.0005700554170473608,0.00037402845545399927,0.0002681288325242525,0.000138570783195307,0.00011153258159622271,0.00011603894852940341,0.00013406441626212629,0.0003007999927898127,0.0005148524221158967,0.0009722486658337407,0.0019354845978011186,0.0031983939308250146,0.005196967665690664,0.007173009565890409,0.0108197870065669
0.003399261823103271,0.002425309694257847,0.001988438681550306,0.0014232086599544659,0.0010144865527048836,0.0006417950444414911,0.0004087221072495812,0.00022856911231863668,0.0001396185710714825,0.00012835900888829842,0.00011484753426847754,0.00015988578300121383,0.000288244791889512,0.0005415849410111532,0.0010279980273247046,0.001931014914416067,0.0031391659366717187,0.004954207360600993,0.006903237574510153,0.01049728982338251
0.003490385676357929,0.00240611425496029,0.0019726308725739,0.0013905246162264654,0.0009649227498834661,0.0006406546612411809,0.0003918239404427608,0.00022180838007822954,0.00014749694309770605,0.00013060798014758707,0.00011484494806080933,0.0001745192838178964,0.00029274202446872926,0.000526935644043713,0.0009829376436969266,0.0018014893813460278,0.003183006550665762,0.0050013848949619095,0.0066024585826331954,0.010122118461437995
0.003436077803342826,0.002378563199167502,0.0018920389084286949,0.0013886214131503458,0.0009257476087668973,0.000560854390712792,0.0003795339953217087,0.00025227185445715925,0.00014640777267602994,0.00011262136359694611,0.00010699029541709879,0.00014866019994796888,0.00028493204990027375,0.0005022912816423802,0.001077786449622775,0.001779417544831749,0.0030542913807491802,0.004660272025641632,0.006494874038635886,0.009659534355710072
0.0033410581931935667,0.0023343490510583965,0.0018557680830411174,0.0014132214467333754,0.0009290101143864819,0.0005934404003414256,0.0003400740055087486,0.00024097959330752399,0.00013175052531299208,0.00011823765092191592,0.00009571619360345573,0.00015990234696106734,0.00024323173903937,0.0005033545710675844,0.0010112134335988612,0.0017093786104711267,0.0028827465367629013,0.004298220129228121,0.00616975323239216,0.009397078066127504
0.0032698756096545194,0.002389654361203629,0.0018358578724084404,0.001454278584397122,0.0009297477637089952,0.0006134534276288166,0.00038270489063082114,0.00021836690818346875,0.00014407713529630928,0.00009342501741870052,0.00012269068552576344,0.0001271930960037731,0.00025438619200754615,0.0004243521875524106,0.0008847236589288989,0.0017086647764046673,0.0026519197715476916,0.0042491498886216205,0.00580923511925197,0.008977806493151266
0.003301813462747295,0.002335264178872447,0.0017787661063384432,0.001333792951174615,0.0009654227695579769,0.0006229624172293599,0.0003537254954973223,0.00023656800654279518,0.00016221806162934526,0.00009462720261711807,0.00009688023125085898,0.0001227900605388794,0.00021403772020538612,0.0004337080119951245,0.0008448857376528387,0.0015309329566269435,0.002638296530110599,0.003952938737898419,0.005475986094307271,0.008618961038375837
0.0030976647680858397,0.002314528306557417,0.0017913121361397225,0.0012377156719558385,0.0009192851854435638,0.0006132318556508474,0.0003476855842130491,0.00022953999734453716,0.0001395243121113854,0.00010464323408353903,0.00009114088129856621,0.00011814558686851178,0.00022391401701746523,0.00039606901502586806,0.000864150578238258,0.0015336422371598248,0.0025575706566869274,0.0037829091719232106,0.0054819552306989506,0.008382710687337267
0.0032359799535883454,0.002212491513152784,0.001759859661607023,0.001276827163315652,0.0009030118033325868,0.0005787382380460712,0.00035917801154999353,0.00019929312866567042,0.00011484688770564068,0.00007543864192429339,0.00010246143903150293,0.00009908358939310176,0.00019141147950940102,0.00040871980624654434,0.0008467143093592331,0.0015301658861957418,0.002319456751702153,0.003712256752602914,0.0052491783380754576,0.00826559806516773
0.0033238067376285523,0.002275131084456646,0.0017890496658190245,0.0012354569390372887,0.0008472669172086326,0.0005682201768796278,0.00030942682899385676,0.00019015685127258836,0.0000922654544636227,0.00007988838130386845,0.00007088687355131989,0.00009114026599455414,0.00019128203974165685,0.00039044039876679366,0.000789882305286135,0.001418862659495465,0.0023820239890181604,0.003634358755091479,0.00495870558318518,0.007858316267974886
0.0032663622115332636,0.002256390855536939,0.0018003837215586666,0.0013668954583941344,0.0008883694536021184,0.0005494604478553025,0.0003524203282350607,0.00019028445837611913,0.00010471274928389996,0.0000641787818191645,0.00006192689473779029,0.00010246086220252577,0.0001981660631609288,0.0003884505215370478,0.000803923688050586,0.0013612657406906993,0.002290169161757554,0.003538840548379543,0.004832549676629015,0.007483020771406443
0.0031766250805971554,0.002306794691896624,0.0018285567679668356,0.0012614228534712757,0.0009272189395721065,0.0005693844459022887,0.0003420807738227191,0.00019579623238537207,0.00009902338189605017,0.00006751594220185237,0.00005851381657493874,0.0001249044930734269,0.00019917202949546462,0.0003859661362539231,0.0007212953158564562,0.0012659239162847332,0.0022516566724317777,0.0033701707815757985,0.004651848417707629,0.007337857651637992
0.0030724386497026023,0.002253121676448576,0.0018074492569312753,0.0012908744070362227,0.0008778396142007438,0.0006032333759123063,0.00032412539601258246,0.00018569684146554178,0.00009228570303136018,0.00009228570303136021,0.00007427873658621671,0.00010016375085111045,0.00021720903274454313,0.0003455086686661902,0.0006775121124985234,0.0013786583684562974,0.002083180930622535,0.0032513828787512178,0.004542257285787441,0.007035096703036987
0.0031116152715601744,0.002157311564405373,0.0017780658694629562,0.0012930365088689479,0.0009250443953788294,0.0005840608773742241,0.00034210887614983447,0.00018118266138198463,0.00010240759121590445,0.00006414541427809404,0.000058518623551945434,0.00011141045637774218,0.00016430228920353892,0.0003263538621166185,0.0006898445430258181,0.0012345178853170019,0.002066157554641766,0.003196017132452402,0.00439002212454113,0.0067645278109758405
0.0030563295708319555,0.0021972288378975862,0.0016889650534913897,0.0012211824554538271,0.0008602252103334972,0.0006072177955295273,0.0003249739683482102,0.00019565906744840338,0.0001259414687024207,0.00007196655354424037,0.00007533998574162665,0.00007421550834249788,0.00017991638386060085,0.0003339697875412404,0.0006510724140955488,0.0011345976957209132,0.002030806182826531,0.0030776946414154023,0.00439895558539169,0.006600682332885792
0.0031710642357049013,0.0021069185219848457,0.001704207987617213,0.0012475027447310164,0.0008537913284498115,0.0005838177858569861,0.00034984071560987,0.00021260416479185047,0.00013498677129641297,0.00011136408631954063,0.00007986717301704427,0.0000956156296682925,0.00014961033818685767,0.0003138442432641602,0.0006153146991594825,0.0011237648710426377,0.0019708068609276294,0.0029494609528266237,0.004337574917658069,0.006388248951602739
0.0030890768217957166,0.0021786713030952664,0.0017521648858054393,0.0012682657843948164,0.0008890239304985852,0.0005109074233498195,0.0003893699746234308,0.00018905825357438274,0.00012266279547385543,0.00009452912678719136,0.00006189407111066095,0.00009452912678719132,0.00014629507717065328,0.0003432307579773016,0.0006065618968844775,0.0010904609982950995,0.0018680756007944952,0.0029821688807863916,0.004034368089667628,0.006269306730136223
0.0030385285419114367,0.002125844598396557,0.0017027013644118532,0.0012289159880619588,0.000853038753618099,0.0005761950420217238,0.00037587723444385863,0.0001676817602758531,0.00011703961791066266,0.00009228123719879173,0.00007202438025271552,0.00009565738002313775,0.00014404876050543093,0.00031510666360563014,0.0005570635660170964,0.0011006225607368093,0.001882762315043642,0.0028764736863428285,0.003938833295070381,0.006136702273719654
0.003033729991279151,0.002045742256730526,0.001618139364784652,0.0011759079528511553,0.0008810870115621573,0.000537879427237179,0.00031170000281317676,0.00020029819675359363,0.0001316566798885982,0.0000945227445354038,0.000060764621487045295,0.00009114693223056799,0.00011815343066925478,0.00029707148282555486,0.000584015528736602,0.0010138689622190343,0.0017419191492952994,0.0027006498438686805,0.0037572790952823017,0.005839030016597747
0.0030549669082745065,0.00216974637925682,0.0016377142188688074,0.0011585478334030703,0.0007997354461646438,0.0005534034311012721,0.0002969481825421462,0.00019796545502809767,0.00010685635356630271,0.00008436027913129162,0.00006186420469628052,0.00006748822330503329,0.0001248532131143116,0.0002890745564898925,0.000552278627379522,0.0009977009011927411,0.001549979528572263,0.0026050454195742844,0.0038142094204561302,0.005697130850666559
0.0030228242361629272,0.002079739087278142,0.0016734697092979421,0.0011659143368074438,0.0008125387559603997,0.0005289379713315623,0.00030948498322591416,0.0002003211891425915,0.000121543193412359,0.00009228279499827252,0.00005289379713315618,0.0000675239963401994,0.00012604479316837228,0.00030048178371388736,0.0005221855716975422,0.0009678439475428581,0.0016228267120427923,0.0025884198597076443,0.003686810200174887,0.005552723299042397
0.002935641955160038,0.0021483050323201796,0.001637660799506902,0.0012271208325975484,0.0008536981777649301,0.0005612587492815549,0.00033068150759273964,0.000181087492253167,0.00009785473183866796,0.00008773182854501266,0.0000753593911861006,0.00005173928350090488,0.0001484692483069444,0.000319433837266456,0.000506145164682765,0.0009391804722446864,0.0016174149929195911,0.0025554706981316512,0.0035880068340844893,0.005434874301660271
0.002954813306452976,0.002125214294317417,0.0016085440818747819,0.0011976843268822722,0.0008273477258068328,0.0005425600052229845,0.00033544166298018536,0.00018235419262681196,0.00010243352795703639,0.0000776693783410496,0.00005403087188942582,0.00006528730353305618,0.0001294489639017493,0.0002780338615976702,0.0005335548599080804,0.0009117709631340609,0.0015320003466980949,0.0023548454998474754,0.0034253321491567235,0.005341176814902614
0.0029148484020083314,0.0019687320353201777,0.001650359940465543,0.0012228638413674469,0.0007897427935970072,0.0005017454215730276,0.00030037225910313546,0.0001844983164528622,0.00013724874760517804,0.0000708743532715264,0.000058499466192371,0.0000832492403506818,0.00013949872707411543,0.00028462240282057404,0.0004702457090079048,0.0009382414385468726,0.001446736798526713,0.002203854889824131,0.0032748451170383068,0.005255952039437639
0.0029972267492639174,0.002129460386634372,0.0016432411017368836,0.001159272832047254,0.0008081144596212893,0.0005132314673917936,0.0003196441595159417,0.00020259136870728688,0.00013731192767938336,0.00007878553227505606,0.000052898857384680465,0.00008553857789863228,0.00012493134403616026,0.00027237284015090794,0.0004794662392739126,0.0008486327333627468,0.001436147702613879,0.0023579384302320357,0.0032155752244262172,0.004836306174084512
0.0031042592461373903,0.0020245168996548195,0.0015633769391778885,0.0011191079528647474,0.0007220776942102189,0.0005095034197464629,0.00030930119300281967,0.00019570330029996578,0.00012596994042296663,0.00005961077537872526,0.00005398711732412854,0.0000731075547097574,0.00012709467203388596,0.00026881085500972315,0.0004858840559171565,0.0007783142747561864,0.0013530521279359713,0.0021786051303507685,0.003070517297809811,0.004796980320571006
0.002952762548397183,0.001976382399060516,0.0015590586255537133,0.0011563580570484967,0.0007806541747000554,0.00048819007466833407,0.00030371271926371037,0.00017322873617263475,0.00014173260232306476,0.00007986519654712381,0.00005961768192954314,0.0000787403346239249,0.00013723315463026913,0.00023959558964137154,0.0004420707358171782,0.0007829038985464533,0.0013352111028371266,0.002123739310999575,0.0029977570253251415,0.004520820069336489
0.002905253638877985,0.0019244634053891731,0.0015859108133248006,0.0011303832392846977,0.0007670859394946903,0.0004735237251132914,0.000289063176613102,0.00019345862403678438,0.00008548171759764887,0.00006636080708238532,0.0000663608070823853,0.00008548171759764887,0.00012034926030195304,0.00025307087446672363,0.00043303238519861565,0.0007682106989367648,0.001331715179416003,0.002108923953889361,0.002941245941024364,0.00425046593159888
0.0028685140647181774,0.001903343450001237,0.001565871207093217,0.001210400444563435,0.0007739363437357276,0.00045446262044946805,0.0002699777943264165,0.00017548556631217073,0.00008886769063244545,0.00006524463362888402,0.000060745003723443736,0.00008549296820336526,0.0001248647298759677,0.0002114826055556931,0.0004297146559695465,0.0007514381942085261,0.001364512768824765,0.0020720795714552487,0.0028640144348127355,0.004128410438241455
0.0028994504765310976,0.0019850776148477058,0.0015801892628107808,0.0011010713795670851,0.0007929063560723134,0.0005094845096464649,0.00029241936536000227,0.00017095285974892422,0.00011471836641046239,0.00006860608187292355,0.000055109803471692665,0.00008885049947476984,0.00012708995494492402,0.00021594045441969387,0.00043075621897261843,0.0007479187614015435,0.0013361315617218554,0.0020041973425827834,0.0026756371930440202,0.004089372355572953
0.0028774308893723985,0.0020925747890277566,0.0016371783411200504,0.0011030713960431104,0.0007961004570831012,0.0005453513018154019,0.00029572658222154773,0.00016866535107692832,0.00012368792412308067,0.00007758606149538696,0.0000663417047569251,0.00009782590362461836,0.0001450522019261583,0.00022938487746462257,0.0004047968425846281,0.0007263854453046377,0.001308843124356963,0.0018957985461046734,0.0025985708422585413,0.003926529373070891
0.002876927784370426,0.0020255920114444835,0.0016089568652778085,0.001157319850462984,0.000815204811740755,0.0005137371043518609,0.00028227313425926423,0.00017388025070370675,0.00009258558803703868,0.00008016557012963108,0.0000632291820740752,0.00008355284774074224,0.0001321038268333357,0.00022017304472222613,0.000416635146166674,0.0007113282983333458,0.0011990962743333555,0.001831388095074109,0.0025009399695370845,0.0037881054617593304
0.006041114850793634,0.004066469666224635,0.0030060550371435167,0.0021486738436085656,0.0014189136667026318,0.0007808085835575401,0.0004594356598644666,0.00027728566340304924,0.00015662579313561366,0.00009629585800189582,0.0000916550937608406,0.0000904949027005768,0.00014386369147271179,0.00028424680976463196,0.0004954015827326442,0.0008016920226422886,0.001382947743834453,0.0020616595140887793,0.0028958368864184566,0.0045177839886672575
0.01207581344495174,0.006771739365399733,0.0034677858847006705,0.0021480248524655067,0.0012332939301232045,0.0007383835430350183,0.00040161693480949385,0.0001808982794184404,0.00014790425361256132,0.0000887425521675368,0.00007053895172291385,0.00009443117730648145,0.0001262874780845716,0.0002173054803076862,0.00042664688542085055,0.0007247308427015512,0.0011684436035392356,0.001704312091627823,0.0023516776324397273,0.0034052110081722775
0.018794821945308432,0.009596203466710616,0.00460276650006511,0.0022668106423705744,0.001225022731489538,0.0007214150798800103,0.0004586632616489521,0.00021665500801508285,0.0001244613875831326,0.00008182183813335572,0.00005531617225917006,0.0000737548963455601,0.00009910814196434633,0.00019130176239629662,0.00035264059815220944,0.0006442029227682519,0.0008931256979345174,0.0013345026557524786,0.001963724115200538,0.002860307073901254
0.02577966682344197,0.01226447413497773,0.005665975694021054,0.002761567985321187,0.0013436224386108551,0.0007722635450961269,0.00044826124572496976,0.0002624534754762775,0.00013238803630219304,0.00005225843538244463,0.00006038752533082492,0.00006271012245893357,0.00010103297507272627,0.00016142050040355112,0.00026361477404033174,0.00048077760551849103,0.0007687796494039636,0.0011055562329797175,0.001563107867217122,0.0022865968726229658
0.03423534858489682,0.014334583512598437,0.00636936717858546,0.0033565442675695385,0.0016496286874053006,0.000835920986176322,0.0004688172244149726,0.0002455152546811577,0.000113404665257487,0.00008417665874782541,0.000049103050936231484,0.0000420883293739127,0.00008885313978937124,0.0001438017920275351,0.00021044164686956362,0.00036125816045941766,0.0006301558203483047,0.0008826857965917812,0.0011889953048130342,0.0018331805682859764
0.04452161445938878,0.017671149970326757,0.007785553538166838,0.003963875031582904,0.002044809533043065,0.000997726030777908,0.0005018009601203378,0.00025031289111389246,0.0001327951018585439,0.00007638656301597657,0.000059934072520227764,0.00004935747148724639,0.00007286102933831611,0.00009283905351172539,0.00021035684276707399,0.00035020301198093837,0.0004912243590873563,0.0008073472121842434,0.0010470835022651545,0.0016076433570131673
0.056820406613184375,0.02095102856293683,0.009550857312692097,0.00489219018684204,0.002339948247515574,0.0011452065263798496,0.0005578606457030578,0.0002830582557478517,0.00014034971847497646,0.00006014987934641851,0.0000731233827348617,0.000055432241750620974,0.00004599696655902593,0.00009553216131489991,0.00018870550383190103,0.0002924935309394468,0.0005059666321492851,0.0007111838675664776,0.0009293746063721127,0.0014424176949150934
0.07220499737198001,0.025171116583692102,0.011578642760543082,0.005819440261266527,0.0029941711106780283,0.0013252307637793882,0.0006437172604810753,0.00028701521889339706,0.00014527930832875644,0.00007441135304643626,0.0000566943642258562,0.00007559248563447491,0.00005196983387370151,0.00007441135304643626,0.00016417742973737516,0.0002504001086641981,0.00038504922370060664,0.0006283625368365731,0.0008539588611519587,0.0014268081663507135
0.09037723618779951,0.030370990712220783,0.014300719649117825,0.007207136875275013,0.003365223110152209,0.0015116889753161763,0.0007960615652486605,0.00034775943563611616,0.00014903975812976405,0.00006032561638585685,0.00005677705071610057,0.00005204562982309218,0.00005914276116260476,0.00008043415518114248,0.00010882268053919281,0.0002140967954086293,0.0003927079341196958,0.000567770507161006,0.0007676730398906103,0.001269203654549498
0.11145825807758222,0.03656097107455148,0.01695164169063994,0.008471675610504263,0.0040220621240420066,0.0018890427231587155,0.0007958850846160859,0.0003730711334137903,0.0001456753949520515,0.00006869246266031694,0.00003908364254811137,0.000040267995352599597,0.00003789928974362314,0.00006987681546480516,0.00012554139727575167,0.00020963044639441572,0.0004014956007215076,0.0005234839395837946,0.00074022050280514,0.0011263195170683005
0.13452145746492694,0.042763224172404045,0.02002159435560049,0.010004278574298451,0.004743172948032509,0.00218550997405596,0.0009422345061683759,0.0004195610253881826,0.00018726170059698546,0.00009007524838842339,0.00004148202228414236,0.00003437081846400367,0.000037926420374073024,0.00006044523247117885,0.00011970526430566792,0.00019792850632719346,0.0003330413789098285,0.0005392662896938504,0.0007336391941109745,0.001058384168563975
0.16188920137917295,0.049947593324195745,0.023119406595178586,0.011480856149603274,0.005590440642918461,0.0024993953075868745,0.0010896320150248278,0.00047901124490754097,0.00018852175232747292,0.00008655401207487757,0.0000569122271177277,0.0000355701419485798,0.00004386984173658177,0.00005216954152458373,0.00009129669766802153,0.00015887996737032312,0.0003308023201217919,0.0004766399021109688,0.0006710900114298721,0.0010113777027379526
0.1907812293990552,0.058180928409972306,0.026286063160195314,0.013227365537819027,0.006195576386966958,0.0027913352203551285,0.0011676095836634429,0.0005107549552139172,0.00020548978430699448,0.0000950241777142172,0.00003325846219997601,0.00003088285775712058,0.000027319451092837438,0.00004038527552854231,0.00007364373772851832,0.00019242395987128963,0.00028744813758550683,0.0004513648441425311,0.0006806106728780807,0.0009288613371564726
0.22274645814342148,0.0664537279702218,0.02937580712549378,0.014480780917654208,0.006868875341841384,0.003134732983895473,0.0013626177453661497,0.0005080142813734428,0.00019940747493163164,0.00006884305682163478,0.00002611288362199939,0.00002729983287754482,0.00003560847766636281,0.000049851868732907945,0.00007477780309936191,0.00017329459130963228,0.0002480723944089942,0.0003940671528410817,0.0005982224247948955,0.000910390079003342
0.25580865116743023,0.074731684609776,0.03244009661491546,0.015735548731394856,0.0076166183354589535,0.0034366219929557566,0.0015104986783136564,0.0006008744742348352,0.0002564997755626964,0.00008312492726568867,0.000035624968828152276,0.000022562480257829773,0.00003087497298439864,0.00005818744908598206,0.00008074992934381182,0.00016624985453137723,0.0002529372786798812,0.0003930621560706136,0.0005581245116410523,0.0008383742664225167
0.2891858850340055,0.0814150573880429,0.03507851538854137,0.017072794388197175,0.008056877663173142,0.003855147119915491,0.0017151131737308761,0.0006528112425965264,0.0002456944131226928,0.00009139357396351374,0.00003560788595981057,0.000017803942979905283,0.00002611244970386108,0.000053411828939715854,0.000086645855835539,0.00015311390962718537,0.00025044213125066753,0.00040236911134585926,0.00057328696395295,0.0008759539946113394
0.32313185017970125,0.08926010633558082,0.0372008197938634,0.018287343689666436,0.008696943594617878,0.0037603588083286294,0.0017275076484391252,0.000662963733032346,0.00026375976475480415,0.0000902961356818249,0.0000403956396471322,0.000014257284581340781,0.00002613835506579143,0.00004039563964713222,0.00009861288502094039,0.00015326580924941336,0.00022930466034989737,0.00036593697092108,0.0005108860308313779,0.0008613776101226719
0.3556664663304501,0.09601172560748196,0.03967607296672597,0.018796367342187714,0.008813209837537618,0.003942189144310966,0.0018149035891856448,0.0006520825068474604,0.0002719979855520369,0.00011877641290481963,0.00004632280103287969,0.00002494304671001214,0.00002494304671001214,0.000057012678194313475,0.00009739665858195214,0.0001342173465824462,0.00023517729755154296,0.0003610802952306519,0.0004893588211678572,0.0008302471262046898
0.38928990624272347,0.10260790640429203,0.04174408492803071,0.019553358012136653,0.008955174232668204,0.003985753455903665,0.0018022020842342363,0.0007294344625707455,0.00029106098262187725,0.00012949243716646783,0.00004276814438525545,0.00002257207620332926,0.000036828124331747745,0.000041580140374553905,0.00008553628877051088,0.00013424445320927398,0.00023760080214030804,0.00031838507486801285,0.0005441058369013057,0.0008280387954589734
0.4203818326541764,0.10782079764294963,0.04360186758224134,0.020220260653653784,0.009140698323690497,0.004035735924821497,0.0016834376819170056,0.0007603388259893317,0.0002946312950708661,0.0001104867356515747,0.00005227329428676656,0.000019008470649733286,0.00003088876480581659,0.00004276905896189991,0.00007009373552089152,0.00015087973578225796,0.0001960248535753745,0.00030769961864255763,0.0004954082663086738,0.0007924156202107566
0.44845193268179007,0.11406630744007164,0.04496026915894944,0.020362500919420785,0.009284370321334598,0.004089346345213435,0.0017249520121671994,0.000689268995233248,0.00029658734734649245,0.00009609430054026351,0.00004982667435421072,0.0000308450841240352,0.000023726987787719387,0.00004864032496482474,0.00006880826458438623,0.00013761652916877246,0.0002135428900894744,0.00032031433513421165,0.0005255527794979845,0.0007521455128707045
0.47482559794988644,0.11825764047076685,0.04597451594533032,0.020944855732725896,0.009602790432801826,0.004221241457858769,0.001823509870918754,0.0006881169324221713,0.0002716875474563402,0.00010440394836750193,0.000051015565679574775,0.00002135535307517084,0.000028473804100227785,0.000043897114654517844,0.00006169324221716021,0.0001269457099468489,0.00020524867122247533,0.00034761769172361436,0.0005208333333333332,0.0007818432042520875
0.5013583044947855,0.12226991459208805,0.04670126897509322,0.02081943731954929,0.00943882416917141,0.004086168515058638,0.0017451221289305214,0.0007215067050364484,0.00029144605819206293,0.00012084348754305043,0.00006516070406733115,0.000020140581257175083,0.000018955841183223606,0.000040281162514350165,0.00006042174377152526,0.00009122498569426359,0.00023576327471634359,0.0003258035203366558,0.00046086388876712413,0.000693072943261613
0.523442171634943,0.12598206092181993,0.04772031615405109,0.021333885912199174,0.009343713922027177,0.004075663834699979,0.0017868032325863649,0.0007128267369231222,0.00027944702643497806,0.00010301648855865728,0.00006867765903910482,0.00003552292708919215,0.00002249785382315503,0.00003433882951955241,0.000055652585773067715,0.00008880731772298039,0.00016458956217992366,0.00034338829519552403,0.00044995707646310046,0.0006654628341375329
0.5465996843753969,0.12919978136297183,0.04808473251941234,0.02108709081143505,0.009335943382020782,0.00409766577702106,0.0016421490454786363,0.0006971723023403885,0.0002584754454255179,0.00012093805244680204,0.000059283359042550046,0.000033198681063828025,0.000021342009255318015,0.000026084677978722022,0.00005691202468084804,0.00009011070574467605,0.00015650806787233208,0.00027507478595743205,0.0004920518800531652,0.0006912439664361335
0.5659356804830483,0.13320434041806978,0.048117596039688446,0.021207999298556584,0.009290570562600265,0.004034484474640214,0.00168488602729468,0.0007109223743859412,0.0002701505022666577,0.00011967193302163334,0.00005568891932689868,0.00004857969558303928,0.000020142800607601656,0.000035546118719297036,0.0000627981430707581,0.00010545348553391451,0.00017536085234853206,0.0003068814916099312,0.00045143570773507235,0.0007132921156338939
0.5853651602540183,0.1351696476271365,0.04898417538211142,0.02090995994982178,0.008885429956017063,0.0038439168387248853,0.001712882511185265,0.0007095550651452099,0.00029495694694684014,0.00010068811441960406,0.0000307987173518789,0.00003435241550786493,0.000041459811819836985,0.00002487588709190219,0.00004027524576784164,0.00011016464283556683,0.00018597687016326867,0.0002937723808948447,0.0004252592126663279,0.0007012631027812425
0.6032661790252621,0.13917910933801317,0.04903768385726957,0.020855610540538302,0.009139427785139376,0.0038189498065657533,0.001681522085371587,0.000657214617874106,0.00029367427969869954,0.00011486453681763658,0.00004736681930624188,0.00004144596689296164,0.000021315068687808843,0.000023683409653120938,0.00005210350123686605,0.00009118112716451562,0.0001657838675718466,0.00023209741460058518,0.0003611719972100943,0.0006986605847670678
0.6178127282131524,0.1409124856932176,0.049679303190160964,0.02071065797587583,0.009077039434049137,0.0037898918069924803,0.0016120651596264089,0.0007101608632715447,0.0002580251136553281,0.00009823891941923046,0.00005089486186779412,0.000015386818704216818,0.000017754021581788636,0.000021304825898146362,0.00005089486186779411,0.00009587171654165863,0.00015031738272581045,0.00021186465754267764,0.0003562640330745586,0.0006379611755056046
0.632202447163515,0.1422407876363808,0.05015028518685063,0.021110927034766767,0.009221830402574965,0.0036293280950465056,0.0016424869240053955,0.0006094241828982555,0.00027572006721416216,0.00010295126973232664,0.00004615056919035335,0.0000272170023430289,0.000014200175135493337,0.000028400350270986677,0.00004496722126239557,0.00007691761531725556,0.00012898492414739778,0.00023785293351951336,0.000399971599649729,0.0006472913165929047
0.6437985266355344,0.1447956735887354,0.0503186611971441,0.02100396019928744,0.008886791292292986,0.003747285347262636,0.0015317975141114623,0.0005997075981888127,0.00023538818942716707,0.0001230169432182179,0.00005559419549284847,0.00002129139401853771,0.000016559973125529327,0.000029571380581302372,0.00004376564326032751,0.00008398272085089874,0.00013484549545073887,0.00023538818942716694,0.00042582788037075437,0.0006340103996631231
0.6557398774167597,0.145200795134534,0.05043661405210972,0.02106988191305582,0.008900300541922052,0.0037449416664694594,0.0016044678988096645,0.0006519629883806234,0.00027096102420900666,0.00010885770404903331,0.00003668031332086992,0.000013015595049340934,0.000022481482357952528,0.000036680313320869915,0.000040230021061599255,0.00008400974986392787,0.00015855361241924414,0.0002780604396904656,0.00037508578460373424,0.0007217739072816338
0.6656773109998,0.14725415417176996,0.05016777314661166,0.021198116405390946,0.008760108612591076,0.0037617562263856786,0.0014716321061464853,0.0006696752842576705,0.000278736097151341,0.00009684898290851674,0.00003188929925036525,0.000008267596101946545,0.000011810851574209352,0.00001653519220389309,0.00004488123598199554,0.00008976247196399111,0.00015708432593698442,0.00027046850104939436,0.00040865546446764377,0.0006862104764615633
0.6740133785584035,0.14842546839126616,0.05053807125783017,0.021023280203323856,0.00895210740639261,0.0036422558365850647,0.00143965948923385,0.0005834223032662204,0.00021848810952277453,0.00009211931104203469,0.000029525420205780368,0.000023620336164624292,0.000016534235315237007,0.000018896268931699436,0.00005196473956217345,0.00009802439508319082,0.0001570752354947515,0.00026100471461909844,0.00041689893330561884,0.000676722631116486
0.6854740675921762,0.1493590804815175,0.05086559610245251,0.020748291275453495,0.008599200624364402,0.0036941560438001103,0.001488777995884871,0.0005853416266584679,0.00025305678405032747,0.0001005132086181207,0.000043752808457299625,0.000022467658396991698,0.000008277558356786415,0.00002956270841709434,0.0000532128751507698,0.00008632310857791544,0.00013835347539200148,0.000244779225693541,0.00046945580966345816,0.0006763947685831187
0.6930945656632764,0.15041984917821158,0.05100608937946493,0.02091384432420418,0.008631054062009764,0.0037155736086695937,0.0014658960466911518,0.0005461644948155751,0.0002293418008532932,0.00011230655196424165,0.000035465226936076274,0.00001891478769924069,0.00001182174231202543,0.000028372181548861033,0.000043740446554494084,0.00008511654464658309,0.0001725974377555713,0.0002825396412574078,0.00043385794285133363,0.0007506806368136145
0.7011861313868608,0.15156149540486363,0.05073678189175901,0.02077384554290685,0.008738795809538217,0.003543266139707269,0.0013579762490072216,0.0005448451268862751,0.0002044646571612269,0.00010045951363412882,0.000049638818501569536,0.000017728149464846262,0.00001300064294088726,0.000023637532619795017,0.000047275065239590034,0.00006618509133542604,0.00018673650769638063,0.0003486536061419765,0.0004526587496690746,0.0007824023297152151
0.7096405211398782,0.15237333012254137,0.05102090202008396,0.021040131359168403,0.008754130058325456,0.003409105664569029,0.0014413151026450078,0.000574873427508697,0.00022428326740585718,0.00010860031895441503,0.000048397968229684936,0.00002360876499009022,0.000015345697243558645,0.000024789203239594733,0.00005784147422572105,0.0000956154982098654,0.00017352442267716317,0.00031871832736621785,0.00044502522006320067,0.0007295108381937879
0.7163935007804737,0.15378648124497424,0.05100279078567713,0.020870583226905066,0.00871292748687385,0.003564164419847691,0.0013882976207369568,0.0005699824984627027,0.00025661037793860283,0.00009342036800529781,0.00005676174258549736,0.00001892058086183245,0.000014190435646374343,0.000024833262381155103,0.00006503949671254906,0.00010642826734780761,0.0001797455181874084,0.0002968166122699967,0.00042807814199895944,0.0006515775034293552
0.7228785389162746,0.1542521294879785,0.05090585868887755,0.020789657582110415,0.008386924660509566,0.003495240523542411,0.0014035261676771111,0.000602017111451074,0.00018886811339641525,0.00008026894819347649,0.00003659319697055547,0.000027149791300734702,0.000014165108504731147,0.00001888681133964153,0.00005548000831019699,0.00012394469941639754,0.00018768768768768769,0.00029038472434698845,0.00041905112659829634,0.0006350690312954464
0.7287793831199532,0.1553440401671741,0.05080348531553169,0.020660375574424635,0.008320883526541728,0.0033118061990582274,0.0013615991225250097,0.0005141455019951207,0.00018320127082584753,0.00008391800147506567,0.000033094423116927324,0.000020093042606705875,0.000022456929972200684,0.000030730535751432515,0.000060279127820117626,0.0001099207624955086,0.00018674710187408983,0.0002600276102044289,0.00038531364057565375,0.0006358857013181037
0.7353188152301902,0.15621822270356076,0.05070785496384255,0.020558323776769694,0.008571971848784653,0.003335250551249361,0.0013263053714777033,0.0005302859410449588,0.00019723330101226747,0.00006968122610613039,0.000029525943265309495,0.000015353490497960943,0.00002007764142041046,0.00003661216964898378,0.00006613811291429328,0.00010747443348572653,0.00016888839547757033,0.00027045764031023505,0.00036375962102861304,0.0006353982990694604
0.7396182221083613,0.1564500724289494,0.050839573714017205,0.021049847881497493,0.00833375637663999,0.00333279419907277,0.0012880192954971275,0.000487582006453083,0.00021840840482765215,0.000090905119847185,0.000034236993189199525,0.000022431133468785895,0.00002715347735695135,0.000029514649301034077,0.00004604285290961316,0.00008382160401493678,0.00014875383247721173,0.00025264539801685165,0.00037660692508119473,0.0006434193547625428
0.7441049828132064,0.15672609572448262,0.051189859496632836,0.02051913203446091,0.008526726555926994,0.003388978503822633,0.001286207022690344,0.00046846255780556595,0.0002501613658810578,0.0000873204767698032,0.00005074027704191262,0.000016520090199692487,0.00001534008375685731,0.000020060109528198022,0.00003894021261356086,0.00010266056052666048,0.00016402089555408973,0.00023482128212420038,0.0004271623323063345,0.0006242234082598091
0.7477164904123313,0.15766021188322799,0.051131477228695904,0.020581119522175912,0.008272849271828605,0.0031919518395660245,0.0013171821987846492,0.000499702305009782,0.00019019402152854558,0.00010395698071125474,0.00004489051439804182,0.0000141759519151711,0.000010631963936378328,0.00002244525719902091,0.00004961583170309885,0.00008269305283849809,0.00014884749510929654,0.00025398580514681557,0.00038156937238335555,0.0005942086511109223
0.7517069549340293,0.15842430208115724,0.050942498781378784,0.020529489453762616,0.008252396818483868,0.0032787697885795462,0.0012144903212557066,0.0004803669200690695,0.00019592360867681948,0.00008497891460681324,0.00003776840649191697,0.00002714604216606532,0.000014163152434468864,0.00003304735568042735,0.00005311182162925824,0.0000885197027154304,0.00017585914272798842,0.00028916436220373934,0.0004012893189766179,0.0006090155546821613
0.7556378284060132,0.15858288687981528,0.05122508104636587,0.020132318669824293,0.008108178304365998,0.003379981724723335,0.0012455049666724124,0.00048285453210333303,0.00018889174850008145,0.00008027899311253465,0.00002833376227501221,0.000022430895134384673,0.000015347454565631617,0.000024792041990635686,0.00004722293712502036,0.00009444587425004072,0.0001534745456563162,0.0002703513150407416,0.00038840865785329243,0.0007012606163065523
0.757671804196101,0.15920091784551563,0.05106989610564182,0.01974240425057749,0.008090105450827932,0.003295706855424002,0.0012935207228623002,0.0004669409355090896,0.00017215499137456333,0.00006956948281574814,0.00003065773818999071,0.000023582875530762092,0.000005895718882690523,0.000014149725318457255,0.00004716575106152417,0.00008843578324035784,0.00015210954717341548,0.0002617699183914593,0.0003997297402464175,0.0006980531157105579
0.7614413547262305,0.15928366349830964,0.05120211192344985,0.020613193859568425,0.008333746187001483,0.0033606288587073184,0.0013612375229723568,0.0005390689324075973,0.00018165561398417933,0.00005779951354042072,0.00003538745726964534,0.00002005289245279903,0.000008257073362917248,0.00001887331054381085,0.00005544034972244438,0.00012621526426173508,0.00018401477780215575,0.00025714885615942283,0.00037156830133127603,0.0007006716539389778
0.765965859398697,0.15909501322496847,0.051675929849243636,0.020495455355551605,0.008272539394590333,0.0033389947135534404,0.0012923998626161246,0.0005417456958363484,0.00021362956633198024,0.00008734026468821293,0.000037768763108416404,0.000022425203095622246,0.000009442190777104104,0.000021244929248484233,0.00007553752621683282,0.00010740492008955918,0.00015697642166935568,0.000280905175618847,0.0004201774895811327,0.0006208240435945949
0.7677425813708341,0.16055097197439483,0.05123638911954017,0.02070797189783816,0.008190378601840893,0.00338026841922395,0.001368596481929697,0.0005217626863122686,0.0001837358443898732,0.00007655660182911386,0.000049467342720350525,0.00001884470198870496,0.000020022495862999017,0.000027089259108763373,0.00004240057947458616,0.00009304571606923073,0.00011895718130370002,0.00023909215648169416,0.0003615827194082764,0.0005688744412840309
0.7693596164794995,0.16108780445829615,0.05200441798265104,0.020994847651502734,0.00833735093139514,0.003378318644051814,0.0013897549481287806,0.0004632516493762603,0.00018860118040763777,0.00008604928856098477,0.00004715029510190947,0.000029468934438693418,0.00002475390492850247,0.000025932662306050208,0.00007779798691815064,0.00009901561971400987,0.00011316070824458271,0.00023575147550954724,0.0003477334263765823,0.0005316195772740291
0.7720311704714689,0.16106353799460849,0.051979848059268224,0.020762248572021042,0.008249759647105396,0.003327238109600919,0.0012771693026938375,0.00046185458178596325,0.00018379927234339358,0.00007304842875186158,0.00004477161762210869,0.000028276811129752854,0.00002002940788357494,0.000023564009274794047,0.00008011763153429977,0.00008718683431673799,0.0001319584519388467,0.00022267988764680376,0.0003452127358757328,0.000565536222595057
0.7752071770250263,0.16094396045794235,0.052081797323361316,0.020832718929344515,0.00837319586412726,0.0032546699618381373,0.001318855026217847,0.000509611244477737,0.00019936180628874443,0.00007431830648633662,0.000028311735804318727,0.00002477276882877888,0.000017694834877699204,0.00004600657068201792,0.000060162438584177274,0.00008493520741295614,0.00013566040072902718,0.0001946431836546912,0.0003149680608230457,0.0005107909001362504
0.778182131220423,0.1604352866120357,0.05186363566680386,0.020490735182955522,0.00852601377605711,0.0034422453958935987,0.0013125108344054727,0.00046816424192180835,0.00020990739310348074,0.00010141593149943452,0.000029481375435882142,0.000011792550174352855,0.000023585100348705706,0.00004245318062767027,0.00006603828097637598,0.00007783083115072885,0.00014976538721428126,0.0002158036681906572,0.00030424779449830363,0.0004858530671833377
0.7789177652524583,0.16170553970237958,0.05157889771950098,0.020542178619437298,0.008488786170789802,0.003487960757493573,0.0013017946843383718,0.00053533948069712,0.00021696578072306197,0.00010022875739924066,0.000036554017404428934,0.00002004575147984812,0.000016508265924580806,0.00004362898851496356,0.00005188312147725397,0.00008961630073343868,0.00015918684998702924,0.0002417281796099332,0.0002983279484942103,0.00048581468292337794
0.7805794700423851,0.16290249497323783,0.051472392927605186,0.020623884908385483,0.008436936554237107,0.0033971944530977074,0.0013404699196662045,0.0005250960512776945,0.00025605807444328024,0.00009203930786440489,0.000041299689426335525,0.000023599822529334586,0.000014159893517600749,0.00003067976928813496,0.00005073961843806935,0.00006961947646153701,0.00014395891742894097,0.00023127826078747892,0.00034809738230768514,0.0005144761311394939
0.7845074145042992,0.16178934501279013,0.0510850378984529,0.020487818691535854,0.008393822976939998,0.0033780594859402872,0.0015043750766936318,0.0005781519902587287,0.00021002255972664042,0.00007315392529804323,0.000036576962649021616,0.000023598040418723635,0.000017698530314042722,0.000024777942439659814,0.000028317648502468356,0.00008259314146553272,0.0001663661849520016,0.0002041230496219594,0.0002819965830037473,0.00039880688307642923
0.785784096689715,0.16246561599186088,0.05168199031595607,0.020855313977805826,0.008104970137724439,0.003377169018595625,0.001371827721988808,0.0005510861578461479,0.00021666635265745986,0.00007182960604404923,0.000029438363132807053,0.000025905759556870207,0.000018840552404996514,0.000015307948829059668,0.000041213708385929885,0.0000659419334174878,0.00014365921208809847,0.00018016278237277918,0.00024139457768901788,0.00043097763626429535
0.7876732050516515,0.1631673601555807,0.051796895466871856,0.020740943538280352,0.00835018869349521,0.0033549443832118267,0.0013547225296965091,0.0005475533569505055,0.0001982520775165625,0.00006608402583885409,0.000033042012919427036,0.000011800718899795375,0.00001652100645971353,0.00002006122212965214,0.00004366265992924289,0.0000885053917484653,0.00012980790789774913,0.00017583071160695107,0.0002832172535950891,0.00041420523338281764
0.7893951950882815,0.16308618732294575,0.051546877891959664,0.02057513230070603,0.008288761542787149,0.003261983101819378,0.0012696623782650779,0.0005234262729337925,0.000215736504384874,0.00007191216812829133,0.00003654552806519722,0.000021219984037856447,0.00001768332003154704,0.00002121998403785645,0.000050692184090434853,0.00009077437616194149,0.00012849879222924185,0.00021337872838066765,0.0003065108805468154,0.0004255785687592323
0.7902873553740427,0.163217946694247,0.051863910831957044,0.020496775880713473,0.008016124130359494,0.003148728846502707,0.0013181547247424353,0.0005442247389017019,0.00022028144193640323,0.00008717019627429871,0.000032983317509194107,0.000020025585630582133,0.000023559512506567217,0.000017669634379925414,0.00003651724438517919,0.00008952614752495542,0.00013311124566210477,0.00020614573443246311,0.0002827141500788065,0.00044409681074879194
0.7924969351188232,0.16259548283666553,0.051622029422859296,0.02062665032063372,0.008039419087136929,0.003141503206337233,0.001302574500188608,0.0005269238023387403,0.0002286872878159188,0.00012377404752923432,0.00003536401357978122,0.000012966804979253112,0.00000943040362127499,0.00000943040362127499,0.00003300641267446247,0.0000766220294228593,0.00014027725386646551,0.00018860807242549978,0.0002864485099962279,0.0003937193511882308
0.793447642664693,0.1633198107625834,0.05146041406881658,0.020460647433343783,0.008062862274856275,0.0032246734664532588,0.001296469595430769,0.0004738007066937903,0.0002239356573925873,0.0001225753072043636,0.00005421600126346857,0.00001767913084678323,0.00000825026106183217,0.000020036348293020987,0.00002710800063173428,0.00007660956700272728,0.00014850469911297903,0.00019329183059149657,0.0003123313116265036,0.00037361896522868543
0.7940478673940947,0.16285922054901247,0.05201957879427534,0.020456846390380787,0.0082077247371442,0.003212845725654092,0.0013141316889597613,0.00048793768540748107,0.00019093213776814476,0.00007896576068188703,0.000042429363948476604,0.00001414312131615887,0.000008250154101092674,0.000018857495088211827,0.00003653639673341041,0.00007307279346682085,0.00010607340987119155,0.00019800369842622417,0.00031704163617056144,0.0003759713083212234
0.7976952353604376,0.1625868817654798,0.05114167288441576,0.02031850566893958,0.008339237252829767,0.0032434289964435262,0.001281601660786284,0.0005095808256386236,0.00019771265290366942,0.00008591085513076105,0.00004472071910916329,0.000017652915437827606,0.000007061166175131043,0.000020006637496204623,0.00004825130219672881,0.000081203411014007,0.00013651587938586684,0.00021889615142906238,0.0002742086198009222,0.0004001327499240924
0.7966594540886839,0.163892296354548,0.051496158654740394,0.020630013585388997,0.008433771817263567,0.0032621414999493793,0.0012361055846073065,0.00048031531287598243,0.00020013138036499266,0.00007534357849035015,0.00003531730241735162,0.00002589935510605785,0.000015304164380852373,0.000027076598519969578,0.00004708973655646883,0.00006710287459296808,0.00014480093991114167,0.00018129548574240503,0.000223676248643227,0.0003767178924517507
0.7983204071940126,0.16400189030792928,0.051765446255269354,0.020581257903290254,0.008322540272161913,0.0033551787248435262,0.0012880963632785297,0.0005173598384988786,0.0002038798452398768,0.00005774631454771081,0.00003181939781200392,0.000023569924305188094,0.000011784962152594047,0.00003064090159674452,0.00003889037510356034,0.00006599578805452666,0.00012020661395645927,0.00015556150041424143,0.000247484205204475,0.000364155330515156
0.8000965751165969,0.16395157111226272,0.05210934187591274,0.020443303340085733,0.008252461487727888,0.0031964008102887778,0.0012896311301644117,0.0004981862722004989,0.0002190606303292975,0.000060065011541904214,0.00002708814246007444,0.000016488434540914877,0.000021199415838319126,0.00003179912375747868,0.0000529985395957978,0.000051820794271446765,0.000075375700758468,0.0001566401281386913,0.00024968200876242523,0.0004310547887124888
0.8021427821980255,0.16314075094047348,0.05160077949361213,0.02069454154057268,0.008448050853352162,0.0031158524149329844,0.0012979771126905852,0.0005081091149588033,0.0002180978799707161,0.00007073444755807002,0.000011789074593011672,0.000017683611889517512,0.000022399241726722176,0.00003536722377903502,0.00004479848345344435,0.00005894537296505836,0.00007073444755807005,0.00017329939651727162,0.000246391658993944,0.0004090808883775051
0.802630554723417,0.16442736135452818,0.0515543436468754,0.020485161850351822,0.008466980075057617,0.003336549189627804,0.001186485855343078,0.0004847372629681961,0.00019578196022559743,0.00008255865792645673,0.00002358818797898765,0.000008255865792645674,0.000012973503388443203,0.00002830582557478517,0.00004481755716007653,0.00005189401355377282,0.00008727629552225426,0.00014742617486867277,0.00023234365159302832,0.0004092550614354356
0.8049528671547885,0.16368337381372422,0.051462538256031726,0.02072218902869453,0.008202140334378634,0.003185400190204806,0.0012821736614660871,0.0005055629602655801,0.00020387503992061855,0.00007895738540278286,0.000036532521604272654,0.000008249279071932537,0.000008249279071932535,0.000009427747510780042,0.000030640179410035125,0.00004242486379851018,0.00008956360135241038,0.00015791477080556566,0.00018737648177675334,0.00035000512633770903
0.8047723495079614,0.1639888653835257,0.05170891335965092,0.020747549251081354,0.008472555389758798,0.003301900156772379,0.001186417467842774,0.00046394235309672684,0.00019242392762027093,0.00007791398296280907,0.00004013750637478042,0.00001416617872051074,0.000005902574466879475,0.000012985663827134844,0.000020068753187390212,0.000027151842547645582,0.00006610883402905011,0.000134578697844852,0.00023020040420829947,0.0003624180722663997
0.8054854464499379,0.16425335472561572,0.05166802038475459,0.02080678454427248,0.008514867125398309,0.003337337509622401,0.0012354396715239405,0.00047272071400868344,0.00016975506936970177,0.00006955242425564174,0.0000341867848036205,0.000012967401132407774,0.00000707312789040424,0.000008251982538804948,0.000022398238319613428,0.000028292511561616956,0.00008016211609124806,0.00014028370315968412,0.0002723154237805633,0.0004137779815886481
0.8068364382156896,0.1648677797488198,0.051451269750528945,0.020827562632971666,0.008221406302488821,0.0033286381932943975,0.0012894936910283555,0.0004620489276810925,0.00019094879154167587,0.00004361176103112348,0.00002593131736985719,0.00001532305117309744,0.00000707217746450651,0.000007072177464506509,0.000016501747417181857,0.00005068393849562999,0.00009429569952675346,0.00016383877792773414,0.0003147118971705397,0.0004785506750982738
0.808642310086586,0.16486318877214157,0.05131010544981228,0.02047688215653355,0.008330818132085796,0.0032964856350568743,0.0013558506725019335,0.0005281922619833617,0.00017920808888721205,0.0000624870309935674,0.000027117013450038665,0.000016506008186980063,0.00000707400350870574,0.00000471600233913716,0.00001886400935654864,0.000037728018713097277,0.00010493105204580185,0.0001980720982437607,0.0002794231385938767,0.0005281922619833619
0.8091992523117758,0.16491687507808064,0.05172413793103448,0.020173674868765635,0.0081852060503346,0.00322929655549558,0.0012893614714277967,0.0005916448433791171,0.00017560773239738738,0.00006482164618695508,0.000023571507704347295,0.000010607178466956283,0.0000070714523113041885,0.000004714301540869459,0.00001767863077826047,0.00004950016617912932,0.00011078608621043226,0.00019092921240521308,0.00030996532631216684,0.0004832159079391195
0.8108591463673249,0.16475336830051046,0.05190528701831773,0.02016739004425092,0.008137408753104407,0.0032410614564630414,0.0013089128600983057,0.0005655069062530932,0.00017318649004000972,0.00007304464205769117,0.0000247409271485728,0.000018850230208436417,0.000008246975716190935,0.000004712557552109105,0.000021206508984490975,0.000057728830013336545,0.0001142795206386458,0.00018968044147239148,0.00028628787129062817,0.0005395878397164926
0.8114394493033782,0.16539993870671157,0.05191659397911312,0.020321082533770244,0.00811428840849619,0.0032061104693651425,0.001251797543553595,0.0005327801221150895,0.0001921308847450435,0.00006836559089087438,0.000030646644192460915,0.000009429736674603362,0.000008251019590277942,0.000008251019590277943,0.000025931775855159245,0.000058935854216271005,0.00012376529385416913,0.00021099035809425017,0.00032414719818949053,0.00046205709705556463
0.8130286571048687,0.16476656576800858,0.051936877045083776,0.020327071958659838,0.007880939583392272,0.0031448320084490845,0.0012282289928050773,0.0005056720133525701,0.00021452752081624197,0.00007190208115269646,0.000031825511329882035,0.000011787226418474826,0.000015323394344017275,0.000007072335851084895,0.000018859562269559722,0.000045970183032051824,0.0001379105490961555,0.00020981263024885197,0.00028407215668524335,0.00046088055296236567
0.8137714275605458,0.16523590218359152,0.051513418208193044,0.01989704156666647,0.00801849241964112,0.0031099815429612653,0.0012288967644162447,0.00048118030698831855,0.00019931243108094562,0.00008019671783138635,0.00003302217793057086,0.000011793634975203882,0.000005896817487601941,0.000015331725467765047,0.000025945996945448534,0.00006250626536858056,0.00013562680221484465,0.000194594977090864,0.00028540596639993395,0.0005295342103866543
0.8144870615431792,0.16539405090463047,0.051666548722666496,0.020426721392682763,0.007919939612671902,0.0029828037647724862,0.0012266176019625882,0.0004670582407472938,0.00016748048026796894,0.0000636897601019036,0.00002476824003962919,0.000011794400018871039,0.000009435520015096832,0.00000589720000943552,0.000035383200056613124,0.0000613308800981294,0.0001155851201849362,0.00021465808034345292,0.00030311608048498573,0.0005260302408416484
0.8150040013341711,0.165186153380155,0.051602478352133885,0.020373214279400382,0.00810756340553021,0.003066707367522837,0.0011220236025679246,0.0005280111070907883,0.00017089645207179525,0.00005421542617450062,0.000017678943317771937,0.000010607365990663159,0.0000011785962211847957,0.000009428769769478364,0.000023571924423695912,0.00006128700350160936,0.00011078804479137076,0.00021332591603444797,0.0002604697648818398,0.00047143848847391835
0.8147278787379132,0.16611233467205289,0.05161058569964784,0.020144393277350507,0.008017006842780922,0.003254148656765635,0.0012142697304109206,0.0005241028419329385,0.00019079698964749684,0.00007184331091664997,0.00002355518390709835,0.000008244314367484424,0.000008244314367484422,0.000017666387930323762,0.000030621739079227855,0.00006124347815845571,0.0001330867890751057,0.00018844147125678684,0.0002379073574616934,0.00038041622009963845
0.8157361823341686,0.16668021426408852,0.05111331799509694,0.020148222496315645,0.008122668193421993,0.003035839874466784,0.001352403638295641,0.0005277672734812259,0.00020026883145492943,0.00007186116893382764,0.00002356103899469759,0.000008246363648144156,0.0000070683116984092775,0.000012958571447083675,0.00004830012993913006,0.00009306610402905546,0.00010955883132534378,0.0001932005197565202,0.00018848831195758067,0.0003757985719654266
0.8162488880510393,0.16642886177664387,0.051527272941495283,0.02043511814641791,0.008090864639728535,0.0030598478912734805,0.0012359570419506675,0.0005172403635999457,0.00020736743506512642,0.00007894101221229243,0.00003181204969749097,0.000011782240628700359,0.0000070693443772202165,0.000022386257194530686,0.000044772514389061366,0.00009543614909247292,0.00011900063034987365,0.00014963445598449457,0.00018380295380772567,0.00037349702792980146
0.817101748772042,0.1660455696321841,0.051745649866217706,0.020201068137663217,0.00805992692929862,0.003216430422012166,0.0012170595699408668,0.0005207554016591126,0.000195577820532608,0.00007893803599810075,0.000043592646745219817,0.00001649451498467777,0.000008247257492338885,0.000023563592835253962,0.00003887992817816904,0.00007658167671457537,0.00009896708990806663,0.0001272434013103714,0.00017554876662264206,0.00032871212005179266
0.8175334054552922,0.16501253109229447,0.05138277572228885,0.020386421452005754,0.007953035184764456,0.0031830975635883775,0.0012301541989459517,0.00050383349009461,0.00022013285665348624,0.00007416240625224399,0.000034138250497064705,0.000022366439980835493,0.000014126172619475046,0.00002589798313570426,0.00006003623363276894,0.00008004831151035861,0.00010947783780093163,0.0001377301830398817,0.00018599460615642145,0.0003084214355252052
0.8182605570318349,0.1657956292974941,0.051327767335804055,0.02030980255831629,0.008087390482026386,0.003185227520460049,0.0012832825637369568,0.0005114275782018732,0.0002180048432427335,0.00010134279199391937,0.00003417373218399609,0.00002003287748717012,0.000017676068371032456,0.000016497663812963627,0.000032995327625927254,0.00006716905980992334,0.00011430524213267656,0.0001437653560843973,0.00018854472929101288,0.0003134556124463089
0.8199279018446565,0.1651278810969858,0.0513115828586518,0.020291457618167415,0.007905334037496698,0.0032524331359161046,0.0013096967067788292,0.00046682258855483045,0.00021926515523029927,0.00010255950809159156,0.00004008072730016221,0.00002121920857067411,0.000021219208570674113,0.000018861518729488096,0.000038901882379569204,0.0000754460749179524,0.00011670564713870761,0.00014735561507412575,0.0001673959787242069,0.0003489380964955298
0.8212608350617938,0.16557023879291136,0.05114750541531997,0.020010447410964124,0.008228220508762974,0.003212048246756998,0.0012994409573884775,0.0004563372509159178,0.00018512906561705188,0.00008372078763573677,0.00003537498069115637,0.000011791660230385458,0.000017687490345578183,0.000012970826253424003,0.00004009164478331056,0.00006485413126712,0.00011437910423473895,0.00014267908878766404,0.0002157873822160539,0.0003466748107733324
0.8204922153229635,0.16617105284895353,0.05174916276665792,0.020348487315826363,0.0081280666104971,0.0032356502099278543,0.0012331343797865077,0.00045195260043849985,0.00019470542838734362,0.00008142227005288914,0.00003422095408019977,0.000018880526389075732,0.000009440263194537864,0.000020060559288392964,0.000027140756684296362,0.00008378233585152353,0.00011682325703240608,0.0001498641782132886,0.0001852651651928056,0.0003622701000903905
0.8201330208608402,0.16589766683013313,0.05177486891244482,0.020485967030065257,0.008077445395903278,0.0031321909540156178,0.0012990871024934924,0.0005069033158549928,0.00014971330491531185,0.00008369798936210343,0.000044796106982534223,0.000015324983967709084,0.000011788449205930062,0.000012967294126523067,0.00003654419253838319,0.00006365762571202233,0.00012613640650345164,0.0001508921498359048,0.00020040363650081103,0.0003206458184012976
0.8210207259867642,0.16581849624095568,0.05162648459274859,0.019963811395169666,0.007896231060472195,0.0031323405027294587,0.0011897946249555301,0.00047591784998221234,0.00020733054850710221,0.00009188512945201128,0.00004358653576569762,0.00001531418824200187,0.00001531418824200187,0.0000235602896030798,0.000034162419924465706,0.00008481704257108728,0.000117801448015399,0.00018966033130479238,0.00022028870778879618,0.00030392773587972945
0.8203765232241966,0.16660911052782312,0.0514528308780631,0.019680663612459,0.007969855512483396,0.0031327826016239076,0.0011786240036207325,0.0004726282254519138,0.00019800883260828297,0.000101361664311383,0.000033001472101380515,0.000008250368025345132,0.00001650073605069026,0.000017679360054310996,0.00005185945615931224,0.00007425331222810617,0.00011314790434759036,0.0001756149765394892,0.0002192240646734563,0.0002628331528074234
0.8216784245426781,0.16673040827974153,0.05130591855587004,0.019912095412369022,0.007939655324582096,0.0032549409556534886,0.0012156015933441986,0.0004507022364480427,0.00019063645510334953,0.00010120206875856835,0.00003294951075860365,0.00001412121889654442,0.000010590914172408317,0.000023535364827574032,0.00005766164382755638,0.0000647222532758286,0.00010943944644821923,0.00014591926193095896,0.0002153485881723024,0.00030595974275846244
0.8221002046097222,0.16640962913604787,0.05142084852994154,0.01999830472956904,0.007983075550197666,0.0031562639065152534,0.0011772711326054658,0.0004956311468269011,0.0001860088389516636,0.00006945899682372251,0.000037672676243374904,0.000012949982458660125,0.000028254507182531176,0.00002236815151950385,0.00004826811643682409,0.00005297720096724596,0.00011890438439315205,0.0001648179585647652,0.00022603605746024944,0.00027665871616228447
0.8233179842898023,0.1654634743796593,0.051809499134408146,0.020213630421725772,0.00788454064748625,0.003028982605725862,0.0012130062534594234,0.0004698927137187476,0.00017665139613486726,0.00007066055845394698,0.00003297492727850859,0.000020020491561951643,0.000018842815587719194,0.00002590887143311389,0.00003297492727850859,0.000047107038969297984,0.00009303640196436354,0.00013896576495942906,0.00021198167536184092,0.000267332446150766
