0.04238835030219448,0.04559282845901108,0.04668802985437879,0.04745872713260052,0.04457875309292987,0.047661542205816754,0.04324017360970269,0.04680971889830852,0.04620127367865982,0.047337038088670735,0.04977081896726565,0.04875674360118445,0.043929744858637876,0.04733703808867076,0.04717478603009778,0.04782379426438974,0.04624183669330305,0.048918995659757436,0.045592828459011095,0.045755080517584076
0.04337916493437073,0.03451847122408978,0.03330091465225396,0.03231721803171584,0.03200540476331888,0.029017194274514456,0.026025271722991034,0.023419403694244827,0.022242679812318106,0.021648749777276224,0.020434905268159408,0.018345013957355823,0.01609921601235374,0.0147517372453525,0.013883114569103754,0.012509651363069427,0.011863752449961391,0.011184444972382255,0.010397487675951769,0.010772406010571953
0.04258615538886584,0.03337833800748946,0.032002723438943795,0.03149092071226266,0.029605819266477856,0.027417341543791576,0.02457116257957838,0.02205615008557064,0.020550847948273186,0.019036282413207747,0.017947833175469597,0.016333686114398328,0.01536334519820197,0.014142892542270045,0.013600983772842959,0.01283906930642625,0.01209104993666152,0.011581563059422378,0.010863649732403599,0.013052127455089883
0.04058293577448977,0.03195502182138401,0.030780247534812608,0.029007441527400115,0.027015937835667074,0.024757352016179755,0.022547150640126176,0.020542099304231703,0.018765422541344504,0.017625485054045417,0.016499095210907793,0.015508181809384647,0.01458113587319405,0.013857304599425194,0.013139279458868381,0.01372763429102275,0.012905098752649046,0.012788976088408052,0.013195405413251534,0.017412593502936922
0.03912149432835716,0.030322303750471853,0.028933048587734225,0.026861231335115573,0.024749770324751327,0.02285376451952628,0.02073196165931534,0.018639460707003338,0.01726916560231795,0.01578855743260131,0.015031878752152396,0.014290712846473515,0.013677096422237052,0.013237567803753066,0.01354954694079463,0.013970115501226378,0.01416488700667222,0.014666466724236295,0.01603848547056279,0.02166617542879894
0.03774990236958465,0.02864035474483819,0.027172749146521215,0.02468632292362151,0.02267072725211322,0.020566949269976445,0.01889148536803518,0.016716846600571923,0.015310653682871213,0.01435167105478641,0.013769037930991044,0.013203726332497702,0.01305098197301621,0.01298799460828157,0.013444653002607679,0.014398911578337384,0.015512213250022049,0.016378289515123268,0.018842670160365834,0.026889306005215344
0.03604207494398153,0.027761149904062445,0.025485285917304916,0.023076236321032933,0.020266166318091142,0.018820151129077336,0.016937989658356953,0.015377815375473643,0.013890819998916951,0.012766791997740237,0.012349672231678566,0.012310155622262195,0.012267711856592757,0.012755083372727976,0.013732753561251478,0.0149841128594365,0.016775532486311886,0.018376686956738098,0.02167412847581511,0.031564989454919604
0.0354373622017985,0.02641734309928627,0.02379969336889594,0.021081576535288735,0.01877083316130062,0.016272918197757804,0.015152641183805252,0.013609851831666674,0.012239095190515902,0.011422972009589792,0.011332138738188237,0.011354158925194677,0.01169409556210656,0.012489574817714138,0.013695180056316633,0.015065936697467402,0.01744411689416273,0.02030536494331178,0.02408457953829173,0.03553507678163959
0.03455641232490653,0.025318494693501236,0.022881329296273394,0.02010628712715691,0.016848002598246186,0.015288269128016008,0.013367086087858436,0.012175350187010863,0.01078193590294293,0.010224046349359342,0.009960816771260038,0.010428343932361781,0.011085763077664502,0.012197613385158566,0.013492807677398402,0.015654957097507572,0.01830951607664826,0.02195937097298034,0.02634784020785971,0.038885949564689014
0.033676615812491206,0.025239827485439046,0.022105947318567493,0.018621898869384715,0.015665622039944378,0.013603659888349221,0.012342802152401298,0.010535278824643788,0.009492331566537011,0.009268123098006812,0.009124528910296461,0.009585541828734964,0.010371531066728472,0.01176464660714646,0.01357468913117959,0.015684516012011533,0.01894057719825068,0.02282139906084363,0.028005904996070047,0.041963511961143944
0.03327356290888171,0.024517297724032005,0.021179537707386037,0.01762758333690324,0.014834488962870943,0.01270723303733713,0.010822322723573004,0.009392728407679166,0.008522487347233524,0.008255662380739643,0.008260558251684483,0.008824807378077518,0.009597131019626323,0.011260503173136354,0.013045048132531227,0.015554181991762703,0.019434159715549907,0.02378536501777813,0.029272412379209658,0.04467971824262714
0.032593867097652024,0.023840976964120963,0.020386614977220885,0.0169094558809943,0.01408861356380011,0.011697316780232269,0.009795557923255331,0.008696497284144372,0.007752217018882005,0.007435457184029065,0.00733946935528575,0.008125369703121643,0.009096046621288418,0.010588657358246972,0.012647596284791089,0.015239267660860607,0.01941953760263199,0.02467127168275064,0.030542127258263652,0.045885781682882584
0.03175444177820143,0.023236918884845508,0.020065022689346953,0.016427158148946665,0.013529639252984145,0.0106770614664284,0.008992952524448556,0.007967585633509983,0.007081772713887158,0.006540114079458248,0.00661225638666384,0.007433022963724251,0.008511609589486617,0.010071539150210928,0.012271288189594718,0.015084838170613004,0.019373166136637532,0.02464901584883703,0.031375990330565526,0.04704506292346645
0.031239353413405432,0.022951552835753095,0.01935615298069302,0.015759582366969626,0.012521263904222578,0.00986364173848295,0.008301849681612182,0.007029235014581798,0.006234289882186555,0.005977893734919165,0.005968527665612593,0.006649909207665658,0.007818326353660436,0.009360215513254742,0.01171578194385744,0.0148019017803727,0.01922034497574773,0.024998038979238933,0.032104544065599955,0.04788168781251936
0.031166351331683894,0.022062581865812832,0.019045844855188464,0.015035948188036679,0.011908601368068695,0.009159656527434145,0.007379420753893176,0.006209285402415951,0.005693494396739919,0.005476932033182943,0.005522340270702953,0.006062581865812836,0.007054577208557705,0.008625236501237078,0.01095735700771358,0.014508514044534997,0.019017901324406925,0.024822005530490465,0.032350458448551875,0.04808965216125745
0.03034491868317259,0.02208693878875237,0.018161298844554856,0.014417573148066614,0.011039993325948615,0.008595158531894088,0.006920852239283282,0.005586041963098055,0.005082012041101033,0.004971936540894785,0.004904732551295187,0.005256974151955172,0.006574404086002569,0.00812357191522101,0.010482663688062256,0.013680646641422683,0.018676915661310432,0.02469399010942663,0.032255597628857845,0.04847725029083107
0.029612495710636354,0.021614926638883515,0.01774785589586754,0.0139177574455843,0.010760092569377933,0.00822749051718461,0.0063742543439555465,0.005014367201879116,0.004523328939022291,0.004263367505745147,0.004261056737449352,0.004763648841785162,0.00599528834344487,0.007638244601756413,0.00993514828777846,0.013196797737295691,0.018155706500075683,0.0248326714907806,0.03247784839742442,0.048262706626012564
0.02898552393542599,0.02049518712020627,0.017098131158603373,0.01338670357750297,0.010415719041592634,0.007798258634567752,0.006069790499528442,0.004753575257456538,0.004066103254379611,0.003735610013369433,0.0037989449550264315,0.004260714256925678,0.005298255755706764,0.006956479682726489,0.009454179472799947,0.01270959547396992,0.01799288115255776,0.024539411031104363,0.032383731441422675,0.04839710778110063
0.02800754190618117,0.02010140899444698,0.016330455903862527,0.012812278462250828,0.009589388937848215,0.007551098022949729,0.005450762176030661,0.004369571786560837,0.0036606509892145233,0.003305616100430066,0.003433152905139045,0.003927214400858518,0.004854441440499487,0.006542293387503919,0.008828764030484748,0.012289492460966268,0.01750011777047283,0.024313570490511152,0.0323449422465091,0.04828474487468646
0.02725041677040514,0.019007943018622447,0.015922752050005567,0.012355679264051735,0.009513723879423992,0.006780765572527228,0.005181376874032649,0.00412353155121199,0.0033479312928315482,0.0030152033713369826,0.00323319752679894,0.0035418313574266595,0.004425281355877753,0.006083184275048964,0.008368680894418546,0.011600731083557159,0.016965681983241977,0.02433044242487519,0.03196941656732636,0.048219159850524836
0.026225055451415173,0.01854144170244145,0.014987054656716521,0.011839177727367986,0.008819551876988898,0.006520193246893633,0.004823156648387073,0.003731877378227319,0.0030940572801381435,0.002668080482132449,0.002778009978391983,0.0032062769742364195,0.004157854176233014,0.005537698374074045,0.007752319684135915,0.01128953024607031,0.016645157891964496,0.02383408890777029,0.03151999285458275,0.04795788784214125
0.025241893851723898,0.017778754548565926,0.014450102847096068,0.011096268773744396,0.008318195293872555,0.006082687462727224,0.004454990516547678,0.003518664143850862,0.0027254194295734894,0.002410639781050721,0.0025892056907581822,0.002918865831756571,0.0038105507270265212,0.0050616567482461025,0.007497478901178642,0.010919992170571645,0.016171661361198766,0.023227304101178202,0.03148254346534618,0.04720893470554367
0.024038763864449968,0.0169386105422985,0.013978498311855655,0.010574769416518321,0.00795651642010498,0.005661829187003858,0.004092020731075687,0.0030881665254639387,0.0024593284695568055,0.0022443801886285484,0.0022523835820673663,0.002537075720105324,0.0033579952185440885,0.00484776974008408,0.006944658821054414,0.010732550601455018,0.01601936363875426,0.023064636548753816,0.030770761088415782,0.04688616544843585
0.02280719770878261,0.0164572849986878,0.013177923070778997,0.010205502116637576,0.007444174397243236,0.005324113693675193,0.0037848446467896716,0.002846906057805315,0.0021908054633211233,0.0019306473145517412,0.002018507741987015,0.002324307671242255,0.003051153025479525,0.004291468410182681,0.006685379796665866,0.010340145369070847,0.015667682196282482,0.02223667545270941,0.030537774278574608,0.04632184301509601
0.021972740970731944,0.01575612985708415,0.012476599242043748,0.009663942285740378,0.006911784850006851,0.004955253184786085,0.0036345372357426604,0.00251015935345418,0.0020615497009268983,0.0018001461120496778,0.0018241176201999906,0.0021403132277064973,0.0028400529656180083,0.004059175380119628,0.006222318615588333,0.010080589927400572,0.01497876809278115,0.021725035386512027,0.029870782156065933,0.04572508104652757
0.021351388022653493,0.014930920973867758,0.012058756794167652,0.008947150582813304,0.006469495655267329,0.004590445806856934,0.003275795033060102,0.00231574650614169,0.0018858910493147968,0.0016510098182634983,0.0016783746218811252,0.0019657050598662087,0.002574571940358411,0.00383449310691999,0.006060163801153654,0.00938612764084608,0.014545533322919501,0.021298938815719717,0.029673708922864316,0.044736893114217295
0.019966979965794985,0.014243735251792001,0.011375846152619102,0.008646964788884852,0.006278136248090068,0.004484708579397916,0.0030627278103205285,0.002235517843693778,0.0016361894105730193,0.0015609885045160434,0.0015792190271965213,0.0017649424770039052,0.0023494586104467734,0.003609643490734907,0.005646904400278469,0.008955744266785472,0.014375906541225475,0.020690503834676497,0.02862533883135514,0.043994808858666724
0.018907579768308997,0.013545100048387571,0.010887769333674902,0.008022087496086308,0.005856602055047966,0.004064554692169759,0.0029169157202630033,0.0020288617539065855,0.0015438476645888498,0.001402669854552701,0.0013742065864002517,0.001606466854524238,0.0022406284689608083,0.0033279253123843716,0.005437622747843913,0.008652833518344585,0.014125750718697535,0.0206996271311872,0.027644664560384814,0.042289585290183
0.017936347631460434,0.01239428802787748,0.010190201938867886,0.007674495835209877,0.005493155732670972,0.003811090033163648,0.0026703788116586827,0.001964115931743843,0.0014455074402121744,0.0012419308612995228,0.0013044823240939132,0.0015296675901537167,0.0020562371769501262,0.0031787516092785426,0.005073492282286789,0.008485390252889882,0.01362029669864753,0.020301930224411898,0.02743393428229589,0.04170704079265211
0.016764883453077088,0.012114603810955336,0.00964051860282405,0.007183488210006175,0.005128951458584653,0.003713401787572042,0.0026412223982026487,0.001728221285091703,0.0012802481361929331,0.0011369876875603306,0.0012086179118766323,0.0014303305109508969,0.0019942764039808207,0.0028470171696510704,0.004840156585944333,0.008124914015306127,0.013104920086820376,0.019779037812799535,0.027301348353698685,0.04083377581104172
0.01579180534572263,0.011224200015903126,0.00911362784410392,0.006863335340156532,0.004819783490282053,0.0034271239194393,0.0024627128463189925,0.0017311689934456388,0.0011802392284711413,0.001050742335260641,0.00103143139504504,0.0012995126827439704,0.001748208058341759,0.002772823827428351,0.004463099065123307,0.007814115161359943,0.01283723149273568,0.01907352924471505,0.026361705269614812,0.040732452603001165
0.014909815184078652,0.01056334034304484,0.008581792444483767,0.006491355823391568,0.004580131891465166,0.003190666421667042,0.0021482837549368565,0.0016027058847548979,0.0011637482220513279,0.0009459707769890908,0.0010026836533073816,0.0011796278274204487,0.0016208540051767515,0.002608792310641378,0.00439411365714117,0.007479294128856192,0.012481369820129443,0.018688027004403186,0.02545273889164892,0.03976253184428005
0.014120926666674227,0.010284199101550226,0.00798647221803228,0.005922374030469266,0.004398116907345809,0.0028942739421213256,0.002061829947796462,0.0014743558482592962,0.0010479267721473769,0.0008778087896559194,0.0009061617867378292,0.0009991596171664925,0.0014641487693098088,0.0024417601086940484,0.004191707088589507,0.007121138747092398,0.011816395063856615,0.01820716060611904,0.025136633092937722,0.03857141723022972
0.013511229486718474,0.00968166767434659,0.007547957434692699,0.00579311972031494,0.004077984216669711,0.002813185217619159,0.0019215869994543779,0.0013544125604182573,0.0009925552683132115,0.0008144624944558696,0.0008212685877243031,0.0008881951715305656,0.001415667399834158,0.002350370875365685,0.004060968983498627,0.0070465752305847685,0.011559015067556152,0.01767655856699975,0.02420246766254937,0.03717828447881774
0.01252594449296238,0.00885685444997675,0.007341582642425345,0.005491726116889159,0.003917476664133654,0.0027073007519649753,0.0017806712109698425,0.0013201919041840103,0.0009016774603318635,0.0008086742505869413,0.0007168052263267143,0.0008472365570665432,0.0012838979686737976,0.002270639340357722,0.003777971849516269,0.0067472694484456,0.011433723871201897,0.01715795801245336,0.02365116991232746,0.03640168313125929
0.011638180026504468,0.008450847803187339,0.0067178633320873985,0.004957694790852562,0.003678910824923257,0.0025756906452818616,0.0017239231143882996,0.0012028951034693655,0.0008551655396604248,0.0007158471802190575,0.0006490196744707595,0.000790603373090035,0.0012278138344263582,0.002078448695730966,0.0038182291843646245,0.0067155979929094875,0.011046926501070375,0.016670631010228004,0.022915038454132546,0.03507424649155594
0.011025933039837272,0.007839404395641751,0.00633226246933306,0.004836452437207142,0.0034856906506207036,0.0023615667476897095,0.0015524695030397803,0.0011139251981664995,0.000848758874289632,0.0006515839155093973,0.0006742477038749414,0.0006810468403846047,0.0011875825103545188,0.0019592845042013004,0.003619407001977418,0.00655663397415195,0.010716572328647594,0.016103754823137462,0.02219918070405058,0.03397075238111427
0.010532120022237237,0.007299567596577458,0.005947670014707829,0.004581053279936772,0.003192923937079017,0.0022282533007700373,0.0013734101899563298,0.0010065636099515064,0.0008208758348873362,0.0006080142390820682,0.0005502698700072352,0.0006861389737127253,0.0011129944078541389,0.0019236800599635642,0.003550712576836809,0.006220540464649693,0.010420028011680214,0.015315844715201376,0.021863603271275126,0.033265285557227506
0.009833549517490546,0.006972222033579852,0.005547217562755656,0.004329342415331645,0.0029631943642714374,0.002046392441024735,0.0012778634214142283,0.00098131761414184,0.000715331870977673,0.0005863004891873962,0.0005263122151971803,0.0006700577019284532,0.0009881087394992222,0.0019445255606639913,0.003375189302619337,0.006053156401880691,0.009689804030759266,0.01516231921458372,0.021086444234674127,0.032196725319352686
0.009188453195998465,0.0067355602751220794,0.005354747800991105,0.003958102915199336,0.0027401381038651422,0.0019021511723900846,0.0012971268696381848,0.000910363670495849,0.000675139268678288,0.0004953283076735178,0.0005043754000511163,0.0005891918910911023,0.0009680388844030395,0.0018840569876348876,0.003189100063103466,0.005756212525247035,0.00939992898032483,0.014629148374576764,0.02035143430340781,0.03153929491485554
0.00891907789064091,0.006174920254281384,0.004970250887948783,0.0037248603035993037,0.002608420242969935,0.001778159853403615,0.0012058005112775148,0.0008212112300070131,0.0006006379657489313,0.00044567110829581716,0.00047281858697373493,0.0005237201094948308,0.0009580797683415162,0.0018211433613103177,0.003111779743456326,0.005307332081532928,0.00919620840214465,0.01410990204284777,0.019422889849105257,0.030357668031581568
0.008405375370384816,0.0058538041247952356,0.004682591094032806,0.003546424013032571,0.0024204315626084566,0.0017025548497376641,0.001101121131238037,0.0007834465543613556,0.00052795027544986,0.000403593679519486,0.000426203969688645,0.0005516910801274768,0.0009315439549693464,0.001683336103093879,0.002974383671752852,0.005334897965413042,0.008766009498582897,0.013366073033498276,0.018945162132738235,0.029565215425192165
0.008006108079065691,0.005485959901592061,0.004596895059808274,0.003272346803155843,0.0023312501767383986,0.0015756581737974714,0.0009987840398156267,0.0006899867092724033,0.0005169244690778496,0.0003981562650227638,0.00037892712722336876,0.000564431750699884,0.0008901959675366909,0.001540593275457399,0.0028289455080168554,0.00507196787602862,0.008621440488646328,0.013218335548454604,0.018480332550971357,0.029006588807510676
0.007461986691811146,0.0053207897231584925,0.004288043533528664,0.003042872525900577,0.0022101220425776186,0.0015321704957746687,0.0009254038613860279,0.0006293650192820728,0.00044857794013461905,0.0003864323816776819,0.00035366472358220593,0.00046326689031534965,0.0008169316138975556,0.0014508163101583146,0.0027151959449458174,0.00489932984489599,0.008336544187186948,0.012721760775757356,0.01794311760538474,0.02787623768529263
0.007146054410388342,0.005118211700448976,0.004107681386800259,0.0029592487260988102,0.002087751106609818,0.0014106731895230388,0.000912190115340619,0.0006171695204163296,0.0004623119667587521,0.00034136482631086335,0.0003537986444877492,0.0004849189088985445,0.0008025464459626264,0.0013134633383219325,0.002649533618783656,0.004635553485764411,0.007961034674527856,0.012239398474483541,0.01698685632383993,0.026945214336418413
0.006837894755880715,0.004849490577405897,0.0038061153319640223,0.002826043460026746,0.001977100004634711,0.0013112841654524098,0.0008613780466161521,0.0005878170396855632,0.0004216456842359903,0.0003165168675229954,0.000336864380435188,0.0003945156670197337,0.000674859178254387,0.0013983263040212343,0.002442831966847118,0.004486626597138464,0.0077309244892491665,0.011859208775656238,0.01658322302343695,0.02568421338210706
0.006601122168185213,0.004605880486491185,0.0036641535127884045,0.0028263100901415633,0.0018134454673461246,0.0012861235288338959,0.0008310684084475399,0.0005476469811101312,0.0004087591900244692,0.0002935839486363591,0.00030148813186887626,0.0003771424570943996,0.0006379805037674724,0.0012624109791363439,0.0024073883788181425,0.004291971495256926,0.007302336137812823,0.011429448954220106,0.016170829724697296,0.024880110477898208
0.006246447671876184,0.004480312051191944,0.003500632215534085,0.002542421718835276,0.0017661356206842367,0.00125539134650044,0.0007378672810664151,0.0005062244133503123,0.0003909679620964467,0.000285881197717922,0.0002587620327170125,0.00034124949292811256,0.0005988815604367534,0.001192113294831651,0.0023311182248698563,0.004056575098052731,0.00702951356127745,0.010813767044112708,0.015353967251348329,0.02390441398309346
0.005908797957486003,0.004303772036655994,0.0032597150909684,0.0024526872897071804,0.0017923918159479984,0.0011670863587469956,0.0006998003311635751,0.0004571276356794323,0.0003352269328315838,0.0002494449567534681,0.0002618607690805637,0.00034087048388935454,0.000585800599796606,0.0011637002281123328,0.002167123606183977,0.004063356761594957,0.00691899359682697,0.010635836323474803,0.014705965346339086,0.023121628683686873
0.005638045176615097,0.0039333098508864605,0.003368827954949827,0.002291796497502732,0.0016347395706324908,0.001098481769492689,0.0007293106095501306,0.00039062147198815045,0.0002743382014252041,0.0002607906359227247,0.00023934032387713257,0.0003104650427651485,0.0005170654166779564,0.0011018686608683086,0.0020682616667118256,0.003883635444044038,0.0066936263220165985,0.01012228935793571,0.014145916312172033,0.022364772717009422
0.0055476872965640935,0.003971023724494982,0.0030460327033455534,0.002229465538155033,0.0014422631672867158,0.0010447090287707228,0.0006110136049350932,0.00043934249966682295,0.00028348320672589363,0.00020555356025542867,0.00022362420291524652,0.00029477735838827953,0.0005895547167765591,0.0010864973899215515,0.0020589238480530022,0.0036728581206079865,0.006316819024772594,0.009642946689345327,0.013794676840438481,0.02115281664848307
0.005348987585609195,0.0038424689301686295,0.0029678981751375907,0.0021858626483808024,0.0014455808221867886,0.0009693629400924672,0.0005710100671557493,0.0003915820025751879,0.0002776056848227557,0.00018168502136773837,0.00021553937317539163,0.0003193593853855278,0.0005337702801673309,0.001173617529331975,0.002071886330628372,0.0035152101960279833,0.005894042649712406,0.009237724129914951,0.013145644806911702,0.019959397347398683
0.0051346375974588515,0.0037235146549234777,0.002963245379728557,0.001978504909038405,0.0013942030031764354,0.0009148047213398783,0.0005324140918278944,0.0003812626335547212,0.00023687915102512283,0.00018837532486283578,0.00018950332082009826,0.0002786150014438349,0.0005617419867167192,0.0009948924343055152,0.002041672682645105,0.003345636009240542,0.0056320838146116095,0.009281150736355765,0.012649346664741549,0.01897176400519781
0.004874131915075974,0.003459934455218208,0.002835161414738778,0.0020558867378953046,0.0013025502919742603,0.0009867805242229244,0.0005458305985415946,0.00036539073125511717,0.00022667758327863733,0.00018607861313917995,0.00018720636230972038,0.00028193729263512117,0.0005593635885880806,0.000973247534176439,0.0018190594120818023,0.003273855842079028,0.005551909166570805,0.008812232018603355,0.012165030302620214,0.01856726234377855
0.004838542277736163,0.0033403878956345936,0.0026533577610714496,0.001996787090602239,0.0013368320352337018,0.0009103995379186478,0.000595651742281346,0.00037228233892584083,0.0002448038410512347,0.0001872692977626957,0.00016470673176719028,0.0002538288674494371,0.0005042733499995485,0.0009543965416098837,0.00181290217773887,0.003226446937357291,0.005530084925498406,0.008401171448426488,0.011794581374150521,0.01797672445691904
0.004644062403742326,0.003248361433521421,0.0026729309607545133,0.0019271279362468167,0.001241124549105093,0.0008236553825879254,0.0005460948016062407,0.0003633110043743996,0.00023807025441924948,0.00017262914183007187,0.00017601402696399492,0.0002561229751335054,0.0004919366394634728,0.0008936096753556671,0.001708238697586464,0.003039626850262838,0.005242058777402057,0.008136135566906209,0.011310029527481317,0.01730127621452499
0.004467623262763228,0.0031539480731824204,0.0025529275787218447,0.001821103374397429,0.0013204408987116962,0.0007960984410678544,0.0004927691483663631,0.0003709863840103741,0.00022665125588475742,0.00016237701914131875,0.0001533560736334677,0.00023228934682716432,0.0004713444027852169,0.0008231612775914075,0.0016733853917063682,0.002901361598962591,0.004908521974459448,0.0076835903363121245,0.010886025991599244,0.01631550756913709
0.004453496541745468,0.003034783285347443,0.0023513649758266134,0.0017886162358086374,0.0012495503084968287,0.0007589777595833626,0.0004714007481513304,0.00032366510698428655,0.00023006160914562537,0.00015901317102712346,0.00014435238220901996,0.00022893385615961733,0.0004138853458649242,0.0008131099029117447,0.001496528212432574,0.0027246512141952495,0.004594465664996463,0.007380015540436148,0.01019375924052603,0.015363378928386559
0.004225629927694277,0.002941822915786093,0.0022903387604894018,0.0017786193720729703,0.0012375944680203563,0.000722493673953596,0.0004485998162769596,0.000294182291578609,0.00022204563770492715,0.00015329038948157407,0.0001386376316634824,0.00022542704335525604,0.00036744608066906724,0.0007687062178414233,0.0014697843226762696,0.0026882174920114296,0.004516430813622554,0.006971331315761293,0.009522038311326012,0.014865786374062362
0.004064774881810415,0.002883442636625356,0.0023435016581485994,0.0017843978474503283,0.0011802050197602615,0.0007744038668340964,0.000494851961484961,0.0002547529460036475,0.00017922884254238918,0.00015217543234731162,0.00013752150182497793,0.00019275554763992806,0.00033816762743847,0.000722551497293531,0.0014236857115159606,0.002603890731276223,0.0044029425092488835,0.006755461970795841,0.009077546345873341,0.013967450238633614
0.004011401894229284,0.002755795906544141,0.002217034989027536,0.0016771469566207288,0.0011800892900416012,0.0007630567806668236,0.00043957480717882,0.0002829058374407276,0.00019949933556577223,0.0001499062803968797,0.00013074532726344395,0.00018146549732253863,0.00033813446706063076,0.0007145908403881334,0.0013716988213759598,0.002558550800758773,0.0042018843106734404,0.006648850737302206,0.008675403309885591,0.013347294529773306
0.0039742787743531635,0.0027130144667805067,0.002266668920937101,0.001647871686926922,0.0011305166224266098,0.0007191122683032671,0.0004643797093118273,0.00028178380419407003,0.00018710444598486243,0.0001600532007822317,0.00014652757818091637,0.00018710444598486243,0.00031897926634768723,0.0007236208091703718,0.0013480537192644322,0.002478570341691041,0.004130950569485069,0.006088784441025464,0.008356580497179349,0.012840324389515387
0.003756667098467484,0.0026966899651367777,0.002260758880546998,0.0016491036378280038,0.0011072874835962626,0.0007288046814718022,0.0003987586665239845,0.0002714712955714134,0.00019374714870656898,0.00014418392461884195,0.00012503449713040194,0.00017685059504029827,0.0003255402673034789,0.0006803678942951606,0.0013629886624124895,0.0024578853399868203,0.003938023441152121,0.005925058152305536,0.008051771040433451,0.012181288756469974
0.003692983444081545,0.002673724518526864,0.0020959567518864736,0.001572249127153958,0.0010541727672035135,0.0006937718211510302,0.00044937492960919,0.0002748057213650185,0.00017119044937492954,0.0001328978488568532,0.00013852911363892325,0.0001903367496339677,0.0002793107331906745,0.0006757517738484061,0.0012546457934452073,0.0023358486316026584,0.003722266020948309,0.005696587453542073,0.007982880955062511,0.01175357585313662
0.0035137406523683664,0.002606859849176145,0.0020131627270863323,0.0014724139251828968,0.001026296163612562,0.0006635438423356748,0.00043597872153464546,0.00025572912090016667,0.00014983248052741037,0.00010589664037275624,0.00012504816044016956,0.0001633512005749963,0.00030191808106275187,0.0006331267222286066,0.0012831518445166944,0.00221369040779219,0.003536271852447677,0.005752215380247801,0.007605406586771029,0.011285878119726289
0.0034460274398381047,0.0025124468033590882,0.0018694135784742673,0.0014031863366138165,0.001032682079193314,0.0006745655021120993,0.00040654114568024744,0.0002567628288506826,0.0001531567751039159,0.00009797528995618147,0.00009234452616559632,0.0001610398444107351,0.0003457288967419279,0.000667808585563397,0.0011790819377485277,0.00198540731256032,0.0036014365204582554,0.005422425530333488,0.007305352941905157,0.011102740042275776
0.0034572227802827944,0.0024009117158185394,0.0018457290348154727,0.0014470785904441021,0.0009921215861332707,0.0006599128824904618,0.00040878562516047357,0.00025337951972756635,0.0001396402686498587,0.00010473020148739403,0.00010923472628255077,0.00015991063022806413,0.0003445961468294904,0.0006340118649183108,0.0011587890035540708,0.0020608200937842066,0.0034707363546682642,0.005052950688967065,0.007013545106059038,0.010835634394749535
0.003568404363610154,0.002404084353520885,0.001824176418128259,0.001365880243944183,0.0009469952886702871,0.0006283274329108442,0.00040199443288381985,0.0002556099055031572,0.00014300642290264733,0.00011598158707852506,0.0001103514129484996,0.00017453539803079013,0.0003434406219315547,0.0006407138159969005,0.001074237224008863,0.0018984947166445958,0.0033184246322370235,0.004831815438387879,0.006791116035636749,0.010351638155464872
0.003599975662136371,0.0024788564809702716,0.001897451960888154,0.0013385824997239465,0.0009002756037705655,0.0006050663319459245,0.00034703990733583754,0.0002197168244496374,0.00014985814180411167,0.00012168931815672226,0.00009352049450933285,0.0001780269654515011,0.00031211056601307467,0.0005588694611642059,0.0009915425923881073,0.0018625226195653896,0.003101950860050526,0.004736869384545008,0.006532913580302558,0.009750919993780326
0.003550502349928236,0.0023685025187853534,0.0019137140123265694,0.0013835026594996183,0.0009219598682914465,0.0006011313426955222,0.00040187994258857984,0.0002454056792277602,0.00015872569161061556,0.00009118284411673659,0.0000900571299918386,0.00014071426561224783,0.0003050685278473533,0.0004919370725804185,0.0009152055835420585,0.0018630568767061587,0.002960628148481694,0.00455801649171193,0.006041707708327468,0.009140798694171616
0.003473465426352399,0.002349796546125594,0.0017857102645688515,0.0014119045849743635,0.0009536548512546136,0.0005967379824851774,0.00040983514268793324,0.00024545071732409154,0.00014299193165210838,0.00011484391361035481,0.00008669589556860118,0.00014074009020876815,0.0002679691317574946,0.00046050157516309005,0.000918751308882839,0.00177445105735215,0.0028958680961356153,0.004260484010799832,0.005817632368869639,0.008901529225524169
0.0033614183496280476,0.0023377904501935775,0.0017905042465355433,0.0013524500629491741,0.000952683391552874,0.0005855737158481024,0.0003817490186009747,0.00023760779623836472,0.00014301511906290187,0.00010810591677195728,0.00008333164417838374,0.00012612356956728349,0.0002466166226360277,0.0004808461089752686,0.000885117193570401,0.0016891549495618337,0.0028051233195723535,0.004119285870331459,0.005687947766824547,0.00848181005339982
0.003208591056010229,0.0023678974331271547,0.0018074350178717742,0.0013144981948158352,0.0009431074377188953,0.0006054794767216772,0.00038377044900017067,0.0002554718238212281,0.00014180374361883155,0.00010353924137248022,0.00007540357795604539,0.00011366808020239678,0.00021720732157487678,0.00046817743924947535,0.0009397311581089228,0.0015080715591209066,0.002710027100271002,0.003933365745617588,0.005475200100838216,0.007857728078941919
0.0031765578584912147,0.0022242658853219837,0.00181903525844146,0.0012956123653874523,0.0009218996761531904,0.0006303587529252586,0.0003827178142760499,0.00023188196982607744,0.00012607175058505164,0.00010918714113169651,0.00008779996915744671,0.00011481534428281491,0.00021274607911227485,0.0004491306114592469,0.0008802509728349148,0.0014351918035351867,0.0025338170586334955,0.003949872971454879,0.005183575102180026,0.007802940848710522
0.003182336512667997,0.0022142398020579945,0.0017301914467529927,0.0013249416609162471,0.0008836696718940133,0.0005819837202155472,0.00038498729654490776,0.0002296415453074891,0.0001339575680960353,0.00010806660955646537,0.00007654718176916302,0.00011932354805193055,0.00020375058676791927,0.00042776366282767513,0.0008262592855671412,0.0014386367397204447,0.0024765264690023306,0.0036585050110261724,0.005152300749374395,0.007492618262581599
0.003178594462447232,0.0023704390714992425,0.001754755229091793,0.001249376718596466,0.0008982005598558376,0.0005594056118400393,0.0004074543893080366,0.00021610840537884815,0.00010692863807807591,0.00011368202574616491,0.00008891960429650523,0.0000967985565759424,0.000221736228435589,0.0004209611646442146,0.0007518771603805759,0.0013326684998362303,0.0023625601192198064,0.0036209413547070583,0.004761138306002756,0.007240757144802769
0.0033313293569036994,0.002203248243143136,0.0017506648022930888,0.001327352927269165,0.0008094713780377688,0.000556159750696326,0.00035238461936832,0.00019364266623434824,0.00013172204621755073,0.00008781469747836713,0.00007768223238470938,0.00009006635638806886,0.00019364266623434818,0.00038841116192354734,0.0007250341689239553,0.0013127171443561036,0.0022539105686114245,0.003497952116221627,0.00469245716781839,0.006992526744078702
0.0031866018694280893,0.0022538006866046826,0.0017845870638816903,0.0013480046043696501,0.0008720397064995655,0.0005682323248803621,0.0003375637573546706,0.00020141304188828682,0.00012152295264768133,0.00009339263953479218,0.00006863796399544967,0.00010802040235349457,0.00021491559218247364,0.0003578175827959507,0.00066275017693967,0.0013255003538793387,0.002119900396187329,0.0032968726968306133,0.00447046935990035,0.006600496668808323
0.003177368760488526,0.002171145709876855,0.0017659552196976603,0.0013134925056642243,0.0008925446075336166,0.0005526348074388473,0.00034778850407047614,0.00018571230799879787,0.00012043161791437204,0.00007653598147829245,0.00007878703975706578,0.00010354868082357218,0.00018233572058063796,0.00036129485374311593,0.0007012046538378858,0.0012133204122588125,0.0021666435933193093,0.0031402262988887634,0.004442463513159124,0.006230929315644516
0.0031746531908021696,0.0022529796837950883,0.001729685201794732,0.0012131429066588946,0.0008451487225425134,0.000568309061097163,0.00034998835247765917,0.00018906123220658103,0.0001462973820646162,0.0000922798871484502,0.000060769681780686696,0.00007990087789682883,0.00016430321370333823,0.0003713702775486416,0.0006504606679488324,0.0012435277475492377,0.0019907697605561995,0.0029957202388923715,0.004320274228815856,0.00642245507263665
0.0032156221424658954,0.002240475448685577,0.0017129739499739617,0.0012866987516547688,0.0008120598764814187,0.0005702414922106359,0.0002946810078090467,0.00018558155071943765,0.00012484577048398553,0.00008210577698496343,0.00006635946359058688,0.00008435525032701721,0.00016083734395684612,0.0003970320448724941,0.0006939625260235948,0.0012462082314978,0.0019435449675344763,0.0029591821814717637,0.003998438865500613,0.006038711186743402
0.003147222972364748,0.002191916464128184,0.0017373300927176162,0.0012129804662885963,0.0008157799981996581,0.0005547303987757681,0.000322936357908003,0.0002160410477990821,0.00014515257899000818,0.0000708884688090737,0.00006976325501845349,0.00006976325501845349,0.00018115942028985513,0.00034544063372040723,0.0007100099018813581,0.0012501125213790628,0.0019094878026825089,0.0028242866144567464,0.003907867494824016,0.005983886938518319
0.0030790595813784422,0.002157367404057921,0.0017601056963727642,0.001192910510329367,0.0008811782354602778,0.0005356843423743195,0.00030047840213013276,0.00022732822932691716,0.00013617186014137111,0.0000776517218987984,0.0000686486237076334,0.00009228175645944156,0.00015530344379759682,0.00032973847125141934,0.0006808593007068559,0.001185032799412098,0.0018670174873928495,0.002776330404700517,0.0036912702583776647,0.005947671742538401
0.0031986494091164885,0.002047270680922904,0.0017017445132245354,0.001229037703995498,0.0008238604389420366,0.0005368598761958353,0.00034102419808666257,0.00019245920090039405,0.00013393359594822743,0.00006978052898142942,0.00007428249859313453,0.00007990996060776592,0.00017895329206527865,0.000301631963984243,0.0006235227912211591,0.0011457512661789532,0.0017726505346088905,0.0026471581316826116,0.0036679797411367484,0.0056589758019133405
0.003221957443171529,0.002142348666402013,0.0015924229457350393,0.0011841958770190655,0.0007782179932546947,0.0005150633539171243,0.0003160104857002443,0.00019005612841046718,0.00011021006262855499,0.00008884280558832493,0.00007872147330611072,0.00008884280558832493,0.0001473216143300072,0.00032838100293406156,0.0005960340121748382,0.0010964776639065424,0.0017937249989035222,0.002508965813513329,0.0035750794805732263,0.00537780121928316
0.003177724209534072,0.0021597276043558997,0.001643417723939568,0.0012137219193229254,0.0008211464329061504,0.0005275584616890199,0.0003194597081443107,0.000183351874744798,0.00012373439399955688,0.0000663666295088532,0.00007761521078154023,0.000056242906363434895,0.00014735641467219956,0.00030596141061708617,0.000538807042961707,0.0010562417815053082,0.0017322815159937946,0.002544429083881796,0.003338578921733498,0.005230590291799448
0.003157667464330053,0.002170334119001782,0.0016226902247251658,0.0011953705536263696,0.0008906241566059128,0.0005465193688263549,0.00033061048237643676,0.00017655049569081834,0.00013606757948145872,0.00007759225606793928,0.00008209035786897926,0.00008658845967001922,0.00014056568128249867,0.0002642634808110974,0.0005105345544180351,0.0009772126162759323,0.001590078986667627,0.002414356141708199,0.0032127692113927925,0.005112092696881915
0.0031135862822227506,0.0020922219960022807,0.0017041485612599224,0.001226087083678756,0.0008717591650009501,0.0005511767623876975,0.00033520545957455873,0.00019009974049698125,0.0001102353524775396,0.00006411648052265058,0.00007536498587750156,0.00008773834176783763,0.00018222578674858563,0.00024971681887769155,0.00046118871954888984,0.000948249001413937,0.0016209096216340253,0.0023306903095251237,0.0031507063498937573,0.0049167216906053635
0.003037102386021452,0.002002979713641417,0.001677776827550199,0.0012051636366909877,0.000831574162011802,0.0005345030134717262,0.0003364555811116763,0.00020367377987027895,0.00011027641120048245,0.00007989413464524752,0.000057388744604332755,0.00007651832613911031,0.0001305312622373058,0.000272315219495069,0.00047711426886739336,0.000976733927775702,0.001537118139794481,0.002277545472140579,0.0031811368822833074,0.004833032511286456
0.0029673790928105206,0.0020814430738265006,0.0016491693364823266,0.00121464417342282,0.0008116389703779919,0.0004874336673698621,0.0002915596301357835,0.00019925117580707962,0.00010243987004770763,0.00008105132575203242,0.00007879990003669821,0.00008667989004036804,0.00014071410720838966,0.0002521596801174343,0.0005313364688188799,0.000933215959006041,0.0014825638335475941,0.002208648626742885,0.0030247904485515456,0.004455571490646451
0.002913939186573146,0.0021317114018422323,0.0016758808222508358,0.0011558963092354651,0.0007912318455623486,0.0005267375586389463,0.00031851865191201233,0.0001890852774601344,0.00011705279080865466,0.00007315799425540918,0.00006527944102790358,0.00007991103987898541,0.00011142525278900782,0.0002611177641116141,0.0005413691574900278,0.0008868999918963451,0.001395629428872422,0.0020675574684182563,0.002960084998334249,0.004348961381583094
0.0030129424942980164,0.0020288720640961617,0.0015902578152061937,0.0012022529027266068,0.0007793837807198674,0.0005184645352263478,0.0003126532338241315,0.000176570351476218,0.0001203377554646836,0.00007760098249591748,0.00008209959017684023,0.00006298050753291855,0.00011358984394329951,0.00025079737821144337,0.0004813510218587352,0.0008884750169822449,0.0013731999946016708,0.0021064730465920802,0.002849867965864564,0.004346779671691612
0.003071546311892559,0.002072843387167962,0.0015639214909159696,0.0011844819355245502,0.0008410722488943339,0.0004852772948774533,0.0002904908168871993,0.00016663814302056405,0.00009908213909330844,0.00006192633693331774,0.00005629666993937976,0.00007205973752240611,0.00011934894027148511,0.00025671281492357147,0.0004818994946810905,0.0008478278492870592,0.0012880678082130095,0.001981642781866167,0.0027979444959871725,0.004314576784154064
0.002940018227437921,0.0020286463314468316,0.001659596971094884,0.0012781709553652799,0.0008393622647029041,0.0004826895597286136,0.00029141397661937285,0.00018002407822046183,0.00009788809253237622,0.00005738267493277227,0.0000630084273771617,0.0000540072234661386,0.0001057641459545214,0.00022277979679782156,0.0004658123023954456,0.0008056077500365675,0.0012095367755437286,0.0018756258649594393,0.002719488731617855,0.004166432260314818
0.0029618480672057176,0.0020158115216227287,0.0016243481234504578,0.0012385091993898584,0.0008459209063952524,0.0005219511975630279,0.0003160954450758853,0.00018448275086279436,0.00010574011329940648,0.00007199326862938316,0.000050620267005035045,0.000051745161827369146,0.00010911479776640881,0.00022610385928915647,0.00041171150497428487,0.0008009251135018877,0.0012216357770548454,0.0018898233015213076,0.002639003253195827,0.003981002776240423
0.0029186567877897977,0.0020477854100915322,0.001651730209898004,0.0012072932664990187,0.0008742468481544613,0.0005231979207101986,0.0003071678115137295,0.0001924018160031052,0.00013501881824779327,0.00006413393866770183,0.00007426035003628633,0.00004500627274926443,0.00011476599551062436,0.00025541059785207543,0.0004579388252237653,0.0007549802253689109,0.0011825398164869224,0.001873386103188132,0.0025124751762276866,0.003845786006424645
0.003027797929355129,0.002063896434014363,0.001607252318368678,0.0012822026892514308,0.000836805965616723,0.0005376253381247224,0.0003441701955359103,0.00018445722898003032,0.00013271922572953392,0.00008435544008233096,0.00006523487366366922,0.00005511222085378951,0.00013721818253392495,0.0002665631906601657,0.00046901624685776003,0.0007232073063058505,0.0011843503787559266,0.0018715660306266495,0.00247442624241504,0.003784747411693914
0.003052600559231022,0.001991951212379567,0.0015667916650732548,0.0011123883393807964,0.0008233248376407914,0.0004982689932716811,0.00032393108366195113,0.0001597160204166564,0.00013047224203050801,0.00007310944596537084,0.00006186183889377535,0.00006411136030809446,0.00012484843849471026,0.0002553206805252185,0.0004364071543779061,0.0007400925453109849,0.0012012444352464014,0.001769248592361974,0.0025194639840373963,0.003945660560715709
0.0031301071057145595,0.0020856125375365245,0.0016714164156728232,0.00114016486806503,0.0008013794531710774,0.0005199962182093225,0.0003286556184353292,0.00019359166565368705,0.00011480435986439572,0.00007541070696975014,0.00003714258701495159,0.00007878730578929122,0.0001046745634057726,0.0002363619173678736,0.0003871833313073743,0.0007012070215246923,0.001107524412809466,0.0018121080331537,0.002484051198242369,0.0038391928578181793
0.0029902039613736277,0.0021670263383102586,0.0017509392884011773,0.0012077770043306777,0.0007107216636284806,0.0005038026982682907,0.00027664166020981997,0.00018780145225625998,0.0001023349230857465,0.00007647005241572269,0.0000618507776891875,0.00006297533728353636,0.00011358051902923511,0.0002260364784641213,0.0003969695368051483,0.0006882304717415035,0.0010852000085466522,0.0017228252985424563,0.0024335469621709397,0.0038077587864652506
0.002966102173522624,0.0021810903644600872,0.0017112127924168985,0.0011916366310229887,0.0008121201305265679,0.00047552513901486085,0.0003038391030760035,0.00020670095116322927,0.00011633987961646242,0.00007567739742041732,0.000058734696505398547,0.00006890031705440982,0.00009036107154676691,0.00021573705831790598,0.0004179199559037966,0.0006494702017423872,0.001145326581855271,0.0016773273905868614,0.002340351753061263,0.0037409483620361515
0.006102732615264825,0.004057674125433344,0.0030090747297973723,0.0022014793941528715,0.0013139355962996607,0.0007867392150683153,0.0004750560797908826,0.00029198568806659126,0.00012861274355314146,0.00013440611037985955,0.00011470866316901802,0.00008690050240077122,0.00013208876364917229,0.0002618601805676574,0.0004808494466176004,0.0007774698281455659,0.0013197289631263786,0.0019442539070465875,0.002907111473647134,0.004384420014460241
0.006033651674406948,0.003995750369669801,0.00304084150914482,0.002291781265259955,0.0015976139858124537,0.001190491166235336,0.0009697757050601008,0.0007158957445372915,0.000502041903916727,0.00035566066541708904,0.00022986428858146285,0.00015896087618320063,0.00019669978923388855,0.0002973368907023896,0.0005535040580767558,0.0009880733598725557,0.0015015512980470665,0.0022323138871194774,0.003025974664609701,0.004734518182722661
0.0059018245212097906,0.004104973451468511,0.0030881242719507916,0.0022500492482945274,0.0017365005585268983,0.0013721201134589591,0.0010669514907145606,0.0008141625569486771,0.0005340450898026989,0.0003882929117755233,0.0002698692671284429,0.0001844676003156445,0.00019813186700569227,0.00032224895610695903,0.0005773152676545167,0.0010931413352038186,0.0016841208695483835,0.0025267506487679937,0.0033739351835509546,0.005094494097606136
0.006725633096170063,0.004509554633106413,0.0034464743637168654,0.0024243693509633174,0.0017801472605195438,0.0013168992202181023,0.0009765769498246602,0.0007147905879835509,0.0005076379016571079,0.0003221110452218871,0.0002082908878996653,0.00014455159979922126,0.00015821001867788784,0.00031983464207544236,0.0005850356086362188,0.0010243814158999937,0.0017926674778249877,0.0029513566793652004,0.004067932422696195,0.006047264958529625
0.008042559350486688,0.005246980763729731,0.003858878554732594,0.0028138130985336015,0.002110644738146712,0.0015180231054057337,0.0009014686759579093,0.0005903423187688967,0.00036355057854686875,0.00027465733363572233,0.00016069163503168817,0.00013220021038067958,0.00015043472215732506,0.00026781939171948013,0.00048777319002526624,0.0008216926869350859,0.0016228715481214453,0.003079353176281002,0.0048902681270991035,0.007177559698082068
0.009875971661742557,0.006310313725445477,0.004734445715224002,0.0034003172261074096,0.0024185354918087945,0.0016750724363352768,0.001002306787977337,0.0006704850868380822,0.0003876954583757616,0.0002497214864243876,0.00017560323702902147,0.00012657116435208684,0.00015165734107051848,0.00023033671350559953,0.0003489259125381855,0.000718376878755088,0.001364916069634667,0.002772022527386693,0.005220205318953632,0.008657011529378764
0.012030641717945496,0.008048588357517155,0.005968513465687899,0.00411105910289635,0.0028426929092507393,0.0018551710753142371,0.0011667599009053226,0.000737501855171075,0.0004349662644275226,0.0002831276471864188,0.00014727204228648402,0.0001449887548091742,0.00016782162958227254,0.00020092929800326508,0.000323085178039341,0.0006256207687828932,0.001312890299453152,0.0026132225177810994,0.0052036121607891015,0.010129804893085063
0.014624930077514064,0.009775448930899454,0.0073415756247360055,0.005149719739260478,0.003569756955146867,0.0021324931219105676,0.001404157676632762,0.0008036804913410284,0.0005000171238741052,0.0002671324360423301,0.0001986369396212198,0.00014269895087731316,0.00015982282498259068,0.00018493784033699775,0.00034019429889151455,0.0006746806397479371,0.0011438747902325417,0.002276333664394899,0.005291277098530771,0.011237827779490162
0.01744308895267226,0.011568952855003752,0.0088311919710622,0.006161960771324442,0.004159751831170271,0.0027274814313109847,0.0016584183577318043,0.0009571312560463168,0.0005550904420507281,0.0003346532911951921,0.0001667555648958978,0.00014277017542457,0.00014733882103815622,0.00018503014735024277,0.0003095257403204678,0.0005962082525730042,0.0010564992981418175,0.002239778512060654,0.004977539396002205,0.012272524279496029
0.021030226017455994,0.013920643979901939,0.010370427981741094,0.007185069877721135,0.00496961614433275,0.00305039499584245,0.0018357270222448946,0.001028235883487951,0.000655371703268738,0.0003705766699111186,0.00020244466226625925,0.00016813200764485936,0.00014411314940987945,0.00016584449733676601,0.000281363767895479,0.000554721249712632,0.0009516042881668242,0.0021742785478427056,0.005026803902035083,0.01354663604452867
0.024368473444626924,0.01596831024145612,0.011978518439786834,0.008303018458644333,0.0054526773663031184,0.0033314932975840694,0.0022354720034560667,0.001236595453854532,0.0007543003692643178,0.0003897218574532306,0.00022286147273718458,0.00018057493688448795,0.00014171703907390204,0.00019200373035818978,0.00024114754229510746,0.000464009015032292,0.000950875617011988,0.0021108981545927183,0.005277816826155478,0.014479138451832779
0.02836538791417651,0.018617501824012006,0.013950546974884672,0.009460847210691107,0.006043826605645173,0.0038344277405351498,0.0023912282748162848,0.0014306200725945342,0.0008176605530816084,0.00041855071668233393,0.00024243921294167967,0.00016010136703695826,0.00016467569180944283,0.00017725508493377523,0.00025273144367976986,0.00047344261395214837,0.0009114342109175408,0.002156794130226453,0.005184997129611208,0.01492487815142388
0.03167651078087745,0.021223262223187888,0.015563801867427514,0.01058132686842812,0.006730972651849986,0.004133956190356391,0.0025284030807407954,0.0015666721938556716,0.0009056966259370017,0.00046885810181082155,0.00026530507224417215,0.0001738205645737679,0.00012693475439268576,0.00017267700822788795,0.00028703264281589323,0.00047457588354022175,0.0009674486686145244,0.0020869903312310963,0.00543189264293025,0.015951467468680848
0.035552933860111186,0.023826181592039794,0.01729175812115891,0.011686740927714361,0.007604441030143399,0.0047487745098039194,0.0027413484050336566,0.0016416081357916302,0.0009351221832016394,0.0005064292508048001,0.0002949407374890257,0.00016004536142815332,0.00013375219490781385,0.00016690444834650275,0.0002686475709686861,0.0005121451565700915,0.0009305494585894066,0.002192621451565701,0.005607303555750659,0.01619544739537606
0.03875791065160247,0.025789123896048725,0.0190643563338883,0.012912832669877748,0.008399964372092387,0.005026732349911729,0.0030306559874297436,0.0018293560255698746,0.0009786255392717747,0.0005309928538639151,0.00031060227150749427,0.00016786225702794741,0.00015530113575374722,0.00018499105876549306,0.0002683512272215484,0.00043050388367031384,0.0009694901783450832,0.0021730739804366244,0.005618246969914974,0.01687872123217749
0.04240170384198991,0.028155005721772125,0.020947059031997343,0.013915166868824515,0.008999358658510231,0.005502275561916889,0.003191845703069178,0.0020737851380256056,0.0011660754359350159,0.0006562032355163713,0.0003829757559198335,0.0002446471993040129,0.00016462241448494337,0.00015890635842643838,0.00027094105717313593,0.0004092696137889566,0.0008951343787618793,0.0022018247937361153,0.005842952503003786,0.01748084263811993
0.04519333509895066,0.029846162978657338,0.02193284870181464,0.015275253655284518,0.009736390286669287,0.005813980036347367,0.0034258303728801178,0.0019863195097672127,0.0011655357583174272,0.0006997780801651155,0.0003869898355236119,0.00028196604535201243,0.00017465912930711696,0.00016552662581393438,0.0002283125873295645,0.0004052548425099772,0.0009315153563046236,0.002252303674006154,0.00601032886145079,0.018125736308094144
0.047763509122205464,0.0314208664524655,0.023764678738231012,0.01636091792013944,0.010387195445807604,0.006259273261823802,0.003722440065745215,0.002239860377086948,0.0011867490728165936,0.000720730187629712,0.00038378025838919666,0.0002535690992928623,0.00018503691029479128,0.00013820658114610946,0.00023415164574340887,0.00045231244738726804,0.0008383771120764002,0.002311819175534923,0.006125635493277561,0.0181027777238404
0.05031604523283217,0.033324046840461086,0.02511691846763733,0.017276302088090764,0.010825234293648041,0.006576663804600013,0.0038329618736184447,0.0022333254169787536,0.0012205648623467716,0.000754717842854271,0.0004373024717294801,0.00023520707356729215,0.00016555837702552116,0.00015414055792031283,0.00023178172783572967,0.0003996236686822925,0.0008757467253694797,0.0022858473848627113,0.006250114178191049,0.018384972323206492
0.052463747929227825,0.034803814673454496,0.026178213707113186,0.017812922075030744,0.011606599526648031,0.007023785194564102,0.003985701253937463,0.0022914071660419624,0.001292413010443199,0.0007215592072439059,0.00040987303069709227,0.0002260581060669199,0.0001381466203742289,0.0001404300355870261,0.00019066517026856375,0.00039274741660111335,0.0008517138743733446,0.002355342792000284,0.006386712350193692,0.01880734940020391
0.05475752359470531,0.03607010606773176,0.02750090178118907,0.01895566889334326,0.012121537274383481,0.007362643885466941,0.0042657674728666575,0.0023823004323983727,0.001245371237061152,0.0007294154174904452,0.0004303436813676023,0.000265968376017643,0.0001620923149978769,0.00010387606101976618,0.0001883467040468288,0.0003504390190447054,0.0009440165105862259,0.0023229426832442205,0.0062805064585797115,0.018908867591125565
0.05691508851390915,0.037965840902112497,0.028172181212382005,0.019517690796585222,0.012737464857541061,0.007613486029196061,0.004267889694627299,0.0022886116174719805,0.0012909824136462889,0.0007522169854932845,0.00038695228844039974,0.00024198786179753612,0.00017350073110012024,0.00014382297446457337,0.00016436911367379803,0.00035955743616143345,0.0008926156034229868,0.0023045919479680443,0.006390990746247192,0.019117041082005348
0.05808415619031101,0.03859231553893236,0.029147050836473013,0.020152484316844254,0.012925339278745982,0.007649318019483855,0.004570878279542411,0.002410950026129085,0.0013133002745265392,0.0007085660038931198,0.00038451971547823086,0.00022934261961757982,0.00014947205557165648,0.00014947205557165654,0.00018027927313222692,0.0003993528202296166,0.000918511486528118,0.0023892708730309056,0.006339440769130715,0.01960023641686958
0.06016577613371697,0.03907384573229209,0.02947435721788373,0.020088368269625973,0.013247248481527148,0.007872082933735213,0.004496049687171758,0.0024592409919166995,0.001278713979083892,0.0006964424350367629,0.00043156596794081405,0.00023062519979905914,0.00014157190482714518,0.00011645430880942593,0.00015527241174590126,0.0003630634333470338,0.000880257569530073,0.0024580992830068042,0.0067052564278211645,0.019359957985112107
0.060972630357995,0.040340938929188726,0.0297122842588597,0.02074813855838454,0.013449643466288555,0.008186689864761499,0.004604228172442219,0.0024762139613258545,0.0013505583754027121,0.0007420650414300625,0.0004132731461502804,0.0002283277050554037,0.0001415631771343503,0.0001609710320640595,0.00017352905584210675,0.000310525678875349,0.0009064609890699532,0.002457947744921422,0.0066614607949914,0.019261725198473856
0.06160690028332621,0.04121015225645015,0.030697859186184822,0.02095495318610719,0.013456283061384305,0.008285180052555758,0.004731616329270268,0.0026255048389195682,0.0013618379447091513,0.0007465565933275642,0.0004246468695991653,0.00020547429174153155,0.00011529390814385936,0.00014611505190508908,0.00017008705260826784,0.00035843848670467167,0.0008447276438262962,0.002537607503007916,0.006792066865900626,0.019669597338879623
0.0623646387646036,0.04133933556114474,0.031421502756602666,0.021357534047953108,0.01375618366086424,0.008390255931918934,0.004799651100528943,0.0026852472379743325,0.0014236833782967657,0.0007615050628098975,0.0003824650615312077,0.0002351874706729217,0.00012901060284485513,0.00012101879558897918,0.00017924481988178988,0.00033793927824847015,0.0009076409669173436,0.0024614766348098017,0.006741660263706807,0.019639295487939787
0.06329428700817087,0.04212622811130085,0.03197737754248842,0.021753240457148847,0.014058045904242391,0.008701296182859544,0.004898186393445053,0.002882561019151293,0.0015456549983973097,0.0007619908036379366,0.00041521654569492343,0.00022243743519370898,0.00012661823234103432,0.00011178906999478701,0.00017452783376737158,0.0003444928483512827,0.0010061016299530842,0.0024274198056010877,0.006581866672142049,0.01972392662530471
0.06405760572769696,0.0425810251773924,0.03205277480982257,0.022194597408290183,0.014248468078500127,0.00867784444261801,0.005020410399715074,0.0028914732929691414,0.001567308658210277,0.000823036811776846,0.00043834415495465936,0.00020775686510871862,0.00014725623955508076,0.00009018017771202616,0.00014383167584449744,0.00042350437887546497,0.0009428965416472609,0.002450846095540761,0.006580869930504189,0.01960220267937865
0.06432845915303087,0.042768166405678855,0.03211689821019006,0.022646062885707873,0.014338552709464108,0.008902858928577537,0.005134597860166033,0.0029208585339594,0.001538554534287866,0.0007869552473377522,0.0003775104157518783,0.000221259881135542,0.00013229972274083967,0.0001106299405677711,0.00015282899006269403,0.00037865093060309243,0.0009055687918640225,0.0025387860588026636,0.006691400632073333,0.019484555718142282
0.06467742285082613,0.04326240244769167,0.03181679730680906,0.02237442974465566,0.014719689338463873,0.008992893982415776,0.005068556128868866,0.0029500981654861343,0.0015765799167447169,0.0008076834884625609,0.00041296811133255233,0.0002475527076219996,0.00013119152708078314,0.00007187014092251602,0.00015286664894630382,0.0003479427457359903,0.0009092143224642103,0.002476667872107656,0.006568702721140433,0.02005747329682027
0.06487072725966422,0.043438742705564255,0.03253401028890358,0.022363710802208323,0.01461909274724673,0.008883901435451445,0.005111379490846389,0.003011859267140856,0.001651333668617932,0.0008564582770249082,0.00046301206454342557,0.00022352306564165384,0.00011860407564659185,0.0000832509377134731,0.00015737848499259308,0.0003489696841140103,0.000937428367129793,0.002535162116945899,0.006766134430877205,0.02009654827927154
0.06545640384479375,0.04394864786553716,0.03324496300538206,0.022639382898288183,0.014486421617724562,0.009025637281631369,0.005376368618342847,0.003000180238964925,0.0016244321902228343,0.0008749575069528887,0.0004049672946131361,0.00023613585911244828,0.00013460884722352138,0.00008213421186519951,0.0001482978825343879,0.00036275943573796414,0.0009365581658517882,0.0025438790619360403,0.006693938267013762,0.020122881906973866
0.06563091552839397,0.04422404812408929,0.03340137676702788,0.023135528142939128,0.01476150757472892,0.008926279180420833,0.005236187544286231,0.0030225889746816805,0.0017720198858741604,0.0008352340994590365,0.00043016838182521444,0.0001905520418164743,0.0001277953813379948,0.00009356447562246046,0.00014605186438627972,0.0003571424496320747,0.0008934266391754455,0.002620946347619412,0.006959143131968126,0.020270401334548913
0.06599456526077285,0.04457375611636228,0.033457969715525726,0.02334337950467016,0.014914174224101465,0.009042694517709655,0.005382284757073087,0.002971659762061963,0.00169792839052581,0.0008689197001884942,0.0004686692871095424,0.00022236134059941789,0.00014139900632988608,0.00010148799647870858,0.00013683774806118014,0.00033639279731706803,0.001004617133682498,0.002637547593879248,0.006994689555060657,0.020168743749650782
0.06608737899510049,0.04481401056540424,0.033630466319352584,0.023197357736558316,0.014985903670519964,0.009147787925512987,0.005413857284928332,0.003078154795032983,0.0017472149484959352,0.0008907146702188796,0.0004139941424960991,0.00020984827057653524,0.00014484092588706507,0.0000992217366312966,0.00014141948669288242,0.00039118454786821503,0.0009785316095362344,0.0026116985848927492,0.006887357097889658,0.020350720326998344
0.06582862251862562,0.04442097748502363,0.034104891986730265,0.02394732250482676,0.015390878828760508,0.009222439025502833,0.0054066506021898,0.0031440910588983943,0.0017254297323588215,0.0008781103066201538,0.0004344935413276344,0.000199570524231853,0.00011860191154350124,0.0001231635235259436,0.00016079682238109304,0.00038773701850759994,0.000926007232435798,0.002424496768668111,0.00692110578036066,0.020412073218433923
0.0662624838765965,0.044138494191012866,0.03404418867489858,0.02398865916008899,0.015570845465089625,0.009388354198243444,0.005511894538400214,0.00297434739419569,0.0017300939405655146,0.0010161593283084201,0.00044250260312420563,0.00022353224281532031,0.00012659223955357413,0.0000900971795020933,0.00016878965273809895,0.00035012448236889466,0.0008450887343171033,0.0024942092603933946,0.006759569403910214,0.020361962567473087
0.06712224337291096,0.04471658837868558,0.034033588511067574,0.024058147656153706,0.015657596216613487,0.00933407284662403,0.00554520845601494,0.0030881527231892175,0.0016387979713598365,0.0009198267165153399,0.0004507835645453591,0.00020542035852699888,0.00011183997297581054,0.00010955752454773273,0.0001837370984602601,0.0003708978695626373,0.0009027083533047567,0.002450208387541483,0.007012822795268942,0.02039253548066081
0.06674328086628771,0.04529928561819224,0.03446954927592741,0.024133472880625513,0.015521215976796846,0.009640620118980028,0.005604693531800592,0.0030178242023344536,0.0016257715574344261,0.0008892719598869933,0.0004229742270744541,0.00020179632935897175,0.0001242700559329261,0.00010146821080761857,0.00017785439197739883,0.00036140924523612425,0.0009303152811125466,0.0025435458237280557,0.00691237934973698,0.020523940797289312
0.06732757038065819,0.04570566523105974,0.033932320084471626,0.023637912337895563,0.015914825976845577,0.009791546225060743,0.005578228034586844,0.0030456760180665285,0.001549634484669567,0.0008472247403307491,0.00044698801912470204,0.00021209125397243518,0.00015279692490487263,0.00010490535142722597,0.00017674271164369595,0.000427603334621845,0.0009908994607636889,0.0026249143367986323,0.007037780750096076,0.019993591651358472
0.06725458025704129,0.04532973293227599,0.034207228146932826,0.023901649804028802,0.015309680065627567,0.009765518184304075,0.0059235712332512975,0.0031446540880503138,0.0016292954151854897,0.0008021146659374711,0.00045916507155227397,0.00024724273083583976,0.00014469966274724272,0.00013786345820800293,0.00015951143924892893,0.0003737125148117765,0.0010277094157323853,0.0025977577249111307,0.0069968553459119525,0.020059702852976025
0.06732289703590456,0.045493774590112515,0.03385355209199082,0.0236532513387396,0.015399068098151808,0.009776190785640914,0.005531670867863522,0.003176264434844967,0.0016360156008623568,0.0009097842853576034,0.0004218298064941267,0.00023599667552509274,0.00013110926418060707,0.00012996918362251483,0.0001687319225976508,0.00041954964537794235,0.0010180919383763656,0.0026073642363569414,0.006981853337756846,0.02012584209200222
0.06799267481917812,0.045131683458287615,0.03358096273479495,0.023582341619174926,0.015332966390547915,0.009602049409643758,0.005510979224428817,0.0032341106366685253,0.0017230356880348155,0.0009333109976855251,0.00048090017218961113,0.00027349772825949447,0.00013446971639425153,0.00012193440384902473,0.00017321522789767981,0.00036124491607608216,0.0010187790377666176,0.002570878645639251,0.006864792979313315,0.02004282518594997
0.06771961941412022,0.04530941695857302,0.034060999978342124,0.023828223404412964,0.015428387092361719,0.009432575041691411,0.005659545025014846,0.0030856774184723447,0.0018374998147681644,0.0009951224182956624,0.0005562654526097176,0.00027471306163717583,0.00017896245094206053,0.00014704558071035548,0.0001664236804938907,0.00036590411944204774,0.0009905628654054192,0.002483816436960191,0.006845028776478178,0.02003581528795286
0.06735512697761364,0.045283362969042104,0.03362627091597137,0.023733643368440246,0.015318241918570192,0.009392240003647476,0.005557835225459351,0.003182419185701911,0.0019308804085168467,0.0010133132722381795,0.0005186249031140287,0.0002815392331190441,0.00015387771850636025,0.00014361920393926957,0.00019947111658231875,0.00038868371859754645,0.000958601194547029,0.002441526466967583,0.006833310536634294,0.02007933251265217
0.06693791955870117,0.045611515711013094,0.034520919524509634,0.024225846525569576,0.015509283003384961,0.009790177909985069,0.005673516372049557,0.003260733294582921,0.0018725567294651303,0.0009767383549309898,0.0005048950889549925,0.00029518697074343796,0.000162979678827458,0.00012081011157839543,0.00019945065590772827,0.00039662187574793993,0.0009539439942558209,0.0024241802578042187,0.006867940871428411,0.02031889310584561
0.06700125298853155,0.04530938783700434,0.03430041853693351,0.023976659525734155,0.01587498845631585,0.009630567903655551,0.005773552250989909,0.003201448404577342,0.0019222371830902416,0.0009485773050599534,0.0005221735645642531,0.00023600420931179123,0.00016531695821357352,0.00012313263094528243,0.00018355882946472646,0.0004241235065893061,0.0009303354338088,0.0024774741392972095,0.006801937742773654,0.019963447850480508
0.06742566105042758,0.0455909823894752,0.03435204171237892,0.02397412591719106,0.01577101071776402,0.009522593064815218,0.005718117560117784,0.003355145963675012,0.0017916160125538575,0.0009511188761743585,0.0004618742744012166,0.0002223839098968821,0.00014597507931692782,0.00011974518225216732,0.0001767666976103422,0.0003786228619782813,0.0009898935066179173,0.0025614064698892187,0.006655551272606179,0.020243778382459266
0.06770202762938592,0.04588671450166558,0.0345287522999788,0.023345212282057763,0.015428953170493693,0.009833763118714249,0.005788992478185828,0.0033014813345463084,0.0017339617092005989,0.0009712921605778496,0.0005232665512972216,0.0002017825263172294,0.00012198152720872056,0.00010488131311404016,0.00017670221231169805,0.0004195252524561605,0.0010237328171348703,0.0024293704157176037,0.0067545845673987834,0.020142912189260603
0.0684987863109551,0.04577715985367356,0.0344596519618457,0.02401280926278363,0.015448609100958419,0.009652531652782369,0.0059704384095545255,0.003358442831257336,0.001766401896317907,0.0010450261541442068,0.0005002906016022973,0.0002438774231045369,0.00013561408107214901,0.00014017253757877583,0.00018119864613841763,0.0004011441725831631,0.0009515777957583561,0.0024877776384916073,0.006583550809695835,0.019937549145859212
0.06897573810560689,0.04615026824658164,0.034637211603574185,0.024080631297182555,0.015714028395604995,0.009719806014286722,0.005728597844451186,0.003400678083581669,0.0018354313491674437,0.0009769966871034156,0.0005038886064173977,0.00024396416690797079,0.00011058188873865966,0.00011058188873865966,0.00015504264812843003,0.0003465659193459024,0.0009006153825107327,0.0024955026231848042,0.006474170578833484,0.01966761592287996
0.0686365382795603,0.04594732947750174,0.03416093479403452,0.02425229132392292,0.015610303347459217,0.009929165341295822,0.005786027569993832,0.0032629775182901172,0.0018902923568570958,0.0009964508563890845,0.00046630251746354183,0.00023486141466378882,0.0001299718508333589,0.00009918904405703707,0.00017101559320178799,0.00033177025081146866,0.0009417258665645124,0.0023942183048250337,0.0067653768670627385,0.01918566934933126
0.06848384320297317,0.04585463727719922,0.03436219269595353,0.024055358903766016,0.016118606679320784,0.00989187001601714,0.005776432565536341,0.003364170613952586,0.0018308566607956125,0.00099408904621032,0.0005232647617093313,0.00027816253127903464,0.00012426113077629005,0.00010716097516487396,0.00016758152499187745,0.00033288302923556586,0.0008550077805708026,0.00252398296824501,0.006702120989300999,0.019543197843100366
0.06802346650621191,0.04614441382736986,0.03459577484370477,0.023982741998345297,0.015952027678443226,0.009968023010668873,0.0059919818212069206,0.003303681114431124,0.0018393036628809377,0.0009025579312278208,0.0004740708325641076,0.0002609668765797612,0.0001230760815310664,0.00008546950106324056,0.00016296184869391187,0.0003475759709905119,0.0009299081715680581,0.002484313497571526,0.006636991655897512,0.019268244319696964
0.06816474704933635,0.04576762846998613,0.03450865964928277,0.024192307473114908,0.015819318512101853,0.009683761804079349,0.005866563324575851,0.0032153827741652364,0.0018020277085981002,0.0010132843978138593,0.0005117713100319711,0.000257595358724333,0.00014019570408448215,0.00011398024722315623,0.00015159372880679776,0.0003635969886418681,0.0009289390148687235,0.002491608204298194,0.006637069795804388,0.01888310755746029
0.06771167666411645,0.045714246622511424,0.03412891066373109,0.02406799101996792,0.015853017534778246,0.009624231948436647,0.005590286606229699,0.0032084573750622808,0.0018448059818233027,0.0009759912981710429,0.0005541259005971106,0.0002382969407917615,0.0001299801495227789,0.00012313908902158,0.0001573443915275745,0.0003922208020687369,0.0009041601629084545,0.0023863899381682146,0.006634688509412729,0.018663553224020787
0.06839096764343634,0.046035668670793416,0.03441993690247911,0.024131554571152198,0.015494098706945169,0.00950792364949316,0.005462071417096488,0.0032141225422672496,0.0017819523772087831,0.001016305319993756,0.0005423333321939774,0.0002734453775767955,0.00016862464950569064,0.00010937815103071817,0.00013444397730859114,0.00038510224008732005,0.0008875581213846813,0.0024803774457695144,0.006459007689511891,0.01875607419028837
0.06800664213286774,0.04635930656497566,0.03457373759016399,0.02375918735305079,0.01545766096174163,0.009568865401075188,0.0057064446240094645,0.0031113628567097725,0.0018041345795500262,0.0010656132860892452,0.0004980459957443848,0.00029290119200527906,0.0001789318565946646,0.00012080749553525126,0.0001652555363453909,0.000394333900520726,0.0009106149899308095,0.0023717018698948883,0.00665580918797988,0.018807219729459593
0.06849010552811367,0.046265020684969495,0.0344776090478074,0.024072995313534896,0.015500332304689772,0.009496048253148917,0.005638349899168612,0.0030654110147319835,0.001788631417669945,0.0010271235865650864,0.0005426313287513664,0.0002884153911220499,0.00016871730389748382,0.00013223788683856838,0.00017327723102984806,0.0003499744074089695,0.0008652461733661495,0.002395101726274414,0.006452296892295665,0.018177009531387702
0.06832840396856603,0.045971312806660634,0.03493409467799566,0.02395272368773471,0.015916434445147284,0.00947349825335225,0.0054650414009653585,0.0031901253141401542,0.0017380997156354898,0.0010485585169735408,0.0005846853469645944,0.0003111483425367141,0.00018691695302571824,0.00011283401432650057,0.00017665931535967275,0.000377253118606785,0.0008536634013186768,0.0022669379241960566,0.006287931889285899,0.018047743604647858
0.06831189408231075,0.04615033882945679,0.035332873581561286,0.024390021486746037,0.01587397482004138,0.00947696586628063,0.005587693850915037,0.003093635477638396,0.0016893027921371043,0.0009483805148839883,0.00058817830009632,0.00030776771516667926,0.00015046421630370984,0.00011284816222778233,0.00016414278142222886,0.0003624819756407557,0.00087542816758522,0.0022239067121858913,0.005847586588166906,0.017586075220709346
0.06849471214894895,0.04581474397408393,0.034866304796339655,0.024249567419815928,0.016104065455822117,0.009647848953714488,0.005536342434805206,0.003093603740593233,0.0016505299249738392,0.0009358322295604435,0.0005961513472108551,0.0003134639014971035,0.00019035807836369561,0.00013108490426242504,0.00017098030990751105,0.0003750168130638075,0.0007944885067035678,0.0022580799595118633,0.0059375762287215,0.017405795548584617
0.06841876133949659,0.046095338384252824,0.03462820127093531,0.02455257423666384,0.015989259958243292,0.00972347583490605,0.005568319611972684,0.003103261216414578,0.0016000656437187167,0.000972119653911727,0.0005618464119325693,0.00032138070621700714,0.00020171767730641936,0.00011054584575549538,0.00019374014204571351,0.0003270789456889399,0.0008068707092256779,0.002229151281420093,0.005906795036605491,0.017642889052998195
0.06858109993542114,0.04627008976112674,0.034764355686864534,0.024702817891177297,0.016234679617356317,0.00986905422228094,0.005541021210778621,0.003052402229164793,0.0016184565550907354,0.0009282491853616806,0.0005318924779925212,0.0003086570910834545,0.00017198236440443409,0.00013553577062336202,0.00017881610073838507,0.0003143518713617471,0.0008075198434618793,0.002141237384637988,0.0057585618174093986,0.01736338506851389
0.0684051630837235,0.04615787734828033,0.0353258826344031,0.02445515340009342,0.01609419323968694,0.009664262847898645,0.00552194766282739,0.003045216856351894,0.001680394636408172,0.0008749444615332043,0.000513802021030566,0.0003144331658634949,0.00017430534194606782,0.00014354557572029115,0.00018000159495084128,0.00037139569591122947,0.0007792474110530098,0.0021577406382081877,0.005926381626166308,0.01708648051311847
0.06872601819486035,0.04622041057989001,0.034836667539594884,0.024582417707538672,0.016137406492308746,0.009877372561968413,0.005707811948489649,0.003068532455850707,0.0016623589556742228,0.0008528129163013651,0.000508955104922177,0.00029375932230407535,0.00016509729354298802,0.00014004804900543115,0.0001548498753230784,0.0003210857708905009,0.0008778621608389221,0.002129185785692326,0.005829642365104127,0.017184920354788396
0.06859178198393978,0.04617289552865042,0.03558426721606981,0.02468323617304375,0.01630651040449312,0.00964001856173888,0.005768048953735894,0.0029347614166665716,0.0016270025414076136,0.000812931192728541,0.0004537820683113037,0.0002941602352369759,0.0001573415211732661,0.00010147387959725126,0.00017216354853016804,0.00030556179474228504,0.0007684651106578353,0.002157175058404488,0.0058022536322518215,0.017161627367391318
0.0692301996411585,0.046696095463218734,0.03537834989889785,0.024708797311537033,0.016231025546094038,0.010094267080568453,0.005795004699114287,0.003161222339304532,0.0016529490502093234,0.0007985646341810721,0.00042377467035001294,0.00026998547546492745,0.00015492837410645627,0.00011961381824395518,0.00016859852476290826,0.00032922279497621973,0.0007598325406544587,0.0020767237205593365,0.0057198188705038025,0.01685073904251986
0.06960805750676473,0.047128533814378516,0.03541216825648455,0.024450852306374758,0.015878818523883703,0.009962555005876408,0.005825156476344054,0.0032217727608166834,0.001586401362961343,0.0008677945718424581,0.00043845263800439127,0.0002266287661373346,0.00014463242864040955,0.00011730031614143447,0.0001605761609314783,0.00031887464582137535,0.00078124288226237,0.0020305481910696875,0.005657747287287834,0.016982352566029823
0.06978918822260463,0.04667495076806375,0.03507569018675675,0.024598314098044752,0.01583964227260768,0.00987258353483594,0.00586569049427839,0.0031344427650978903,0.001615058081725585,0.0008849789347678275,0.0004077509120294496,0.00025626803130342473,0.00010136824349335465,0.00012300865502564386,0.00014009319044587217,0.00034738555354464276,0.0007870275983585188,0.0020011685822227438,0.005748376684392818,0.016610724304573977
0.069701246202789,0.0465905117279289,0.03488593274992682,0.02433859902704833,0.0160009658897405,0.009873033338003314,0.0060026402504934784,0.0032211511628834075,0.0016880290040287166,0.0008519876484571392,0.0004282718660693636,0.0001811043263431618,0.00011845817572131349,0.0001036509037561493,0.0001298483849252859,0.0003644866945271181,0.0007449196819397985,0.0021003545772125196,0.005632458451364378,0.016694629630262418
0.06950251669632627,0.046250703512893364,0.034917025353807175,0.024548327633075018,0.01612212300253607,0.010074760349899398,0.005891279630140202,0.0033426831241213195,0.0018729962699575468,0.0009399160113838057,0.00044432393265416304,0.00021304762924699612,0.00010253629215096078,0.00010253629215096078,0.00012987930339121692,0.0003383697640981702,0.0007929473259674291,0.0021111083261747803,0.005873050955980029,0.016447960553149114
0.06902111368116404,0.046844342148741516,0.03592516208424962,0.024617435593587277,0.016324647060834294,0.01006688467805339,0.005952394517051605,0.003483244647516605,0.001803721386005491,0.0009252190558663669,0.0004569123662591293,0.0002267470346273485,0.00011052493647664729,0.00008203912810637739,0.00013331358317286317,0.00031904105374702283,0.0007930449050283141,0.002109089251734785,0.005795152854847713,0.01617993915431332
0.06905089753183022,0.046771197434224095,0.035557317096782656,0.02498920866177155,0.015965485940509252,0.009888168707055311,0.006040871552893506,0.003363252959218422,0.0018553129260300743,0.0009578380422291537,0.0004464595868654319,0.0002243687209502301,0.00011617060678641355,0.00008655849133105323,0.00012983773699657984,0.0003280111250439909,0.0008576124206879343,0.002127516602715887,0.005782335006417856,0.015948402027746552
0.0695415960799315,0.04659407617902619,0.035728272947519894,0.0248818241433958,0.01608808313751207,0.009917436289779041,0.005893992385740569,0.003324407526822959,0.0018580250286900927,0.0009324280015301388,0.00048727617173980394,0.0002288376414011696,0.00011612656429313074,0.00009791063263930631,0.00015369692332914373,0.0003734265989034014,0.0008322403774341044,0.0020618157640672537,0.005519427291108806,0.016238364573656128
0.06974902971294085,0.046601118891634305,0.03510234862439666,0.02496944179587689,0.015954059599035352,0.009731919396969579,0.005827987783553364,0.0032739712451001503,0.0018693760658348452,0.0009158917470635089,0.000527435172749259,0.0002494779758792392,0.00012075189700091025,0.0000899943383308671,0.00017201449478431555,0.0003668123663612559,0.0008691858246386283,0.002001519651232068,0.005515855521494409,0.01640858796604821
0.07005379026580728,0.046679744012102245,0.035491095330202976,0.024779746973870354,0.015999243609985263,0.00982395705891868,0.005846074632000309,0.0034117290574514647,0.0018716096298473323,0.0009830791908449468,0.000488691741451312,0.00023808059198910089,0.00013100128267342867,0.0001070793093156721,0.00015378411444272067,0.0003542730340124897,0.0008292950764022266,0.0019251492845051676,0.005324347784483524,0.016340986086524636
0.07012169089896891,0.047080226737388334,0.03568301848986707,0.024725259086971027,0.01553667974766983,0.009688367014924185,0.005638834527017565,0.003294727866179852,0.0019456426825505762,0.0010268985954713986,0.0005077569551887405,0.0002527400090849785,0.00014003162665519086,0.0001013236973358698,0.00014230856367397437,0.0003039710920076092,0.0007206505664450059,0.0020037045765295587,0.005515879928003249,0.01611843715596904
0.06978144770262225,0.047482214235214946,0.03571269998667989,0.024520390586665528,0.015888502694191866,0.00940149435716798,0.005683247739281009,0.003227565573089276,0.0018272461180981589,0.0010325932891682432,0.0005646816664029203,0.00025501752676260924,0.00017190913634443757,0.00010018545694245367,0.00016963219414119993,0.00031080261074193,0.0007081290252068878,0.0020059860810523094,0.005506784718530099,0.015908995174020998
0.07068537702170105,0.047070063621735936,0.03558694951597603,0.024734700663547264,0.016059734057272096,0.00970097670239672,0.005675509788090769,0.003242009704392941,0.0017855536411970953,0.0010214551123429805,0.0005261006264241439,0.000298351437495943,0.00014462073496940753,0.00011501334040874152,0.00014689822685868956,0.0002459691240424569,0.0007310748964595246,0.00200647035445745,0.005520640339619592,0.01571924901982443
0.06995123630052295,0.04716255440189539,0.03546678792064246,0.02480692241682878,0.01600689233125584,0.009678665568087412,0.005589762700043421,0.0031088425373534045,0.0017652482002787468,0.0010507158429031666,0.0005834777782716068,0.00027350520856481565,0.00015156746974633528,0.00011851892371142005,0.00013675260428240774,0.0002404566625299005,0.0008136779954803261,0.002030776173593756,0.005466685356189253,0.015424554158019917
0.06942652309339285,0.04732223696423386,0.035783227893151415,0.02466446105926099,0.015871262378069958,0.009925233325551069,0.005764949064135345,0.003263995262309739,0.0018039666767266664,0.0009725931451544021,0.0005364067580418305,0.00027105054864958757,0.0001400807457306692,0.00010933131374101009,0.0001286920672159806,0.0003302716769259679,0.0007972074960281983,0.0019463251581602736,0.005351540034052147,0.015571740133133663
0.06970991577392033,0.04768068082083718,0.0356620438512913,0.024756707408001868,0.01567841323939717,0.009624699334865544,0.005623419836101219,0.0032875377503360967,0.0018304573069738378,0.0009311654708361936,0.0005372984134898328,0.00027547927132317706,0.00014343135614347234,0.00010245096867390874,0.00014229301204709562,0.00036313176674418777,0.0007854574264999678,0.0019556751575752823,0.005206785896827325,0.015585069023494288
0.07047253292004031,0.04757693688355051,0.035938256762069735,0.025100711676856537,0.016048911402214233,0.009745813414168584,0.005677460527290443,0.003098557842975254,0.0018016991356174612,0.0009287696366402468,0.0004660942102894001,0.00028717785083845677,0.0001538452772348876,0.00010142392351040734,0.00012991378966501616,0.00031110933840832817,0.0007680867915282535,0.001878051976911813,0.0052364373992170995,0.01543694907721323
0.07039162766333006,0.04764670379101043,0.03595025793447441,0.025594160317948367,0.01636090328311298,0.009811759078951862,0.0056403949301356325,0.003204536913668819,0.0017309509981437829,0.0009349412957079248,0.0004930932777606958,0.00028355710430118545,0.00013437645906642527,0.00009679660186988263,0.00014804186168334993,0.0002938061562638788,0.0007345153906596973,0.0019302381196406,0.005124525981346727,0.015149237584412337
0.07054096982154534,0.04755789919853793,0.03601679948407444,0.02547610312130405,0.01631523416047017,0.00996643293537486,0.005718706631147411,0.0031755400241099507,0.0017717849793652566,0.0009571057123259262,0.0005298263764661374,0.0002689011287010937,0.00015951761872098774,0.00011166233310469135,0.00012077762560303353,0.0002711799518256792,0.0007064351686215169,0.001889144370281412,0.00523673554029757,0.014884133238230445
0.07033912203655449,0.04696867540135214,0.03550326184011517,0.025013894709987796,0.016593928239517466,0.010078220383767333,0.005768582466242688,0.003370036627366655,0.0018347850647812386,0.000971490788490625,0.0005056763307032089,0.00025283816535160466,0.0001662809555915958,0.0001047797802358001,0.00012641908267580233,0.00028131093172002855,0.0006844853034969113,0.0018780636696612424,0.005258350492920532,0.014640696466643581
0.06999695893191306,0.04739282512947318,0.03556341196449582,0.024550645173414924,0.016181443561990527,0.01012094794762073,0.005860035695533273,0.003321256382541307,0.0018314747130063168,0.0009704082434585709,0.0005227903565111319,0.0002824662492696311,0.00013553824057696017,0.00011275870434553827,0.00016059573043152408,0.0002676595507192069,0.0007027486927393642,0.0019430944405402848,0.0050285826230863735,0.014813532411293639
0.0698329460493044,0.04668470829599962,0.03531893722127788,0.0250894017002547,0.016362702783321702,0.009938076300836015,0.006038670718253429,0.003448554601355512,0.0017635559846482971,0.0009495194907660942,0.0004918374340658904,0.0003017058333969004,0.0001468681226724534,0.00009335803146621066,0.00012979043398961,0.00030056732081804423,0.0007502797894662545,0.0018899308809013388,0.0050049012966519755,0.014654933915037359
0.07002392178181373,0.046808738573331815,0.03520912469527934,0.024891645383232873,0.01612982267794033,0.010153366087597713,0.006091563782490712,0.0033415275978040744,0.0017676361883336008,0.0010405234300119779,0.0004900603230067365,0.0002552872380314164,0.00014701809690202106,0.00011282784180852779,0.0001447387465624548,0.00027580139108751225,0.0007305317838309718,0.001916933635575189,0.005061297429006788,0.01440093544537936
0.06975652764266724,0.04691974547832168,0.03516076192472335,0.024772121993616458,0.01617985105059678,0.009758714724757997,0.006088517591202464,0.0033478303462196523,0.0018726890402126941,0.0010160818879986155,0.00048753704939843865,0.0002562986825108614,0.0001970652092194623,0.00012302336760521343,0.00014694457797289386,0.00026085510353327673,0.000695993311173939,0.0018521851456118257,0.005002950282612014,0.01449283616704751
0.07019800107988164,0.04671627135557039,0.03535814934717283,0.02475298277429335,0.015940784212768577,0.009954731544618017,0.005837967635446543,0.0034549377245481697,0.0019159925000626508,0.0010160911474767452,0.0005399408115515442,0.0002756659839566954,0.00020162346760469046,0.00011277244798228447,0.00013327652943360892,0.0002676921745034026,0.0007073908100706934,0.0018886537247942196,0.004835545875604017,0.014154650895230974
0.07040648924535184,0.04685449325555959,0.03503919066715276,0.024493027706890255,0.01607842690484871,0.009802223842508204,0.0059572092599343785,0.003349434925264309,0.0018410499453153488,0.0010469832300401022,0.0005855814801312436,0.0002905122129055781,0.00018228217280349994,0.00011392635800218749,0.00014240794750273436,0.00027911957710535936,0.0006778618301130153,0.0017772511848341231,0.004917061611374409,0.014094969012030618
0.07088662401513127,0.04731927693683735,0.035272402025852995,0.024472030581492728,0.015870700901835007,0.00974984475676661,0.005857654773230938,0.0032951444474195427,0.0018788703989608675,0.0010379932889347182,0.0005719787387982748,0.00033726236391292693,0.0001800251807373056,0.00009229139012482124,0.00010938238829608442,0.0002210435763483374,0.0006471791307518328,0.0017147968165167411,0.0047512974916111665,0.013503027955176009
0.07123251162854272,0.04726017412062704,0.03469200876525606,0.024334519345977038,0.01599864238757558,0.009971389912666342,0.005764158120845726,0.0032812763379088195,0.0017881304583536426,0.0009487341858653418,0.0005603568060573207,0.0003394031061078894,0.0001810909190307195,0.00009225386441187595,0.00011844940615845804,0.0002357598757192386,0.0007311972957089428,0.0017220721356883493,0.004728864753556897,0.013480453570110658
0.07078934023167958,0.046835060768884496,0.03561689107184573,0.02442721124096158,0.015850621933778147,0.009903077475342019,0.005797117965139801,0.003301405689996069,0.0017834656212785114,0.0008854650400852415,0.0005401678622913831,0.0002826194722537193,0.0001709391969276529,0.00011509905926461956,0.00011509905926461954,0.00026096717397621676,0.0006780588144796891,0.001769790485524299,0.004847835624868232,0.01353724480202393
0.07036361710584606,0.04707194099578721,0.03538111632854576,0.024207352976348434,0.01582275958129423,0.00991299930868675,0.005861926406458027,0.0032367582761130193,0.001860965173528739,0.0009680663387389396,0.0005614784764685853,0.00025853065752204623,0.00014691830317332144,0.00013894599214841254,0.00012755697639854274,0.00026422516539698114,0.0006355070788427393,0.001763019638079857,0.004831220481094804,0.013730597388043131
