0.11244067659108424,0.11779499452399309,0.11953920415365267,0.11657810408469556,0.10992576968320286,0.11722711231898757,0.1136575670303817,0.11617247393826309,0.12035046444651766,0.12241917819332333,0.12164848091510161,0.11682148217255504,0.11775443150934983,0.11998539731472846,0.11856569180221477,0.12116172473938261,0.11747049040684701,0.11219729850322481,0.11365756703038177,0.11783555753863634
0.12037476985211137,0.09508448654748472,0.09105689849735701,0.08617924808457561,0.08161712300291027,0.07559986933539224,0.06877338599512978,0.06362104294114151,0.060978054285205203,0.05813832630516127,0.05300825562748708,0.04652328205737363,0.0417829779651957,0.03920680643820157,0.03670116410286868,0.03391711706360991,0.03155624517431846,0.029752182692878784,0.02840099186315853,0.03106254083268991
0.12021574453401634,0.09363674048822736,0.08861597889797991,0.08509125604726188,0.07888709539215434,0.07360232696551929,0.06831061099055831,0.06369512305266012,0.05953122575595116,0.05497826575298685,0.05049478123328245,0.04467968328443033,0.0414861269039177,0.038612157746400595,0.037468128122054536,0.0355413413863138,0.034288466838193914,0.03282948168973639,0.03152102675500859,0.03745423302540254
0.11643813081218132,0.09083695410251702,0.08678233774276907,0.08058912898324934,0.07486041088069365,0.06981101036394781,0.06555511471951539,0.061185031788579355,0.056898170100349366,0.053106765112880955,0.048285739169142375,0.04467045355577278,0.04095646367779831,0.03889528638752068,0.03793533902979514,0.0391662392707497,0.037933403652057794,0.03834950986558803,0.038814000522552,0.0484579877877665
0.11529783665737624,0.08810566612716689,0.08320018201655727,0.07641420487549273,0.07074514751786987,0.06600858028808948,0.06198387705608904,0.05797813388214081,0.05397756163311598,0.049416805850729204,0.046365960145957966,0.043296154383134514,0.04067794273028282,0.03915769080282056,0.03975062352736369,0.04112781319861353,0.042330915064110866,0.0443665358422661,0.04681927789757091,0.06155986121237506
0.11315837542988877,0.08677611771078728,0.08022700646250366,0.07282126705382898,0.06694454592408762,0.06195594663710459,0.057658633678084166,0.053591224600345176,0.050171010695254536,0.046335080182915295,0.04417461357251735,0.041722830400221705,0.04051504768143509,0.03977022209344804,0.04044891094846372,0.043310111991534464,0.046920862674947404,0.049915911868079255,0.05521787329461711,0.07585410866580161
0.11144854717917273,0.08564127407403074,0.07818434351934926,0.07026053154230398,0.06309778019105551,0.05780840884176816,0.053640138337404504,0.04950406655182458,0.04627980393907416,0.04277307074790306,0.041779301199987705,0.04039329271416175,0.03981078861980191,0.040299623714063676,0.04179100982499995,0.04543971009444472,0.0512793868193081,0.05583550552720278,0.06362320473848052,0.08899286798378943
0.11200017616149599,0.08412812445809698,0.07637288984676707,0.06741755504358621,0.06008620903213023,0.05388202134306625,0.0492963173989755,0.04537810037351742,0.04230766054780721,0.0403423588574826,0.038733508944324715,0.03874727156120374,0.03888765025336979,0.03991021268748125,0.04306735699952931,0.0473172530917719,0.0543637129338321,0.06193728100235893,0.07093252739448891,0.10199337742875782
0.11243831784513192,0.08389820741966914,0.07487768337017672,0.06569214973441316,0.056624480088843264,0.05085569256880636,0.04567622499973809,0.04187969491560939,0.038940952760112744,0.03721228090393826,0.036249724984022874,0.036477595365064064,0.03805042483420463,0.03977778709048811,0.04337525799117852,0.04958407107460528,0.05759882240777801,0.06703710882251257,0.07863885425724733,0.1128914394074322
0.11302626010197706,0.08482763659082208,0.07425456982204397,0.06438561841230173,0.05460357927406839,0.047829460488925626,0.04293088333098207,0.038553779802091945,0.03607615026501944,0.034563372901509515,0.03411999435700035,0.03476238940728348,0.036208408069489495,0.03962569781736834,0.044009099336947535,0.050566567242386964,0.05961677986255265,0.07120130393599228,0.08442708438299842,0.12313075636348977
0.11514598875173652,0.08561409521245016,0.07433156062006206,0.06312858393052759,0.053497181814287385,0.04560993372214705,0.03969449765304187,0.035520767672564166,0.032973690813510155,0.03205693897908851,0.032295612687649564,0.03284272626573564,0.034854929224065634,0.039028659204543355,0.04350348524812885,0.051016199212988736,0.06165125487292157,0.07478442868245994,0.08979884090255381,0.13195228973764245
0.11778186525948503,0.08659182015720408,0.07508287949088058,0.06303760683145375,0.05194141382872651,0.043712857209705816,0.03729127146677802,0.033520149645025005,0.030976472183327167,0.02972263117036761,0.030101783093903694,0.030992070205497955,0.03360293914731612,0.03747604803710887,0.043097335257889294,0.05107272397859953,0.0625168728605213,0.07817128788069669,0.09464999838020532,0.13820687536820334
0.12065978279252224,0.08809640104499909,0.07600487729303136,0.062226879277536166,0.051567557722715714,0.041900488557165695,0.035572070756228785,0.03171423131189011,0.028891220044680928,0.027502776296166636,0.027591475854206307,0.029613825777510767,0.03238834795299159,0.03640939458412326,0.04276146560053743,0.05097504467501074,0.0641368764273237,0.07965220311962255,0.09856058357213227,0.14343428131478764
0.12322234931457941,0.08988265485917524,0.07623980415549074,0.06256534296789669,0.05070438694978733,0.0407224985863089,0.03407844317195987,0.029668195287228086,0.02705857422668464,0.025719226315844942,0.026007232947022,0.027544439071963026,0.03100168940475116,0.03523866500731138,0.041859305248394006,0.05110946944729655,0.0643390423428286,0.08209008519610787,0.10149775155798711,0.14862781230865416
0.12681822151069716,0.09133808761461218,0.0775386406636588,0.0622663367777616,0.04994906127201281,0.04009547373017028,0.03251229806432834,0.027697860573424528,0.02546587105224858,0.024392373744724197,0.024462232571678073,0.025834958521321498,0.029312763789841358,0.03411788677048465,0.04053092708484936,0.0512053558433998,0.06522136515791004,0.08362567311890559,0.10444360355115703,0.15262872944258485
0.1286214839567855,0.0931435708955743,0.07829148919406194,0.0630106923864832,0.049305713266067565,0.03917876724709284,0.03150824291693124,0.026364820333609866,0.023994141666010077,0.022879482390237346,0.022417165289371106,0.024156358192629807,0.027623157104388656,0.032761944929806594,0.03977317494820656,0.05027090159945495,0.06558645909130938,0.08502810980668425,0.10754955714888234,0.15754005589518028
0.13088769319467183,0.09479233703017748,0.07891042653316588,0.06379338034206306,0.04914657549915482,0.03839919215540379,0.03083258137081708,0.025261319009650923,0.022569273945047603,0.021233649870077045,0.02130412830309886,0.022845410756395342,0.026090884827841984,0.03088803980991621,0.03878393507665396,0.049904507500176214,0.06561542114329884,0.08709863398932197,0.11005727239221133,0.1612742962844001
0.13347205604796872,0.09603534780671098,0.07978590486631149,0.06290196096494814,0.04905579117433347,0.03782593024634988,0.02984342450877996,0.024474924545053605,0.02110205101571973,0.019774320329710184,0.019758198708197495,0.021472848310511647,0.024515228598835325,0.02986875848544275,0.03773726132803009,0.04971792920074757,0.06630938082609497,0.08793308145218963,0.11274425696022218,0.1652374081499403
0.13573592757747863,0.0975966780683804,0.0802803971335241,0.06327548983899338,0.04827899997357347,0.03724189595524492,0.028789997437774106,0.023065777968763822,0.02012783553956685,0.01846411217723709,0.018579010199497422,0.02049206227013214,0.023433451639996924,0.02869233411885282,0.03674898343974807,0.04904422080182732,0.06700622862178673,0.0889770284384095,0.11498304679681542,0.16896328663494722
0.13772182339490335,0.09778414677661217,0.0812211803121447,0.06386540352439185,0.048772176602802045,0.03627078545588888,0.02806273183391599,0.022815956713244743,0.019022858408206684,0.0174280590603534,0.017452153151220246,0.01908940399250559,0.02228015002587247,0.027853916379736644,0.035835944482625295,0.04835225101912267,0.06701369806432662,0.09019680282887574,0.11653508615932161,0.17204901885419976
0.1393218953219274,0.09945069604837808,0.08148752930021858,0.06365833912562535,0.04873426490947422,0.03620001213804855,0.027351832788075393,0.0217626049626297,0.018118900201193878,0.01607146333336005,0.01638178514050936,0.01782346467999638,0.02133777326354336,0.02644720464177297,0.03491063075483777,0.04808384872327194,0.06686347100094239,0.09123232110405859,0.11832650663527568,0.17602002548990195
0.14161306827742276,0.1001182426825178,0.08258215462663127,0.06428830610775536,0.048073147922397065,0.035760112725453756,0.026626924305224082,0.020955167365477485,0.017037019231319537,0.015416190204744124,0.01527081923978997,0.01686188728141414,0.020298136390015417,0.025481126384601212,0.034135849739076275,0.04737834338911229,0.0672884423214942,0.09249599657519743,0.12027100810757906,0.177764652420312
0.14281712588994866,0.10126350715560539,0.08311066749444618,0.06424095244955288,0.04831534284822481,0.03541958933444922,0.02634602785866921,0.020005053571285653,0.016200011662087586,0.014541022536412589,0.014599332974323975,0.016009073561475778,0.01904578970054732,0.02462072490164402,0.03324266631909072,0.04740066931235987,0.06740229285788601,0.0936991570140025,0.12157040299372644,0.17985340069903916
0.1437168383938657,0.10229121738038996,0.08350277844338706,0.06442109106676254,0.04796722920161115,0.03513732470703683,0.025662091078172966,0.019526694736361663,0.015564988190189298,0.014150092995127738,0.013861408733554691,0.014996748023140377,0.01819395474617465,0.023429066967902416,0.03303666176017526,0.04710117641689202,0.06757607914284736,0.09451385798560005,0.12307762525816135,0.1820194205775967
0.14509839733345517,0.10319505958632028,0.0842895301584402,0.06478128852563811,0.04737797360851103,0.034787224327656255,0.02529222409935619,0.018993424957764488,0.015224190676224832,0.013433176567280037,0.01332587553079768,0.014397744395233097,0.01747637094196611,0.02269759371718186,0.03217204693849595,0.0469236564540432,0.06698438427469064,0.09457102415414823,0.12474430391306329,0.18411259759828316
0.14661491678249194,0.1037616343172881,0.08454470097680948,0.06466873194920632,0.04762958089663058,0.03413189151223605,0.024762866873651004,0.018320736022001304,0.014747348749599511,0.01293785111038392,0.012495453451898944,0.01368354200896426,0.016562547389568763,0.02183939368716784,0.031378308148212346,0.046354837128109484,0.06752493332679622,0.09450891009407796,0.1259465086501285,0.18738163297185187
0.14631589621819202,0.10448938015083475,0.0855284971554687,0.06511031175333193,0.047489372174981094,0.034116144381182,0.024207855304341483,0.018002641146973333,0.014273359851147789,0.012403591868731124,0.011914785979360775,0.01312825514528018,0.016071345150510057,0.021220328400077936,0.030929221135100698,0.04572442969797722,0.06772980998098331,0.0956259279051193,0.12652438503319666,0.18922029193903264
0.14766174252127628,0.10493609996299778,0.08539208151880001,0.0649668402926024,0.04745168360231121,0.03372100304556967,0.024076509264793763,0.017564113511513397,0.013935616087439175,0.011976204707824565,0.011231605612956492,0.012375828992684954,0.015457831668232162,0.020600574958016676,0.030771069934249835,0.045343124697577765,0.06763555631457605,0.09668289072951357,0.1275404889989469,0.19041129422480285
0.14815029638020372,0.10531278005995841,0.08556471460610778,0.06513995605475413,0.047345770838735486,0.03365496158202885,0.02362625614710284,0.017351775779163765,0.013173338064498514,0.011304755275931562,0.011024979642342106,0.011869993039728141,0.014833795076858692,0.02017000350288191,0.02958911650039351,0.045019993722107715,0.06818905554114978,0.09729709442768822,0.12824642091902883,0.19287572957751606
0.1485815510103841,0.10624922542713776,0.0859903788101879,0.06496520249182224,0.047327112494698835,0.03376853432054185,0.023631152098253932,0.016930883655460895,0.01261033044273164,0.01095032841889355,0.010419355168802874,0.011372150850978438,0.014463620373454967,0.019619859536541086,0.02942296737868625,0.044697259973371734,0.06768715101584163,0.0976524615214942,0.1301157339767168,0.1934732358783286
0.1491429350357252,0.1060181977213091,0.08660729499165078,0.06500516851635182,0.04772982858700716,0.03316710778912455,0.02362068769665921,0.016877761748435246,0.012494178319493838,0.010498335851328476,0.009941726398055274,0.010940215600967827,0.013703951927118247,0.019407494916678977,0.028808514988697416,0.04454806720207194,0.06734179228243957,0.09772244499221883,0.13058171367555352,0.1958299728510899
0.14997379865114088,0.10623909694952788,0.08690794592767521,0.06510071072576602,0.0473291638026664,0.03336872216815594,0.023198969186760027,0.016344650954931407,0.012472295759918515,0.010020030987915625,0.009657068579478558,0.010548594995202084,0.013260604740742756,0.019147401302581333,0.02835757241667176,0.04421108986268677,0.06760855411656082,0.0983095025827044,0.13097044805440808,0.1969536111356868
0.15009055947267952,0.10749188253693545,0.08663088140394967,0.06566100476216938,0.047090925793401926,0.033042582799257376,0.023143984458021127,0.01621564609108571,0.012169106347555574,0.009890659502053329,0.009311124241699095,0.00990200070088609,0.012966392625498863,0.01853378713250263,0.028444860792454937,0.04388136652372975,0.06719660308412562,0.09843139878944045,0.13191969070282544,0.1979481503071763
0.15054057395784537,0.1078368760939377,0.08681739138325904,0.06564250087628452,0.047309154308880934,0.033272721291615,0.022807218542520505,0.015752702869789227,0.01175185437682842,0.00953647101795334,0.008884220413061798,0.009675995929956225,0.012702438736652975,0.01817000032896117,0.027994595961944858,0.04407285695974084,0.06790892993467283,0.09892316261004601,0.1317047108374558,0.19876514781133048
0.15080470460139053,0.1075480044006397,0.08703512572446095,0.0663214962174914,0.04784788304279285,0.03328494141931971,0.02257369370186801,0.015558756479034581,0.011287413943676347,0.00950107180528303,0.008641359207884858,0.00914720593405846,0.012291168097630681,0.017981376674341316,0.02775465299595096,0.04364686000748561,0.06832219941249193,0.09904388163640279,0.13254772085426855,0.19911306695096917
0.15126462559606732,0.10730005550080984,0.0872223543670076,0.06630421239820133,0.047334262122396276,0.03309887072841982,0.0226114830042928,0.0152831107637591,0.011181714182155926,0.009099867477658098,0.008491623908389687,0.009163296974639535,0.012189790116325165,0.017603950751526275,0.02791124401100955,0.04380146567444811,0.06821729133394501,0.09961942301811144,0.13248269847202873,0.1996228210268782
0.15134311275801307,0.10775044902630693,0.08767146572385306,0.06638790206977045,0.047614352977171905,0.03254746647175808,0.02224110871252685,0.01542384117217114,0.011036131744601772,0.009041718368433878,0.008172562084615254,0.008935198563115818,0.011948349226314926,0.01721654683188568,0.02703449995183945,0.04399721235403103,0.06856815851053581,0.0995960179723842,0.13317808638302936,0.200282164165151
0.15131175958415002,0.10744189048270902,0.08780427602714212,0.06696422000378169,0.047489648472661426,0.03283503339549342,0.02206627468430247,0.01519582700692819,0.010871792781500968,0.008807714647708404,0.008146485009675016,0.008704680577398403,0.01158510557595479,0.017212350954423843,0.027052670790293953,0.04360945331933882,0.06859464924824758,0.09898517101957306,0.13386390218330324,0.20160597280579892
0.15207593383632936,0.10805246370709418,0.0880197757570407,0.06610481422876584,0.04725830950780186,0.032970913610094334,0.022242067399655462,0.014954058036957311,0.010749219586511014,0.008394962795951585,0.007780365951108429,0.008585114305958309,0.011143104857239221,0.01688726505535898,0.02727881870638117,0.0438967024558973,0.068143283690207,0.1001226929981234,0.1346657521284519,0.20104787064264423
0.15204091095173153,0.1082857795540236,0.08725694420884303,0.0661184128685842,0.04781388321560805,0.03278892454951136,0.022028539052905142,0.015101858951306286,0.01060771581273423,0.008172917076613032,0.007740918415582706,0.00835385892416501,0.011114352985879742,0.016869434624579585,0.02749976816825784,0.04366692224702635,0.0678384913068751,0.10012982577561853,0.13458793886879677,0.20201365658594397
0.15292287853765588,0.10771667081419811,0.08752799583738657,0.06618555301676353,0.04791416872158003,0.03264484311019614,0.021999638033617635,0.014781802140126232,0.01057733637988372,0.008258489242811574,0.007369409316109762,0.008120489559532163,0.010762844150849491,0.016686650227360135,0.027277560346582814,0.0436339162500283,0.06762097595185848,0.09983372169309782,0.13487093636178535,0.2030145012781937
0.15202933006840752,0.1086277475741985,0.08751086707071254,0.066222148361941,0.047802675475635756,0.032900233225143086,0.02200546490713389,0.014929574598695617,0.010430126855032997,0.008157792693032526,0.007070237735895983,0.00788307766747725,0.010667534901809161,0.016807359197244253,0.02677397510380951,0.044085543771825976,0.06871719388210769,0.09933265728565725,0.13490203526526967,0.2030980619589782
0.1527574018041456,0.10817181800186636,0.08749936374176401,0.06627718236574955,0.04816107230721377,0.03314424681163928,0.021920085965557227,0.014644685122868532,0.010365636399626727,0.007882815371998983,0.007277663094194498,0.007741424652885784,0.01063823770607697,0.01636625851879083,0.02681899160139128,0.04362073353505076,0.06847948420665667,0.10014534965924841,0.13461866923055174,0.20358453751095776
0.1527051961596305,0.1080609568834115,0.08811336253797943,0.06634094861240265,0.04778541477640594,0.033117933061324115,0.021709138447875132,0.014759005173900221,0.010198651102405712,0.007837119881042113,0.007097022775782221,0.007629214740022542,0.010435934143786739,0.016311514216078987,0.026902247296385712,0.04386459499739554,0.06902111706076362,0.10024417554877355,0.13443666181178027,0.20346907806499068
0.15238548453459091,0.10814935050255232,0.08797152429568067,0.06677977673383945,0.04766447680753807,0.03285353866465314,0.022223754470522807,0.014676426837153152,0.010395802342983481,0.007687490674636367,0.006929027765846336,0.007584629087900308,0.010287289020712484,0.016245348621654734,0.026740621510053315,0.04346636765217862,0.06845947253482595,0.10046299017502297,0.13539184612810903,0.20371793770431024
0.1520840940100313,0.10865911020326034,0.08790125578067184,0.06706992422812277,0.04787317621285306,0.03299349218712027,0.02208270359664899,0.014894379451724966,0.010200886473312543,0.007629186924688202,0.006809634321280448,0.007416668456494194,0.009958977153134251,0.016176272765193084,0.026718545288476853,0.043632980605428966,0.06879607157350709,0.10094966364430741,0.1352273099796638,0.2030195709161694
0.15228199415767943,0.10843410225980596,0.08769804213381334,0.06722169088546047,0.04760802477848528,0.0329276981776341,0.021814416552714686,0.014739043390578438,0.010127517058921174,0.007550753325120515,0.006831472650961431,0.007275236081015621,0.009944591675540048,0.01597209597485115,0.02661225577485273,0.043364607551656664,0.06863879802214752,0.10085963638498785,0.1359395307399332,0.2044179867593639
0.1523543390099019,0.10848569972530542,0.08874181763943487,0.06719677101142052,0.04759639450701313,0.0327689910427658,0.02185352712989967,0.014548302057779646,0.009936914042416626,0.007553817417961702,0.006524419113135506,0.007125560603989002,0.009952733555333828,0.016011607002620394,0.026573391805266307,0.043378234384163314,0.06952901920149879,0.10114318580130917,0.13460145562118145,0.2043180490472698
0.15189053316884268,0.10843631873421919,0.08855860319853899,0.06694267393706538,0.048596618158464146,0.03263439834666527,0.021523375024126195,0.014388797776892373,0.010080510899390164,0.00733210153425579,0.00643026207522402,0.006972042976770015,0.009710293950000398,0.015946417868837097,0.026035958449919693,0.04401631211997737,0.06937617315317611,0.10120015756794548,0.13551746284003802,0.20443086480647696
0.1526754183939813,0.108484388688686,0.088431733817433,0.06709657607861196,0.04793015778397956,0.032887844221060156,0.02166481516604798,0.014348000830917348,0.00988972281680982,0.007285203348958194,0.0063876771344189434,0.006857326071838227,0.009430234553517405,0.015513091464130562,0.02606212913539437,0.04402958788305743,0.06914790328844574,0.10136965887230066,0.13551516875750763,0.2051361078747483
0.15315547303295401,0.10904277547000614,0.08810567711827462,0.06677102462802711,0.048113086081765136,0.03291115794419334,0.02167347704011909,0.014153830863302371,0.009770570603130291,0.007302798464898906,0.00632924259160122,0.006707596672291158,0.009667793823002575,0.015469599531970364,0.02621937308422953,0.04369255512110714,0.06891126636804928,0.10078675060480181,0.13666601160587025,0.2046929458987547
0.15336585608063652,0.10860024668537685,0.08753042659868714,0.0668363898170624,0.04787005345602147,0.03314453889808599,0.021722080598183827,0.014296692768371918,0.009487117854897994,0.007333981079931253,0.006308194220159366,0.006777641231892153,0.009473576114174929,0.015755815331281762,0.026241636564505504,0.043529925554280355,0.06845124239828741,0.1009864029638357,0.13679866478436467,0.20532890067020332
0.15294722783713546,0.10873429829627487,0.08816980399942242,0.0664840817210511,0.04781800462027146,0.03284611427952642,0.021778217946866865,0.014406764366156514,0.009635341466936181,0.0071469823852151285,0.0061306580277216294,0.006492744730002887,0.009505621931850991,0.015609208056598324,0.02640412936760034,0.04365795552988739,0.06855959428241408,0.10149707623447879,0.13717107637886222,0.20480232998844936
0.15234537994997308,0.10860111737387813,0.08802195050985541,0.0669792787367405,0.047540266284134186,0.03290095430134813,0.021956148601252702,0.014262643759825522,0.009536246986090341,0.006967234375599115,0.0058992559110972774,0.00667401959125859,0.009741497335128708,0.01529904524755222,0.026173930499074117,0.04310595654556894,0.06895847853103908,0.10203310620465034,0.13738240395524193,0.20534846321620542
0.1530260913513172,0.1079562376469951,0.08779996931491023,0.06682693609378808,0.047938683970650584,0.032716848821782794,0.021911635966535194,0.014548342553901958,0.009822613106143335,0.007007932998204019,0.0059531330379141364,0.0066424194290768315,0.009573296751893003,0.01569564903477342,0.025891672608142385,0.04345663023564344,0.06946675631526224,0.10154395639107247,0.1370596915245977,0.2051986408310245
0.15253533538006053,0.1081538497991071,0.08818641239409541,0.06683342867426458,0.04781601569684067,0.0326517302968657,0.021788505607062233,0.014437663391226152,0.009698824203733981,0.00688598465744398,0.005958526130749086,0.006535084898560633,0.009372746935832732,0.015458770406626255,0.02633553463696542,0.04344500069390144,0.06908437728832338,0.10188504253108173,0.13717247005222882,0.20607744842845416
0.15302906435880806,0.10799988723818116,0.08801623770191411,0.06657457784794071,0.047715163645589594,0.03267160939305949,0.021575846418402735,0.014507935613001437,0.009547543201871846,0.006818707185746906,0.005880528852930398,0.0065356750204380795,0.009344571927945198,0.015430327291179206,0.026138189608998403,0.043922983677726735,0.0693958785555211,0.10251176951484225,0.13727849350210017,0.20502579426606152
0.153263886304455,0.10890259484684547,0.08734672427228922,0.06630398130636646,0.04768703501334694,0.03259657230757433,0.021697967450793318,0.014284119320776936,0.009748296811052878,0.006789072975767969,0.005715452133088385,0.0063830819008051,0.009456208787676819,0.01559118503156016,0.026302582892663857,0.04368012865406066,0.06989587456680191,0.10271912522456386,0.13711108028586283,0.20453040929539118
0.15354399490534884,0.1089105674562249,0.08754459228701367,0.06595206293923048,0.047399417271092925,0.03286388151554602,0.021857406123725637,0.014063266099717656,0.009440884575718123,0.0068969403914540635,0.005915205617641923,0.006349152676100789,0.009354095164026355,0.01550712631240807,0.026647730795024815,0.043961654859925293,0.06976741564801818,0.10241488720194314,0.13665612795238977,0.20498306479336784
0.15335789181792164,0.10934650233222941,0.08741182279114544,0.0667227273444598,0.047502406626281926,0.032341224662790505,0.0217768679816127,0.014059882723466796,0.009519418712392941,0.00671150017922884,0.005807465388543329,0.006531144111261658,0.00917674218325529,0.015456515024787688,0.02637707494020068,0.044403663933520784,0.06937057986730297,0.10247268169183009,0.1374177970858969,0.20402780188787722
0.1531681508891246,0.10898975565276295,0.08827789243040911,0.0659666531788585,0.04762849391527026,0.032646882794703916,0.021629334742978353,0.014049487106369213,0.009525247937097973,0.006578969614109673,0.0056468455999125365,0.006395249887006734,0.009275028431473103,0.015470778982914067,0.026514250677114264,0.044726173072999864,0.06930967594319792,0.10254716694036772,0.13698278106582243,0.20470547924361568
0.1537480063795853,0.10891958453795907,0.08822876336359692,0.06651675768283544,0.04710748924994786,0.03250883392226149,0.021466290203504258,0.013939281225872267,0.009386782085312864,0.00650920587688302,0.005688651439069888,0.0063976194904221675,0.009186152016726686,0.015448515281135704,0.026575594141151144,0.044280634126272964,0.06991732463184945,0.10219735010510536,0.13686802937314377,0.20494586933121428
0.15372935100337365,0.1088025412416714,0.08884545848798374,0.06641359384064295,0.047357660615823055,0.03205614161564846,0.02113308288886009,0.013756047558166382,0.009224391864872629,0.0066110582311561215,0.0055781155836914465,0.006474759364914868,0.00933590911907001,0.015574116732657092,0.026829474348215438,0.04456409707633299,0.06987513446840626,0.10240663246053248,0.13690714217323474,0.204400989011608
0.15368284716747385,0.10866989525847505,0.08841874084919477,0.06647933325824978,0.04742088072981193,0.032165784435184135,0.0212782971055299,0.013567969365919587,0.009093366370086722,0.006513120846942229,0.005754026354319186,0.006241693884446451,0.009390697150580024,0.015802455231444978,0.02704133348350039,0.044466719225137966,0.06967113413672711,0.10309944813605136,0.13684874422795354,0.20425047865750656
0.15379121238134505,0.10916817062427196,0.08818035775039486,0.06671600999484034,0.04748788384715738,0.03224214731349237,0.021101595434277625,0.013395925007153652,0.008698169790617558,0.006510390262916573,0.005707152980089174,0.006263673622048128,0.009270462272632026,0.01614360485682548,0.02704532601519956,0.0445261575967321,0.0699413512861936,0.10255413684099059,0.13714290864274306,0.20393777783786093
0.1537401222326203,0.10906339001260164,0.08831965620808599,0.06661418794813839,0.047451572616019067,0.032193328896291465,0.02120883489361799,0.013511580791888099,0.00894390520496543,0.006377403069216728,0.005506886987192265,0.006414566110234588,0.009302021782046647,0.01587988004220821,0.02664252195153265,0.04481074439823465,0.07035188895232881,0.10237404262938654,0.13653813885238278,0.2045994330947015
0.15327433907359944,0.10922008657696652,0.08886976968364724,0.0668595354033126,0.047345933990693645,0.032220865859756136,0.021216311785188225,0.013585646782192713,0.008800715318537473,0.00622525326690661,0.005541691629241575,0.006307460844418221,0.00956198000891896,0.01569263825512728,0.026523768125081643,0.04455875927369044,0.07013657719178913,0.1028563191726089,0.13621457754314215,0.2051011491042753
0.15279954778441385,0.10888418957021503,0.0885829076921691,0.06670968119702006,0.04733399994595035,0.032489482834725095,0.021061355385599372,0.013636281742921749,0.008946346692610506,0.006294534677368502,0.005553603761857147,0.006305795025628552,0.009592690682737433,0.015866956733237843,0.026492221351421957,0.04447499752272338,0.07053819960543742,0.10285539911178372,0.13640110261330166,0.20513201632300085
0.15291389579338052,0.10947193596437664,0.08851771142955656,0.06619448206547336,0.04739122890436798,0.032213866723154544,0.02120661719470066,0.013783568787140592,0.009113177826403427,0.006348126097175681,0.005692355882664457,0.006509251768438749,0.009496273828007927,0.015676513736245158,0.02641334255768412,0.04451800889233426,0.07044346742444557,0.10247705367625683,0.1370627353505216,0.20468594015139052
0.1532389609658627,0.10880702445613938,0.0883359130948696,0.06649143050122419,0.047084118987983016,0.03214138969408718,0.02116905411870655,0.014048912278726814,0.008919033011566713,0.006444713365040947,0.005508119213125827,0.006431204795542174,0.00942560436777081,0.015535980637717054,0.02650719049897278,0.044657079334702955,0.06991810429741373,0.10247488250358817,0.13767708890327304,0.20513100498128498
0.15349789790601273,0.10853425388611541,0.08835212495017816,0.06620751619636947,0.047287544389424514,0.03172957185738634,0.02109750248265522,0.01400532785685494,0.008940936450782623,0.006486429277541712,0.00561384071824735,0.00633780774228125,0.009453230379142544,0.015492669130181196,0.026960171680391658,0.04482402985041023,0.07007280203386314,0.10286749489394968,0.13776315582067225,0.2044345513543702
0.15317369692956678,0.10848428748065922,0.08879549738856647,0.06634437590229028,0.047031704312299985,0.03198471202160316,0.021112184662923493,0.0138037742478193,0.008942386302980347,0.006446941390827662,0.005607994432545289,0.006353474816951909,0.009346657387575476,0.015688871171530304,0.02710305421736947,0.04484706391086668,0.0702823591413688,0.10386163343535826,0.13796341966041226,0.20292381460736159
0.1530501309996489,0.10884225121320984,0.08825032187198947,0.06617508035545469,0.04697980534622621,0.0317235232152986,0.021067984766226396,0.013732454600293507,0.009012415705552406,0.006375541330164129,0.0055280951480611165,0.006364287064797561,0.009353419946159595,0.015753720660130185,0.027344488561164684,0.04489551540033672,0.07105380439186448,0.10348522089872063,0.1378051031340878,0.20297405216577083
0.15334152049285046,0.10931771544480251,0.08788664348597396,0.06626871518252828,0.046908821983311234,0.0315595863495812,0.020815346534096224,0.01373619261061952,0.008855414837969658,0.006579369483657386,0.0056000621353627855,0.006447669529921216,0.009279781355563987,0.01549331763439868,0.02696697257826859,0.0453666943199048,0.071229413439924,0.10373566355952331,0.13726737229325636,0.20338862855322534
0.1532969884312443,0.10893789659601431,0.08791218687418453,0.06614014213010544,0.0471384299497603,0.0320349955703947,0.020771302911832278,0.013352980443320742,0.00896052304239025,0.006230715457239956,0.005518151250477016,0.006405198003919663,0.00921380415853822,0.015817124279978074,0.027167495364955576,0.045299046199601276,0.07136448728585082,0.10380473264208226,0.1375823022915749,0.20308417600898757
0.15380952970533848,0.10913361915170691,0.08748901167548172,0.06566206273221804,0.047099251161864086,0.03167676485717147,0.020764415950151008,0.013485389608562404,0.008872825831257614,0.006296408435881657,0.005493880867990412,0.006246883592982337,0.009405217892425299,0.015757904558874353,0.02703381083536029,0.045454801264684395,0.07164556420614492,0.10368363530355912,0.1371838148311147,0.2039433030593972
0.1535124753161892,0.10870108552476036,0.088035360051518,0.0663079774023512,0.046929074996003316,0.03182945034754355,0.02059930153540621,0.013594390667324152,0.008584449593237821,0.006336168171900648,0.005357822375635247,0.0062247110558704116,0.009257695607238632,0.01587194365448744,0.027232688683387466,0.04517278104643597,0.07117043481785207,0.10420564851154089,0.13699092806625282,0.20407685362190583
0.15247192313448205,0.10895657917389151,0.08817502905861341,0.06652143923683589,0.04681784272004377,0.031714115003471294,0.020807430003341884,0.01340578201707848,0.00883291831744721,0.006284311949419448,0.0053076274781399336,0.006180792397164014,0.009389898517082416,0.016081537400376503,0.02738204678408633,0.045443958227610236,0.07164565707347978,0.10463688829227627,0.1370576367611433,0.20280718020616145
0.1530708374274456,0.10853252385277629,0.08845871165181529,0.06612821352638408,0.04693681617070228,0.03166788786578289,0.02048463033683711,0.0134849646189915,0.008784754932912838,0.006129631693099719,0.00529448907167482,0.006126255105681558,0.00939929384301795,0.015856454515679182,0.027698146591166175,0.0458776932505394,0.07183014414651688,0.10443559778540891,0.13706131094880983,0.20247593900082286
0.1524002336256654,0.10890939803128734,0.08765801523968575,0.06598462076905158,0.04706049171675477,0.03188607710322182,0.02081249064540777,0.013594402887235105,0.00885436770834154,0.006072466720158989,0.005249825287164882,0.006164746607307441,0.00948119572226455,0.016262642063198218,0.027407126483089714,0.04596213598679273,0.07201882509697831,0.10412209754434218,0.1372258190121326,0.20291334355914525
0.1528640856959364,0.10810518987242115,0.0880027713511574,0.0657059915847202,0.04696450443539909,0.03153311730891005,0.02102245311816372,0.013584569512662853,0.008787567610733134,0.006090449073610642,0.005240148150314307,0.006110694333689127,0.009433166459902578,0.016222077006220918,0.027739380517536327,0.04597248669155334,0.07208774745612682,0.10340379058752869,0.13723137070533367,0.20373705006315396
0.15291767935907818,0.1085977585741291,0.08760802052389953,0.0661670717436313,0.04678413898640743,0.0314002160410478,0.020936853002070394,0.01353632190116122,0.008949950490593214,0.006129039517508326,0.005234494553965251,0.006077279683139797,0.009341524889729046,0.016230083715906018,0.027557610946079756,0.046148393194707024,0.07200693131695021,0.10282991268340991,0.13740210640021605,0.20421505085966327
0.1531539541044562,0.10833315514701501,0.08760014540003576,0.06585428710655054,0.04703443572519392,0.03143994427082221,0.020699248128762303,0.013538408904964421,0.008902938723788324,0.006412456686657296,0.00526006011818817,0.006293165635624358,0.009464506973462239,0.016051398687573364,0.027614752926850956,0.04596531781499309,0.07172543251446402,0.10314174365253442,0.13737827529898725,0.20401583194816908
0.15274957794034896,0.10910523353967358,0.0875925717501407,0.0660326392796849,0.046669667979741085,0.0315453010692178,0.020477208778840735,0.013481148002250988,0.009109735509285318,0.00613618458075408,0.0052898142937535175,0.006254361283061335,0.009495779403489026,0.01612267867191897,0.027239167135621835,0.04593584693303318,0.07104783342712437,0.10355655599324708,0.1373933595948227,0.2048880135059088
0.153290951191562,0.10804747129758847,0.08771371474262012,0.06567957436423975,0.04687413898388573,0.031477343397686264,0.020725114736547347,0.01332304706082134,0.008829175527518215,0.006334829416190309,0.005314824040638274,0.006174012692150679,0.009329619179249918,0.015818517764625048,0.027302856127510794,0.046093671805679415,0.07177036721318114,0.10330169104970584,0.13732398722013112,0.20528535971777237
0.1531134385675607,0.10861630076906546,0.08746896797641397,0.06559835140792869,0.046442017500542755,0.031812112697286066,0.02059277773590806,0.013379062565733896,0.008777267967077652,0.006285707215177483,0.00534757553703539,0.006201342855632331,0.00928795355685764,0.015790758390597986,0.027425166000938125,0.04614505495494379,0.07145323796036228,0.10376928709866477,0.1372563135474538,0.2052224913132831
0.15352358804584465,0.10809950700804262,0.08702477554472016,0.06562730527717302,0.04655985174256462,0.031540689828892195,0.020645162741323168,0.013395347163497006,0.008731940121268824,0.006344572590366863,0.005438205077457314,0.006236618147141906,0.009302074524550636,0.01602786124255563,0.027784774825023846,0.0458896345742097,0.071648014537865,0.10354068083268858,0.13740464024181792,0.20503472534590395
0.15304603900756697,0.10784841964124016,0.08734239437934684,0.06582287878498143,0.04669254572798641,0.03159930124284735,0.020978462486797068,0.0133148557885371,0.008760335970357941,0.006364404329774681,0.005462274200315633,0.006331783664245611,0.009327260640242425,0.01583902039016566,0.027630828553655937,0.04602325965937274,0.0714651290709747,0.10312742194380925,0.1374319887244982,0.20560130572650168
0.1528723629309219,0.10779181613996551,0.08749645540106853,0.0660645724651054,0.046644671398800006,0.03168083756059577,0.020628440511502498,0.013556121691145031,0.008712961754340163,0.006221615076810896,0.005471060318946387,0.0063555221475543365,0.00902353613690479,0.01600133231909042,0.02775477226795818,0.04589074083242937,0.07121042989796057,0.10311294555045934,0.1379040280147096,0.2055631073642137
0.15255885789676307,0.10830933688758407,0.08731028924066167,0.0666208126295977,0.046748603553200055,0.031542474271832634,0.020691728036779287,0.013427502966253382,0.00874453747835817,0.006303992002935863,0.005411301706805831,0.006138512212858793,0.0093186510357684,0.015868048441675685,0.027630622091439405,0.04570506773414269,0.07104036130879876,0.10358922287538583,0.13739212856541408,0.20561483059147195
0.15306453210397883,0.10851919215566214,0.08803495376414762,0.06611681868522704,0.046643286122041036,0.03117318410603181,0.02072397151115153,0.013308001908860894,0.00874519408253123,0.006123886872979714,0.005314646905754497,0.0061846642835919,0.009204401184934409,0.016072248584111434,0.02755017512898316,0.045620199710069226,0.07130428323173756,0.1033609908068539,0.1375595393522478,0.20530609304796463
0.15323494878335153,0.10881344723807986,0.08762725436477413,0.0655660822975289,0.04691035624474224,0.031368791359074374,0.020651983211196125,0.013219158670391508,0.008720550989468754,0.006168715782465328,0.0053252268422923086,0.006393646166511466,0.009569663189242928,0.01601391869216478,0.02732116909816412,0.04557314511158794,0.07160658776108796,0.10390771556203351,0.13760903500366642,0.2045460679919565
0.15336226231545944,0.10890703393112892,0.08722718633747377,0.06585246669489009,0.04702686026716147,0.031491231230690225,0.020311838514128204,0.013345688575829363,0.008594249632945717,0.006075536619857863,0.005273872039921097,0.006341256901971736,0.009603085958259398,0.015917320458660227,0.027961430025491122,0.04554963564795217,0.07156770462713591,0.10344850881380663,0.1379257154180816,0.20418014033633888
0.15338726554676685,0.10818321950560893,0.08762334462234318,0.06571216400193525,0.04670049619136557,0.031766373752489405,0.020477738897577556,0.01338591536618023,0.008695162978048315,0.006102816251673662,0.005242076127682081,0.006247960664738911,0.00956490430595092,0.01618191433104178,0.027463798283020348,0.04578912429537452,0.07144255544179035,0.10394815306547245,0.1377589252562531,0.20432620362973547
0.1532219237501294,0.10810239242630815,0.08703311240399023,0.06576135131365218,0.04673825497316002,0.03141831238779174,0.020801555054602402,0.013220888846892813,0.00865269097339399,0.006379278537456748,0.005237510292787625,0.00612842699207624,0.009494112300499902,0.016209734389834557,0.027500303721602025,0.045543616671841175,0.07122609036055129,0.10478170291077785,0.1374722713426295,0.20498845857912287
0.15286380539287667,0.10793516846410467,0.08720077860851859,0.0653727363251253,0.04631483012944928,0.03187681783148526,0.02081540114653481,0.013658278622583026,0.008940496081641375,0.006200739228029908,0.005339994261700226,0.0060724713506945015,0.00951995184328816,0.01615050097607354,0.027420071672489364,0.0457736296996394,0.07182213521009491,0.10329277143001808,0.13765618583090009,0.20584181420285458
0.1528857996052166,0.10739234839921491,0.08694908868006232,0.06616503298297707,0.04632688295401505,0.03140834219065455,0.02098763349248394,0.013646460726918946,0.008904560255090852,0.0061478244732002755,0.005415619253285644,0.006283917916533105,0.009468054594840819,0.01597804509079457,0.027988010280116295,0.045790382355091384,0.07171787041879663,0.10332416670884435,0.1381652129412492,0.20478801477907316
0.15192367823745498,0.10768234058204115,0.08708234823041403,0.06564665867336728,0.04665957317580684,0.03177786425937883,0.021385075325224552,0.01340939715075618,0.008808001097766454,0.006173811521598777,0.005399976155073008,0.006330153259893958,0.00970443538137261,0.015872623099435594,0.02788844173402109,0.045918355869788714,0.07148191722211102,0.10407860727630198,0.13742888700428982,0.20516647583226663
0.1517420998842952,0.10835393058613252,0.08740438597676,0.06548575750617917,0.046718621267169975,0.031881846054106606,0.021014825519883658,0.013636957099186464,0.008565305672235797,0.00622419715735401,0.005337277200754562,0.006424542020646786,0.009487117149970508,0.016019710332842604,0.027268286533673712,0.0457630438012399,0.07151411193199983,0.10409153734293188,0.13831336637898048,0.2049190291603075
0.15150966502743365,0.1081443979501528,0.08737828048090665,0.06589581855006033,0.046642233735213416,0.03138645827827679,0.02100452410324807,0.01327992424966573,0.00873332980971327,0.006303156526325377,0.00523932315007135,0.006253675904174026,0.009550884634804897,0.01610369339107572,0.02711088270056239,0.04586516305551836,0.07140728512196413,0.10421181304871474,0.1383545668927406,0.2057168111538319
0.15253626585130864,0.10843554488290892,0.08788969623996283,0.06609799432306569,0.04673135766380486,0.0317031819521832,0.020601194799268523,0.013338423673697137,0.00876502394003639,0.006038378606112697,0.0053132310069498945,0.006249597610853263,0.009594086771477972,0.015913714212779987,0.027289043607123607,0.045562311300668575,0.07151288153550564,0.10329174088510928,0.13818466866289336,0.20503491890658584
0.14908186722530165,0.10429218961457891,0.08266902727053632,0.06198670769915278,0.04334828794423536,0.03008147791105096,0.019244405924992127,0.012683997330416566,0.008085222743367756,0.005789890806622051,0.004984612817708238,0.005967167831519625,0.009156995606310604,0.015571411356852857,0.0270330082868319,0.045795406091841094,0.0734483046291318,0.10794664540887265,0.1450427318737139,0.21774832687566045
0.07151867104133096,0.05257945470701453,0.045864215390843656,0.0406711122343838,0.03719227061316584,0.03639975343910142,0.03581765929538019,0.0310728486818255,0.02369088856842579,0.016431294021584348,0.012054723711130332,0.01155496901406516,0.01485540850086168,0.02261590134819407,0.036237361752640876,0.05835465200719551,0.08874476944383139,0.12486090923333971,0.16429464256103124,0.24546418291250632
0.042680337006364116,0.03200854472143685,0.030154759207153707,0.029649181339621942,0.029915634540077864,0.030711578074773156,0.02998851062909145,0.02639594717849973,0.02006825301211679,0.013978544823918837,0.010824376596299489,0.010158243595159662,0.013058484200122303,0.020354063923716952,0.034576288170274985,0.062019829128345055,0.10362182775508626,0.1499368597010031,0.1949344286002212,0.284945508043129
0.02962169594310814,0.02165656133369907,0.01939154020298687,0.017441800908057217,0.01664847441152133,0.015958724258148666,0.015428322325027118,0.013838254727235681,0.010763972277962481,0.007894566111869278,0.006189540155182402,0.006340920964420956,0.008483016325225164,0.01449385883341168,0.02784837789202792,0.05462684630522697,0.10334642644543066,0.17661587631846423,0.24606096890547133,0.3574567568767293
0.02327863359686002,0.016855526823536644,0.014073624120612171,0.012239916030073262,0.010284264642028038,0.009287064779242741,0.00814284916525824,0.006722836560651968,0.005408812055747458,0.004175703196851808,0.0034634175805765954,0.0036469023553290904,0.00504526147720059,0.008823224385924318,0.016918207957768862,0.03472420870766316,0.0761404832373552,0.17024651920265035,0.29482584331767814,0.44589193544526967
0.020852314256816322,0.014258070622148587,0.011710683404467844,0.009241975559222192,0.007483662627412127,0.0061734800342540365,0.004986447763168249,0.004003525748109699,0.0031893652855206015,0.0024367799839676548,0.0021653931631046225,0.0021619723208248353,0.003142613774363524,0.005597638250490036,0.011220362677698504,0.023422507089695628,0.05490109774828758,0.1398885033472941,0.3058483859895983,0.5373744123278035
0.020058680488166857,0.013812747593985817,0.010837624011051115,0.008281483680202761,0.006253924400351629,0.004705855490735562,0.0034820134028974935,0.00268971264827098,0.0020092929800326507,0.0015640519219572338,0.0013243067368397012,0.001459020698000982,0.002076649960613291,0.0037925404998116322,0.007694678798534137,0.016737638852419724,0.04105807541698539,0.10962748164807687,0.290088249060998,0.6226673364309934
0.020737011541491147,0.01423222256469971,0.011030058107012795,0.008285671883740308,0.005964816146671691,0.004094889094375377,0.002837996735048004,0.0019989269038894037,0.00145096293252052,0.0010559722364921174,0.0009612201331095818,0.0010171581218534884,0.0014829274975170384,0.002594837722753062,0.005580099775106452,0.012802949872712537,0.032245396531844696,0.08947110060846832,0.2643686427617384,0.6874630409717225
0.022137372320632117,0.01491891225116586,0.01170601222341134,0.008506818132497576,0.006034038694144023,0.004055815143461182,0.002716059817277018,0.0017178107507084255,0.001185563536725629,0.0009000231858764891,0.0007047135858956776,0.0007309832981737986,0.0010999014314708867,0.001879997669990736,0.004047820013637407,0.009928809079726288,0.026637488250014565,0.07665502042755669,0.24330436431293867,0.7307708561527664
0.02488239337628516,0.016622193653760154,0.012535556488351429,0.008961321631955605,0.006290653347256646,0.004156406229805575,0.0026008992203021115,0.0015658008058898817,0.0010682673138795837,0.0006988343991225115,0.0004963897368562512,0.0005753088424854715,0.0007411533398222382,0.001410250104939535,0.0031441829184742777,0.008029161181407571,0.022003561653549723,0.06914228657242887,0.22823176596939546,0.7568570980872981
0.027558249703137087,0.018222068314470118,0.013727123841263197,0.009620758346162158,0.006462982709378356,0.004077793511416792,0.002782911210846383,0.0016091741210972098,0.0010434488441489723,0.000571439673685089,0.0004217224791795955,0.00046858053242177265,0.0006034402954114539,0.001100592811517481,0.002478905304445915,0.006734987994052457,0.019819813642093613,0.06342637514100274,0.22022370720345424,0.7689395108247816
0.03089270235097422,0.020440370245847085,0.015296542039188234,0.01050264967762446,0.006870635808271752,0.004422228473799412,0.0027869073676361953,0.0017153717896816955,0.0010189308430709272,0.0005820828272986554,0.0003819561185024578,0.00034993584509506614,0.0005214730240632357,0.0009617517834148706,0.0021064765577291232,0.005960345178547331,0.017899332834731933,0.06000027445948636,0.2120668400335755,0.774648177245936
0.0335713836460007,0.022514337337686475,0.016660472403126483,0.011393251874002966,0.007340488184204054,0.004570794714482567,0.0028440246322036906,0.0017645074416929212,0.00106922518339785,0.0005877879617823473,0.00035335891087693623,0.0003442104601098959,0.00039681405202037813,0.0008222170126877583,0.0018434128295586447,0.005349556586026885,0.016976093954589384,0.05836482878102611,0.20788939523022648,0.775152807716718
0.037098514779045924,0.0248721923470881,0.018146857623646477,0.012333781460345335,0.00803313396254024,0.005039142522680714,0.0029779869037167123,0.0017959375914544918,0.0010300062189054736,0.0006024564676616925,0.00039782704126426735,0.00028122256365232677,0.0003429543459174717,0.0006824791483757693,0.0017342058091893487,0.004941972124670764,0.016290331431079903,0.05650858757682178,0.20610413008486977,0.7704377926543753
0.039899830767438825,0.02668324734674861,0.019757501844200984,0.013440399763394149,0.008765378809160028,0.005274529015048223,0.0031893828835309994,0.00195725107854355,0.0010711210686545213,0.0005926565401190792,0.0003756917181101678,0.00023980322432563914,0.0003048926709283125,0.0006154949424358064,0.0015278891149890712,0.004680730554813309,0.01577448448016371,0.055417383221539364,0.20480223085513827,0.7653468353967827
0.04335399878133685,0.028819211435770375,0.021526667116329737,0.014361019241387907,0.009264583659624867,0.005694335045482656,0.0032993075569690716,0.00215952597890318,0.001236954531060477,0.000708790951254617,0.0004435659501399863,0.0003155262944294749,0.00029723491504225877,0.0005304500022292618,0.00144844860522516,0.004381928574449916,0.015269872154690192,0.055159940964573044,0.20267991572246943,0.7590682371340152
0.046018685102147044,0.030437492579840915,0.022386049187663803,0.015566352204129717,0.010017214769084648,0.005962383218111581,0.003517155407811945,0.0020433976565996043,0.0012317464086430007,0.0007306002794546065,0.00042009516068639875,0.00034246888099434693,0.0003013726152750254,0.0005148448844281683,0.0014349446113663138,0.004282002575365984,0.015199910501465765,0.0543954739312688,0.20120389227298885,0.7535651010511515
0.048360881369638654,0.03183891280535372,0.0240993442611716,0.0166430420981815,0.01056994794980246,0.006404333061869719,0.003857220037441421,0.0022969705345853406,0.0012210151673156297,0.0007378632348792298,0.00040890872768848947,0.00029583061584167265,0.0003095370536412869,0.000443174822187525,0.0014026254681605167,0.004476294144723994,0.014604209475488893,0.05368354804848878,0.2003732719894093,0.7475799570760054
0.05080244432671405,0.03366315606788577,0.025385237216609742,0.017469263230968788,0.011014770090794494,0.006704543378578346,0.003917453734996986,0.0022949816401468793,0.001252534755841355,0.0007741281353331253,0.0004567127642083343,0.00027973656807760475,0.0002523338022251047,0.0004715559290451052,0.001291355340799064,0.004259988308153238,0.014399011673578248,0.0533805878806701,0.20039642667933283,0.7415793584099089
0.05286106217625453,0.03508695815984137,0.026419114012063295,0.01798075309317133,0.011740179316596664,0.007112838387863193,0.004056487125534178,0.0023393588855107035,0.0013152471625711706,0.0007295511604886961,0.0004224318143674767,0.0002557425038332831,0.00023062493649251423,0.00042814035239946923,0.0013106803321455767,0.00422888497410036,0.014601298578231515,0.05328121057540919,0.19935242344565077,0.7362792434132036
0.055062302806708346,0.03628470716082753,0.02770180493217237,0.01909949728552447,0.012220847354699086,0.007431133596029423,0.004320559241316645,0.002419969773207738,0.001265918150229897,0.0007419718644269004,0.00044061713795197474,0.00028537379401034663,0.00021688408344786345,0.00041093826337489846,0.0012385222660049036,0.004083128244700038,0.014656798060371394,0.05279301039673805,0.19754030619466614,0.7315751263635158
0.05714566185392381,0.038164453581134995,0.028336550326055806,0.019660372318871515,0.012823073770912824,0.007652295403257932,0.0043146892339372,0.002314865017572657,0.0012978311267160306,0.0007613486029196066,0.00040521552329304394,0.00025796819229359985,0.00025796819229359985,0.00041777149725423697,0.0011483008913600065,0.0041605931898680126,0.014629992569146317,0.05205592659092748,0.19602843129085687,0.7279542779915462
0.058294101672946026,0.03874178759450401,0.029267997690599703,0.02027457217902873,0.012988094721924926,0.007689253301506816,0.004592557432640591,0.0024269241389382693,0.001326992371220126,0.0007142710441821143,0.00039364777994062213,0.000252162780773558,0.00021907354709738968,0.0004347240700213828,0.0011661102350704804,0.0040585656615907025,0.014025271046464134,0.05239280799801008,0.19596014687055713,0.7246245512985812
0.06032789879892223,0.039209709092569746,0.029593094944512947,0.020170571311138513,0.013311184180481344,0.007907475909941999,0.0045143170297301,0.002478650043384936,0.0012878476503630628,0.0007010092706763484,0.00044640818376946636,0.0002534593779969858,0.00022263323742978478,0.000393889573914235,0.0012056446088505267,0.004032515869753849,0.014564780563547519,0.05226971731287391,0.19536580353473076,0.7220441156322784
0.06112789319743269,0.04046309425139336,0.029809323533508236,0.020829194893679213,0.013501017199926022,0.008210664273792315,0.004616786196220265,0.002488771985103902,0.0013505583754027121,0.0007489148725817246,0.0004246895314030506,0.0002511604755609441,0.00020891985012569446,0.00045437213306025295,0.0011838791507122685,0.0038633047695374304,0.01403530402975567,0.05198793516406487,0.19503866729685107,0.7195884621444086
0.061740458572958234,0.04131745549769296,0.030785756522096485,0.021004038711356556,0.013495094872046592,0.00832285033937504,0.004747597663072387,0.0026346370296636366,0.0013652625162381769,0.0007511226886995981,0.0004303544888142078,0.00023058781628771877,0.00019520057715445493,0.00043263753650022466,0.0012214305120191045,0.0038880302092869795,0.01414576346256145,0.052145950672471686,0.19440151046434906,0.7168724073139716
0.062492507680697605,0.041420395320454335,0.03149228733515471,0.02141005163849173,0.01379385932364194,0.008407381233181526,0.004815634715040695,0.002694380731981048,0.0014293918120509628,0.0007637884363115763,0.00039045686878708363,0.00025802120568971026,0.00019979518139689968,0.000382465061531208,0.0011759373533646092,0.003982203386927917,0.014094122939112708,0.051365628607016545,0.1941335567994867,0.7153078501239302
0.06342432735489949,0.04223687647649977,0.03205266405901552,0.021811416401737973,0.01410823691526046,0.008726391688368577,0.00491073414619957,0.0028871238383347537,0.001553639931968366,0.0007654129180255321,0.00042548288885771,0.00023954800713168656,0.00020304545366400106,0.0003707290586561817,0.0011110464711726793,0.00391147674502168,0.013900628642413003,0.05146289686545726,0.19360498077342075,0.7125446728515681
0.0641797485000411,0.04264951645160408,0.032101860223007594,0.022247107385185795,0.014288421321790267,0.008710948558486982,0.005031825612083686,0.0028971808991534466,0.0015707332219208603,0.0008264613754874292,0.0004451932823758259,0.00021917207747732955,0.00020661534387185753,0.0003652867957955494,0.0011015679935709529,0.0038400774408007088,0.013816973050966642,0.051391286083486275,0.19385770252869783,0.7104942330347114
0.06445277527181319,0.04286511016803206,0.03217050240819712,0.022698526568863724,0.014372768155000536,0.008922247681048177,0.005140300434422104,0.002928842137917899,0.0015408355639902945,0.0007892362770401804,0.00037979144545430656,0.00023380554449889743,0.0001881849504503322,0.0003615432078348805,0.0011131424947849941,0.0038480971079964898,0.013833304630376244,0.05191965757182105,0.19279833302349342,0.7093283850195654
0.0648108959696822,0.04334339895571545,0.03187155550941669,0.022418920784274356,0.01475733560275662,0.009025977063157884,0.005085668067183751,0.002955802144924429,0.0015800023044076936,0.0008099650802378789,0.00041410890722021134,0.0002532566870602945,0.00019849848445266315,0.00027150942126283827,0.0011293879287823942,0.003967688097277947,0.014045478968857416,0.05135520847474449,0.19180771657154325,0.7099914326228838
0.06498134836868075,0.04353339788132067,0.03259445275053116,0.02241046817818438,0.014646462918549787,0.008911271606754504,0.005133047543127979,0.0030198422337709145,0.001652474092422226,0.0008598795484377905,0.00046871418356489637,0.0002360677274888895,0.0001733444182527112,0.0003227399366152448,0.001107351513969622,0.003902530258294586,0.013898344902932827,0.05072719123880816,0.1925685423216976,0.7092808829617264
0.06557390139787866,0.044030782077402374,0.03329287462897009,0.022685013015991073,0.014510377429518578,0.009046170834597668,0.005392339159538857,0.0030115877683906476,0.001628995201993123,0.0008795205187231774,0.0004106710593259971,0.00024183962382530938,0.00019278724729470423,0.000341085129829092,0.0011099526131227654,0.0037154323339577055,0.014180699829115212,0.05096770072118399,0.19117878564567758,0.7078155265601505
0.06574615957763627,0.04430734332799709,0.03348809506150723,0.023181169350559836,0.0147923153898729,0.008934266391754458,0.0052567260877155525,0.0030282941256342694,0.0017777250368267495,0.0008386571900305899,0.00043245044220625005,0.0001996802833406168,0.0002053854342932058,0.0003765399628708771,0.0010451836545143144,0.0037072070889923687,0.01388405535822072,0.05101089569728926,0.1918037519354725,0.7064391756741494
0.06608579042614697,0.04463875404669132,0.03351840638758609,0.023377588941685446,0.014942682088280878,0.009056378292515772,0.00539710884644638,0.0029796419640321986,0.0017059105924960457,0.0008712003293228471,0.0004686692871095424,0.0002360451154055359,0.00020183567839024067,0.00035349751582471566,0.001044528143533675,0.0038519826079222207,0.013798946577402845,0.05102451562287974,0.19166749339472786,0.7047463313229585
0.06619002217092597,0.04490524894391579,0.0336863498261909,0.02323727452715711,0.015010994224610637,0.009168316560678083,0.005425262082242275,0.003084997673421348,0.001750636387690118,0.0008941361094130623,0.000418556061421676,0.00022695546654744847,0.00021441018950211206,0.00033758200049268695,0.0011017034205268097,0.0040635292829575825,0.014074660365135985,0.05119727562201764,0.1906334680620056,0.7047058474676788
0.06591643354928765,0.0444939632767427,0.034172175763471285,0.023994079027646796,0.015433073739598102,0.009248668294401876,0.005416914229150296,0.0031497930738764468,0.0017334125533280955,0.0008849527245938173,0.00043677434731885555,0.0002223785841440648,0.00017220085233719885,0.0003284360627358495,0.001136981786623756,0.0038557025281594033,0.013943707427330665,0.051369452937278993,0.19076775350873493,0.7035396968580757
0.06637539046863077,0.044209203369862615,0.03408068373495004,0.02402287327888726,0.015606200054514501,0.009408882669522403,0.005527861127172738,0.0029834711592085605,0.0017323748818187323,0.0010161593283084201,0.00044478354437742316,0.00023265600782819055,0.00019159906527027454,0.00032845554046332775,0.0010777447421452938,0.0038023290691136594,0.013815661170738711,0.051158090897789894,0.19057720358883298,0.7036407243813233
0.06723750701852892,0.04478163815888579,0.03409749706705376,0.024091243158360837,0.01568498559775042,0.009347767537192499,0.005560044370797446,0.0030995649653296066,0.0016399391955738754,0.0009221091649434177,0.00045306601297343685,0.0002202562733095044,0.0001666187352496769,0.00033780236735550913,0.0010556323979859677,0.0037842994937529392,0.01388185133956899,0.05112456234051393,0.19053308865486185,0.7021952588981253
0.06686299055319556,0.0453825123528996,0.03452199351971562,0.024182496847644924,0.01554287772966589,0.009652021041542681,0.005613814269850715,0.0030246647558720453,0.001628051741946957,0.0008915521443995239,0.00042753459609951554,0.0002200378054592178,0.00019723596033391024,0.0003420276768796128,0.0010329235841764304,0.0037577440766506823,0.013856681282649384,0.05103394966720706,0.18963154498462023,0.7019730436586925
0.06743817710988038,0.04577180121348125,0.03398249220906726,0.023693785840286155,0.015939912039143394,0.009800668429532677,0.005580508585704827,0.003050237120302495,0.0015541955869055335,0.0008506455670077239,0.00044812829468369363,0.00022349400956235105,0.00023717731627025004,0.00031357577872268645,0.001062736820980159,0.003837027256006689,0.013941008984231139,0.050627094543667435,0.18991403462560769,0.7019308286040403
0.06737193510163157,0.04539809497766838,0.0342710327226324,0.023958618175189135,0.015347279190593385,0.00978488743049859,0.005925849968097711,0.00315262966001276,0.0016315741500319031,0.0008055327682070911,0.00046144380639868727,0.000262054507337526,0.0002153404429860541,0.00038396682162063623,0.0010493573967733107,0.0038624555646704956,0.014055236532677061,0.0511553185671315,0.19047033087229973,0.7002825631209552
0.06744260549450425,0.04557814055141134,0.033908275958779245,0.02369543431938901,0.015429850273220302,0.009801272557918943,0.005544211754002538,0.0031785445959611512,0.0016382957619785414,0.0009120644464737879,0.0004252500481684034,0.0002530978838964763,0.00018355296985284985,0.0003636856980314229,0.0011104384635818364,0.003967480342160976,0.014171201337086478,0.05148375784232912,0.19070127495208813,0.7000425250048172
0.06810321348434965,0.0452194306461042,0.03364933716685983,0.023626785000017095,0.015362595311109362,0.009632817904072949,0.005525793684709539,0.003239808506007265,0.0017310127051090509,0.0009390088670242645,0.0004911563369993421,0.0002928704840112087,0.00021651903487209973,0.0003566866206050905,0.0011304572768059112,0.00406485998625674,0.014036131329050815,0.05155432177691472,0.19111907293386707,0.6997006339449425
0.06783132845993119,0.04537097092259132,0.034123693830582974,0.023878378486205647,0.015464863515483668,0.009453093029697508,0.005670943907240457,0.003098216188920514,0.0018431992558809688,0.0009985420829633452,0.0005619648937225221,0.000295231049643272,0.00023823663851522706,0.00039554121322863127,0.0011022719112163866,0.0041104369305545885,0.014293058422691058,0.051294970015240304,0.1907146985166634,0.6993806987286827
0.0674725299776592,0.04536201158072313,0.0336969406829891,0.023776957096612407,0.015359275976838557,0.009411617197829757,0.005572653079834038,0.0031926777002690013,0.0019388592531801399,0.0010167327770938762,0.0005243240778735234,0.0002917977476861348,0.000218848310764601,0.00037386586422286,0.0011341357771394703,0.004063511603519809,0.014016550403501575,0.0506793416313318,0.19041968722928923,0.7018522317968359
0.0670439133358407,0.04569813428157874,0.03457904514423131,0.024273714682987425,0.015546893698498985,0.009814111988693997,0.005690612142555933,0.0032641524486841955,0.001874836165532647,0.0009812972270660234,0.0005060348069887509,0.00031228274124981483,0.00022452445265041415,0.0003772466691740465,0.001114644237015762,0.0038670632885424144,0.014117687284165892,0.05100238201069055,0.19081501236594076,0.6989685551794491
0.06711640480080444,0.045391476257634525,0.034392768010142474,0.024022264203862043,0.015912612315771353,0.0096522301257663,0.005788373771381469,0.0032060088723901304,0.0019233773000434386,0.0009497174220131503,0.0005233136815174502,0.00024854549579695885,0.00024056467712457955,0.00038421941322740915,0.0010762704038180231,0.003999530271815281,0.013883204139080584,0.05100997260298961,0.19033454451757675,0.7000340894969008
0.06755909139636568,0.04568449767466261,0.034433012264187525,0.024024304850706262,0.015817768360357726,0.009552244252801469,0.005730662293496581,0.0033665502667466485,0.001792756442861021,0.0009511188761743585,0.0004641551350155436,0.00023492864327568058,0.00021554132805390116,0.0003694994195209732,0.0011176217010202291,0.003956152735550176,0.0140877355843907,0.051236112409934496,0.19031500965944464,0.6991761531461053
0.06782514917086761,0.04597221557213897,0.034600573199176456,0.02340791306707159,0.015463153598683051,0.009852003347081908,0.005806092692280509,0.003304901377365245,0.0017408017948384712,0.0009724321748508283,0.0005278266083891364,0.00022572282604978202,0.0002029225405902081,0.0003431442961665876,0.0011137939447001866,0.00393076921323055,0.013919574273069904,0.051133060185913515,0.1902661021315986,0.6991183129612785
0.06861046849536744,0.045882004353325984,0.03453486649420504,0.02406523151260984,0.01548051829650481,0.009671905092935534,0.00598639300732772,0.003366420130143933,0.0017686811245712203,0.0010473053823975202,0.0005025698298556107,0.00025869240675107416,0.0002062701569248654,0.00039430648782322304,0.001107704931110326,0.0039168537533191255,0.01406625716532382,0.050796020467469706,0.18946084855667877,0.6990016980250483
0.06911368046166232,0.04625743007690571,0.03470447275239462,0.024131932173401517,0.01574708896027944,0.009734626267416646,0.005751398233881837,0.0034120782782969955,0.0018399914270535742,0.0009792767260464808,0.0005050286258889301,0.00025422434215176395,0.00017100292072988606,0.00034884595828896757,0.0010442578359238378,0.0037780245286589496,0.01393559802001419,0.05080268770990609,0.1902304891367545,0.6975174935987906
0.06878019137784981,0.04603739768992136,0.03423846186295266,0.024293335066291347,0.015636525738416823,0.009943986692706644,0.005807689545132727,0.0032709582459728675,0.001897132980585167,0.0009998711682531203,0.00046630251746354183,0.0002439822463012175,0.00020293850393278843,0.0003374707705848615,0.0010865190688086922,0.003810227416535839,0.013862523984936944,0.05077909003742959,0.1904589260448768,0.6981312556078867
0.06861266437524585,0.045966358293860456,0.03441577318353597,0.024094119256485226,0.01615394700091771,0.009906690150880368,0.005783272627780907,0.0033732906969453414,0.0018354167022919903,0.0009963690669585088,0.0005244047720834257,0.00029868271801273383,0.00018810171172557665,0.000338583081106038,0.0011092300939938551,0.0038361349088276682,0.013952586968541418,0.05079202220740207,0.1893409030022173,0.6986097573487918
0.06817389282808323,0.04624697722864574,0.034652754511080255,0.02402604654555068,0.015973679952045915,0.009978279350796461,0.00599995897463949,0.0033048207077786343,0.0018415828495759574,0.0009071163046178603,0.0004740708325641076,0.0002848983368774686,0.0002039872092042674,0.0003270632907353339,0.0011031263603895592,0.0037697747935626666,0.013941785013435811,0.05092500792017376,0.1899747694032861,0.6979997857564504
0.06828556611139289,0.04585539326034797,0.03457476819267221,0.02423789957200417,0.015860351401102188,0.00969971903869059,0.005867703127048083,0.003216522576637468,0.001803167511070332,0.0010144242002860908,0.0005163305199208973,0.00027583219828003795,0.00020060523511275483,0.00034194074166946824,0.0010679949164809736,0.0037567889484752285,0.014165465124893854,0.05089673959502817,0.19088272002461973,0.6974793268326596
0.06782569433913645,0.045802040232276825,0.03420758285949488,0.024131840917979118,0.01589976478153644,0.009643614953190043,0.005598267843481097,0.0032095975518124805,0.0018448059818233027,0.000980552005171842,0.0005598267843481096,0.0002531192385443591,0.0001824282800319705,0.0003443333785603443,0.0010113367774272368,0.003800209108415987,0.014066360567215129,0.05149380256927429,0.1910172314912257,0.6984916601771601
0.06849920643872714,0.04613365326442509,0.03448146211243388,0.02419307978110697,0.015535115513581688,0.009529571408551324,0.005475743685975328,0.0032164012537470557,0.0017876491559082998,0.0010174446757336593,0.000548030110893494,0.00029167506941524853,0.00023812534963979281,0.0003087654055137983,0.001070994395509115,0.00394672828302508,0.014028887225429503,0.05112744947242128,0.19055724749882938,0.6981197212224375
0.06812517024169479,0.04644934233995004,0.03464097949805625,0.023820730794172525,0.015496410535781237,0.009591659268157308,0.005715562170842315,0.0031182010168344094,0.0018052742729041324,0.0010690323661515636,0.0005105826226395523,0.00030885689896276505,0.00024503407113282086,0.0003726797267927089,0.0011282964205650836,0.004027676313411116,0.014056977829545186,0.05122009872023831,0.19108326713614443,0.6972860482158671
0.06862348339673532,0.04636419910009841,0.034551707863708335,0.02411973456664163,0.015542511630664144,0.009522267834160013,0.005649749716999523,0.003069970941864348,0.001789771399453036,0.0010339634772636329,0.0005449112923175485,0.00030893506321768975,0.00024053615623222344,0.00039899362408188713,0.001085262657502733,0.0038725181171604863,0.014057115367296433,0.051103103372408136,0.19044991661033256,0.6977760095393677
0.06848226853355671,0.04607502892083954,0.03501045709173178,0.024005151613583388,0.015952906045737663,0.00949629300372124,0.005477578513668303,0.003192404789177053,0.0017403791906723887,0.0010485585169735408,0.0005903840345568418,0.0003350828304241535,0.00023022697872679935,0.0003510391556824467,0.0011294798807834562,0.004106474278973554,0.014075758352851341,0.05134973415622383,0.1903133708306977,0.6969962217701264
0.06844526009221633,0.046247228665712965,0.035414944972272405,0.02445043514935284,0.01591159087411731,0.009497483713958407,0.005601372416033556,0.0031004747601976563,0.0016950021942698206,0.0009529400365901613,0.0005972973435086661,0.0003282855628444577,0.00022341656360247826,0.0003453837692426066,0.0011638179155006646,0.004014658862285347,0.01415731489766724,0.05144052388904405,0.189867602888457,0.6965193751175502
0.06863947547800396,0.04590935307889944,0.034932417182837225,0.0243020013815209,0.016135981780338184,0.009683184884428707,0.005554580334528673,0.0030981632155241,0.00165736913737014,0.0009392518357585938,0.000600710822141722,0.0003248625888242709,0.0002541907273958331,0.0004114926125107431,0.0011387288639840229,0.003961043846190673,0.014075099111586307,0.050994307495548834,0.1898325988779132,0.6978834917370915
0.06855551908682295,0.04618878951159252,0.03469430084880974,0.024599299800333697,0.016021170099286122,0.0097531066801601,0.005586553978282868,0.0031123783995696697,0.0016046242352962627,0.0009778178933836598,0.0005686842992988887,0.00033733577673841883,0.00027921373412470487,0.0003943181714577465,0.0011783959227956926,0.00398420903877538,0.01396638494570718,0.05107787897851078,0.19050810061723342,0.6969778817136656
0.06871094092576625,0.04636576206980206,0.03483497096231534,0.02475407091368194,0.016268848299026077,0.009898667079728066,0.005562661375836134,0.0030683476139440127,0.001621873423257711,0.0009282491853616806,0.0005375872582708138,0.0003371309924749172,0.0002494313761892123,0.00041116313609271976,0.001168568913105626,0.004017098008307546,0.014127610914388095,0.05150473179293321,0.18977285799382004,0.6957666142367228
0.06855668341365048,0.04625471364936146,0.03540676942707087,0.024510976679540213,0.016139763263725123,0.009692744112922513,0.005536757920639802,0.003055470111760486,0.0016838123882110363,0.0008772229627351137,0.0005229160258382035,0.00033152192487781527,0.00026658464062339786,0.000410130216343689,0.001176845870786198,0.003997630358750015,0.014182530731284957,0.0509803251421215,0.19035852216412044,0.6963270560625218
0.06888428387625672,0.04632174616006467,0.034920924089403046,0.024643902216858134,0.01617042595101734,0.009897867398408231,0.0057248909788561635,0.0030765026700217486,0.001668051965796395,0.0008539515183257995,0.0005169253190932178,0.00030856114862172257,0.000250492445375568,0.00042014414701629384,0.0011397406264588336,0.003884910107370172,0.014086784246302388,0.05082833297277605,0.19017614173318,0.6961731585958756
0.06873544163370668,0.046265248160643424,0.03565723719690379,0.024751645530075604,0.01634869617466276,0.009655980745046311,0.005773749733488546,0.0029404621964192264,0.0016304230092592065,0.0008152115046296029,0.0004583426921134273,0.00031810351019812515,0.00022347056630405907,0.00038765302318051074,0.00117322047309631,0.0038696892961019216,0.013973751329706878,0.05095356942922653,0.1892807098154886,0.6971665984473355
0.06937031868538714,0.0467917865178139,0.03544897901062285,0.02476461709338421,0.016259505026628315,0.010109076410446277,0.00580070059522114,0.0031635006977472737,0.0016586449463161785,0.0007997038134024432,0.00042719220801412596,0.0002870731637854926,0.0001993563637399253,0.0003816250391592856,0.0011243698914931793,0.0039039671916384256,0.013974311508558091,0.05067980520035318,0.19006180047275922,0.6948309742830289
0.06972421898488536,0.04720597479979228,0.035477082023669615,0.024500961179289543,0.015906150636382677,0.009981915252229846,0.005836544856551959,0.0032263281128998454,0.0015886790390029243,0.0008689334098632487,0.00044300799008755375,0.00023801714634524087,0.0002084073578046846,0.0003701223567569536,0.0010727854155847705,0.004005293319120633,0.014086287479159264,0.05084000692413514,0.18921907599238347,0.695203669791638
0.06991789172277035,0.04676265138322093,0.03515541801871782,0.024649567704305434,0.01587267237442012,0.009882834256088076,0.005872524308446481,0.0031378596721819358,0.001615058081725585,0.0008849789347678275,0.00041002885008548003,0.00026993565963960743,0.00016287257100617658,0.00033713483229250586,0.0011412469660712528,0.004076370151266475,0.013934147088738219,0.05090622070714032,0.1898741097533335,0.6952517520191072
0.06985159696428145,0.04666682612959551,0.03496224715159342,0.024373908675580647,0.016031719454591226,0.009882145505366494,0.006011752417856657,0.0032279852884057906,0.001692585087710306,0.0008565437321387282,0.0004328279497509526,0.00019477257738792874,0.00017313117990038117,0.00032689900415400897,0.0010945991045017522,0.003935317279972481,0.014048684032179622,0.051062307861408474,0.1895421933214647,0.6959019166305033
0.06965290325814764,0.04635096122077431,0.03499107934258289,0.0245995957791505,0.016143769553101272,0.010094128316194583,0.0058946975065452345,0.0033517974612014044,0.0018775534384975895,0.0009467517641938698,0.0004454632247891737,0.0002289977191371456,0.00016975452811659054,0.00038394144949859715,0.0010868846968001826,0.003962458045567129,0.013968860867365889,0.050720146558540236,0.19071294623224708,0.6944794460305922
0.06915100896733248,0.0469275207091827,0.0359855519979946,0.024670988913323384,0.01636224832788305,0.010086255027745173,0.005967207137404147,0.003487802376855848,0.0018105579800143557,0.0009286373528707993,0.00046147009559837255,0.0002483962489887536,0.00019712179392226782,0.0003349931064343742,0.0011018310677620399,0.0040301721682257895,0.014021854312181671,0.050769686542164676,0.18967332474960968,0.6937080546471749
0.06915567886344148,0.04684636665038001,0.035625652747833476,0.025051849675234814,0.016003070548587208,0.00990525261981802,0.0060568165381387,0.0033666697417709633,0.0018598686361001298,0.0009612548247816953,0.0004567099345230566,0.00024486941626547954,0.00019020089542481433,0.00036331787808692006,0.0011070375470234684,0.0039634677609482255,0.014028170233218182,0.05039184801240063,0.18945603682836026,0.6947298406982081
0.069646337686941,0.046674909375740016,0.03579544419549338,0.02493419494690056,0.016117684026449537,0.009935652221432865,0.005907654334480938,0.0033346539883782355,0.0018637175073319132,0.000939258975900323,0.0004929686503816241,0.00026071552179536247,0.00021289870120407326,0.00035179518006448477,0.001177204583128404,0.003924394775670802,0.014088884638504835,0.05077577098930721,0.18928402280634643,0.6942216787802609
0.06988003412949843,0.046691113229965164,0.03517411626129343,0.02500475602990546,0.015989373833063918,0.009753563604922572,0.005843936147308203,0.0032853629334964633,0.0018841852607500514,0.0009193092535824025,0.0005365485234663089,0.00026656550847370766,0.00020163288461472754,0.0003497248337667875,0.0011915706062542656,0.003948359198161837,0.014133667793304642,0.0509743880669786,0.18946314390094707,0.6943621394957812
0.07022352236248851,0.04677998847188712,0.03556969609980703,0.024835564911705122,0.016028861291285345,0.009839905041157187,0.005851770339942632,0.003416285623805323,0.0018818619041435136,0.0009899140403757344,0.0005012222989244226,0.00027111569805457415,0.00020390634433516299,0.0003485773260701668,0.0010935759249260128,0.003922064489083606,0.013808674335367843,0.05060066935959736,0.18985958940780578,0.6941040309664248
0.07027196874220863,0.04716902728112087,0.03574221885235543,0.024774213232874875,0.015564002991895236,0.00969747476299932,0.005643388401055132,0.0032992817402174193,0.0019513350250975352,0.0010337294065277493,0.0005191416402826585,0.0002766478477822062,0.00020606280019991498,0.000365448391514766,0.0010257601269620068,0.003886731491063585,0.013991777980425167,0.05051157082469518,0.1898726395278543,0.6942073583773638
0.06992147964812136,0.0475767073366493,0.035781008252777025,0.024569344844035133,0.015926072240545285,0.009418571423692264,0.005688940094789103,0.0032378118130038454,0.0018340769447078718,0.001039424115777956,0.0005760663774191082,0.0002800638909982226,0.0002527405845593717,0.0003529260415018252,0.0011009015552653706,0.003926586829483217,0.013797131280518139,0.050798580554230505,0.19047304612743354,0.6934939791955792
0.07081974904316875,0.0471668570270304,0.03565413552670985,0.02480188667428108,0.01609959016533453,0.00972375162128954,0.005691452231315741,0.0032454259422268635,0.0017912473709203003,0.0010248713501769036,0.0005420430696491179,0.000323403848278045,0.00020611301598002165,0.0003905898590118642,0.001102306074412492,0.003961697141406055,0.013785658405824006,0.05087005883900299,0.1892869059020064,0.693679618383459
0.0700868492997697,0.047245745569500536,0.03554542066810485,0.024862763063577428,0.016038801272255068,0.009701457668801145,0.005602298355435974,0.0031168197726032113,0.0017675274103501203,0.0010564138680816003,0.0005948738286284741,0.0002905992841001167,0.0002176645618161658,0.00037037163659818794,0.0010723683385812147,0.004028503801152593,0.013800616982166317,0.05067367751684622,0.18996532181876413,0.6940285835735052
0.06954496534994561,0.047405374317391086,0.035860670907051306,0.024708876905468274,0.01589290086724787,0.009946871814728978,0.005782032081907377,0.003268550733715614,0.0018085221481325415,0.0009771486165602774,0.0005409622294477059,0.00028585583071868265,0.00020157960970998743,0.0003416603554406565,0.0011445621907261996,0.004004259365764493,0.013887354580811213,0.05075934013996686,0.1901214602563593,0.6934327185345043
0.06985448547416019,0.04776264159577629,0.035739451249844914,0.024797687795471434,0.015703456809517465,0.00964405118450395,0.005643910029836,0.003301197879492618,0.0018327339951665913,0.0009345805031253239,0.0005486818544536006,0.0002857243681905679,0.0002060402814441945,0.00034719494939491316,0.0011383440963767648,0.0039318405088853425,0.01383201911507407,0.050655173944669646,0.18937037049685307,0.6946699314375351
0.07061042387222859,0.04766582526595292,0.03601916798194882,0.025166808166335247,0.016091076404123054,0.009764046928507533,0.00568999606839847,0.003108814194790913,0.0018130950820793043,0.0009310488259326155,0.0004695129942279532,0.00031110933840832817,0.00023703568640634533,0.0003555535296095179,0.0011361758622457988,0.003741289223423226,0.013954336442527391,0.05070626378197275,0.18959550088033697,0.6928211235263618
0.07052486533884506,0.047740084042226065,0.036012891029801965,0.025649960711967474,0.016398483140309526,0.009832257182877252,0.005651782765649736,0.0032079532643230504,0.0017343673487980145,0.0009406352134649766,0.0004953708448635166,0.0003029164246751619,0.00019245442018835487,0.0003279696628061902,0.0011353672007561521,0.003936774737225698,0.01395123728832861,0.050762415587669266,0.18872604284103725,0.6921879448373249
0.07067883862058277,0.04767753741257867,0.03608288535468743,0.025534213110980974,0.01634485886108978,0.009984663520371542,0.005727821923645753,0.0031766794356722435,0.001775203214052135,0.000958245123888219,0.0005355234342776013,0.0002837134790108997,0.00024269466276836,0.0003714481693074429,0.000998124528568466,0.0038261440261791197,0.013950955168712672,0.050660516882661134,0.18965733336675614,0.6916444671313946
0.07044845745940922,0.047067760628314255,0.0355659019261257,0.0250571733148678,0.016628095559159575,0.010093026222278912,0.0057811104834447945,0.0033757311806403402,0.0018382017967454494,0.0009794631630737837,0.0005136487052863676,0.00027903311041055465,0.00024486579076844577,0.0003747016054084592,0.0010887985859285312,0.003829017621225651,0.013759179619877184,0.05039451865080091,0.18961723490715598,0.6929007143247629
0.07009946684495448,0.047467997599036874,0.03565339113260993,0.024598482199500907,0.016216751843149232,0.01013917157660587,0.005875981370895268,0.0033349241042801604,0.0018337526666294592,0.0009726861970817131,0.0005250683101342741,0.00030068987825476853,0.00021526661738693656,0.0003394150898481858,0.001095695692731391,0.0038463246926755804,0.013654054017114265,0.050622963367088804,0.18935603390050576,0.6938339212351977
0.06996729053360946,0.046768958226834974,0.03538041690053613,0.025130388153093517,0.01639002708521425,0.009959708039834281,0.006048917331463136,0.0034633552648806435,0.0017703870601214345,0.0009517965159238067,0.0004963914843813153,0.0003187835220797439,0.00021859441514039576,0.00033586121076258747,0.0011248504279099537,0.0038413414410609116,0.01380674204378947,0.05075944481572606,0.19044241460301783,0.6928748467277442
0.07014472734981075,0.04690219193725404,0.0352729465047872,0.024946349791382456,0.01616059390752448,0.010167042189635109,0.006101820859018761,0.003349505323992556,0.0017756139145220827,0.0010439424555213272,0.0004911999981765196,0.0002701030152385967,0.00021995730776814006,0.00037609280602842544,0.0012000779537816137,0.003793978640207968,0.01370117489113253,0.051099615587565254,0.18957356774172224,0.6934330777041926
0.06988296832603927,0.04699720463570275,0.03522910824005957,0.024834772782674663,0.016212885103009292,0.009775801303592053,0.006105604170036522,0.0033558040830088793,0.0018818018822575249,0.0010229165195322386,0.0004898152599096463,0.0002745243666005226,0.00027794168236733427,0.00040210415522815154,0.0011231577820253749,0.0039777555525685685,0.014087314696052547,0.05114240866084507,0.18896503174686344,0.6939224178192516
0.07032558203113434,0.04680284414392044,0.035413966013345885,0.024815634134283508,0.015998879110214,0.009983209435522637,0.005855054369989313,0.0034594941870929085,0.0019205489626073896,0.0010195084943852993,0.0005422190428239136,0.0002961700654080199,0.0002665530588672178,0.0004123598602988587,0.0011402547518208767,0.003910583979022045,0.013792412122924244,0.051123509751968964,0.18982222961381706,0.6931108564554823
0.0705158585490339,0.04692968465184104,0.035106407218374054,0.02454657309515129,0.016127415238789654,0.009844376594969013,0.005973158950054685,0.003358549033904484,0.001849024790375502,0.0010515402843601898,0.0005901385344513312,0.0003144367480860375,0.0002449416697047031,0.00038051403572730613,0.0011028071454611734,0.0038723569084943513,0.013977624863288372,0.050676722566532974,0.18995055596062702,0.6938593693036818
0.07099258820379306,0.04742979872501153,0.03533279021939146,0.024519885376372265,0.015907161697933696,0.009798838951524233,0.00588272157054879,0.0033042596464442167,0.0018811491987170358,0.0010425508884470548,0.0005776757381886959,0.0003543533620841902,0.00023243757512917947,0.0003372623639129269,0.0011006602822293495,0.0038067349926793562,0.014023733699460493,0.05091180475243687,0.1903367496339677,0.6922674627273814
0.07133046017594297,0.04731028733092487,0.03476490070750742,0.024390327239263238,0.01603850516849429,0.009993029708022214,0.005785797916201598,0.003286971020897207,0.0017926862047443525,0.0009510120590606968,0.0005683293622410631,0.00034965353548698674,0.0002460103050983359,0.0003507924720846642,0.0011150189291262535,0.003946415310952468,0.013980446736491082,0.05108016746923733,0.19034477888684886,0.6923048887714518
0.07090216010165183,0.046914832394117395,0.03568982512920154,0.02448191178397843,0.015887088962456053,0.009933846530788996,0.0058164910741249345,0.003304824473934621,0.0017903031891556174,0.0008900234186699789,0.0005424470515837517,0.00029515501336174716,0.0002370356864063453,0.0003772058278870206,0.0011555489712309329,0.003887157338134825,0.013901915088802915,0.05114386812610755,0.18954649831055098,0.6933818040922841
0.07045700703499504,0.04716646982651113,0.03542781129312022,0.02425632574407287,0.01585237102224389,0.00993919404491145,0.005882426634807794,0.0032447305871379285,0.0018643818782537,0.0009703441418889136,0.0005671729843435203,0.00027447527957186397,0.00019816887404773586,0.0004111434685703028,0.0011502905907368583,0.0037959589494316313,0.014038100813289617,0.05071756493732054,0.1895861117786339,0.6943381786002673
