0.07005232628888981,0.07220216606498196,0.07285117429927392,0.06911937695209505,0.06534701659027299,0.06956557011317081,0.07041739342067906,0.0693627550399546,0.07414919076785788,0.07508214010465254,0.071877661947836,0.06806473857137064,0.07382468665071186,0.07264835922605768,0.07139090577211699,0.07333793047499293,0.07122865371354398,0.06327830284346735,0.06806473857137066,0.0720804770210522
0.07699560491774066,0.060566015323394895,0.057755983845103054,0.05386203005285978,0.049611718239591374,0.04658267506087783,0.04274811427213874,0.04020163924689672,0.03873537447288711,0.03648957652788502,0.032573350359327666,0.02817826810001782,0.025683761952841958,0.024455069192849083,0.022818049533764918,0.021407465700540484,0.01969249272435707,0.018567737720496517,0.018003504187206747,0.020290134822117945
0.07762958914515053,0.06025840248073793,0.05661325545903608,0.0536003353349992,0.049281276125676496,0.04618498542172776,0.043739448410979875,0.04163897296708945,0.03898037780767797,0.035941983339779125,0.03254694805781286,0.028345997170031983,0.026122781705715744,0.024469265204130553,0.023867144349211573,0.02270227207988754,0.0221974169015324,0.021247918630314,0.020657377022605006,0.024402105570312662
0.0758551950376914,0.05888193228113296,0.05600209020795637,0.05158168745584923,0.04784447304502659,0.04505365834776805,0.043007964079389206,0.040642932484347645,0.03813274755900483,0.03548128005883549,0.03178664395823456,0.02916227174638811,0.026375327804604273,0.025037981788095506,0.02479605957092676,0.02543860497972694,0.025028304899408747,0.025560533777179963,0.02561859510930047,0.03104539428482954
0.0761763423290191,0.057783362376695,0.05426713342882309,0.049552973540377174,0.04599537719311854,0.04315481576856318,0.04125191539677368,0.03933867317513753,0.03670839603079803,0.03362824841812788,0.031334081393805585,0.029005441536660997,0.02700084630804578,0.025920122999067503,0.026201076586569033,0.027157697697387125,0.028166028057438633,0.02970006911802981,0.030780792427008083,0.03989368578357611
0.07540847306030408,0.05813576296594901,0.053054257315982414,0.04813494413020745,0.044273818671974385,0.04138899736712814,0.038767148310048995,0.03687437799977322,0.03486035701238332,0.031983409128128894,0.03040557564152631,0.028519104067724007,0.02746406570841889,0.026782227485166482,0.027004257945856053,0.0289112004131971,0.03140864942492537,0.033537622352955994,0.03637520313425125,0.04896480266058628
0.07540647223519117,0.057880124169968274,0.05269905760204429,0.047184295221271065,0.04283161387296433,0.03898825771269082,0.036702148679047565,0.03412625117635091,0.03238898394015721,0.03000627875016283,0.029429628968309147,0.028083137091899538,0.027543076763209162,0.027544540341335685,0.028058256263748485,0.030455597235008208,0.03450385433299622,0.037458818570464694,0.04194907626266542,0.0574278785288698
0.07656281395969754,0.05771078135881069,0.0525731964778711,0.0463359785082975,0.04131537587082958,0.037609103145308465,0.03414367621517026,0.03176824854185076,0.030068565357291296,0.0289193868478928,0.027401370206136477,0.02739311263600906,0.02719355469126322,0.027420637869767096,0.029372176943212695,0.03225131639430448,0.03691959603966936,0.04163191605904713,0.04684794785619718,0.06645830064711825
0.07788190552022545,0.05857971272616788,0.051996354073903336,0.04558586260725624,0.03977647749059709,0.03556742344079038,0.032309138911879635,0.029704344728598522,0.028159016857169792,0.026988234554578893,0.02628890821276283,0.02604925143270229,0.026964661756540158,0.02758017370532955,0.02988245031378014,0.03392911397709771,0.03928930633112973,0.04507773784953222,0.052291014049387616,0.07400548984274324
0.07934964428948589,0.059587809105383006,0.05214862250347646,0.04576371954291703,0.038937957234124014,0.03422580060057639,0.030588081178580796,0.02801850097744816,0.026583818698482444,0.0252952498035027,0.024995465446703887,0.02517684757854856,0.02583687700276107,0.0278610512102219,0.030434410205767953,0.03488205123037547,0.04067620266430199,0.048379904875148615,0.05642117938692838,0.08116724440234584
0.08187242584285477,0.0610967974884182,0.05315202291267602,0.045501000593624344,0.03866269285141644,0.03290270068480995,0.028872174929468867,0.026128039264884963,0.024451203466276623,0.023801276598348863,0.024035054435965066,0.024017918887658102,0.02525779820443934,0.02776815603140701,0.03045843711559762,0.03546201722122606,0.04221709515737165,0.050999063664681786,0.060526428523344146,0.08727257149501538
0.08518799816183308,0.06275084319308315,0.05469626451365966,0.046128150950459496,0.037852800264926406,0.032015540429473556,0.027495713543522683,0.024823652360880646,0.023224255164445158,0.022287173986338536,0.02276231373861795,0.022866700502376297,0.02450689252602769,0.026887390678861922,0.030449738973098203,0.0358334563177389,0.04309733525788928,0.053500016197946094,0.06410787112194176,0.09232109368532065
0.08890534101432088,0.06485948216015357,0.055939854603684475,0.04579972112858952,0.03803791846973157,0.031223427090737284,0.026579118231780222,0.02374664567838014,0.021809447330793773,0.0209626622167084,0.02097921946754247,0.02218080281378652,0.023876738363504978,0.026337855433912323,0.030490177410942686,0.035890206504397754,0.04476371029068616,0.055003187270785535,0.06718459324156673,0.09638921839132117
0.0919829959011739,0.06693110202342223,0.05688365117479782,0.046805760600927004,0.038183123045564746,0.030858856847825966,0.02577659349034767,0.02263896027264628,0.020824284344498078,0.019741332580925763,0.020038705281409403,0.020894529864297365,0.023183363051090748,0.025878449494056648,0.030143523304536565,0.036307567666923835,0.04511869736708083,0.05709204621686898,0.06939320749238714,0.10074612449613471
0.09565187017901326,0.06927550574879932,0.05849279580847039,0.04723038858972495,0.038040459903944106,0.030935817202736127,0.02513287731043516,0.02148857517100858,0.019772376655508673,0.018915441711541258,0.018939892300975106,0.01977237665550867,0.022258186581283656,0.02549265026924756,0.02957357007713577,0.036696841798864795,0.046203463833503114,0.05880366758841508,0.07209314510260517,0.10453907728132734
0.09827656527361299,0.0710566321068219,0.06013019034950707,0.048593119238416596,0.038265719940118924,0.030583608715198777,0.02458739067764795,0.020778778370511817,0.018912129624909034,0.01790754584934256,0.01751243273807592,0.018899384040674642,0.021048753018386074,0.024638373014585577,0.02929051126014432,0.03659025495803228,0.04690954342999895,0.06033411969725759,0.07529395952002449,0.10906280560434921
0.10127519748403548,0.07317741039129395,0.06116257063729833,0.04987562289647876,0.03838648292977691,0.030171701638219188,0.02445832702686152,0.020246951807771817,0.018045945006025334,0.016970282364331908,0.01704307156564951,0.01808176191461017,0.02009559648439711,0.023249795208159788,0.02884878678887551,0.03670770976288051,0.04745971464322314,0.06226596249854132,0.0775794239947869,0.11301158965838753
0.10448653211254273,0.0755401606865047,0.06268777370770809,0.04951525738744517,0.0386400721327408,0.03002767161178214,0.023773634009251504,0.019721349287597063,0.017035947761340122,0.01603871031634076,0.01595925375317106,0.01721213405358596,0.019216972843128555,0.02291227880271627,0.02828308185523014,0.03700833372677765,0.04831649967353715,0.06339367042108524,0.08036052551879953,0.1168403003688397
0.10772838567129743,0.07749526907393342,0.06394994122966162,0.050463211376742576,0.038689611035725234,0.029690797932295183,0.02333923526174344,0.018696206182202992,0.01646718455035234,0.015158496076807033,0.015145857294358397,0.016564847869273636,0.018579010199497432,0.022150040731348894,0.0279202194092633,0.03675472834086106,0.04950611085131392,0.06466345794789835,0.08263810455030639,0.12067854176026067
0.11047140662449821,0.07877620375798977,0.06529842826213912,0.0515097242603401,0.03925845272337804,0.029490019883361664,0.02288135495988335,0.018692425162032757,0.01567492711537513,0.014412855689016423,0.014218955624421308,0.015547572635078928,0.01785486866999471,0.021770732104687673,0.027467263588206746,0.03675151993556552,0.05004801608108464,0.06586636040400053,0.08456566959199525,0.12382985900367494
0.11309683987051218,0.08090925434593665,0.06650047464350207,0.05181916139825737,0.03991471303248533,0.02967981889115491,0.022528676139688324,0.01803072758440237,0.015024842921055733,0.013403382851227606,0.01360377516211739,0.014617187705759965,0.01717991908731036,0.02090950626769893,0.027158311070701838,0.03679431847720165,0.050218313108977924,0.0673982321962883,0.08680651378069298,0.12806213764776073
0.11637117442569887,0.08233948813395191,0.06813205177953524,0.05319203733401099,0.03975495262852453,0.029677425262726532,0.022171933788676393,0.017436503221626612,0.014311599801746046,0.0130055504236934,0.012681613549031792,0.01394302144965757,0.016487585662988892,0.0204194696363551,0.02663837083789764,0.03645835121854064,0.05111678096029542,0.06926869247401923,0.08878846464223289,0.13055571771476837
0.11877836202549885,0.08432489661330689,0.06913216918259056,0.05366618303303457,0.04035882642811981,0.029757760147445373,0.022254007127593525,0.016916887045821716,0.013740683192530781,0.012296642347784027,0.0123469493922566,0.01347199784137045,0.01568779448200323,0.019772955161559923,0.0262980074980363,0.036668118710904855,0.051382929219131776,0.07063452046524873,0.09079964190531067,0.13296723525060344
0.12090964068508316,0.0858339323817022,0.07032485537260807,0.054215588950124925,0.04052305480436793,0.029813211013361634,0.021877246431383286,0.016679788678556347,0.013374182726868175,0.012219445680575999,0.011842900991567679,0.012672440351898132,0.01514280172069512,0.01913759855771973,0.026351281963509398,0.036761031047821184,0.0519083969465649,0.07227718253289063,0.09253985097958675,0.13569757756250067
0.1231256563627231,0.08743892972923613,0.07181293091639651,0.05511734623989771,0.04046618875850417,0.02983197114287019,0.021657686863613527,0.016483265604310304,0.013162640975297932,0.01163303045523035,0.011501757910597689,0.012257431167526598,0.014636317976348116,0.018638418337062236,0.025949728322907643,0.03684306652664262,0.05200561618190949,0.0728459887676362,0.0948735217569974,0.1383875165517556
0.1252635287598385,0.08883071334342034,0.07248594418264184,0.055721581366393054,0.04116008524136327,0.02954144570537913,0.021487071840590895,0.016004989515859616,0.012861457700284703,0.011286841292120419,0.010817078830017828,0.011717836949098046,0.013987975449210354,0.018004900580247857,0.02531814434705868,0.03696870948726339,0.05297940000387665,0.07320997127835822,0.0962727997272641,0.14264473985763462
0.12634891625239697,0.0902456448990428,0.07415265100284969,0.05646334696444707,0.04121123592689104,0.029631435801784078,0.021145127494020945,0.01576712330327956,0.012637170440574766,0.01084260336421508,0.010335566952164251,0.011363312668276268,0.013721886540063281,0.01761068490934303,0.025282316734822237,0.036768685431191724,0.05335390343975782,0.07493542407044276,0.09789904620184155,0.14522548308036584
0.1287541627529673,0.09139099991461024,0.07450431218512507,0.056944752796516104,0.041595081547263234,0.029656448353399926,0.021159593544530775,0.015535251757606826,0.012391768422850325,0.010573534853271864,0.00985739902655624,0.010769362138160715,0.013217203199271355,0.017272649645632323,0.025333447186405924,0.03669029117923317,0.05350980559587853,0.07598326359832636,0.0998958244385621,0.14812170893461987
0.1302139487487433,0.09291849203208093,0.07537451266723984,0.05746546021954426,0.04185261510606454,0.029843871548865208,0.020955877335444174,0.015387659847419929,0.011727830624286346,0.010062824414632042,0.009720497318248195,0.010340325449574427,0.012777557899908563,0.01699125189360337,0.024515624218106713,0.036534603469217844,0.05456875884250225,0.07699516420327633,0.10081248663673295,0.15116868878486386
0.131816667557307,0.09413462161618248,0.07634986020736384,0.057781714281816034,0.04219816103611415,0.030055132532969795,0.02098992970005128,0.015202662370369189,0.011330082306538699,0.009813340731333225,0.00921073725692624,0.009941820340027538,0.012469343969474156,0.016772842366890008,0.024582810792741924,0.03657234595806562,0.05458223092902126,0.07787342370869464,0.10281438562301809,0.1526394600672869
0.1333511296900026,0.09479399770540592,0.07749366714754692,0.058141833176195305,0.04291004509672511,0.029739983869685224,0.02115797485034021,0.015146592754989604,0.01131393909102268,0.009447593516067835,0.008910295003010238,0.009640702918223843,0.011955743868776488,0.01663467108925062,0.024345415923574133,0.03673395204071203,0.054504560789703886,0.07864891574750374,0.10422000840593866,0.15509752024808882
0.13506398346706228,0.09567575660648299,0.07832615348319141,0.05860935490237446,0.042749031911201246,0.030178055746488908,0.021050685431823174,0.014741945070176517,0.011308547537867183,0.009074060210926532,0.00865438492617118,0.009368967167781643,0.01163975073556601,0.016538608991939964,0.023963458759530588,0.0367317957338306,0.05512718429643141,0.07962147557830122,0.10551770916275918,0.15719107929140663
0.1359696328060054,0.09720768343538527,0.0786444091859174,0.059738630731700125,0.0426928088860561,0.03014830885713604,0.021082154510224656,0.014741290242826414,0.011121179575408197,0.009012850712397408,0.008404962454961269,0.0089028410837196,0.011502243856189065,0.01609202702380857,0.024253153703865424,0.03676022777663735,0.055380208020268995,0.08022423818332143,0.10678305760988767,0.15937673307694664
0.13702934447112688,0.09815520841959112,0.07926943394856634,0.05984938115596957,0.04323117009221124,0.03045953607399585,0.020885631543066118,0.014398290309370964,0.010759299108515212,0.008722008523497471,0.0080629518253375,0.00878780075842566,0.011286771336818806,0.01581962945359549,0.023933626978446226,0.03702628172915605,0.056349914867116685,0.08124660404304627,0.10750224317490639,0.1615868633325128
0.13827876010842816,0.09869114995066297,0.07969354308203566,0.06082977010060226,0.04393040637865918,0.030577640667354734,0.020793022490898167,0.014238564574850574,0.010385736483344487,0.008692397554696094,0.007924553981558143,0.00829996937699191,0.011007270128956892,0.0157107373339836,0.023976681146434687,0.03689959055904002,0.05688847554129,0.08188592362394946,0.10889655094194103,0.16271138381970984
0.13962644556956288,0.09884920769762255,0.08050449103492019,0.061346517607348786,0.04365535129747299,0.030523180083137952,0.02088755988990452,0.014080215660289734,0.0103265486424955,0.008384020297439038,0.007842604233918924,0.008372693601549493,0.010961976281898806,0.015525502055795299,0.02409301482664492,0.03708586768153864,0.05717036483287459,0.08294879200788334,0.10956766001789622,0.1645485745353223
0.1403171797181758,0.09991104463066523,0.08133920325451999,0.061551449632563336,0.0441286623265512,0.03018589972406838,0.020688639209487065,0.014309915974004632,0.010187372870312138,0.008390134452924481,0.007498314380740317,0.00825415172273121,0.010760766715960398,0.015257262327684385,0.023415092949862024,0.03744057837987909,0.057851586181888195,0.08349226314924675,0.11097890567897876,0.16631141178403674
0.14077963956191278,0.10014232288613154,0.0818566060124343,0.062383166723844904,0.044296724535582435,0.030606780094723406,0.020692864494346142,0.014189263396976683,0.010050916946613631,0.008199700408626333,0.007596215139667779,0.00801854160368568,0.010472111168100647,0.01528867089446028,0.02350195821345715,0.03738891285468913,0.058174621236567345,0.0836693263043717,0.1120002989120282,0.16834068724857143
0.1422423843188388,0.10108024167351436,0.08247255819428509,0.061775471813434214,0.04429511514353045,0.03092452116906959,0.020964203978241235,0.013972740422815468,0.01003388771553334,0.00780866230676419,0.00725405373591125,0.007915056604029852,0.010154996117740003,0.014942739494694997,0.023903629403761832,0.03784354605401662,0.05845347965944769,0.08496037378353964,0.11357930789377779,0.1688511453232915
0.14285245775573302,0.10155021927890151,0.08190219640785197,0.06216030995338484,0.045073745111742884,0.03088677337712126,0.020731412183266948,0.014191495280810438,0.00993257654405594,0.007677588768939518,0.0072365430155315906,0.007764667033073904,0.01014631410147671,0.014985377636944708,0.02431066810515436,0.03791070972177927,0.05843856232655028,0.0855006774010418,0.11423650456538895,0.17047436167108837
0.14400380064701493,0.10154175055991665,0.08255774494943781,0.06246069271316426,0.045305748478610026,0.03086668325679252,0.020793837522340118,0.013960590910119221,0.009976698414134788,0.00781281813451576,0.006896590729136035,0.007596769450037329,0.009804764382507977,0.014865506866049814,0.024165780603126484,0.03832658416849536,0.05842476754971382,0.08572381965024996,0.11544804651268012,0.17265683324661218
0.14362395469802255,0.10277394344940326,0.08282827597667974,0.06267572434890843,0.04538224391302728,0.031197678375405425,0.020904343775895857,0.014146128044334266,0.009902176579583137,0.00775419901351304,0.006644033766207336,0.007331386587349767,0.009735990946839818,0.015124023094150379,0.023799591432056656,0.038750645806412964,0.059951184383524765,0.08596658425215903,0.11595687313253139,0.17353284653378598
0.14475129372507986,0.1026858581002743,0.08290246868195573,0.0630048355625937,0.045829822130475345,0.03156858863784181,0.020921301925741605,0.013954698413596126,0.009848711930548874,0.007484659106976219,0.006898735966971132,0.0071769929021859025,0.00974804173854029,0.014825665243333428,0.023990046093374424,0.03854876565902215,0.059858043718010345,0.0869270141107938,0.11613833667958035,0.1745779487034471
0.14524320946781932,0.102740167160253,0.08382531900445077,0.06329807608650209,0.0455752927338283,0.031585762565549444,0.0207837345864891,0.014129640154618156,0.009750073162271094,0.007450687499364431,0.0067433580522000165,0.00716594784970719,0.009619002529889184,0.014860697905920664,0.0241870513514399,0.03896526515249956,0.06068457287357675,0.08752241477301621,0.11649354420639552,0.175592840379698
0.1452394301242025,0.10303113880210336,0.08386384290888046,0.06382052800774064,0.04557672570092824,0.031442865475130095,0.021311564355182194,0.014059257316736818,0.009933490376224726,0.007346125848325502,0.006575229121358587,0.0070997101790017695,0.009484742574749856,0.014931885283332811,0.024091087891269646,0.038830814166414235,0.06049843786029814,0.08822359170053942,0.11840498980426913,0.17677272336789185
0.14524619925415067,0.10380961962585443,0.08409514044870789,0.064243880768096,0.045896076208218374,0.03168220802166785,0.021221325550032838,0.0143065624120394,0.009779240789076552,0.007312670057165207,0.006472769940845257,0.007022152789474463,0.009284117974879864,0.014777946461171861,0.024275713321629738,0.039146354008290446,0.06106514708425794,0.08909045486865118,0.11864408695622682,0.1773353575340623
0.14568087198949417,0.10382822177331479,0.08403388862102486,0.06439538079531892,0.04579457931113913,0.031641574648800214,0.02098334814426715,0.014191396409468307,0.009718757868896699,0.007257169376484155,0.006529984519092558,0.006898093623921224,0.009306611171772583,0.0147096849957148,0.024204867396034575,0.039072636056399726,0.06133646188433468,0.08943018743076783,0.11976870101523589,0.17953787628146578
0.14610789133802574,0.1040053876741135,0.0852411854239008,0.06465434929258528,0.04583025888632892,0.03151359969626535,0.02111565984883325,0.01404207764442932,0.00954594608032018,0.007267936220243778,0.006265657080418493,0.006784311111060891,0.00935385199489707,0.014819493707788742,0.02424227358039646,0.03932165928611057,0.062499505640221345,0.09032941875719643,0.11924748836983314,0.18041363506417638
0.14598173521135663,0.10413254669756322,0.08529888810757055,0.06448998664735821,0.04680422634251614,0.03146731198791829,0.0208235746929626,0.013931670141212934,0.009745283966558577,0.0070826565775023225,0.006168401306143456,0.0066311724928806584,0.00912449335020379,0.014782717640724767,0.023868834843735722,0.039952955358382405,0.062457179556349184,0.0905643212444707,0.12081149749369896,0.18130923612279007
0.14703737321736615,0.10455107883779953,0.08506290586248322,0.06480477958110926,0.046295418213347095,0.031789362451567466,0.020935504556497862,0.0139573793589292,0.009615384615384625,0.007024412713035469,0.006148336810541814,0.00654686102907308,0.00891316913683944,0.014411222803262251,0.023993867468682543,0.04014595243901337,0.06245427696642914,0.09124736951436493,0.12136925244533561,0.18277133515773883
0.14760778573638997,0.10507175174551109,0.08505964441492908,0.06454155908987212,0.046670822914478424,0.031866448915422604,0.02106246343518399,0.013714488363635539,0.00948708739640439,0.007097244904643479,0.006105618388685971,0.006412819313902873,0.009078239106226014,0.014383102142048803,0.024160449236176537,0.04001969700049921,0.0625944473432767,0.09114380391545647,0.1228713347654317,0.18354012925027155
0.14801686849502735,0.10475777775520821,0.08456252842354955,0.06465052716868157,0.04642447263383473,0.03217517595799352,0.021151070531028077,0.013905110765796725,0.009209512170075236,0.007152296058563514,0.006092654846983975,0.006458281846506628,0.008939805834007598,0.014582197801949782,0.02416975023387713,0.040014715358252385,0.06255719974857503,0.09174867883392067,0.12365301997745301,0.1853695033228046
0.1478125902396766,0.10501078364135145,0.08520655861969387,0.06450557681201267,0.04642380161709502,0.03193130955818655,0.021245803855039002,0.014025501732601791,0.009398462315911063,0.006958607060352295,0.005941154706901531,0.00621412972855905,0.008943879945134276,0.014614315622292812,0.02436245668495525,0.04031231952064684,0.06292751046780251,0.09221592549812302,0.12452172971412075,0.1858305659832516
0.14747124803489708,0.10514118291865995,0.08518678909511662,0.06492339199884514,0.04623771599215988,0.031914173777125195,0.0214103180027111,0.013897253028570401,0.009309569402811703,0.006781155762459937,0.005712049548787556,0.00639208229862347,0.00918213374654063,0.014325797713375783,0.024354871086992313,0.039832100703489914,0.06340656936446824,0.09322087418604709,0.12521737365262167,0.18678120087242675
0.1481875490735811,0.10461584975136053,0.08514661155383878,0.06483014900318586,0.046601851935416924,0.03180644928386415,0.02131598422425385,0.014176060214976128,0.009577809265092099,0.006820663700441323,0.0057884263061469465,0.006388590561627394,0.009069023401893452,0.014741252493163545,0.024078770430403504,0.040230183298286155,0.06393667138976382,0.09314278494264591,0.12526511015044714,0.1872219163741054
0.14789127297631818,0.10490548836558566,0.08551348143334092,0.0649063007380178,0.04657489114773558,0.03182807491427779,0.021242410805455997,0.014074352386851757,0.009460753949314733,0.006713355515613909,0.005782512103785093,0.0062789619234271295,0.00888081029636926,0.014565160731270585,0.02462729593937896,0.04040537384363861,0.06384231851092133,0.09374890696417547,0.12586244052474746,0.1887761722139293
0.14856144109604486,0.1048459391649987,0.0854633101231923,0.06475347447354327,0.046394722746877885,0.03187551095199164,0.021083077270036374,0.014136949228991063,0.009320891945987089,0.006656330166605587,0.00572717277929693,0.006303385673610915,0.00887322752515998,0.014607166013587799,0.02446480421729203,0.04102162207876413,0.06448735658106168,0.09482817917853018,0.12639246751050096,0.18871028669692433
0.14881038976270944,0.10586781156149812,0.08499535929646258,0.06451536507055788,0.04643748470485012,0.031837594547990976,0.02122656670264199,0.013960454213792646,0.009518235201907258,0.00663005980474085,0.005571099750879366,0.006154148044645483,0.00904232344181189,0.014778075128648422,0.024806054680231285,0.040955477439865405,0.06530140890180543,0.09533910968412766,0.12691732104533673,0.1891670303670047
0.14931836497765452,0.10596874454043878,0.08525425352652426,0.06417344356715753,0.046161822803072565,0.032141387841592414,0.021408806307448677,0.013769083808139045,0.0092188389380132,0.006743650001972489,0.005776567985978441,0.006123725632745535,0.008986649083357286,0.014738420094566648,0.025177946472348542,0.04127343736791383,0.06525098483439566,0.09544355588618189,0.12713408964106374,0.1901172784193056
0.1492931169361111,0.10646305969560406,0.08506832113299685,0.06493832949700946,0.04632220160652168,0.03156682079595641,0.02128201602012774,0.013805129777463156,0.009340189869850551,0.006559324746881529,0.005669943886718352,0.00633838856362173,0.008838574555816816,0.014733963527494157,0.02495338922868473,0.04179977320224452,0.06496763735805415,0.09571721972103425,0.12834025074002353,0.19006035164924354
0.14915674899489526,0.10623395974621878,0.08606085744138159,0.06428950622223775,0.046448404625228666,0.03188382601403709,0.021189759935799534,0.013766581268928489,0.009325748601532197,0.006429063333712794,0.005516100272649091,0.006213784389684195,0.008936893964412471,0.014756188142525932,0.02514255185573832,0.042167622272241086,0.06510779163252448,0.09589831620306556,0.12830737775593679,0.19135818471384244
0.1497737276052322,0.10620657007117856,0.08596209444265983,0.0648688859959085,0.04597697262752126,0.031789721653958214,0.021001910494192436,0.013657497421678193,0.009199677639328002,0.0063491526761007885,0.005542123860888974,0.006210515044437309,0.008867172750378996,0.014724894471965332,0.025227540421886706,0.04180206378458191,0.06578637406236439,0.09610856566407994,0.12851144887596438,0.1921055449416989
0.1499726839049062,0.10610585127653463,0.08658469960743671,0.06476449020281495,0.04625037313222679,0.03132733693417666,0.02073432422233612,0.013484576262594972,0.009030644716166054,0.006466874306537278,0.005453081086561045,0.00629790876987457,0.009010368851766532,0.014893748838361932,0.025466485685802946,0.04210621173634617,0.06593711102725415,0.09648157430822693,0.1288553711328013,0.19221970025513788
0.14998986372339226,0.10599617073994821,0.08632278409730824,0.06490708413109582,0.046366707962608375,0.03147201261403311,0.020828922175920712,0.013293163644554573,0.008922175920711798,0.006380222998085374,0.005615497240680264,0.006051357134812483,0.009111386417389355,0.015126703457596577,0.025786687690055182,0.042130870593535326,0.0659488681157788,0.09740286068250925,0.12886586327289112,0.19249690280436976
0.15027747172897676,0.10656131077509581,0.08616719502330852,0.06524359606965748,0.046461587683544796,0.03157860347115669,0.020665616712742974,0.013140195886253486,0.008548337310090142,0.0064044936225438175,0.005582104819649007,0.006100322421473135,0.008968544191569275,0.015510478134596889,0.025762174170682856,0.042312467188939884,0.06640507943374588,0.09680192146074278,0.12953750205597195,0.19265189971813468
0.15029409479278233,0.10655094320924259,0.08645024262961169,0.06521100161152457,0.04641889053682576,0.03151876339417935,0.02080229374793774,0.013254817963037409,0.008790748429861519,0.006279427779260545,0.005414542461026669,0.006253526265823851,0.008956292885304723,0.01521207145664481,0.02546344001378411,0.042825337085674334,0.06675045243187055,0.09695161709905305,0.12923278591047763,0.19349669305242587
0.14981711629331662,0.10681917486114802,0.08702404064883176,0.0654124568128685,0.04635381240456038,0.03156095297726568,0.020807526160027758,0.013332267262465152,0.008661075049887616,0.006120523065419214,0.005432456902959021,0.006147550214190155,0.009217383862089468,0.015058626390208961,0.02536497912152757,0.04249793917990621,0.06666584083712092,0.09780336848364185,0.129201032437083,0.19426551470952572
0.14923114342080368,0.10648010521669417,0.08675873127404081,0.06534380095307583,0.04638700465728002,0.03186115540181428,0.020659360952715547,0.013380671837418588,0.008803340269707858,0.006178553090289977,0.005443252348908649,0.006131259627597761,0.009249250060805883,0.01522624291724094,0.025417984127413088,0.0425765028060788,0.06721977497320042,0.09802358367339584,0.12960998657766493,0.1947803781675359
0.14931392013124412,0.10699307948340639,0.08662025946866836,0.06485589956574943,0.04649095330059741,0.031608800391208634,0.02085957728736482,0.013563851962690958,0.008963319684599317,0.006226436779018956,0.0055988353881551225,0.00633122480298725,0.009184163261994855,0.015117644275080956,0.025421799965296,0.04265548627276887,0.06734151656439508,0.09774018429171183,0.1305298217702191,0.1949350201576102
0.1496884586159345,0.10643852193735398,0.086422199082543,0.06510792784172459,0.04616215911969154,0.03154025835139167,0.020767174176117977,0.013803506599499055,0.008760307319956095,0.006353530520924209,0.005418062083133988,0.006290490529929926,0.009120535839923451,0.015044043565136635,0.025591984915430733,0.042794022457996767,0.06695747614893198,0.09791686601187627,0.13163538119494544,0.19599020628711333
0.15002443247966019,0.10618445733998991,0.08656641468560931,0.06479561161139512,0.0463338895381699,0.031132833874901174,0.020687667339967276,0.013759877139530845,0.008797944519130515,0.00637158536393136,0.005527144822678748,0.006197067652072483,0.009185261247385048,0.015032167555018109,0.02604142037150882,0.04304957879305807,0.06717693393772749,0.09860701088314983,0.13194552345180255,0.19553302212884588
0.14981227857993867,0.10614649703046557,0.08700499314203092,0.0649919258393411,0.046079020920747095,0.03139913830575507,0.020730435644322535,0.013566166451580933,0.008799371183917442,0.0063388354740557045,0.005524662788366906,0.006227351247384624,0.009100040764939447,0.015208025062555036,0.02621793702379906,0.043157908961304815,0.06747723582179639,0.09974234756502684,0.13227547189358776,0.19444200455396177
0.14984153994363866,0.10647435378008263,0.08644288685411772,0.06486058216063889,0.04603669790850732,0.031118043738576913,0.020684214317226245,0.013476982776472279,0.008870611961933571,0.006272002088791647,0.005452691570105072,0.006250618984595164,0.009136212624584718,0.015285543220880708,0.02640475740305577,0.043387443841215824,0.06834377729159354,0.09955185515310307,0.13232990303324962,0.19511632408682889
0.15016496263435924,0.1070934495594805,0.0860676082275325,0.06497310281714083,0.04598692230715807,0.030929227596655947,0.020432628719820184,0.01350431064079344,0.008729343087384609,0.006470182342525687,0.005512262166205339,0.006332854185638402,0.009067035276451713,0.015044187022939434,0.026086721605433686,0.04393150251636963,0.0686955963812905,0.09978579058806841,0.13208379719107632,0.19558568770451498
0.15011465191857626,0.1067236567939564,0.08618199542743159,0.06481520046918923,0.04625476027786626,0.031453011850179145,0.02038631561528738,0.013123338898013254,0.00882656547429422,0.0061226488476834925,0.00544160406870785,0.006285874455867735,0.009010053571770298,0.015389360617150396,0.02634123607938843,0.043860409459880866,0.0688879608168485,0.10014622763105607,0.13243000154220058,0.195591557746406
0.15063093524289115,0.10676318008020778,0.08573425644638989,0.06441268601362159,0.046201050602008235,0.031117359245331433,0.020356961560842976,0.013269281203183561,0.008765897193179538,0.006182726410135493,0.005404961263693907,0.006150085036406394,0.009183481663989712,0.015336943394230142,0.026281933674979722,0.044122132764848186,0.06928300408692512,0.1000626939488521,0.13242267652511197,0.19670254591459435
0.15018114595928547,0.10649783728161721,0.08628469524922494,0.06498062447508202,0.04611960361796552,0.03127329059684723,0.02024691691603789,0.013400748001089802,0.00845272754702027,0.006248353474422278,0.005280140143250539,0.006134644699482339,0.009064052941004288,0.015483532492563897,0.026507654514463533,0.04386006390207985,0.06891652424924065,0.10070769639531922,0.1322984708984344,0.1970843268778272
0.14928532126505395,0.10670277848728676,0.08639044199473174,0.0651734346324662,0.04594580301354419,0.031145882678590912,0.020469866245987216,0.013204368975190192,0.008711395364799528,0.006190919309884656,0.005238989514144486,0.0060727719948105215,0.009174982924899938,0.015723719817580546,0.026719296607146666,0.04411845787373089,0.06952575667729241,0.10134001559544561,0.13258716740124293,0.196206683537353
0.14989346866695705,0.10636137814289943,0.08669275643211764,0.06481472102071985,0.04604427156316864,0.031115253058344058,0.020136841832766626,0.013299252310992708,0.008664323314998465,0.006053095711621426,0.005215702031917756,0.006022706424857987,0.009216958122437311,0.015495159661936061,0.026996941937328277,0.0446643728382806,0.06966350055319756,0.10129537148652012,0.13261884743565072,0.19624500968517827
0.1492255804348634,0.10665641834749229,0.08592833003789103,0.06477147786239269,0.04621534299421226,0.031317768042124654,0.02046250229293011,0.013405341655028524,0.008708070326276924,0.005980186833010538,0.005189055605384195,0.006084845729410613,0.00931689250856121,0.015891271785649575,0.026756665815140895,0.04471860823924349,0.07002805533642208,0.10112637730544978,0.13290554478331673,0.1964908884865086
0.14964846355347053,0.10586471442373556,0.08628979740118342,0.06441929283306543,0.04615244455891765,0.030962875816699407,0.020727772110354672,0.013398987961943413,0.008662721840249153,0.006008343296625678,0.00517378868672372,0.006026339083362109,0.009272329115945726,0.015825044961348428,0.02704541799151274,0.04472627846005554,0.07014420248859238,0.10044460840605697,0.13323293183983298,0.19769833887641056
0.14977045638671366,0.10640584211000093,0.08587069043118195,0.0649540912773427,0.04596835898820775,0.030845485642272026,0.0206139166441624,0.013320280853362142,0.00880479791160321,0.006058151048699252,0.0051647312989468,0.006007516428121346,0.009160365469439194,0.01588464308218561,0.026847601044198414,0.04489828067332793,0.07009744351426775,0.10000562606895314,0.13349423890539203,0.1982311639211451
0.1500748945230778,0.1061757877429571,0.08584003970366307,0.06466137659622116,0.04615325748973365,0.03090425992844787,0.020398769726632165,0.013311080675637507,0.008766766863646953,0.006334804964758497,0.005191411494480535,0.006200883879164917,0.009309203529664646,0.01572166021632195,0.02693389362614408,0.04478028501558099,0.0698584150270712,0.1003654132478339,0.13368700504060957,0.1980681602056308
0.14955092853123236,0.1070579628587507,0.08589082723691611,0.0648036015756894,0.04584580754079909,0.031008441193021943,0.020136184580754075,0.013288688801350592,0.008975801913337083,0.0060664040517726505,0.005215531795160383,0.00617445132245357,0.009316826111423754,0.015821046707934733,0.02661564434440066,0.044790095666854234,0.0692751828925155,0.10090939786156437,0.13372537985368602,0.1992290377039955
0.15006899374839044,0.10590512263118654,0.08612129179688509,0.06449537848722071,0.046095920990631,0.03096228004376914,0.020409104250847087,0.013132990932410866,0.008718965464889662,0.006245986610601983,0.0052361025673321624,0.006085169886562359,0.009182297564919914,0.015490136761690983,0.026706822115335954,0.044997194141772896,0.06997664221427759,0.10079272523619259,0.1337489077395578,0.1999075584984891
0.14993571435802658,0.10645657316470956,0.08582555025247446,0.06438462948860575,0.04562087106763659,0.031284554235597034,0.020273318027763748,0.013195710690989097,0.008653533573078095,0.006219340585668633,0.00526996032625385,0.0061450999492688955,0.009140597142185446,0.015484796979980894,0.026886358957976437,0.045088813173438505,0.06972095644436849,0.10122485801478293,0.13391773462572035,0.19999190102148368
0.15036592058151457,0.10592917288904077,0.085402085319995,0.06443193472354666,0.045669227585958726,0.030994170460065855,0.02031455225894672,0.013218796667806188,0.00859587254178737,0.006266980334298924,0.005356114719588334,0.006150029687471889,0.00916150884326814,0.01576359776174454,0.02727424027060579,0.04491242195793377,0.07005793555119737,0.10112632469098048,0.13419187103042515,0.19992263264902227
0.1499324527253441,0.10575619764523783,0.08563824581808695,0.06459679170130271,0.045820786562985445,0.03104812448045964,0.020643257027222518,0.013124756048040117,0.008650100617880399,0.0063002878492520314,0.005386909214438131,0.006244045322477774,0.009145034853493845,0.015589303571287964,0.02716963983410705,0.04507501065795881,0.0698442194493407,0.10079673163428414,0.13428128237460443,0.20068458403589626
0.14983526054490046,0.1057888364263241,0.08581867857351835,0.06485940882841441,0.04581309723678821,0.031146334547124017,0.020291984930390822,0.01335244791127475,0.00860268534313968,0.006141720942165648,0.005413671574342056,0.0062790038214152275,0.008893004874667486,0.01572901709959535,0.027277657999090786,0.04491400690465367,0.0696733117581661,0.10083540007831875,0.13472289113242622,0.2007300748529272
0.1495914788039526,0.10622789381375759,0.08566111990417936,0.06540616845617486,0.045936964582822065,0.03105504060446278,0.020400168406643503,0.013228251790446299,0.00864209760831046,0.00622294067718383,0.005332501806769133,0.006051832322818426,0.009177936928560008,0.015615888761558262,0.027099285622620532,0.04477185177513662,0.06955779747525123,0.10138057424864295,0.13436733811686244,0.2011592591008255
0.15015059291740582,0.10638748075382001,0.08635907294189685,0.0649609223759916,0.045852054276478676,0.030646446547392875,0.020405452859239514,0.013118916631400756,0.008628141291722569,0.006050728878724305,0.005249367464726594,0.006104753243712911,0.009092975932145394,0.01581113081999982,0.02700880597149314,0.044733299718172886,0.06990865380286508,0.10129343333843567,0.13459945435391363,0.20095713166638154
0.1502220062890535,0.10678457517398365,0.08603699654956791,0.06436382939480231,0.04613097246402237,0.030850326823848032,0.020339329977371996,0.0130425883189153,0.008600213234004074,0.006091114799969412,0.0052431272521154685,0.00633066565897855,0.00945607334529963,0.01576312131395333,0.026839818076305384,0.044684670094605715,0.07023338776648627,0.10180124251544152,0.13475916703780183,0.2001992883202649
0.15029071600356692,0.10683419054396093,0.08566326484655781,0.06466798475936553,0.04618578801826717,0.031005953935812777,0.020021347697241003,0.013179050432808799,0.008495167493852403,0.006013610282924543,0.005217575369981717,0.006269197164449328,0.009483737017987917,0.01566060764373666,0.02747953053081004,0.0447018077986651,0.07027963681892287,0.10146686603194044,0.13512777092209444,0.1998655635521847
0.15044724731932904,0.106154573174162,0.08596374765124834,0.06443399304656995,0.04586113392666269,0.031283684192760786,0.02018632492095817,0.013205891287959773,0.00859727488551594,0.006045433576740891,0.005179067700304916,0.006193953441272771,0.0094591401599964,0.015959134534243958,0.026997985980624903,0.044983516545337915,0.07023301866624661,0.10207252720051309,0.1350394365246352,0.20015977136942079
0.15026007568292374,0.1060865809046854,0.08540876428053978,0.06452284211426235,0.04589233406676477,0.03089636119022872,0.020485459609526503,0.013036406096030023,0.008546950860094583,0.006307285268827364,0.005186890025782588,0.00607668183024887,0.009384997502733493,0.015983630530545398,0.027088592216627735,0.044742691558339286,0.07000445458349644,0.1028918796092565,0.1348332680894336,0.20100745580288248
0.14994514860508684,0.10588738305401316,0.08554904839862054,0.06416544305862631,0.04544058328129482,0.03135361991077508,0.020508233335021067,0.013465876806579917,0.008805477263393584,0.006136605289362204,0.005265733911663938,0.006027465077945237,0.009405185847777534,0.01589509037822146,0.026962132847265598,0.045018649474270506,0.070639595393608,0.1014193853268299,0.13514371065467248,0.2019960281964299
0.14985800167586144,0.1053284519652005,0.08534183636169367,0.06488283029372567,0.045490076988398305,0.030870716852529827,0.020643463296948023,0.013462003497938916,0.008771841029361314,0.006063469033117944,0.005350384379621975,0.006228805695679316,0.009330836412306899,0.015711481900134407,0.02751899403325853,0.045067175048785546,0.07053352004004071,0.10145260067821778,0.13569078669883422,0.20100326736737922
0.14887107767822397,0.10569038936966162,0.0855155565653407,0.06453427033398647,0.045836248338166075,0.03127959526610715,0.021061144241562614,0.01324968113033952,0.008677528855735946,0.006100702075633405,0.005338114316179233,0.006266041899585864,0.009579586942877902,0.015617302418910375,0.027452034579643174,0.04517826332447771,0.07028067278686459,0.10230935868393999,0.13490942302025247,0.20122081527155092
0.1486119927785806,0.10626831804859602,0.08573296956108717,0.06434559263811412,0.04591724181399893,0.031361849835897286,0.020686169901448326,0.01344336543353278,0.008450501312371404,0.006148786450384258,0.00530013461373961,0.006345754714857496,0.009382442586564736,0.015783348415474723,0.02688110320236633,0.04506183677971521,0.07040658751919034,0.10227942930977825,0.13582931518073801,0.20107983630248918
0.1485194610660599,0.10597737161184254,0.0856273411925055,0.06468804154572964,0.04593151207158496,0.030882655580008484,0.020727882443038238,0.013092122797409466,0.008630994886627524,0.006226686473909654,0.005177472372382166,0.006190700566890491,0.009437304115775659,0.015877656912611598,0.026713913163757246,0.04517693258377689,0.07032208511341745,0.1024889877501723,0.13592101993056965,0.20190905236736661
0.14957016367778597,0.10625445451844887,0.08617848344754594,0.06490635769204268,0.045919237533278284,0.031227656813168313,0.020297355696192516,0.013131722722533903,0.008648684060419931,0.0059627012086922795,0.005254496310444497,0.0061806972937988565,0.009503725699931204,0.015697977154462084,0.026871123651219818,0.04491284109892617,0.07036755495365041,0.10161441349452244,0.13584431690983212,0.20129397054454973
0.14297913461003692,0.10023451548914555,0.07965995254073893,0.05978522830499992,0.04203435234793571,0.029294738695982633,0.01876934984520125,0.012392011642349982,0.007956609999814618,0.005655484696242193,0.00486990415453922,0.0058802673291188535,0.009024906842661428,0.0153095511762852,0.026552158840214304,0.04501793626369552,0.07212857566600542,0.10600239150182605,0.14213562040006683,0.21336390686120027
0.06548501936692395,0.048583704337344706,0.04282337388169879,0.03837933096912385,0.03559465662735341,0.03520926227286606,0.03484788359032009,0.03035695293728821,0.023188846664509054,0.016075633356167254,0.01182485942254887,0.01139600813788196,0.014658708711627793,0.02231856445749169,0.035683857694564114,0.05736657864732298,0.08724321814578437,0.12262859534622018,0.16126866789642158,0.2407296647297837
0.03677851248515434,0.027903571269968324,0.02706663493520292,0.027399132091327404,0.02817913398155097,0.029339457961314173,0.02892155913837689,0.02558178462155105,0.01953420792231409,0.01359025191214332,0.010554507329171042,0.009973775994844015,0.012860352333116597,0.02003181496760999,0.03399897290262047,0.060926687793141227,0.10193770688553784,0.14741010905223503,0.1915604934166703,0.2798510139455227
0.022896062846938067,0.017147006700592663,0.01594506583927,0.015017431557093891,0.014868327151001788,0.01464182503793057,0.014451745375202461,0.013123464139252137,0.010256334376305375,0.007572455066647393,0.005981249267282735,0.00619636936462173,0.008324806306547276,0.014174024191336234,0.0272633422833917,0.05360246488932697,0.10155375896760566,0.17366451963909904,0.241993036482775,0.35140949191819976
0.01523607424637332,0.011608546059806914,0.010214745565879573,0.009426102931539657,0.008173619903881327,0.007769041673837004,0.007241380489300323,0.006132494241883076,0.0050452614772005895,0.003901045863216086,0.003302725945544909,0.003514702144948411,0.004894826755043267,0.00855540499420484,0.0164304347677436,0.03390251602072807,0.0745176116892338,0.16716716602636936,0.2899355751905791,0.4387143757471875
0.010976342595073758,0.007947756896703113,0.00697623768924385,0.00584165833311478,0.005065127135603328,0.004498407597918759,0.003984140975190912,0.0033330406612716184,0.0028016698271448406,0.0021870584975432674,0.0019897899260756012,0.0020354011564727493,0.002990956433293005,0.005367301536984434,0.010871436765160319,0.02270413021094053,0.053536181678652935,0.13711648081990743,0.30062818067064484,0.5287174007984247
0.00802803877022137,0.00576415923646867,0.004869110545363213,0.004170424577306406,0.0034112314911008876,0.0028506844154213215,0.0023152535019921685,0.001952210793099906,0.0015743267156051281,0.0012809242747708152,0.0011770346945532172,0.001314031943191808,0.001908828331031019,0.003591611201808366,0.007371593620494796,0.01611201808363683,0.03974518511753222,0.10701425913029575,0.2848846369002089,0.6125375315379085
0.006112081463977076,0.004456773633800245,0.003688482482276791,0.0031359521444798335,0.0023950591915248235,0.001962395972464811,0.0014338390584152426,0.001195246412548375,0.0009509458086464149,0.0007888398004497873,0.000762583193488362,0.0008744591709761754,0.0013231046725344481,0.0024098998824160643,0.005239905476214941,0.012128269232964594,0.03110152174161216,0.08719476694407341,0.2590773656632077,0.6762252131922327
0.004694283367959861,0.00334995939616211,0.00287482025234914,0.0023448573611731366,0.0018742868629737534,0.0013283337121501987,0.001057641459545214,0.0007606794946621088,0.0006304730946749013,0.0005653698946812972,0.0005379580209997798,0.0005882131227492287,0.0009525626104327307,0.0016949675226404942,0.00373829427331694,0.009332600827153287,0.025580988951872736,0.07441524191549605,0.2383268249169362,0.7184983318732707
0.0038521673588291605,0.0027015496738582176,0.002165128506610333,0.0017762517542344674,0.0013210372029238962,0.0011060112339631239,0.0007651721980572181,0.0005375649224019315,0.0004128956106108449,0.000328257729211392,0.0002939450745899921,0.00040717683484061155,0.000597040190412358,0.0012444056076027698,0.0028628191505787963,0.0074744399316949445,0.021051957365382873,0.06696800802458615,0.22320496206736026,0.7433104620427695
0.0031897762585101678,0.00225375807301399,0.0017486054014763707,0.0013177398875178139,0.0010103053430752372,0.0007463002138327262,0.0005474392073903152,0.000372578667242678,0.00028914847488465507,0.00018171781623185817,0.00019886100644241078,0.0002880055955372847,0.00046172325633755175,0.000908589081159292,0.0022377577621508077,0.0062709789790201635,0.01886893802508163,0.06131547698640998,0.2149458903772989,0.754460372372949
0.002527314436797699,0.0018228684218350825,0.0013459950643035707,0.0010418024669333488,0.0008268092026265775,0.0005878007332642609,0.00039567909281991117,0.00028475171708716154,0.00020127028998931913,0.00016353211061632175,0.00013951690556077793,0.00018983447805810775,0.000356797332253793,0.0007844966984810954,0.0018537451140493526,0.005486902564595186,0.01698789862381439,0.05784348032925989,0.2068818429039642,0.7597232990945121
0.0018948728651232475,0.0012910751144985801,0.0010966705356989714,0.0008119250055748375,0.0006095155323540682,0.00043683852412618017,0.0003156215514628945,0.00019783524783724903,0.0001635285574608475,0.00011892985997152539,0.00008805383863276397,0.00017038989553612777,0.0002698792976276924,0.0006495400044598704,0.0015563801867427517,0.0048749807024866644,0.016008645285974853,0.05627783844979501,0.20245750258729625,0.7592013402480369
0.0015455809189347388,0.0010460107550482889,0.0008550995024875632,0.0006470405326309635,0.00042869293239683996,0.00029036801287679256,0.00023663849868305525,0.00015432945566286213,0.00009488403570383375,0.00009602721685689199,0.00010288630377524142,0.00012117720222417322,0.00020920215100965754,0.0005155747000292662,0.0014655582382206624,0.004429826968100674,0.015359781972490494,0.05431596612525607,0.2004968265291191,0.7542423452589994
0.001141920115836376,0.0008941234506998824,0.0006931455103126804,0.0005275670935164057,0.0003654144370676404,0.00024779666513649373,0.0001587268961012564,0.0001278950529736742,0.0000924955293827465,0.0000616636862551643,0.00006508944660267342,0.00007194096729769173,0.00014959153517456536,0.0004305038836703137,0.0012595378877675225,0.004250226671142992,0.014804994301818626,0.053244309241102725,0.19918398388522332,0.748468114164605
0.0009522949393469295,0.000664205713998278,0.0005796080843324048,0.0004458523725633885,0.000265225001114631,0.0001920594835657673,0.0001074618538998936,0.00008574084087757469,0.00007087909512546169,0.00005258771573824577,0.00006059019422015272,0.0000708790951254617,0.0001326125005573155,0.00037154364380282377,0.0011775075480520251,0.003972658960660959,0.014374737775928313,0.0529581161708369,0.1968369632194657,0.7415873944958955
0.0008253500031963758,0.0005913296011835722,0.0004532004858491858,0.0002910985488451948,0.00028082448241536443,0.000148403181764217,0.0000913250349318259,0.00005707814683239117,0.00006621065032557375,0.00003082219928949124,0.000033105325162786876,0.000060502835642334644,0.00012671348596790842,0.0003493182586142339,0.0012066320240367487,0.0038767477328560088,0.014268395145161145,0.05214317025726263,0.19519356341153812,0.735439364743057
0.0005973722474331842,0.0004180463528882323,0.0003346655229405796,0.0002821241780420585,0.0001827525039948557,0.0001450598000459166,0.00013477997169620588,0.00005711015749839232,0.0000342660944990354,0.0000171330472495177,0.000025128469299292628,0.00004226151654881032,0.00012450014334649528,0.0003049682410414155,0.001168473822417108,0.004023981697336725,0.013765832363412491,0.051371728872953853,0.19424763649613194,0.7294771793521652
0.000486399093881876,0.0003391092274246882,0.0002683187489723964,0.00019296114287802125,0.0001895357971464587,0.0001278795739783336,0.00008449186137854185,0.00006165622316812513,0.00003196989349458339,0.000019410292478854204,0.000019410292478854204,0.00004452949451031259,0.0000867754251995835,0.00031741537112479234,0.0010595736129633338,0.003860364639470942,0.01352326494820877,0.051094740495807346,0.19414631250114173,0.7231943860867026
0.00039731424702670764,0.0002831434863868491,0.0002409003049501014,0.00016783101814059201,0.00013357978994863454,0.00008905319329908975,0.00007078587159671236,0.000047951719468740636,0.000022834152127971724,0.000007991953244790101,0.000012558783670384449,0.000029684397766363245,0.00009247831611828551,0.00028771031681244335,0.0011200151618770123,0.0038361375574992498,0.013749584703858177,0.05092586778340895,0.1929657110954571,0.7174718940129993
0.0003047792120030501,0.0002146010930957807,0.00020090315098328406,0.00014382839218121473,0.00009931008031560064,0.0000684897105624832,0.000054791768449986536,0.00003766934080936574,0.00002054691316874495,0.000012556446936455247,0.000010273456584372474,0.00001940541799270356,0.00005479176844998656,0.00030706220235513263,0.0010501755619580742,0.0037326892256553342,0.01371278154978517,0.050470067713493834,0.19125979973608628,0.7126662587723901
0.0002305733400146335,0.00019861267902250608,0.00016436911367379811,0.00014268152228628307,0.00008560891337176982,0.000038809374061869,0.000046799539309900825,0.00002625340010067608,0.000006848713069741587,0.000009131617426322115,0.00001826323485264423,0.0000159803304960637,0.00008446746119347953,0.00027394852278966354,0.0009839317776862077,0.0038010357537065797,0.013737376965723334,0.04975133464295946,0.18963744054460974,0.7088372369095409
0.0002099454826349985,0.0001494720555716564,0.00012094685412668377,0.0001220878621844827,0.0000627554431789397,0.00003993528202296163,0.000021679153098179178,0.00001597411280918466,0.00001369209669358685,0.000005705040288994521,0.000009128064462391233,0.000022820161155978077,0.00006960149152573312,0.00028525201444972635,0.0009858309619382533,0.003659212841361086,0.01310675955993601,0.050003537124979174,0.18962070610142648,0.7050243148817115
0.00016212266520527926,0.00013586336027766356,0.00011873772662921861,0.00008220304151253597,0.00006393569895419467,0.00003539297620678632,0.000018267342558341322,0.000019409051468237655,0.000009133671279170663,0.000004566835639585331,0.000014842215828652325,0.000022834178197926655,0.00008106133260263967,0.0002774352651048088,0.0010503721971046262,0.0036694524364068158,0.013684522994017444,0.049811618029867076,0.18866054710690958,0.7026841576471662
0.0001552628394376745,0.00012215532220464096,0.00009703927464854654,0.00008105633529466831,0.000051373733637465845,0.00002397440903081739,0.000012558023778047203,0.000012558023778047203,0,0.000006849831151662112,0.000011416385252770185,0.000022832770505540377,0.0000673566729913441,0.0002934011009961935,0.0010103500948701613,0.0035527790906620823,0.013128843040685713,0.04952998741914345,0.18837720650185977,0.7003267369459345
0.00013355828963199548,0.0001073032412427998,0.00008789733591165517,0.000049085525249365894,0.000038811810662289316,0.0000376702868192808,0.000015981333802119126,0.00000913219074406807,0.0000034245715290255268,0.000004566095372034035,0.000005707619215042544,0.000025113524546187202,0.00007990666901059562,0.00028652248459513544,0.0010513434594108364,0.0035295917225823085,0.013301035818735141,0.04960834316946381,0.18760944359844853,0.6972028099750919
0.00012786891609401573,0.00008105975930959922,0.00007078457855204436,0.00005251759053861356,0.00003767566277770103,0.000017125301262591377,0.000015983614511751952,0.000009133494006715401,0.000005708433754197125,0.0000022833735016788503,0.000007991807255875976,0.0000228337350167885,0.00007078457855204437,0.00026144626594222856,0.000996692533482819,0.003644264108679448,0.013186481972195362,0.04890415197220677,0.1873918965357799,0.6956685546359902
0.0001300403467286298,0.00011064836519892186,0.00007528651652710146,0.000058175944589123836,0.00005019101101806762,0.000025095505509033805,0.000012547752754516903,0.000004562819183460693,0.000007984933571056212,0.0000034221143875955197,0.000010266343162786559,0.000017110571937977593,0.00007642722132296665,0.00025893998866139453,0.0009365186374053087,0.003566983896670398,0.012894527012459916,0.04903547705985622,0.18702311410127875,0.6928207462262636
0.0001221427723441367,0.00006849127421166541,0.00004908541318502688,0.000052509976895610156,0.000039953243290138166,0.000033104115868971624,0.000011415212368610903,0.0000057076061843054526,0.0000034245637105832716,0.000003424563710583271,0.000006849127421166542,0.000011415212368610905,0.00005935910431677667,0.0002751066180835231,0.0009577363177264554,0.003416573061925245,0.012874076509319383,0.048940439987945526,0.18727683259819372,0.6908920303553325
0.00012431611878234073,0.00009694376235320148,0.00005360419800706436,0.00005246368315585021,0.00003421544553642404,0.000019388752470640293,0.000005702574256070676,0.000007983603958498947,0.0000022810297024282702,0.0000022810297024282702,0.0000022810297024282702,0.000012545663363355484,0.00005588522770949263,0.00025091326726710955,0.0009603135047223006,0.003469446177393399,0.012927735838512224,0.049380871513018405,0.18610693239142004,0.689843829301423
0.0001334731188561011,0.0000809965080237879,0.000054758202607631254,0.00004449103961870039,0.00003764626429274648,0.00003308308074211054,0.00001711193831488476,0.000005703979438294921,0.0000034223876629769525,0.0000022815917753179684,0.0000011407958876589842,0.000005703979438294921,0.00006730695737188009,0.0001996392803403222,0.0009765212798360908,0.0036197453515419585,0.013136264646393203,0.04887854060263683,0.1852390138504029,0.6899339593260635
0.00011062110901653275,0.00009465517575641465,0.00006044246162759005,0.00004675737597606023,0.000027370171303059635,0.00002737017130305964,0.00002166805228158888,0.000007982966630059063,0.0000011404238042941518,0.0000034212714128824553,0.000005702119021470758,0.000012544661847235668,0.000054740342606119304,0.00023948899890177214,0.0009499730289770287,0.0035535605741805762,0.012960916535803035,0.048192029121862254,0.18580240789082048,0.6891843346824545
0.00011749755308493819,0.00008213421186519951,0.00004791162358803305,0.000045630117702888616,0.000023955811794016524,0.000020533552966299877,0.000015970541196011015,0.000011407529425722154,0.0000045630117702888614,0.0000045630117702888614,0.000005703764712861077,0.000005703764712861077,0.00005817840007118299,0.00025895091796389243,0.0009616547305883772,0.003352672898219742,0.013244141663263416,0.04842382165924796,0.18448484737866386,0.6876926446531768
0.00011524404924229886,0.00008329520390780019,0.0000867182944793536,0.00004564120762071245,0.000030807815143980904,0.000007987211333624676,0.000020538543429320602,0.000005705150952589055,0.000005705150952589055,0.0000034230905715534328,0.000002282060381035622,0.000009128241524142487,0.00007759005295521112,0.00028297548724841683,0.0008991317901280346,0.003350064639360294,0.012990628719045282,0.048389949349669815,0.18484460880350428,0.6861687743396006
0.00009122516537412005,0.00006499793032906056,0.00006043667206035456,0.000034209437015295036,0.000028507864179412536,0.000013683774806118013,0.000014824089373294517,0.000007982201970235508,0.000007982201970235508,0.0000022806291343530025,0,0.000013683774806118015,0.000060436672060354574,0.00025200951934600693,0.0009076903954724948,0.003515589810605153,0.012794329443720345,0.04838696802900048,0.18467280383966722,0.684577587573308
0.00010264317582547922,0.0000912383785115371,0.00005588350683831648,0.00003991679059879749,0.000025090554090672696,0.000020528635165095843,0.000011404797313942133,0.0000068428783883652805,0.000003421439194182641,0.000003421439194182641,0.000004561918925576854,0.000017107195970913204,0.00006956926361504708,0.00023836026386139043,0.0009602839338339266,0.0036723447350893684,0.013096128755599753,0.04858557703712487,0.1837461109641159,0.6843551271406804
0.00008781103066201534,0.00007298579171907769,0.00006728377674102474,0.000046756522820034144,0.00004219491083759179,0.000026229268899043544,0.0000102636269604953,0.000005702014978052944,0.000007982820969274122,0.000006842417973663533,0.0000022808059912211777,0.000022808059912211777,0.00005359894079369768,0.00020527253920990594,0.0009761849642426643,0.0034679655096518038,0.013017700194894871,0.04894495616861086,0.18384664772837428,0.6831276236396423
0.00011290659203426881,0.00007070917884974411,0.000036495060051480826,0.00003421411879826328,0.00003535458942487206,0.000020528471278957974,0.00001596658877252287,0.000009123765012870212,0.000002280941253217553,0,0.000002280941253217553,0.000009123765012870212,0.00006500682571670022,0.00023835836096123446,0.0009089550894071952,0.003452204586744766,0.012970572436421617,0.048663881637396475,0.18381763418492272,0.6832787618138504
0.00011526364561792716,0.00006504978020021636,0.00006390855598617748,0.00003309550220712763,0.000027389381136933214,0.000013694690568466607,0.00001483591478250549,0.000011412242140388839,0.0000011412242140388838,0.0000022824484280777677,0.0000022824484280777677,0.00001483591478250549,0.00005477876227386643,0.00022824484280777646,0.0008718952995257072,0.003413401624190302,0.01297914298626422,0.04867435395297243,0.18352026585959297,0.6818027234174644
0.0001197096869078646,0.00008322673470737253,0.00005244424378820735,0.00004902396701941122,0.000021661752869042165,0.000011400922562653771,0.000009120738050123017,0.000006840553537592263,0.000002280184512530754,0.000002280184512530754,0.000004560369025061508,0.000018241476100246033,0.00007296590440098413,0.00024055946607199458,0.0008550691921990323,0.0033963348314145583,0.012926366001536845,0.04849040384347906,0.1827191656348832,0.6814491028614035
0.00011060672922218389,0.00006613598242151197,0.000050172124595629766,0.000055873502390587694,0.000025086062297814883,0.000009122204471932685,0.0000022805511179831717,0.0000045611022359663435,0.0000045611022359663435,0.0000034208266769747576,0.0000011402755589915859,0.000011402755589915856,0.00008438039136537738,0.00020867042729546035,0.000885994109336463,0.003409423921384847,0.012950109523467437,0.048002180206868784,0.18287625387551157,0.6819372369526819
0.00011735484459028354,0.00006836204539239818,0.0000638045756995716,0.0000569683711603318,0.00003759912496581899,0.00001936924619451281,0.0000022787348464132715,0.00000797557196244645,0.0000022787348464132715,0.000003418102269619907,0.0000022787348464132715,0.000014811776501686261,0.00007064078023881143,0.0002461033634126332,0.0008898459575243826,0.003488743049858718,0.013027527116944677,0.04855756084222041,0.18347347552638782,0.68022286026798
0.0001197084585996847,0.0000843659612988254,0.00005472386678842728,0.0000421829806494127,0.00003078217506849034,0.000025081772278029174,0.000012540886139014582,0.0000022801611161844696,0.0000022801611161844696,0.0000022801611161844696,0.0000034202416742767046,0.000017101208371383524,0.000052443705672242794,0.00023371651440890826,0.000941706540984186,0.0035479306967830353,0.013153109398710111,0.04887639360597217,0.18371942161433139,0.6799166829128143
0.00011053866517154578,0.00008774718781658788,0.00006837443206487367,0.00004444338084216789,0.00002962892056144526,0.00003076849442919315,0.000014814460280722627,0.000005697869338739472,0.000007977017074235262,0.000005697869338739472,0.000010256164809731051,0.000019372755751714208,0.00008204931847784841,0.00023475221675606591,0.0009572420489082311,0.003703615070180657,0.013017352291284201,0.04898344313127547,0.18425427995455385,0.6796578087589927
0.00011170904581096771,0.00006155396401828833,0.00006269385224084924,0.00005015508179267939,0.00003647642312194865,0.00002051798800609612,0.000011398882225608956,0.000012538770448169853,0.000005699441112804478,0.000003419664667682687,0.000005699441112804478,0.000020517988006096116,0.00005927418757316655,0.00024849563251827517,0.0009358482307224961,0.0037445328111125427,0.013302495557285647,0.048811153578280114,0.18386966974018523,0.6793448834407301
0.00011740300004559341,0.00007864861168102859,0.00007066976701773584,0.000043313728172160675,0.000041034058268362744,0.000019377194182282407,0.000014817854374686546,0.000010258514567090684,0.000007978844663292755,0.000003419504855696895,0.000005699174759494826,0.000010258514567090686,0.00006497059225824101,0.00023024666028359064,0.0009346646605571507,0.0036748278849222625,0.01305794920895454,0.04823781516436421,0.1835863766926549,0.6817728992841844
0.00010599377713953561,0.00008661857056564198,0.000058125619721680816,0.00004786815741785481,0.00003761069511402879,0.000023934078708927415,0.000017095770506376724,0.0000034191541012753442,0.000002279436067516896,0.000004558872135033792,0.000001139718033758448,0.000017095770506376724,0.00006154477382295618,0.00025643655759565066,0.0009151935811080339,0.0034704414127944743,0.013163743289910079,0.04857820175288633,0.18394707149451223,0.6786496620736032
0.00011515181227290303,0.00008208842063018828,0.00009234947320896184,0.000045604678127882345,0.00003762385945550294,0.000021662222110744114,0.000014821520391561763,0.000004560467812788236,0.000001140116953197059,0.000001140116953197059,0.000001140116953197059,0.000012541286485167648,0.00007524771891100589,0.00026108678228212656,0.0008927115743532969,0.0035754067652259765,0.012952868705271786,0.0485324984636924,0.183532606774803,0.6800706416464202
0.00013343034593812933,0.00009351528518740685,0.00008097055180860837,0.00005017893351519396,0.000046757642593703454,0.00002965118798625098,0.000012544733378798486,0.000011404303071634988,0.000001140430307163499,0,0.000002280860614326998,0.00001254473337879849,0.00006956624873697342,0.0002497542372688061,0.0009408550034098872,0.0035775298735718957,0.013097842077772783,0.04867470594004529,0.1836594583868385,0.6789323747636461
0.0001231215414816993,0.00008550107047340232,0.00007182089919765793,0.00006270078501382838,0.00003420042818936093,0.000018240228367659162,0.000017100214094680463,0.000003420042818936093,0.000006840085637872186,0.0000011400142729786976,0.0000045600570919147906,0.000023940299732552652,0.00008094101338148755,0.00023826298305254772,0.000937091732388488,0.0035112439607743904,0.01289584145593503,0.048703689770195936,0.18351151756419998,0.6789754007720177
0.000111682184412358,0.00010484449965241772,0.00007521453235934312,0.00005242224982620882,0.000031909195546388,0.000019373440153164142,0.000015954597773193995,0.000007977298886596998,0.000002279228253313428,0.000002279228253313428,0.000002279228253313428,0.000014814983646537285,0.00007065607585271626,0.0002541339502444474,0.0009265062849719084,0.003515709580735963,0.013114679369565459,0.04830824282897812,0.1828772977469829,0.6790641488791894
0.00013794235605544143,0.00010716183032406193,0.00006726114882042185,0.00005130087621896582,0.00003306056467444464,0.000014820253129923459,0.000022800389430651475,0.000011400194715325738,0.000004560077886130295,0.0000022800389430651475,0.0000011400194715325738,0.000010260175243793164,0.00006042103199122641,0.00023826406955030792,0.0008892151877954074,0.003431458609313048,0.013034982637503445,0.048307185086721265,0.183756318557921,0.6778498776759107
0.00014365309828950193,0.00009006821241960833,0.00007752706891814392,0.00004104374236842914,0.000026222390957607516,0.00001482135141082164,0.000021661975138893165,0.000007980727682750113,0.000006840623728071526,0.000003420311864035763,0,0.0000091208316374287,0.00007296665309942956,0.00023828172652782455,0.0009155034756069045,0.00347845716572437,0.012920798118372434,0.048384871732604605,0.18369354917781405,0.6789455862585552
0.00012882117227266759,0.00011172101666125154,0.000053580487582437016,0.00003876035271920976,0.000035340321596926536,0.000014820134863227255,0.000006840062244566425,0.000009120082992755233,0.000004560041496377617,0.0000022800207481888084,0.0000011400103740944042,0.000020520186733699277,0.00006384058094928665,0.00023142210594116405,0.000941648569001977,0.0035032518795921033,0.013097579187970615,0.04826803923915707,0.18263878201291633,0.6790665595056915
0.00015042632187130326,0.00010256340127588867,0.00005697966737549375,0.000043304547205375254,0.00002165227360268762,0.000010256340127588872,0.000007977153432569122,0.0000011395933475098746,0.0000022791866950197493,0.0000045583733900394985,0,0.000023931460297707368,0.0000809111276732011,0.00024159378967209325,0.0009401645116956471,0.0034221988225721553,0.013011876841867753,0.04844069442260221,0.18333777774738869,0.6787315414367538
0.00012081906205654561,0.00008776479036183029,0.00006610854338943064,0.00004559209888926251,0.000041032889000336246,0.000015957234611241872,0.0000011398024722315622,0.0000011398024722315622,0.0000011398024722315622,0.0000011398024722315622,0.000004559209888926249,0.000018236839555704996,0.000060409531028272824,0.00022796049444631227,0.000916401187674176,0.003393191959833361,0.013236526110025128,0.04840513139072997,0.18424565022881534,0.6785962192751994
0.00011401767501998151,0.00008779360976538574,0.00007867219576378728,0.00006384989801118969,0.00004674724675819246,0.000019383004753396872,0.000007981237251398712,0.000001140176750199816,0,0.000004560707000799264,0.00000570088375099908,0.000014822297752597607,0.00005244813050919154,0.00022119428953876405,0.0008539923858996623,0.0034079883063472508,0.013162200404306672,0.049107412631106066,0.18438254298181314,0.67982810695314
0.00010823879529081488,0.00009798459363168506,0.00006152520995477895,0.00006152520995477895,0.00004101680663651931,0.00002164775905816297,0.000013672268878839773,0.0000022787114798066288,0.000005696778699516572,0.0000011393557399033144,0.000005696778699516572,0.00001822969183845303,0.00006950070013410216,0.00019938725448308018,0.0009365504182005237,0.003561626042937759,0.013141329104044823,0.048647072026651805,0.18409823980931744,0.6793636470321491
0.00011852810882703899,0.00009003577497438539,0.0000672419078922625,0.00006154344112173177,0.0000387495740396089,0.000022793867082122885,0.000009117546832849153,0.000006838160124636865,0.0000011396933541061441,0.0000034190800623184326,0.000012536626895167586,0.00001595570695748602,0.00006610221453815634,0.00025187223125745783,0.0009630408842196923,0.0036333424128903876,0.013146362839614376,0.04884839685034342,0.18442745794816448,0.6784788284864074
0.00013337786862165947,0.00009917841512892632,0.00007409881590092193,0.00004673925310673537,0.000042179325974370933,0.000026219581011095437,0.000011399817830911063,0.000004559927132364425,0.0000011399817830911062,0.000006839890698546637,0.0000022799635661822124,0.000020519672095639906,0.00007181885233473972,0.00026675573724331894,0.0009119854264728845,0.0035225437097515175,0.013191869193930282,0.04870800164613372,0.1839976197180369,0.6795990000079797
0.00015386456499068271,0.00010371611417890455,0.00007636241373611655,0.00005242792584867703,0.00003647160059038402,0.000022794750368990012,0.000012537112702944512,0.0000022794750368990022,0.0000022794750368990022,0,0.000005698687592247506,0.00002393448788743952,0.000043310025701081024,0.000238205141355946,0.0009528205654237833,0.0037292211603667685,0.013222094951532664,0.049082796232027784,0.1840254389414119,0.6789484781654785
0.00013336600990556093,0.00009688983625617673,0.0000820713907111144,0.000060413662606792574,0.00003761605407592744,0.0000205178476777786,0.000013678565118519067,0.000006839282559259533,0.000005699402132716278,0.0000045595217061730225,0.000009119043412346045,0.0000205178476777786,0.00007295234729876839,0.00023253560701482425,0.0009996751340784348,0.003652176886644591,0.013281886730082022,0.04921661717685814,0.18402001630029008,0.6789332998968407
0.00014476332905502597,0.00009460910481548938,0.00006611238649757099,0.000052433961704970085,0.00003191632451606874,0.00003533593071421896,0.00001823789972346785,0.0000045594749308669616,0.000006839212396300442,0.0000034196061981502214,0.0000045594749308669616,0.000011398687327167403,0.00006383264903213748,0.00028040770824831794,0.0009677485540765123,0.003586027033126866,0.013280610604882741,0.04873622753603694,0.18389502264919177,0.6804776961885072
0.00013675774732638607,0.0000934511273396972,0.00006609957787441991,0.000046725563669848573,0.00003191014104282341,0.000029630845254050315,0.000018234366310184807,0.000009117183155092403,0.000004558591577546202,0.000005698239471932752,0.000006837887366319303,0.000015955070521411704,0.0000774960568182854,0.000283772325702251,0.0009846557807499795,0.003657130093086441,0.013159514236481493,0.04884872769709067,0.18460130558062776,0.6793349926606679
0.0001298409903450695,0.00009567230867531435,0.00007061527545082727,0.000051253022504632705,0.000034168681669755136,0.000029612857447121118,0.000021640165057511586,0.000015945384779219064,0.0000034168681669755136,0,0.000005694780278292523,0.000028473901391462614,0.00007744901178477834,0.00027562736546935776,0.0009897528123672397,0.0037027461369457965,0.013320091070926209,0.04936349440829526,0.1840142961764106,0.6784032291682092
0.000151520329926974,0.00009683630108114879,0.00008088679266778311,0.00005582327944677989,0.00004557002403818767,0.000028481265023867293,0.000014810257812410996,0.00001025325540859223,0.000003417751802864076,0.000002278501201909384,0.000009114004807637535,0.00001708875901432038,0.00009227929867733002,0.00026658464062339786,0.000996844275835357,0.003626234662838786,0.013403283320231945,0.04882258450391333,0.18443214053795412,0.6792405755494039
0.00015826568139638164,0.00010133558017466156,0.00008425654980814561,0.00006148450931945759,0.000033019458708597585,0.000020494836439819192,0.000017079030366515997,0.000007970214171040796,0.000005693010122171997,0.0000011386020244343995,0.000007970214171040796,0.000014801826317647197,0.00008539515183257999,0.0002800960980108625,0.0009848907511357558,0.0035638243364796694,0.013208922085463464,0.048699147187083694,0.1843464993680759,0.6789882382410874
0.00014365964976689505,0.00009235263199300396,0.00007296998083397841,0.0000684093570318548,0.00004218577016964379,0.00001596218330743279,0.000005700779752654568,0.000005700779752654568,0.000003420467851592741,0.0000022803119010618273,0.000004560623802123655,0.000023943274961149187,0.00006612904513079299,0.0002861791435832595,0.0010010569245661421,0.0035641275013596377,0.013205286219049046,0.04879639437082206,0.18347845618323677,0.6800049710799441
0.0001401190442286332,0.00009569105459516415,0.00007062911172500215,0.00005581978184717913,0.000028479480534275064,0.000014809329877823029,0.000005695896106855011,0.0000022783584427420046,0.000005695896106855011,0.0000011391792213710023,0.000003417537664113007,0.000017087688320565033,0.000044427989633469106,0.0002620112209153306,0.0009557713667302704,0.0035747443966622026,0.013214478967903622,0.0486030814797938,0.18434198160225532,0.6779802352405094
0.00011616147812064388,0.00007744098541376262,0.00006491376718506575,0.0000501088729147876,0.000027332112498975052,0.000019360246353440663,0.000011388380207906271,0.000004555352083162508,0.000002277676041581254,0.000001138838020790627,0.000004555352083162508,0.000011388380207906271,0.00006377492916427513,0.000252822040615519,0.0009122092546532921,0.003686418673299259,0.013305044596896895,0.04880945873306546,0.1835613287050956,0.6782213172256083
0.00012870350016571996,0.000087700615157172,0.00007972783196106546,0.000051253606260684937,0.000033030101812441406,0.00001025072125213699,0.000006833814168091326,0.0000034169070840456633,0,0,0.000002277938056030442,0.000013667628336182651,0.00006150432751282193,0.0002141261772668615,0.0010011537756253804,0.0037289845977218333,0.013147119490379696,0.04890505212491759,0.18412573306894073,0.6786410277145332
0.0001503507614924363,0.0000763144016666154,0.0000763144016666154,0.0000353096485323146,0.0000307535648507256,0.00000911216736317796,0.00000911216736317796,0.00000683412552238347,0.00000455608368158898,0.00000455608368158898,0.00000455608368158898,0.00001366825104476694,0.00005467300417906779,0.00022324810039785984,0.0009647507195764663,0.0035708305854453633,0.013303764350239822,0.04896195328419594,0.18390973487010032,0.6792072870002404
0.00015038656182140908,0.00010025770788093943,0.0000740539887756939,0.0000512681460754804,0.000021646550565202823,0.000019367966295181474,0.0000034178764050320252,0.000009114337080085401,0.000004557168540042701,0.0000068357528100640505,0.0000011392921350106752,0.000015950089890149453,0.00006721823596562985,0.0002814051573476366,0.0009570053934089657,0.003624088281468959,0.01317591354139845,0.04860903823236548,0.1848398952762669,0.6780314854774433
0.0001298952861684308,0.00008317856044118815,0.00006038991374497227,0.0000535533197361075,0.00003760126704875632,0.00001937034969178356,0.000014812620352540367,0.000004557729339243189,0.0000068365940088647836,0.000003418297004432392,0.000004557729339243189,0.000021649214361405155,0.00008659685744562056,0.00025295397832799684,0.0009685174845891766,0.0037111311144787666,0.013228809407153356,0.048660597290429895,0.18387817189476205,0.6775281154928615
0.00010478133161127496,0.00007516921615591464,0.0000683356510508315,0.0000626410134632622,0.00003758460807795732,0.00001708391276270787,0.000015944985245194008,0.0000034167825525415737,0.000004555710070055431,0.0000034167825525415737,0.00001025034765762472,0.000020500695315249445,0.00007403028863840079,0.0002767593867558673,0.000977199810026889,0.0036354566359042347,0.01317055781253025,0.04826433140968476,0.1836737018219424,0.6787814386704616
0.00010474160700949047,0.00008083319671384591,0.00006717124797347759,0.00005237080350474524,0.0000296008889374647,0.00001821593165382443,0.000013661948740368324,0.000010246461555276242,0.0000056924786418201355,0.000006830974370184163,0.0000056924786418201355,0.000031877880394192756,0.00009677213691094229,0.00025388454742517844,0.0010235076597992605,0.0035509681767674013,0.013256644261070722,0.04871395522523999,0.18376459551523755,0.6779833142066054
0.0001310044165575913,0.00008999433833086709,0.0000717676368967674,0.00003531423402856807,0.00003531423402856807,0.000021644207952993334,0.000015948363754837196,0.000011391688396312281,0.000014809194915205966,0.0000034175065188936846,0.000009113350717049826,0.00001708753259446842,0.00008088098761381724,0.0002597304954359203,0.0010195561114699505,0.0035815468318005817,0.013264481968666017,0.04897286841574651,0.1839472883794525,0.677953551529733
0.00016973209668122498,0.00010024445978488457,0.00007860076960405719,0.00005581793783476522,0.000029617681300079508,0.000015947982238504354,0.000005695707942322983,0.0000045565663538583865,0.00001025227429618137,0.000006834849530787579,0.000012530557473110562,0.0000330351060654733,0.00007290506166173422,0.00024149801675449475,0.0009397918104832925,0.0035677914550711156,0.012979379258965614,0.04867552007509221,0.1845352416233223,0.6777630448799008
0.00015027784323971697,0.00008880054373256002,0.00005920036248837335,0.0000489541459038472,0.000027323244225403104,0.000009107748075134367,0.000004553874037567184,0.000004553874037567184,0.000005692342546958979,0.000006830811056350775,0.00001138468509391796,0.000023907838697227716,0.00006603117354472413,0.0002641246941788964,0.0008834515632880324,0.0035827603990559757,0.013271127413980165,0.048507866248165665,0.18435675959985104,0.6780889212213947
0.00014003194549911134,0.0000944931014343597,0.00006830826609712754,0.00004895425736960806,0.00003756954635342016,0.00001707706652428188,0.00000569235550809396,0.000010246239914569129,0.000006830826609712752,0.000006830826609712752,0.00001138471101618792,0.00002504636423561342,0.0000808314482149342,0.0002527405845593716,0.0009312693611241708,0.003615784218741285,0.013089002255311247,0.048792594473178214,0.18496626140890357,0.6775849840215576
0.00013437202146763857,0.00009679340529448544,0.0000671860107338193,0.0000671860107338193,0.00003985610806243517,0.0000227749188928201,0.00001594244322497407,0.0000034162378339230143,0.000005693729723205023,0.000003416237833923014,0.000015942443224974064,0.00002505241078210211,0.00006149228101061426,0.0002755765186031229,0.0009554078475538029,0.0037157280173635986,0.013054583509364477,0.04886358848454554,0.18376626556238673,0.6779603693636346
0.00013561299924672108,0.00008319116760513138,0.00007863274746238443,0.00005584064674864984,0.00003190894099922849,0.000022792100713734635,0.00001253565539255405,0.000007977235249807122,0.0000022792100713734635,0.000005698025178433659,0.000011396050356867318,0.000017094075535300978,0.00006609709206983041,0.0002518527128867678,0.0009356157342988063,0.0037880471386226933,0.012986938986686004,0.04864290134325245,0.18449863646257483,0.6786040294154849
0.00011844225655276086,0.00008313735315722639,0.00007744301389988211,0.000044415846207285335,0.000021638489177908245,0.000021638489177908242,0.000017083017772032824,0.000004555471405875419,0.000004555471405875419,0.000004555471405875419,0.000004555471405875419,0.000014805282069095113,0.00006149886397931814,0.0002323290416996465,0.0010158701235102184,0.003673987688838526,0.013090147084783017,0.04881301498180658,0.18476992022230695,0.6778609784013718
0.00014456970023984911,0.00008196077493912704,0.00007740739855361998,0.00004098038746956351,0.000025043570120288816,0.000019351849638404996,0.000020490193734781766,0.000013660129156521176,0.000002276688192753529,0.0000034150322891302936,0.000011383440963767646,0.000010245096867390883,0.00006260892530072208,0.0002447439807210044,0.0009960510843296695,0.0035687087421411557,0.013046561688574107,0.048699498787094356,0.18416358460002583,0.6790848624140404
0.00013789095218830658,0.00008888838240237949,0.00008091121987908903,0.00006609648947869244,0.00004216500190882105,0.00001823351433894964,0.000012535541108027874,0.00001025635181565917,0.000011395946461843523,0.0000022791892923687044,0.0000034187839385530568,0.000023931487569871394,0.00008319040917145771,0.0002541296060991106,0.0010062620725807831,0.0034301798850149006,0.01318624965099914,0.04882821180506093,0.1843590634811198,0.6773841744491484
0.000133237675515015,0.00009338025121565148,0.00006263309532757107,0.00005580039401910875,0.000037579857196542637,0.000020498103925386898,0.000011387835514103834,0.00000341635065423115,0.00000341635065423115,0.000005693917757051917,0.0000022775671028207668,0.000019359320373976516,0.00005807796112192953,0.00023117306093630794,0.0009873253390728024,0.0036429685809618176,0.013216721897668909,0.04883217746802864,0.1836015168596905,0.6770387072529125
0.000137868799037425,0.00011963821404074075,0.00006608587061298061,0.00005810998967693122,0.00002962470061961202,0.000018230584996684313,0.000009115292498342157,0.0000011394115622927696,0.0000034182346868783088,0.0000011394115622927696,0.0000056970578114638475,0.000014812350309806001,0.00008317704404737216,0.0002597858362027516,0.0008773469029654323,0.0035549640743534425,0.013244520000091145,0.04877137251237969,0.1844205978264585,0.676760333893164
0.00010933542285474797,0.00009908522696211534,0.00006264008601053265,0.00004327860488000437,0.000034167319642108714,0.000014805838511580443,0.000012528017202106528,0.000005694553273684785,0.0000034167319642108716,0.0000079723745831587,0.0000079723745831587,0.000026194945058950012,0.00007858483517685007,0.00026992182517265905,0.0009623795032527292,0.0035477066895056196,0.013074694316380269,0.04851645498113966,0.18435888441423554,0.6782600178581194
0.00010250791304139844,0.00007517246956369216,0.00008997916811411639,0.000047837026085985907,0.00003530828115870389,0.000018223628985137488,0.000015945675361995306,0.000013667721738853115,0.0000022779536231421864,0.0000022779536231421864,0.0000022779536231421864,0.000018223628985137495,0.00007972837680997652,0.00022665638550264748,0.0009350999622998671,0.003578665141956374,0.012951305324374902,0.048679868926548506,0.1843274512774195,0.6790203888239043
0.0001343444843050349,0.00008424993083536083,0.00006147967925823627,0.00004098645283882418,0.00002732430189254946,0.000021631738998268327,0.000010246613209706049,0.00001480066352513096,0.000006831075473137366,0.000002277025157712455,0.00000455405031542491,0.000017077688682843415,0.00007172629246794232,0.00024250317929637663,0.0009950599939203436,0.003540774120242868,0.013056462254323211,0.04886951393482473,0.18543751330636568,0.6782199128127064
0.00012080556799700953,0.00009345336392221493,0.00006382180950785408,0.000054704408149589216,0.000030771229584143926,0.000013676102037397299,0.000010257076528047974,0.000007977726188481757,0.000007977726188481759,0.0000034190255093493248,0.0000011396751697831083,0.000014815777207180408,0.00007293921086611896,0.0002632649642198982,0.0010553392072191585,0.003518177249120456,0.012970643107301557,0.049182681951990055,0.18451227031271544,0.6790321422588134
0.00012644068337202495,0.00007745915738106035,0.0000683463153362297,0.00006265078905821057,0.00003303405241251103,0.000017086578834057422,0.000017086578834057422,0.000007973736789226799,0.000009112842044830627,0.0000068346315336229695,0.0000022782105112076567,0.00001822568408966125,0.0000808764731478718,0.00027908078762293797,0.0009762132040524813,0.0037169004490352937,0.0133913213848786,0.04929022351523327,0.1839620814642515,0.679429581652204
0.00012758095125268542,0.00008657278835003655,0.000055816666173049926,0.00006265135999015807,0.00005809489744541931,0.000028477890904617306,0.000017086734542770374,0.000004556462544738767,0.000004556462544738767,0.0000034173469085540754,0.0000022782312723693834,0.00002050408145132445,0.00006492959126252747,0.00029958741231657414,0.0010069782223872674,0.003642891804518644,0.013085021312853554,0.04923485602717474,0.18498668373821292,0.6789562055602512
0.00010936930368209999,0.00007519139628144369,0.00006721655122129056,0.00005354538826102807,0.00004898833394094057,0.00004215275246080933,0.000015949690120306234,0.00000911410864017499,0.000007974845060153117,0.000004557054320087495,0.000004557054320087495,0.00002392453518045935,0.00006265949690120306,0.00026658767772511863,0.00096039919795844,0.00359323733138899,0.01329976303317535,0.04889947138169889,0.18503349434925256,0.6797644002916512
0.00010596418866183178,0.00011052178817416864,0.00006038819353846334,0.000047854794879536954,0.000036460796098694826,0.00004899419475762118,0.000025066797317852692,0.000009115199024673705,0.0000022787997561684262,0.0000045575995123368524,0.0000056969993904210655,0.000017090998171263195,0.00005241239439187384,0.0002449709737881058,0.0009912778939332651,0.0035856914163310194,0.013376554568708666,0.049197007935920134,0.18558545214235653,0.6787644347722053
0.00009794854740026337,0.00005011321029780917,0.00007289194225135878,0.00005580789328619657,0.000039862780918711836,0.000021639795355872133,0.000021639795355872137,0.000005694682988387403,0.000004555746390709922,0.000002277873195354961,0.000007972556183742363,0.000010250429379097326,0.00006491938606761643,0.0002585386076727882,0.000996569522967796,0.0037106554352332277,0.013249249440782136,0.04935809533354894,0.1856159141332921,0.6788244352013412
0.00011281986997225087,0.00007977162523290468,0.00007293405735579853,0.00005470054301684892,0.00003646702867789926,0.000030769055446977504,0.000019373108985133986,0.0000034187839385530568,0.000006837567877106113,0.000004558378584737409,0.0000022791892923687044,0.000012535541108027876,0.00006609648947869244,0.0002621067686224011,0.0010404499119663134,0.003626190164158608,0.013223856274323225,0.04937407764058326,0.18469866268568275,0.6798445592902609
0.0000933899291489331,0.00009452883072392006,0.0000466949645744665,0.0000489727677244405,0.00002961144094966168,0.000026194736224700718,0.000020500228349765783,0.000007972311024908915,0.000003416704724960964,0.000002277803149973976,0.0000056945078749349396,0.00001594462204981783,0.000051250570874414485,0.0002721974764218901,0.0010227336143383155,0.0035317337840346497,0.013402593734446874,0.048954545299240704,0.18475489129753925,0.6806075812122242
