0.0625106358840547,0.05808610811730672,0.055817119518974445,0.0586533552668898,0.06273753474388791,0.06438255147767882,0.06279425945884622,0.06296443360372114,0.0608656191502638,0.06069544500538884,0.061943388734471624,0.061716489874638375,0.05967440013613932,0.06018492257076408,0.06024164728572238,0.05967440013613932,0.05916387770151457,0.056951613818140574,0.05916387770151456,0.06302115831867945
0.0678587230941412,0.05419952630072095,0.05017047968558861,0.044574581609015895,0.04043101428906066,0.03762525702090002,0.03550662398167669,0.03286223679758466,0.030972645168007087,0.028270997631503602,0.026527159626246057,0.02416386871762838,0.021764139402930684,0.021144686499570547,0.020327425106061787,0.019010437000598627,0.017115639884438198,0.016829338122380993,0.015970432836209365,0.01791728481819838
0.06885430813461645,0.054971946804269416,0.04944233941935882,0.04473277345788456,0.04083028383805316,0.037112546633778574,0.03535253678031642,0.032934549025836174,0.029741897634196705,0.02697061140084467,0.025525004780873904,0.022951436044872153,0.022147600973677645,0.021411832581898795,0.021285423034412564,0.019486517935570033,0.019016533720557102,0.018442828851196517,0.01812842561770512,0.021826715199289515
0.06919390825648424,0.05376195955765167,0.04851623150354128,0.044418512936041016,0.04031269077216468,0.03569634203659584,0.03392165443023614,0.031152925668411647,0.028678627574917744,0.02640691939082565,0.024937467247964643,0.022965592129787202,0.022355121202789797,0.02239293798587813,0.021841893432305255,0.02160418793860715,0.02101802780073797,0.02157987714947893,0.022630643479576242,0.028554372430484642
0.06827987738194662,0.05197627087007607,0.0475683385062326,0.042746414666306125,0.03833369627383742,0.03527303096799822,0.03204964068890096,0.029931823022233506,0.027612992153306065,0.025863698690781867,0.02396125231225008,0.022822177499443617,0.022690561712249615,0.023037548787579302,0.02313805538870928,0.023927750111873418,0.024403959960084515,0.02592831007722258,0.027234895891912334,0.036074690762725445
0.06734049328645338,0.05107137560090385,0.046318673169369814,0.04162922377616276,0.03742616843629768,0.03400396094888283,0.03069299156335337,0.02736021078529737,0.025791971662638826,0.023957633551156425,0.02329238607909684,0.02235231506120276,0.02278418063322836,0.023717708233364457,0.024998036974672604,0.026230380652422378,0.028071262181662726,0.029720203456669494,0.03245971435800347,0.04377546480077474
0.06703323835119643,0.050638700903409654,0.04570475666224137,0.040038208723245795,0.036452093384710046,0.03240253537544929,0.028484522229058055,0.02570791373895023,0.024295324288443488,0.023085111550043714,0.0220185862772399,0.022127869701777672,0.022809879221578223,0.02429127675420133,0.026112667163164197,0.02808381633908623,0.030838163390862282,0.03431499530486028,0.03773313797234725,0.05150892076546968
0.0673742193730621,0.05036364224683513,0.04497515127174859,0.03959046707234207,0.034544585908458464,0.030515113851143652,0.026757826254951173,0.02457273701461232,0.022317222424192828,0.02164151974098698,0.020927749300980816,0.021369335279864628,0.022926306532998084,0.02429674577780993,0.027014783613353407,0.02926839481593287,0.03360431231549035,0.038008751777288394,0.043058439716852026,0.05894030785394923
0.06775150233797668,0.05046261320753008,0.04554389435715154,0.03895842731437951,0.03391651403238927,0.02920251534042425,0.02570053245358015,0.022928657742317116,0.020986533761615155,0.02059702195578407,0.019691180546874586,0.020790872017290702,0.022504723962947466,0.02533094915874508,0.027499533491674413,0.030354745612557132,0.03558507390760056,0.04133716685417583,0.04734289539524577,0.06574415777583323
0.06888968275405379,0.05129782432538403,0.04566912668054961,0.03854176650489246,0.03313438297798185,0.028091209298678206,0.02458852129059241,0.02148663837795921,0.019695213864371043,0.019360628741210608,0.018989448370204495,0.020141327361918284,0.02197980290845089,0.024637314954386643,0.028246303444309874,0.032006900818165186,0.036779966715750775,0.04356577124484835,0.051848495673918915,0.07208566773257585
0.07101069195077668,0.05272571001368068,0.04618712524348048,0.039000954426555795,0.03229284451323398,0.027635988831683573,0.023803025345704148,0.020124329739965394,0.01839178277726261,0.01787473109074171,0.018317191714289104,0.019266532515770072,0.021639884519472522,0.024708289609973507,0.028032677666588124,0.03244880764490586,0.037954984293495496,0.04623289703212332,0.05499565168007893,0.07764590605255617
0.07364170325532371,0.05444990665112793,0.046882247421892,0.03914335161519317,0.032021239985569584,0.02711190393461756,0.022508466235638153,0.019895030315524177,0.017683917227895942,0.017434543571396514,0.017511018159389664,0.018460300545130814,0.020764513131185505,0.02454668025476013,0.028234085388864964,0.03297883482652738,0.03920486378379637,0.047613743480957,0.05765186440058057,0.08204559547935435
0.07672590623410298,0.056339946503880925,0.04816783997111866,0.039240880224486796,0.03180065311212852,0.026364068987019797,0.021987561331823623,0.0190797354731781,0.01699732519404651,0.0163852376967131,0.01663138548384449,0.017853919493263752,0.020415497464677797,0.023462807069364447,0.027945978765650904,0.03342851047769079,0.040752227637473555,0.04944944944944946,0.06040630794729155,0.08603357455816468
0.08023410152640964,0.05786823168113264,0.04906502531003162,0.040030840501255736,0.03216618735929834,0.025877718063164485,0.021531419573958658,0.018089515530860016,0.01656375655523312,0.015643096021965727,0.01614897133264799,0.017186747693468844,0.01909150649992843,0.02273673663252957,0.02713508660064803,0.033672427030333,0.04195023878615951,0.05131950499043555,0.06271389904615664,0.09057282652543362
0.08279419083382349,0.060197064393327324,0.050571674174804966,0.04014968879466912,0.03256506873662914,0.025526593028742058,0.020595135760497926,0.017500856380194024,0.015587735342972186,0.014728123525571835,0.015064212356435134,0.01629546086180932,0.01871594676869979,0.0220412872202222,0.02704222439100057,0.03350547113837164,0.04221631194214101,0.05298731264663491,0.06591542195306391,0.0945605315374125
0.08544515950631258,0.06190063551726412,0.05201338235696039,0.04128691844061138,0.03229514495677743,0.025366029327361324,0.02019089633174869,0.016718300099837147,0.01478104155379389,0.01368942449755873,0.014039899487631284,0.015863012509384853,0.017546257071797532,0.021433635631409636,0.026669860597768852,0.033357823711079995,0.04299749362151595,0.05496187378720381,0.06755325049476457,0.09785647566851496
0.08817204301075267,0.06304184093713444,0.05311924106212844,0.042270403666490396,0.032745220582343804,0.025021232953543894,0.019835584827652516,0.016183516818101693,0.014214060221463714,0.013063474512443315,0.01306828197362306,0.014869477428969767,0.017276412992965083,0.0207201576847267,0.026171818662564305,0.033733955098312576,0.043287982949537666,0.05663670015864621,0.0701632934314055,0.10112654840312164
0.09156435023000213,0.06490105191796351,0.0542155864214803,0.04292093906742411,0.032974166532092376,0.024942879207711835,0.018916615635028115,0.015263123392103657,0.013226121590140525,0.01232593947514426,0.012576967169734695,0.01370419344162167,0.01604338781860131,0.02009021007980122,0.026030132916765928,0.033791205716396266,0.04399220375134509,0.057406995838056744,0.07221123420883901,0.10531011513696997
0.0937815024181097,0.06676279556445953,0.05591639337986653,0.04344781604501895,0.032746564242602125,0.02497384103002539,0.018922186634680413,0.015009506552502966,0.012672744905381086,0.011602460219224928,0.011835338854364712,0.012644033840774819,0.015181772940140626,0.019536284405425756,0.02524978626207459,0.03339734837367771,0.04374768716424003,0.0584844386029834,0.07456582490078732,0.10894094453022317
0.0953423357733958,0.06840824930029961,0.056585780559951344,0.044277740453348556,0.032867609365000015,0.02461289613867282,0.01845330395493898,0.01467539952175201,0.012381273820857604,0.011402170902016477,0.011239783100842823,0.011994408765120371,0.014747041198740382,0.01869051750763381,0.024858069877699705,0.03327676294246697,0.044659829397286535,0.0595326415400732,0.07599112280020248,0.11200618984089185
0.09785867067420463,0.0698249882715902,0.057334828208614616,0.0446124853891844,0.03382870955686491,0.02440304382051956,0.018326534831389203,0.014404872657299842,0.011960592543116821,0.010759921439533087,0.010915770139071107,0.01134514920922688,0.014244253079204534,0.018269284288701764,0.024403043820519547,0.03269165016737832,0.044957578938161456,0.06021484856436311,0.07820424131103744,0.11488593624515957
0.09909859878998668,0.0711870538413083,0.05851253726748975,0.0455508289686009,0.033940984480539976,0.02457155278694976,0.01837868370988241,0.014246930935943551,0.011476562140514497,0.010164365695027771,0.010316688377937963,0.01110527560092092,0.013575759114370532,0.017526628702353542,0.023567175096510695,0.03262402795121232,0.045241423518939596,0.06144950899735181,0.08013283807305457,0.1179215569916905
0.10120933595942873,0.07256967240411422,0.05938844962051651,0.04623577135209026,0.03406787885707762,0.024914604325445535,0.018101980037869052,0.013834575019743287,0.011049898984132422,0.009636945483147637,0.009648046127936514,0.010670891254912033,0.01277208473280748,0.017307491032264814,0.023585698563576563,0.03201584537753294,0.045071789455656076,0.06303739014326175,0.0817340475805352,0.12022791209557969
0.10337674439243005,0.07329063012066139,0.06066032563048514,0.046473815492962214,0.035028889642516416,0.024747156200576204,0.017647562208607626,0.013414746237056711,0.01080944879893252,0.009338818614881889,0.009075753301786622,0.010205666363454838,0.012292756829397393,0.016646012341883492,0.0228137846224062,0.03227938170143038,0.0458415079030525,0.06389793065851904,0.08323323117102101,0.12277860359860673
0.10467008869621944,0.07454314005516201,0.06144453557190221,0.047280373151106565,0.035149162278299034,0.02513481762018005,0.017775659680110956,0.01342951326326723,0.01042125162683623,0.008896537965845145,0.00875720795321045,0.009547272456673117,0.011702137765716585,0.01589470450954253,0.02230863497753302,0.032022153472008916,0.04636206170419606,0.06420580309502624,0.08480606212218612,0.1259495815349734
0.1070516520267866,0.075913378293973,0.06199191973497997,0.04782378380942592,0.034923822550422604,0.025331868027608888,0.01777183924858279,0.01310394446596722,0.01037942457760454,0.008549900775610566,0.008527763063226888,0.00935318348210403,0.011271258133632722,0.01526237142337584,0.021913172729500885,0.03200480704611759,0.046693179212688056,0.06526830116776432,0.08595915592065212,0.12801132185861908
0.10875832885969625,0.07628603909432534,0.06295038999589478,0.048234755423627124,0.035762781444405846,0.025201313670382412,0.017526131303881018,0.013041967979284426,0.01016989294849528,0.008283070704518898,0.008240439574320274,0.00891937979600215,0.010853569962421447,0.014890895885306468,0.021778191808507277,0.032017557709918834,0.04689740107998862,0.06618719802949444,0.08656961505668363,0.13039757476237096
0.1094731823147897,0.07845585959948721,0.06394342804094803,0.048909988822017435,0.035381156573853614,0.025013104132064392,0.01776478240825529,0.01306939822036413,0.009812310937371721,0.008460848642538224,0.007881424971739279,0.00861399331847146,0.010492778518064762,0.014512431558539166,0.02132500142092998,0.03187777476049435,0.04720487284255465,0.06710105022513843,0.08828395864777984,0.13145339033893916
0.11268418256596836,0.07856459375399026,0.06361875095569214,0.04846324703597502,0.03600496250534006,0.025465156055659514,0.017698236166701083,0.01264272326150732,0.009724807955141978,0.008153137744203974,0.007443758010079498,0.00814998494538564,0.010126789804479184,0.014294789842312769,0.02131292001191759,0.03134670225125599,0.04770972811839391,0.06740210953768934,0.08996984347930266,0.13488776824406443
0.11299926965964247,0.07979954286687774,0.06509966858637338,0.04934135288058542,0.035832422379647635,0.025708611548842106,0.01792252082574205,0.012409476442185591,0.009484960194084402,0.007792400359018283,0.0071693238120927325,0.008030589114931593,0.009964492523870142,0.013890663473990894,0.021304485677915173,0.03177217166626443,0.04800844229285859,0.0683302021765089,0.09129412210091947,0.13575339418977173
0.11411411884413165,0.08068428463872025,0.06555863924319796,0.0498801352062273,0.03613899905809268,0.025362193289461668,0.017923015615500207,0.012429081309597686,0.009420648246445796,0.00755573476646054,0.007045403712815924,0.007640789942067974,0.0096143850353294,0.013662381355905513,0.02064478123493815,0.03194924411150418,0.04786716271685132,0.06960506046792948,0.09256365749855881,0.13785711360536287
0.11538449418941743,0.08160496861529151,0.06548721923920439,0.050711827875671175,0.03647054374952736,0.025819909753207793,0.01762711437142353,0.012546005697143866,0.009298822758325142,0.007211235473543571,0.0066566462476997145,0.007589364491164385,0.009754153117043533,0.013681968287579718,0.020619060223348213,0.03209212483299301,0.04824611157326881,0.06996332148529079,0.09315365902846048,0.13820615594040686
0.11721509062024205,0.08202663106201474,0.06633360782084728,0.05101846414001699,0.03663699787285297,0.02578713099667308,0.017607613013542252,0.012515685937999411,0.00923285725757058,0.007108859228842287,0.006507400928639018,0.007453674327649918,0.009385583579873503,0.013296637029362814,0.020624351503567017,0.03198907928070626,0.04915583280718852,0.07051862395158104,0.09437699469236667,0.14006735703163006
0.11795669828349299,0.08300283196880107,0.06768373933286502,0.05097071322141965,0.03720621080054308,0.02564050061900097,0.017557261527121074,0.012324892029220623,0.009044029397033205,0.00710354799383834,0.006349091344381896,0.007342958037089656,0.009075530718513641,0.01332190885407643,0.02062391517324153,0.032539290023216476,0.0496901845032399,0.0712134624047479,0.0945244403002706,0.14134012921842073
0.11922225754966741,0.0835885828692671,0.06794936772617523,0.051521581046580826,0.037484692897819395,0.025612047987962093,0.01747291941459975,0.012242533754324554,0.008756134645835365,0.0068500266005169005,0.006418751947818916,0.006854748585765418,0.009014269839421024,0.013232576661430512,0.02054693181138502,0.032331432996603314,0.04954779121270025,0.071890651413605,0.09580908069243194,0.1427046901905479
0.11942427712207765,0.08450877016382714,0.06872687923094345,0.05210980949744571,0.03768056219644162,0.025637315348415835,0.0175481918614893,0.012172219845484054,0.008774882351460856,0.006870171376802478,0.006115207489241766,0.0067113143921282425,0.008748144047109748,0.012839104612829354,0.020657699373379967,0.03244771875078641,0.050071407001031784,0.0724167652313964,0.09621857462818029,0.1447014117824697
0.12072141804205856,0.08537105297520439,0.06887106949406657,0.0519179972216847,0.03720677053097914,0.02578358402673224,0.017733391857302206,0.012437916609637258,0.00879275435508002,0.006632716471822753,0.006044330333193317,0.006423477550866298,0.008660603457633835,0.013081365622202608,0.020766569598686047,0.033324051306012716,0.04995775890956631,0.0727034455200059,0.09737318626826318,0.14529676529214003
0.12110209077354067,0.08519269776876266,0.0693881655335817,0.05246652201306284,0.03784823312588477,0.025757978075709037,0.01760667941420004,0.012211236159839618,0.008745205927131664,0.0066618169477251615,0.005844801661683396,0.006342866749520397,0.008393260880836747,0.012814570524916613,0.02077889838058143,0.03281259083403121,0.05062195288649931,0.07369320761772483,0.09738507972969362,0.14719001733015122
0.1219002875414421,0.08622000848482944,0.0695394623132159,0.052308973492764324,0.037752777210376634,0.025929010260358567,0.017475606115362256,0.011949468126895332,0.008678094998664428,0.006637022139119779,0.005838819665949122,0.006457897962069669,0.008439262762597613,0.01285451660041167,0.020464151595619314,0.033016985371525524,0.05111166978300832,0.07378973335637856,0.09882783652561944,0.14818283236176805
0.12248351675979408,0.08603182883828508,0.07041753351644553,0.05276836726356216,0.037685181111369495,0.02643289482781378,0.017716733395767466,0.011888674489789508,0.008384611033243037,0.0063811666802848525,0.0057903470122752185,0.0062224624609524765,0.008455320833935675,0.01263191306151438,0.020620549210878625,0.033142469249093344,0.052223116133776636,0.07382417458092658,0.09893401047133582,0.1495402291626074
0.12272536042598081,0.087180388807957,0.07031917164816397,0.05277823127543078,0.0379451951574823,0.026386760938363406,0.017690071331692373,0.011875533731853115,0.008621339227407442,0.006158323705229316,0.005621452252976338,0.006327862058572362,0.008252436328929524,0.012779738283016026,0.020509431355804495,0.033752260511377905,0.05192896970914754,0.0746078640679158,0.09938558044908825,0.15087186668006228
0.12315065998518017,0.08744332667696524,0.0707129221456112,0.05334670886552882,0.038497042311894804,0.026212589327204442,0.017766537307059516,0.011866860078118133,0.008292202001934115,0.0060346884694121045,0.005640644035015008,0.006128882358112609,0.008551235195860495,0.012479120354671386,0.020791731032490615,0.03372926164550443,0.05220225311781771,0.07505840021099433,0.10026311492910342,0.15176676337239242
0.12394791719009096,0.08857752123008893,0.07104385458017183,0.0533515903723431,0.03841044419878399,0.026550173358122715,0.01745829355308778,0.011813162655142963,0.00799896990101,0.006020426109240742,0.005321654690719061,0.006028277473493791,0.008514019396010248,0.012706647907140342,0.021043226471031597,0.03357400381890357,0.05192578262398877,0.0746601929551279,0.1019452540073363,0.15231960705492187
0.12521544930295586,0.08826246312464614,0.07114884861069506,0.05395681760795206,0.03793789727753634,0.026338530255433867,0.01768134989280466,0.01168092017044608,0.008072193356241403,0.0061431477319598944,0.005589527321088861,0.005940833190876713,0.007934180335967602,0.01271444949272373,0.020446315287608163,0.03344933745908621,0.05255002579902482,0.07597930432027804,0.10226451136333341,0.15378414449963215
0.12576571149794738,0.08831506606492136,0.07197727297683533,0.05415237207813904,0.03807654840394741,0.02637263345145487,0.017493909603296734,0.011678816086490693,0.008188505033106974,0.00601431576569581,0.005622145984416743,0.00593431313031488,0.007835552229955809,0.012522765455803244,0.020676759548157665,0.03346933781348091,0.05244564919001253,0.07677743109969114,0.10305437512451392,0.15458548438458367
0.12527244047077718,0.08883832951263346,0.07190703625535867,0.05390950115561799,0.038772002998021186,0.026456909717539986,0.01749263822727885,0.011888596543494832,0.008086189972936276,0.00606503448037958,0.005401769334257406,0.005903530201300186,0.008072077948550697,0.012581653741097664,0.020923428155683852,0.033577210021418925,0.05312393179815414,0.07771962229950731,0.10326081843469428,0.1546677872659364
0.12569797819440112,0.08903247645719357,0.07313667443460437,0.05405638363059932,0.03892065890081852,0.026375465645289954,0.0174927479223248,0.011670712576379931,0.008041147607010262,0.0060978572089021525,0.005431810096647355,0.005530541786228653,0.008031744588954899,0.01241198383307762,0.02080887895651575,0.033618923887270356,0.05348593386857402,0.07824721474769353,0.10458820266011379,0.15479561756671834
0.12625652956411043,0.08927238864467255,0.07275486464284145,0.055009813942696606,0.038821511660719774,0.02617155900593854,0.017663529131419036,0.011709319169483342,0.007931108003536785,0.006007512526102578,0.005331824139163588,0.0058272244414204815,0.007702220522114292,0.012457122790295165,0.0208193544745935,0.03412618284660777,0.0534420914672001,0.07844883267384477,0.10420651294625219,0.15626273774511343
0.12579305372703908,0.08947244686853494,0.0728089148015798,0.05481474515704343,0.039604100056422786,0.026576703654943266,0.017586671682026194,0.011778258416400227,0.008131151651934046,0.0059479029527929285,0.0052504545169581845,0.005599962384803461,0.008038680960441354,0.012555639144881194,0.020682088897247822,0.03413892545921885,0.05465801517146262,0.07812206131277037,0.10476772616136922,0.15708106074854244
0.12654365988295074,0.08965416688223422,0.07229117772018859,0.05469459168363771,0.039283469023329895,0.026846395161252395,0.017944629701920976,0.011806832630191066,0.008116315565860992,0.0059653430033032775,0.005121885832271175,0.005695687550854351,0.007926616090591691,0.012805498462807142,0.020990795656038792,0.034790256658686756,0.05398282671031322,0.07908743578045657,0.10541019767939536,0.1568375686484775
0.12731690352658098,0.08953524074491817,0.07197752963881995,0.05462033486227034,0.039244805373837635,0.02686918815951074,0.018063701531443467,0.011947953480211547,0.00809271373787503,0.005921497856981727,0.005287051658019402,0.005600358422939067,0.008047284256961676,0.012787615610196255,0.021207734917412343,0.034761385567837186,0.05420363686492718,0.07979609995739032,0.10552955109406724,0.15745544777802845
0.1275547782698498,0.08927345726025593,0.07286426648362843,0.05533929461322199,0.03900845925048344,0.026926054428804698,0.017913614723295692,0.011960170376011962,0.00800949040773023,0.005895461341005894,0.005039820221338373,0.0056447240165612015,0.007813601873007813,0.012745291623179417,0.02085507696068752,0.03476943135909034,0.053911658972165016,0.07974073760652416,0.10643172579366196,0.15942976063988168
0.12744150583451258,0.08994468273367072,0.07275177514143084,0.05461756409492104,0.03921940842215577,0.026946380217566606,0.01790672937839457,0.012138108042810479,0.008140706040344267,0.005774896691945894,0.005034404641253565,0.005594480196544163,0.007997941683113333,0.012451875860900454,0.020976947478404933,0.03497726752157939,0.055552592192829146,0.07922323638953647,0.1068159783123684,0.15873670801080614
0.12690558218415848,0.08988329043846807,0.07313078179418615,0.055066348586350365,0.03946432098107506,0.026860754176371564,0.018166315043715152,0.0121396125982376,0.008069041401643278,0.005804129819402691,0.0050110189124035615,0.005664630074890987,0.007648974755248482,0.012274410104170255,0.021423398966134478,0.03482948115499519,0.05525914036809125,0.0799443254952241,0.10714364084928694,0.15995448233055481
0.12651484884804903,0.09009267310599828,0.07362615841382494,0.0557965735235365,0.03919688530625993,0.026891651586723374,0.01793612371037108,0.012117224037037907,0.00807188236860865,0.005771897252708516,0.004975989596797566,0.005428779582148484,0.007803968571048077,0.012297399982765779,0.021093119628994225,0.035333286330912705,0.0549943988782089,0.08043367566763024,0.10706054695150136,0.16141101266715233
0.12683813163748003,0.09015381723630213,0.07345164625168386,0.05567808026064346,0.0398546411453275,0.027073086682748035,0.017825256100999342,0.011890291657529532,0.007911719557657964,0.005662416590958931,0.004844773033426271,0.0054619216189968995,0.00762664076939945,0.012487077472510254,0.02100968014786504,0.03571160051376836,0.0552332320416027,0.08040161649071145,0.1073227655775195,0.1626703424078193
0.12639935886198,0.09066561897367824,0.07336459715995892,0.055446855668812155,0.0399396428660873,0.027325064489468802,0.017873913696811836,0.011864810037817126,0.007910916877457487,0.005548911818477796,0.004781925417616268,0.005392383981567279,0.00756655563625435,0.012699103408550178,0.021204826066267633,0.03610001502667236,0.05601818227353553,0.08115185704625709,0.1077177615267099,0.16204387788324276
0.12738384853579798,0.08963051326125823,0.07351849938476279,0.055383873583623754,0.04001859801057646,0.026935805553729163,0.017821527979986783,0.011842925085084331,0.007932333298892574,0.005609147465942783,0.004743431990456779,0.005363365676338259,0.007813356126854711,0.01256931203015758,0.02165227982178471,0.03594049889006823,0.056407703458791626,0.08182498457993231,0.10837724530274993,0.16181051946059513
0.12748624795323832,0.0905568757103006,0.0736943773931066,0.055102111099631486,0.039772140247395935,0.0271863171439574,0.0176733759748534,0.01188139270585804,0.007798827201658072,0.005691797612450573,0.004823000122101268,0.005555607735585006,0.00781291580960968,0.012646873737895532,0.021616620800420778,0.03660376885916714,0.05643113644973341,0.08138206113203532,0.10758530652114695,0.16332140497860093
0.1272293639471389,0.09043673531387658,0.07389688668120938,0.05544811213647801,0.039232420734161326,0.027299676312562738,0.018154370876586928,0.011812164195816018,0.007922277431609873,0.005537294524248368,0.004854528570466615,0.005454297745462971,0.007789169390161592,0.01273609060116289,0.02192524339196873,0.036471603356828204,0.056528636237646396,0.08190685882247928,0.10891213146689757,0.1628960551474445
0.12646866380943142,0.09043963646950912,0.07412741098793764,0.05569417355669441,0.03982180368977813,0.027080078767026793,0.018273574539090804,0.01174617983050688,0.00778434865366614,0.005558460098364864,0.004952680301668947,0.005536545583755709,0.0076700801132041216,0.012765204759832574,0.021983388797926273,0.03632174264220171,0.05670693719613178,0.08225299994051771,0.1095522238536361,0.16253682421115564
0.12667422849767276,0.09020534282473504,0.0741768686197051,0.05594086126647632,0.03976375796925724,0.026933156021433882,0.01784331364649743,0.011921617710329723,0.007749051511714315,0.005597840966871355,0.00490945359252161,0.005657292603747017,0.007861696718426093,0.012991747174091604,0.022147299252943245,0.03682090194391207,0.05742402315484805,0.08179293620682909,0.10955215707748268,0.16337935620135335
0.12685755765292633,0.09042369288484436,0.07385800977139073,0.056383396457831754,0.04009148750103644,0.026858026980052026,0.01790952311670757,0.011694067548688781,0.007951965933108368,0.005461403319394316,0.004942014633619779,0.005636618779655605,0.007922241881814044,0.013048858518209108,0.022025522009095556,0.03674518509479624,0.05763962873095509,0.08292228099240784,0.10939233088188131,0.16270476351388347
0.12729436901039673,0.08971481394006603,0.07413304720358747,0.05646005158468852,0.039908530243048655,0.027763135873569024,0.017521275946801137,0.011690235353186189,0.0076594972604432454,0.005510395925779363,0.004798721175217453,0.005557319535706522,0.008178785210303803,0.013218380916480664,0.02222614990216426,0.0367615201372672,0.05731718952602462,0.08290463401930437,0.11061615392195351,0.16240574219855874
0.12691878161473275,0.09054991256581023,0.07346192467833915,0.056358295612023664,0.04028698434943644,0.027481551229553078,0.017654198561637188,0.011597934113098238,0.00772674234911737,0.005535413193021533,0.0046438659988926045,0.005485361420719557,0.007951975324476258,0.01334661790789848,0.022548323422039666,0.03678336028829822,0.05756423050092437,0.08308907025704715,0.11011702730011354,0.16377409132571502
0.12735110759468926,0.09043232703556778,0.07426599472432488,0.05560567846526953,0.040077305684250684,0.027426005294438647,0.017977011566143734,0.011350363308570706,0.007660205241588084,0.00538669260201489,0.004695569777605431,0.005389819854614028,0.007791549850751873,0.013444058923693474,0.022560000250180214,0.036978198358505104,0.05746795738805608,0.08437640237733746,0.10999798292207355,0.16384770905292717
0.1264245900074935,0.09070913098640686,0.07402001504961525,0.056553387806057086,0.039959700822409856,0.026968847922230095,0.017951594054619772,0.01172993919141953,0.007481004162892531,0.005329941694474037,0.00479022056603449,0.005262672104552587,0.007962842155818274,0.013377261939961105,0.022583809304792247,0.03717974590867918,0.057975435648815174,0.08411671117410464,0.11060059228527312,0.1639688432290029
0.12606165620714083,0.09093610280100527,0.07386046424343458,0.05660967489197731,0.03980301791073252,0.026874699936977,0.018017074074711193,0.011647527793459681,0.007841125719173852,0.00538119537289135,0.004689975275588828,0.005262343048468292,0.008071011136150035,0.013355248033854144,0.02226291698008754,0.03766680376386546,0.05844563053503876,0.08400513567149219,0.11178217496626004,0.16320769912846841
0.1267206990537817,0.09012139304104973,0.07427759177973804,0.05577856207964748,0.04057745745457729,0.027029224713953085,0.017545149047761277,0.011845321215400323,0.007631045218634138,0.005333912959172344,0.004700598755576682,0.0054027174652419956,0.00787342472865223,0.013390295124418873,0.02244903384399829,0.03760009882829053,0.05884661755484422,0.08465768976360961,0.11064077323754913,0.16422228233929062
0.1268637224556953,0.09021409836732204,0.07437842031095797,0.05596211323800125,0.03987619236790699,0.02721859804591642,0.017882977076194243,0.011586242275708146,0.007834164087340993,0.005445909233803423,0.004613851878150519,0.005445909233803423,0.00788108461491541,0.013373914376293249,0.022509341095031266,0.03724082273581085,0.05860686697561225,0.08477913725661934,0.1115942187653958,0.1644658332538291
0.1265619577892338,0.09030828052558688,0.07448471415039186,0.05583657161793348,0.039850439708507504,0.027023393805627894,0.017936918320197823,0.011379587396169077,0.007413926239015105,0.005356846978938385,0.004680011629688217,0.0055241019035798785,0.007895370321160718,0.01346636612884569,0.02274510662110664,0.03772301959227314,0.05834852174782959,0.08502333753294299,0.11196857483172906,0.16506497931978825
0.12672036730359934,0.09092046394598036,0.0740143024468662,0.055742950032135946,0.039842307157009475,0.027145875262521674,0.017889787027089578,0.011454780592083146,0.007684476700272567,0.005481092965904631,0.004591294992267046,0.005384137826422153,0.008075424843347079,0.013348533397136075,0.023101907670558947,0.03804863707658361,0.05885646104358133,0.08476381258884298,0.11226154118013171,0.16486439572709316
0.126639822540931,0.09090709992710162,0.07402314601890353,0.05556859174715209,0.040080031787449594,0.027255547942419658,0.01775842164049521,0.011457248070382918,0.0075620340213313824,0.0053281522293452,0.004739959264508502,0.005483022185512308,0.007652765914843424,0.013146738501296839,0.02319920656523465,0.037889951599227846,0.05943095459338033,0.08474202419725739,0.11198036436676964,0.1657061600698323
0.1266858749978504,0.09041933673413556,0.07403389024986985,0.055930324722935736,0.03941199369032896,0.026917719451014843,0.018008201321654083,0.011578152529574628,0.007532208869496429,0.005307565195504436,0.004727563225686427,0.005485786825044204,0.00792304577638188,0.013307215005635871,0.023082827720654793,0.0377001280381707,0.0590148095920757,0.085426004411767,0.11264701330252493,0.16608379855953145
0.12631684307984886,0.09076051597727901,0.073761979831344,0.05582663964166855,0.039996371643770484,0.02666059855366214,0.017807096564321997,0.0114793684157846,0.007669594374796685,0.005528551410054301,0.004841978830418138,0.005528551410054298,0.008024610264494655,0.013373307809723997,0.022688174061006434,0.037428371243400135,0.059085904461626995,0.08519599379425966,0.11354565473062583,0.1664977604283962
0.12604608317993646,0.09069625232050219,0.07444061625657444,0.055817168666690634,0.03945518439684145,0.026962398089485758,0.01767413345761477,0.01167640743248844,0.007633611663270301,0.005409683004149146,0.004702780223612746,0.005408119059944416,0.008218526795838035,0.013665744460900612,0.022475442166125282,0.037583143183783765,0.05900448695592335,0.08477672350561224,0.11387390543454973,0.16714497293594552
0.12671934262406312,0.09034541628493799,0.07312775743628384,0.05564588499047894,0.039814956678350444,0.02732656487929034,0.01781174859372704,0.01172545549486112,0.0075543201268225245,0.005374948798844337,0.004669858075086692,0.005353061281920596,0.00813746611343362,0.013190355734685773,0.0227036086261831,0.03764027553257016,0.05897747774508548,0.08507521488851431,0.11389794788894898,0.16774905649168112
0.12737155323843996,0.08963611699766832,0.07345016847014112,0.05525289274796993,0.03924979214722853,0.026888022054273014,0.017842519488150826,0.011755402609255542,0.007718682994830244,0.005435428114197126,0.004599328619920108,0.005513568253849183,0.008092192862367084,0.013640142777663173,0.023195119054316773,0.03803080596865641,0.058983303014959146,0.08567284911451595,0.11367046115184817,0.16750901737211585
0.12643480517288008,0.09018619054243959,0.07334447360646282,0.05520218970457434,0.039642281557116285,0.027411949896908188,0.017921875317521235,0.011741055866541818,0.007503270957182898,0.005332011923948095,0.004706739344182854,0.005442997806856425,0.008200449883621137,0.013476187275390366,0.022927182318541982,0.03775083200332645,0.0590616847031753,0.08573112341161226,0.11404033946048356,0.16801699490871802
0.12629830507415207,0.0906106389528243,0.07342855669571494,0.05539018296198723,0.03959410533947739,0.02677629697688482,0.017855552378318325,0.011670877808143834,0.007323792246186925,0.005548706265459735,0.004922113414868532,0.005594020960390269,0.008023826154079337,0.013335020915075574,0.02303549078158474,0.0379549634435418,0.05925287006089357,0.08627605399636543,0.1138461394223783,0.16838003090774709
0.12583998073790095,0.09059127764627152,0.07422318393741072,0.055287852682466165,0.039473231623613575,0.02695286726975382,0.017648585517778356,0.011566640295935885,0.00767982388938052,0.005419028827482265,0.004773310735805928,0.005583194444010143,0.008109781456477347,0.013409985647234671,0.02305666997082542,0.03822713642006385,0.059632769333237426,0.08534579532769021,0.11457509247996392,0.16832291533119245
0.12584762384020678,0.09111751164676962,0.0734203604755289,0.055704455700079876,0.03938256883744845,0.026728574397892085,0.017759663185268417,0.011320925740415733,0.007588958502962287,0.005436982420058855,0.004925946705382439,0.00576517049370426,0.008093743016235937,0.013766708289249334,0.023157575596559968,0.03795729491761698,0.059667717389435784,0.08621969534769965,0.11315768499258448,0.16916532396069875
0.1269925403355051,0.09009761200050662,0.07379142021317349,0.05514460429067517,0.039649891411926395,0.027266629454339067,0.017861917247913837,0.011298162993121974,0.007414321742787765,0.005608429373972945,0.004957995412564322,0.0056412637806786715,0.00830241426701878,0.013634096498757764,0.023198290109182222,0.03830524428016816,0.05999784231041649,0.08556959096146959,0.11353043358615822,0.1684670866343639
0.12745771087483795,0.09068177091233791,0.07324068325652457,0.055164691844927095,0.03985506679781757,0.026958388783158475,0.0176928598348312,0.01138917254526035,0.0073983489374744894,0.005528041321913406,0.0047711609825057425,0.0057407184420775435,0.008178686312194376,0.01358475105048423,0.023411685043950664,0.03818179827887914,0.059887374954454266,0.08543677781652531,0.11324587508034033,0.16926440301063228
0.12767407259224064,0.08973068603793402,0.07355496930521001,0.05533970568009902,0.03965473049849339,0.026668833848038906,0.017710456233355418,0.011466785861642141,0.007644002950700792,0.0053309536014803545,0.004638601667896126,0.005646653580225303,0.008136307373001089,0.01373607481776922,0.02330709793575975,0.03867481026743852,0.05967979895225114,0.08529525762368562,0.11411772796039063,0.16940585889148668
0.12728923844967152,0.0900065177942034,0.07327907569237888,0.054580665127612775,0.03974135141851896,0.027401306997485102,0.018079454568473576,0.01162261815260392,0.00747279954109728,0.005325209796385362,0.00461559862891869,0.005387730604091678,0.008357468970141634,0.013745199574233315,0.023304631072528822,0.0385081284865119,0.05981365673263135,0.08611772355487059,0.11337366967443852,0.16965333775147046
0.12680615734748873,0.09054545795584569,0.0733795384490337,0.05543050788112969,0.03956195799648615,0.02716504417309099,0.017794284070801986,0.011637249201257974,0.007591956933580926,0.005383302384033912,0.004684598503179336,0.0053473511776364726,0.008018682122559224,0.013566109579277093,0.02332764366414694,0.037951969188253006,0.05933981080286862,0.08556387122590486,0.11400596477407014,0.17066506605643397
0.12729700027982177,0.08954607913483498,0.07377757768179422,0.05524525045607816,0.039637763739793934,0.027056728774584062,0.017839807532675833,0.011744696283998737,0.007603647374600001,0.0053994650558939995,0.004653794867225372,0.005294727314508678,0.008142968580240835,0.013497099389863574,0.02348626606825461,0.03836996809407011,0.059131489636434977,0.08570517420074941,0.11434391184521327,0.1705364917233735
0.1279387481233724,0.09003126020330846,0.07351537467720441,0.05500764711120413,0.039433785702792185,0.026625069714471396,0.017703179604787296,0.011549559373296193,0.007590870958318168,0.005477175052451837,0.0046913738398496494,0.005414685890415877,0.008062664131689662,0.013885091804390168,0.023572474149014786,0.03820274921068377,0.05952405129735311,0.08639439097281564,0.11372402598924243,0.17057354115145654
0.12760880944382377,0.09073352135563559,0.07313338385456133,0.05490980398284362,0.03971906030515865,0.026804896913257138,0.017562637208103183,0.011636028406471925,0.007420370471644306,0.005357854358237173,0.004679724060344221,0.005489105383635806,0.008292252283220962,0.01394542144860507,0.023981437354979335,0.0384956132469785,0.05925671294306987,0.08619754841834702,0.11427120524379099,0.16985132696349192
0.12776123320760857,0.09021252394448939,0.07290530638009318,0.055668398898787844,0.039587701672755014,0.026664708400648718,0.017768139220214307,0.011554290321270208,0.007659111718034692,0.005334191637162474,0.004738899600326241,0.0053482536537806545,0.008323151391670908,0.01389639731134242,0.02366168662952211,0.03844086609522798,0.05968544831271426,0.08607204127358123,0.11428669639481144,0.1703785182384356
0.12713551039792045,0.09049283893221356,0.07389303389322134,0.05561700159968006,0.03922340531893621,0.02691180513897221,0.01754492851429714,0.011596118276344729,0.007554739052189563,0.005484840531893623,0.004505348930213958,0.005364552089582083,0.008101504699060185,0.013989389622075589,0.023779619076184772,0.038253286842631476,0.05977710707858428,0.0855719481103779,0.11441461707658465,0.1712188812237552
0.12682908532840315,0.09069043819906888,0.07358850014612366,0.05573640854612429,0.03935493046232903,0.02716180968291947,0.017537964802170437,0.011410148014671759,0.007559359806460383,0.005466743974157212,0.004608755854714013,0.005548010608421413,0.008034457052928021,0.01404818798847889,0.023667344409558835,0.03809529763123389,0.05944498014437328,0.08634423608582381,0.1147969349976323,0.17051458970508024
0.1262472478568417,0.09054355803313502,0.07325931824924657,0.055884511484830056,0.03984478693337082,0.02664386877156821,0.017501288237223033,0.01155197451632547,0.007679455348917102,0.005515216814228382,0.004529910526069236,0.005507409315906996,0.008452397682734494,0.013616277072500424,0.0229618525632017,0.03880951265595479,0.06007557658375103,0.08659140238284851,0.11471401133648759,0.1710872722162365
0.12743512201983262,0.09030952325136164,0.07291652014909626,0.05516406060748139,0.039523016933523974,0.02679357041829789,0.017763399520203803,0.011336943526267667,0.007637667909135663,0.005629400411030625,0.004730759312656774,0.00555750912316072,0.00820498394167429,0.013595267677833261,0.02272702409139571,0.038471216134905575,0.05995889693758743,0.08621953411319754,0.11515577748083551,0.17174516101304202
0.12655036458951657,0.09053035746643087,0.07286791674737413,0.0543135282392857,0.039506570109283136,0.026998994020357027,0.017892066507126204,0.011359447148578818,0.0076698137375580296,0.005456346106983748,0.004825265709840481,0.005656292371425177,0.008308704535656044,0.013704129515192794,0.0230516173778297,0.03842248645676477,0.06044625506895022,0.08592534506351417,0.11516592415788257,0.17211311959910772
0.12669351714139301,0.08958611940858129,0.07301496044293909,0.05436283760982867,0.03917273874842208,0.027130644536376244,0.017967841921735762,0.01166870805264276,0.007656759695541861,0.005450813013210682,0.004900888627813675,0.005844508880028998,0.008481646273637377,0.013776230768269369,0.022878104260664167,0.03909149991876116,0.05999018884903325,0.08708958768169377,0.1145654972441289,0.17173263676244518
0.12672249476611563,0.09033215636034118,0.07196512826922476,0.05524169609099148,0.0390541511733275,0.026720932412586326,0.017754585507608656,0.011514545511358311,0.007805518232665687,0.0055166703121582355,0.004863606536887166,0.005890072805674468,0.008383589038527636,0.013773708714807984,0.02333218760741181,0.03868543574039932,0.060381839202574755,0.08683248445458235,0.11519701278005186,0.17132612567571792
0.1269905701617436,0.08938987073003186,0.0732108287016799,0.054980328483107445,0.03940548304502592,0.02667988509336164,0.01730312870792481,0.011809155061512528,0.007684381440079934,0.005415912071441952,0.004889777056141888,0.005573596452882037,0.008333853743833133,0.013445325672890777,0.02336382938862174,0.03880909261225253,0.05980297258477487,0.08769437332167615,0.11538905888965216,0.17146381065384378
0.12680908210749864,0.08997782566601079,0.07260220494081639,0.05513288984665354,0.03917361566569848,0.02670914144726569,0.017294418938755118,0.011504106936506447,0.007809425653518225,0.0055763765264374284,0.004686280021237389,0.005582622817701989,0.008271651207095788,0.013684062587838473,0.023456385271245196,0.03909241387925918,0.06036572035354008,0.08641275492676226,0.11611699303538525,0.17132639995002966
0.1278005046942838,0.09027444710897949,0.07342831617059296,0.054947414617325746,0.03914201971755929,0.026516825755082216,0.017579661760787447,0.011397940471152489,0.007667591417062428,0.00571621134464977,0.004951333051206094,0.005592388834030814,0.00805630005799282,0.013581291829281679,0.02333505744424069,0.03883794924844437,0.060397172458111915,0.08756132349022745,0.11427407093932695,0.1708155044591778
0.12776221299069337,0.0885308987859466,0.07026535278395005,0.052247769941712575,0.036492448394680056,0.024509709206839907,0.015888964029240327,0.010482079026181043,0.0070057643383892075,0.00504943161691302,0.0045696068012752375,0.00511383763243487,0.0074614368982062924,0.012911795961742831,0.022242617460470807,0.03746014877789585,0.060313013235436176,0.08813480179048722,0.11876147232151481,0.17693620584162562
0.16906768186814064,0.11889326048519411,0.0946255913601682,0.06899122317972571,0.04715908185858327,0.030381178419535197,0.01909077876359929,0.012007199859825735,0.00743720033769254,0.004976186304337436,0.003754440179040764,0.003955144236129916,0.005705729622963093,0.00947769158476561,0.01606428901384221,0.027427961579509063,0.04385542936332213,0.0639847719778907,0.0858185061883751,0.13111390751684476
0.1974778551078617,0.13847177973829425,0.10911856121773014,0.07845989138515509,0.052896692802687356,0.034711075766385754,0.020935810991381757,0.012500587129157081,0.00765454454164244,0.004854140920715701,0.0033867229446835254,0.0032441922803448596,0.004407112928017155,0.006807458888811508,0.012223624133680807,0.020584343330455727,0.0330169044607239,0.048204518545992885,0.06486926860713527,0.09872192105420863
0.21753228518664125,0.1512902511785869,0.11857723832397843,0.08495075868949728,0.05708424046806502,0.03683435031533599,0.02272269262916551,0.012914074656500149,0.007420059267971179,0.004544208158100782,0.003039383137370207,0.0027651779195422433,0.003328454903152699,0.005361868295599835,0.009273422246302359,0.015388528971598288,0.024762713376259123,0.036954934537633835,0.04951881939787176,0.07573184711902818
0.22650997678252968,0.1565564117231401,0.1211009791715737,0.08733470170597932,0.05868804468521824,0.03808001615128369,0.022773310003701343,0.013006830647060803,0.007597833036104852,0.004411319357986475,0.0028887243850735217,0.0024496113597361957,0.002898818937380128,0.00431037383492042,0.007831690164541204,0.01263333221171641,0.019982166290925002,0.029646017699115047,0.040733200982536445,0.0627746559440089
0.2244189354547916,0.1560142451216628,0.12094985758305937,0.08618709918457305,0.05847320813438949,0.03758881778515095,0.02279870710782214,0.013054029319723461,0.007376203517407087,0.004142259270811553,0.0026923828359308854,0.00222965631416046,0.0025432820678048607,0.004155969686271417,0.006879200956986999,0.011127715947612499,0.017456786484272444,0.026486808866525678,0.03731803707981862,0.05745863739035951
0.21801372321481458,0.15052673029945046,0.11620301158005153,0.08341261295167603,0.056325119616391174,0.03643377625375053,0.02203973389926785,0.012743980847438142,0.007075923738234383,0.003920420687275883,0.002582250426019047,0.002012482619468287,0.002340055548005116,0.004004056328604436,0.006305778874333965,0.010592105492422265,0.016899626775950572,0.026219773556501118,0.03626650497109342,0.05644360344160663
0.20622440651439963,0.14133711964960052,0.10880407052604187,0.07950733038147018,0.05357082789670013,0.034560168259740356,0.0213971719475038,0.012185730143527114,0.0069824959590398025,0.003806380910734171,0.002404216407803259,0.001970466024952155,0.0024343133731439467,0.0037054675563565676,0.006469077138522169,0.01068796351539637,0.017171203931725925,0.02672964604198349,0.0378779160861198,0.05888736830364651
0.18963554144382624,0.1296796485796281,0.10072266740418014,0.07333709273633053,0.04954510026471466,0.03274092804574498,0.02006192239586514,0.011605061545258309,0.0066286416223380355,0.003746233114114642,0.002437027006641213,0.002027563368089852,0.002332865203851831,0.003712111144235363,0.0066555800196111525,0.011238699342343927,0.017732648978316393,0.02826735820525622,0.04039861644391605,0.06340400771515699
0.17074150690361004,0.11773691173622762,0.0910907323853425,0.06608245239685305,0.04526574690925674,0.02973013571941788,0.018521836546692788,0.010853571797001828,0.005936254042715691,0.0034024870732638733,0.0023636426157886263,0.0020722594143016667,0.0024704227952155244,0.0040594566517717385,0.006935282162099553,0.011523210210356953,0.0195498220028704,0.030586186988382683,0.04376177522953213,0.06978899150645115
0.15263839901576445,0.10372145844480601,0.08069165838583926,0.058761115418354694,0.0413750177446302,0.026800761472130927,0.01663263337592044,0.00969857788163694,0.005478085836691162,0.003257732108862851,0.002207613993324379,0.0018891206307260564,0.0027172033734816957,0.004198652500081898,0.006964994849507335,0.012310223454943202,0.02080034652077851,0.03264647964736415,0.047197076412927565,0.07624731100603858
0.13350384189602615,0.09197282769728005,0.07124822083949107,0.05294309049496563,0.037146508300931254,0.02462921658768375,0.015191258618589793,0.009270721425727888,0.005160701593655191,0.003008439992074441,0.0019504870764325535,0.0018050639952446657,0.0025303616126692583,0.004082753004349968,0.007369314639196247,0.012788142201959939,0.02173529727204478,0.03485791256073686,0.05042908897893,0.0816786913376924
0.11895959335759353,0.08150263221864647,0.06395874074369699,0.047399890430043924,0.03302155480493283,0.02180877502966008,0.013790576258149717,0.008520696748819948,0.005124753739709675,0.0028861887433196797,0.0018612379953777435,0.0017941173269284496,0.0025016054538264227,0.004150597011134774,0.007424997188188215,0.013211887251789586,0.022372951459058207,0.03651727178065691,0.053132358330037766,0.08611763169256557
0.1063945612680247,0.07284920323444677,0.05791764856951148,0.043002371035388294,0.03031706042251813,0.02012576796407456,0.013007236088931009,0.007901642724212957,0.004713133655138237,0.002569978098216207,0.0017995272397784143,0.0017163330156278547,0.002354758257478889,0.004020451310580315,0.007100446174241259,0.01321522164930741,0.02314788858484816,0.03704855829835256,0.05570034163889003,0.08894185989730942
0.09561378386118871,0.06637234293578016,0.05247031995547318,0.039375255551893015,0.02801839433255699,0.018714954491499014,0.012252080890392328,0.007522006733060624,0.004292371179330333,0.0024605031602875508,0.001696774507313964,0.001559879748762094,0.0022227385796448305,0.0038096370307526897,0.007073496274120944,0.012976182113258797,0.023001921930360207,0.038438607203906544,0.055683744287796,0.09107103937345429
0.08999224621577724,0.061874481812630604,0.049187285226444534,0.036833161126501285,0.026337796385268168,0.018417475919396457,0.01147667507704539,0.007245221931927857,0.004199220323868222,0.002517741482029305,0.001565082542883082,0.0015776175289244792,0.0019608299593329233,0.0035706803095067094,0.006675775423190074,0.012737336530351664,0.022869186676384278,0.03721279213232648,0.05543866183651871,0.091217093423251
0.0838186999882587,0.05864427042008972,0.046815793125286845,0.03539470360315805,0.025626291988514856,0.017318427803414943,0.01152427070472748,0.00685976965690478,0.004168163979804951,0.0024567795373925034,0.0016046452880000284,0.0013965039368958121,0.001964000441188505,0.003294681899529993,0.006304726053960201,0.01208820923720642,0.021797914316922774,0.036396272668727914,0.05533001967558413,0.0909613284043564
0.07897648710517512,0.05454651679505133,0.0436655400919554,0.03390877754545986,0.024672517301390307,0.016813640701155545,0.01071278718360453,0.006805479083420229,0.00421004923526881,0.0024591078165636577,0.001579211067224465,0.0013897765557973165,0.0017987426505606027,0.003117702566572068,0.0059096485901292215,0.011633403500820587,0.021526488078903897,0.03579604099575277,0.054459766411313636,0.09173056393060676
0.07515125857719922,0.05205764583443582,0.04246882221163852,0.032775925631934516,0.0238926813779965,0.0163323984406696,0.010876505970965414,0.0070134589264609914,0.004348132860595155,0.0026371028911114634,0.0016016651673105076,0.0013864634598084356,0.0016916265368400623,0.002787038506994055,0.005888059833130478,0.011234587500661483,0.020895733008766827,0.03486796846060221,0.053624032033303355,0.08942689315764409
0.07206575739050392,0.05031937095516159,0.041263500361883476,0.03171399259368566,0.023615532179522315,0.016109085032077634,0.010765155188284815,0.006856462255201635,0.004075580945956392,0.002462915726823647,0.0016723935605821058,0.0011945668289872176,0.001452804069959455,0.0026333171715468237,0.0055775730618153226,0.011063796895531617,0.020344527127207326,0.03447203659590614,0.05169312280849688,0.0865692040671487
0.06871785171991655,0.04828306073518312,0.040027181004120935,0.030836078579722485,0.022851658619197985,0.015930310147166216,0.010707774432692864,0.006681413061943616,0.004154210165905704,0.002544716429620989,0.0016742938105420964,0.0012977528385059557,0.0014378611071705657,0.002648046277761139,0.005255811428281203,0.010513374209920717,0.019574876485804405,0.03300775674402394,0.050789247390921326,0.08419456134728108
0.06737811951082094,0.0471055509718518,0.03877813381430245,0.030560609258538922,0.022808820015105865,0.016087928036044776,0.01068749160542625,0.006827295926821992,0.004238714640311049,0.0025833483054735237,0.0015786159462886824,0.0011285795770704728,0.0012855690081931047,0.0023426311777521554,0.005051571028123782,0.010127562634422202,0.018905016161189774,0.03273927369711855,0.049755183703799326,0.08255899750037936
0.06539048856123511,0.046521184219919604,0.038320167015195396,0.03006343164687221,0.0220365337033948,0.01590927690011997,0.010490685490119602,0.006792392381237604,0.004123144106324186,0.002714519282837586,0.0015844852773458655,0.0010882453827924898,0.0012971884962886483,0.0022217617735091474,0.00459500730430301,0.009715854777571347,0.01830864032010085,0.0315869751827817,0.04847306113849621,0.07956379642672454
0.06390032246157275,0.045074974056817325,0.037337289233405076,0.02962920401440282,0.022056928745046413,0.016493944269168365,0.010788185230842089,0.007009882785566537,0.004520033708725965,0.0027283870653211036,0.0016540955405584222,0.0011735372571961863,0.0012780064492314545,0.0022217114839500492,0.00456182138554007,0.009017432425844287,0.017146876719388783,0.030449287171879683,0.046993724883865086,0.07689280764435903
0.06258878365095737,0.04448994335212332,0.03709029275594873,0.029298170666055372,0.022587950083183123,0.016179897818483672,0.011115973589794355,0.007076643083645054,0.004541207770240936,0.0028619160249931403,0.001726179932550475,0.0011426824905615813,0.0012034634741020917,0.0020734998384962437,0.004181731667587065,0.008511074295201081,0.016548056918786188,0.02912972051167168,0.0454989076788958,0.07353630708636805
0.06143748039791578,0.04426562145321407,0.036112887211556984,0.028918380820194496,0.022411788455173835,0.01635398634915189,0.010985831050394471,0.007107867345223677,0.004572808855203628,0.0027984411902818715,0.001727582580006827,0.0011367042853405007,0.0012233433314792579,0.0019823013756547748,0.00397846499869175,0.008572067224968683,0.015711124626802308,0.027507897149055535,0.043757916642840934,0.07083435134212548
0.06089910953574826,0.04332843433906806,0.03570156479640355,0.02887179043831589,0.021754992651508605,0.01594881991873433,0.010912077461744614,0.007364052909138067,0.004575084291518977,0.0028287369240079536,0.0018224258666897203,0.00109103484049451,0.0011169706924872482,0.0018725685138756812,0.003895564969309242,0.007829169188207832,0.015238177574133312,0.026606726030950118,0.041239733725252865,0.06816460620731393
0.059615441098976665,0.0425039694674953,0.0355740307847538,0.028384932091438563,0.021976768896652166,0.016080014789397943,0.011119692187016774,0.007387788034755087,0.004588859920558818,0.0028265718486574646,0.0017830208727472525,0.0011679477809856025,0.0012439680507538963,0.0019264227452647142,0.0036938940173775426,0.007541556307695498,0.014635629663800356,0.025471973572589842,0.03991582482856566,0.06475372024195179
0.05859121700859536,0.042000662242518715,0.03557139112319091,0.0279797464163022,0.022036809646666024,0.0159817745340158,0.011499565403347083,0.007327782453332596,0.004871966446379053,0.003028379851271369,0.0018194423366123542,0.001262399801327244,0.0012123866944440615,0.0017694292297291698,0.0036199141844069464,0.007219133290103611,0.013700142106207144,0.024032160152315775,0.03712697120624715,0.06199383286654433
0.05819805977759099,0.04097996389642959,0.034494756714299496,0.028309264286403277,0.02160529978365418,0.015983064393887195,0.011352988190549687,0.007461863881271619,0.004707588639777316,0.0029919800465763612,0.0018241260042166766,0.0012160840028111177,0.0010989540988576387,0.0015726412104342077,0.0035018396284915037,0.006857266877041161,0.013259794126968816,0.02335708084719371,0.03535772850666263,0.05858389946120247
0.057196216038671914,0.04035892947118434,0.03422314778669905,0.027910240117487835,0.022139028420982032,0.016410808468341736,0.011069514210491014,0.0073791029170758,0.0050609880878476066,0.002983627024266258,0.0019036744183646974,0.0011796934516695415,0.001081672275656183,0.001594133862533039,0.003122920274390504,0.006490033653937093,0.012835615048486081,0.022379782186628866,0.03412856595019492,0.0566029299733279
0.05631049313696571,0.03960907114095801,0.033922459031012285,0.027575609990327956,0.021448268292850233,0.01623153908945611,0.011573867650791252,0.007449530460073671,0.004865174474039829,0.003059383595941858,0.0019687064843841107,0.0013324781693087582,0.0010786728037261376,0.001443946742030855,0.003001076957902607,0.006110192686289707,0.012086623085312897,0.02132651031341532,0.033022135943641485,0.053345429102557934
0.05598374223352375,0.03983049976182236,0.03351108125798923,0.02754464545800363,0.021304048334641314,0.01621492876946116,0.011230333208818402,0.007717641253054324,0.0050068711681671325,0.0031528552188321408,0.0018882861147570763,0.0011343424754711295,0.0009904077806983575,0.0014273523898299862,0.002779310415731378,0.006173770300789243,0.011307441081018102,0.020036052214024047,0.030932251309977062,0.05122190274812456
0.05509712645449906,0.03962985418186676,0.033411089302902326,0.027360167706267414,0.021632943868410862,0.01614549614816794,0.01171477603197928,0.007946865612336824,0.005091817126180467,0.003226701468457451,0.0019884290896385894,0.001388988795604561,0.001012197753640315,0.001354735064516902,0.0026957686365987423,0.00578545518070556,0.010318936490157188,0.018601488667153068,0.028848492322026176,0.04742600337741788
0.054354527146438694,0.038664666474867444,0.03349122518597673,0.027220075897688812,0.021613373885167063,0.01643137013138246,0.01150624032441467,0.00804700450728152,0.005317290699108135,0.003169824503719534,0.0021080788568766857,0.0013682818900442504,0.0011182579151425484,0.0013665693970654723,0.002556752017316728,0.00546456509528311,0.010136245941391639,0.0174708533695012,0.027187538531092015,0.04475257901442604
0.05448821647382664,0.03905416810034185,0.03312431632951762,0.026918856552024004,0.021290290552465663,0.016254024989600505,0.011604637746656331,0.007970378130761449,0.0051355529193050555,0.00329017757030144,0.0021980166494625646,0.0013027185905303829,0.0009791787566141644,0.0012376682535525192,0.0024838957619705464,0.005323856526346243,0.009656551339266614,0.016644327011467692,0.025660646086794258,0.04259256406174304
0.05271850376181773,0.038874398417229734,0.033240229200468256,0.027058388613912215,0.021210285268324733,0.01633943302321442,0.011867353994235764,0.008283529468142639,0.005476713697945544,0.0033134117872570556,0.002048633217637757,0.0013281030717517952,0.0011073230508033658,0.001334948963874227,0.002457675271953065,0.0048776981372327536,0.009366891896517494,0.016043348188919244,0.02491048996049921,0.04067315657239874
0.052808965708286165,0.037757820542196896,0.032602264682646896,0.02664815340471883,0.021205322790805836,0.016272062872131954,0.012062119745693444,0.008469475347380157,0.005422310988601346,0.0033566687072294067,0.0019733039674695546,0.0013833647397598525,0.001051630797221643,0.0012568270503380617,0.002200729814673584,0.004514317568561197,0.008936296823220008,0.015348679733108075,0.02332910401056077,0.03850507689729585
0.05206247770421233,0.037784639333097794,0.031892577401587026,0.026751531475251465,0.02137835332913447,0.016124655002022616,0.012253508866255996,0.008592305841026979,0.0057299107485752005,0.00348369015127852,0.002063587159674537,0.0012886751906983254,0.000989975643185469,0.001234055844867403,0.002212083506152357,0.004432701285090795,0.008375535312260507,0.014323923444159399,0.021721431095134955,0.03560498606353254
0.052038654949534205,0.03750981965908529,0.03170748747940216,0.026361843999911396,0.021638183265085646,0.01635047790427601,0.011879018391944557,0.008464077514386542,0.006018748093580283,0.0034967358686372445,0.0022340256938515727,0.0013717701628913163,0.000988356142207408,0.0012524858009007678,0.002000569156812926,0.004132351111815457,0.007906849137659268,0.013762007249081082,0.020663459621391437,0.033534242280171704
0.051613046266355565,0.037130080635258474,0.03102786077797334,0.026515151515151523,0.021165049868336675,0.01664381318816258,0.012151569726986212,0.008617807976205094,0.005742362845019311,0.003620741407774275,0.002096039185188217,0.0012313590656679353,0.0009772420285702587,0.00116825617726113,0.0020602240323086786,0.00393113939939694,0.007149386708144024,0.012915626321749689,0.018935982972453035,0.03137066295553463
0.051243119813233824,0.03668694511187226,0.03149634476764992,0.026229061227271967,0.021064021948434805,0.016456213894995148,0.012069935074893925,0.008689058159944106,0.006010258507574595,0.0037915580321387795,0.002332873234156399,0.0014126748802890104,0.0009713204846378,0.0011383194451544737,0.0018847025544024673,0.003575141011877374,0.0069730586370839965,0.011904640185402925,0.017846735851950315,0.028887412027333307
0.05108175938080243,0.03632956763631664,0.031401968319175105,0.026489672105502994,0.021075774167001075,0.016438933815777847,0.012529841051765293,0.00845751518407933,0.005767569663127684,0.003638737936053432,0.0023906848308837027,0.0014605962089111674,0.0009981024151697964,0.0011052241394554818,0.0018346720714960993,0.0035656231083663757,0.006627944147073024,0.011150861394690847,0.01667188105747846,0.02678893279557094
0.05009952591328412,0.03581403017904466,0.030988170780007776,0.026135113864104217,0.021030479917183563,0.016468096462792948,0.01254145496516168,0.008803496240793218,0.005748875127700838,0.0038790458431145233,0.0024035805530955028,0.0014907638932565453,0.0010488042441725068,0.0010046082792641033,0.0017151434074069037,0.003086918164371593,0.0062452298105183015,0.010391151287887417,0.015490685700395558,0.02564215887089508
0.04910947784562925,0.035931651915200015,0.030548442095681888,0.025501470618203063,0.02097583838822962,0.016599645421384764,0.012271001310989897,0.008889937982705801,0.005970777831364582,0.0038752318006751935,0.0024776350557340512,0.0014502401217250725,0.0009713552103357624,0.0009441844352214754,0.0015436396611804343,0.0030872793223608685,0.005592085153209207,0.009971674466943357,0.014648444133490016,0.024226142361276213
0.04918909739322411,0.03562367326144179,0.030646174747388975,0.025536214655684807,0.020947609747813532,0.01664260847414452,0.012476861679544874,0.008650759955846141,0.005960770994310947,0.004006113611276215,0.0026645155812176267,0.0016014265092977832,0.0010104440859302034,0.0010019529591576805,0.001474059607709942,0.0029158529336843,0.005527723528912286,0.009321558970875428,0.014178483484758427,0.023218137046786113
0.04877932813378229,0.035415361260118496,0.030171659899778738,0.02591624681395898,0.02133140430329922,0.016794108307564812,0.012703409934165053,0.008852142225210859,0.005995955150051706,0.00390051231369832,0.002628643039444929,0.0016267700463748335,0.001008665352345147,0.0009848920948824674,0.0014688476932298853,0.002844300446427812,0.0051248350730263535,0.008673842794240761,0.0132960432809133,0.02162007957248891
0.04852548372754455,0.035036095017971156,0.030048635788201838,0.02574336730711142,0.02059299685377699,0.01651851927273714,0.012622225842471635,0.00882605493502218,0.006299233977850862,0.004003203920730113,0.0025709427468868693,0.0015815964621112614,0.001070801896558161,0.0009469214869721935,0.0014814739392952053,0.0027389449461883877,0.004756668329718741,0.008227016790037976,0.012598467955701721,0.02055226904788571
0.04799386036393949,0.03518262198375978,0.029737591548174295,0.0254361191536654,0.020734824984794915,0.016502813152781046,0.012386004204905269,0.008902811119788976,0.006181990062057085,0.0039016506201472903,0.0025158276903685306,0.0016823009404282497,0.0011079806797986657,0.0008453858703662602,0.0013248331675880067,0.002505662730003405,0.0044912183213245615,0.007921892444554376,0.01174052922171981,0.019118596286739988
0.04843513856038168,0.03478750008471532,0.02999091851741408,0.02496560557901229,0.0205502429635453,0.01646018718697688,0.012300664845851997,0.009169586521453308,0.006075782939011744,0.004176465405650852,0.0026719212757449866,0.00160450821060907,0.0009826977425060834,0.0008962881134236521,0.0012944501297838741,0.002351697356204211,0.004374699260604666,0.007249937310661254,0.01093335953860646,0.018188379768625515
0.04786309716554576,0.034510527270538736,0.030048368311211857,0.025297999996609297,0.02050863865158709,0.016436409996456722,0.012399783673448624,0.009134541213090127,0.006216845328211117,0.0039925472451424,0.002561672563656123,0.0015698933116780737,0.0010206001875056156,0.0007985094490284802,0.0012426909259827513,0.0022666818117857267,0.0041383472719289174,0.0067203640253692045,0.01038909958311364,0.016797519365125645
0.048845684453183276,0.03458709065021358,0.02991558749745745,0.02516611295681063,0.02021831988609397,0.01611465184080277,0.012199132144552179,0.009137907654756259,0.006085158315818024,0.004110448165977353,0.002735778696860803,0.0018035121025154238,0.0010526137365245096,0.0007542884263339884,0.0011848260899043996,0.0021815038307681864,0.003937555088480573,0.00631229235880399,0.00945487829683369,0.015165434944742017
0.04778370250458468,0.03480104376038215,0.029191085703835534,0.024893448049891884,0.020297786665808712,0.016369292041242423,0.012312105351388611,0.008791700039115617,0.006199232250231564,0.004279011170809928,0.0027990524200034884,0.001739036198029996,0.0010667894885675732,0.0008314184744232985,0.0011243622546172507,0.001972713895525749,0.003510245412381871,0.005819929320963088,0.008827259688734535,0.013812383901977284
0.04766646660523937,0.03465176631698184,0.029103020363999085,0.02503360186648858,0.020313279288570296,0.016133967894367572,0.01228433519024151,0.009136326364996577,0.006106663736189423,0.004162404794711616,0.0026644800797991502,0.0017430704075335824,0.001122598206209795,0.0008520926143520129,0.0010008706898737927,0.0018411286845820283,0.003333981419647158,0.005589321791761414,0.008160815574359447,0.012781389215280188
0.04711390936171579,0.03360494482909113,0.02916623672320494,0.02444165145653568,0.020388623780581674,0.01578414075305795,0.012260577877844183,0.008990752127585794,0.006297755441392646,0.00432029744757368,0.002765734662013691,0.0017829261980198351,0.0011688823556278045,0.0008068840573581228,0.0010724622481447586,0.0017541693238582248,0.0030499202419637227,0.005000312942454111,0.007549525257839208,0.012194606225355783
0.04665460203632919,0.034318235632378305,0.02921219091431859,0.0245103676893414,0.020167100767851713,0.016109664107160977,0.012529174982241318,0.00920069005175388,0.006401583059905965,0.004076040997192437,0.0028346243615329975,0.0016591685552887056,0.0011737645029259542,0.0008371951425768699,0.0011145688867841557,0.0016101207590569291,0.0029648547170449554,0.004749179717890606,0.0071542130365659755,0.01157358860738085
0.046967741498969005,0.034075166654544284,0.029193512101800937,0.02469075242771818,0.020299631423240802,0.0162366604476034,0.012395275316182702,0.009130689977723013,0.006419223502308046,0.004321769709722545,0.0027554453452595,0.001864027483410663,0.00110792922108347,0.0008119175971298713,0.0009929075614900718,0.0015477179195288173,0.002706391990432904,0.004436791369315942,0.006970650870358748,0.011091132675792845
0.046710016611464296,0.033322732670453575,0.02930350261689769,0.024634700029433763,0.02043954408127776,0.01638309893463338,0.012480588945764079,0.009105856640695043,0.00635193975214748,0.004318642393404133,0.0027403841274244783,0.0017169690674912624,0.0011435183149005846,0.000899928614685075,0.0009456016834754834,0.001370192063712239,0.002564458232824388,0.004301726442000277,0.006382388464674419,0.010516646987776533
0.047109804617217,0.03383424985006292,0.029174797057009882,0.024983316861373672,0.02025459736617588,0.01571678365981602,0.012141946056443916,0.009002981847055745,0.0065161382968838425,0.004248920875463536,0.002819661606818544,0.0017941765287245624,0.0011167143931138754,0.000844715879813824,0.000959597239468504,0.0014225015416064796,0.002429402870344558,0.004014089860875292,0.005967072975004857,0.009974405108841644
0.04670460294657616,0.03361641717048145,0.029423459917325312,0.02501053315532724,0.020150899083065565,0.016284511946882435,0.0121896949361327,0.009049207179127942,0.006248826124255702,0.0043350913973309235,0.002805457274307054,0.0018646646057215764,0.001182759128311599,0.0007749695003815625,0.0009086432788316569,0.0013536585159503276,0.002164161552375585,0.0036836432365298277,0.005797042594557279,0.009450228514478227
0.04677741852065315,0.03312414540279523,0.02934659335793108,0.024720571010372637,0.020248355032426096,0.016085441973589246,0.012410990901761678,0.00906950526744561,0.006319582593175391,0.004286296190503556,0.002918940662854749,0.0019200443503202052,0.0011729848407766037,0.0008383292233792444,0.0007808631072605056,0.0010800249470551148,0.002038356942329371,0.0034158535492932523,0.00532406664041254,0.008870064040915874
0.0467813246236519,0.03311390250245721,0.02882267309309655,0.025019505588224373,0.020116932201615166,0.01583245797432355,0.012313008116351252,0.009062076745623487,0.006461331649041271,0.004478685711776648,0.002984101679000502,0.0018492310914009916,0.0011838456576000866,0.0008173770303544105,0.000871418486906768,0.001204111203807221,0.0019438036403676172,0.0033319935555563055,0.005177847055922774,0.008678720163205197
0.046371994938844356,0.032970054829186,0.0288772669759595,0.02457022353437368,0.02021762969211303,0.016396457191058627,0.011905525094896665,0.008835090679038383,0.0064732180514550835,0.004259805989034162,0.002851117671868411,0.0019738506959089,0.0011843104175453402,0.0008941374947279637,0.0008215942640236192,0.0011202024462252222,0.0019249261914803893,0.0031767186840995373,0.004919443272880641,0.008175453395191904
0.046289077660892144,0.03336134538864196,0.02873429384308525,0.02437723801134659,0.020139992777614652,0.015813311463680518,0.012156557014657387,0.00870736177063189,0.006348274221146742,0.004633801438402165,0.0029868275841121025,0.0018730952646126742,0.001355040988724304,0.0009061731145018073,0.000850486498526836,0.001069858016003996,0.0016165993364855333,0.003029014414396172,0.004627051545556714,0.00753625536194613
0.04579390799337333,0.032802333180782677,0.02843859610607394,0.024285953123601507,0.02024476782182983,0.015950269609374602,0.012229947327802103,0.008963899532722117,0.0064561017169549074,0.004269166921386868,0.002909720967385116,0.001918423110243466,0.0012631870479420009,0.0008274888415662838,0.0007025211389623958,0.0008680189072756525,0.0016380901557536635,0.0029266084947640195,0.004492082282788399,0.0073291868824442346
0.04531876212296318,0.03237971655075931,0.028654122990207014,0.024320269256503314,0.02028547677459906,0.016058068571196855,0.01204355142839764,0.009150936382744331,0.006417144826747228,0.004507883727688678,0.0030210255266519335,0.0019109507106506354,0.0013043801490913267,0.0008363577380831693,0.0007096368686766283,0.0009901123929631054,0.0016152686820353737,0.0027794110689834616,0.004479160330623195,0.006864891898650339
0.04516736415817619,0.0326801252104306,0.028802793571810075,0.024644887804152513,0.020346694971976387,0.016183718587528994,0.012465266274989686,0.009140631866460233,0.006507291546943771,0.004626092717918206,0.003020397401139874,0.0019234539689407814,0.001281175842229449,0.0008028476583891666,0.0007707337520535997,0.0009448249285043033,0.0015668205880563315,0.0027702469728417777,0.0043100242713523685,0.0066492688170589065
0.04533629929631625,0.032979998343478124,0.028635854232835982,0.024443839682488703,0.02009631491495112,0.016137565690389304,0.012146700225320781,0.00914636723061658,0.006649752113333144,0.00459600304935252,0.0031118946722537653,0.002004729538996723,0.0014114242538467655,0.0008603771798898237,0.0006744410506405493,0.0008908030919487959,0.001477347063307871,0.0024966151172834392,0.003985794479725355,0.006409725473756806
0.04471970914010315,0.032588145768157606,0.02868013866576478,0.02484484653758349,0.020025365688678447,0.01618330937684958,0.01246469941658916,0.009344719709140104,0.006723598545700516,0.00454214931935402,0.002945801978523716,0.0020884417011921876,0.0012987232603365185,0.0008404498182125649,0.0006527437219920522,0.0008472140018601508,0.0013376173163101386,0.002374228460302698,0.003659423353344043,0.006190919083453117
0.04528155982386471,0.03315537455763567,0.029000189102304338,0.024481994759164707,0.020387592187373366,0.01611928303212038,0.012136315746819027,0.009183280654834265,0.006554420941729474,0.004572223572952968,0.0030661587919064218,0.00203453818515817,0.0013102088229732286,0.0008425183024015995,0.0006686117189399465,0.0008374530621065995,0.001320339303563228,0.002230394143231489,0.00351021152443472,0.005492408893211228
0.04497761493642102,0.03301417327085084,0.028790194431230452,0.02449367921377314,0.020348984322021042,0.015809556583435386,0.012251900284410075,0.009385869913597366,0.006664912298458517,0.004404476337958794,0.003070144364260821,0.0019331788139796155,0.0013309581886823013,0.0008923661366450407,0.0007135555308144655,0.000769222983573041,0.001327584403666629,0.0021609093025374243,0.003223651582473861,0.005308650722158683
0.04505691444169119,0.03283454019988886,0.029045874441961453,0.024247123029446198,0.02011219045012998,0.016048200341537325,0.012482496634455414,0.009413390222438428,0.006761493102533831,0.004533561700524806,0.0030826192635833717,0.0021198285894778804,0.001307368389048509,0.000873268032478139,0.000626658491391469,0.0008428641164537549,0.0012938555374821172,0.001989767393151349,0.003077551944245975,0.004873072096130426
0.04509753901307109,0.03268194696215854,0.02873037942819685,0.02393578829464265,0.020085586323758228,0.016069820599847604,0.012692657923323695,0.009482748425877268,0.006801629282483853,0.004738840073861706,0.0032115989234977205,0.0021016460078017696,0.0012670695384656972,0.0008683649903618245,0.0006774598465663261,0.0007534840188742679,0.0012248338871835073,0.0019445293850320234,0.0028821608434966392,0.0049162298092469015
0.04497700461935127,0.03333569876558229,0.0284223580656171,0.02423554298497275,0.020209239378364413,0.01611535199321459,0.012584099564422547,0.009468487373660572,0.0068986141946210085,0.004654832747044053,0.0031088538129078265,0.0020224445728536243,0.0013550547597565626,0.000856624393013189,0.0006116331958003441,0.0007974885867893991,0.001277333414433868,0.0020224445728536243,0.0030024093617050033,0.004965718128334836
0.045280395984148486,0.03246557154690587,0.02845039485382564,0.023849812147090425,0.019895369219115614,0.01603033988976822,0.012924482624238509,0.009575690298287141,0.006905091682679574,0.004708553844700388,0.0033437311788592516,0.0019856567091409375,0.0011758731744020675,0.00079291304443181,0.0006933771516201574,0.0008148446818309874,0.0012281716943539525,0.0020126494936322323,0.0029017243328142844,0.004887381041955224
0.04454664603868423,0.03225092724582655,0.028244684803977863,0.023988474452604058,0.01993494078462901,0.01607057202115945,0.012952729041541966,0.009363662773022386,0.006884251346110974,0.004892952931718225,0.0032799843263364827,0.0021585066781967177,0.0013545558340483318,0.0007988839270634167,0.0006705220275775403,0.0008242185124882612,0.0011620129848195168,0.0019372512988197464,0.0027969382309027888,0.004480843675474096
0.04473462553192207,0.032356729183511214,0.028356236295779894,0.023867919591780924,0.020037911843990907,0.01610324985188048,0.012396464036919326,0.009422257932200936,0.006998330596005922,0.004959260803440762,0.003180138649994009,0.0020188141323741154,0.0013875127230865575,0.0009098167369144219,0.0007106360783691497,0.0007393315969731296,0.001146132772476609,0.0019090959730059568,0.002604540306231822,0.004442741468569123
0.04438026718008477,0.03245005151069902,0.02845248349124319,0.024277583557109326,0.019996284474168645,0.016289203019709174,0.012561855060715074,0.009545523635810915,0.006914255797064736,0.004705206802790023,0.003327084494435156,0.002151627231426592,0.0013781223083548665,0.0009238148317035679,0.0006704835250206882,0.0007768826738274975,0.0010893246187363831,0.0016922531286416372,0.0024877134316258803,0.004009390147101045
0.04454154817364445,0.032255448144411954,0.02826428210548372,0.023965583374309537,0.02015015030237898,0.016295853208900875,0.012842024511369418,0.009540272419893645,0.006723475727728802,0.00485631295337838,0.003420033896185749,0.0021087956039722413,0.0014768328188074834,0.0009800492390255606,0.0006775857669814652,0.0007637625104130229,0.0009749800188237042,0.0016627042262088824,0.0023774642746706284,0.003827261252401544
0.044628009788148786,0.032382684169967695,0.028009112171644108,0.023823123825489748,0.020019062554923146,0.016157543228737144,0.012995660226857922,0.009524517690321357,0.0067394919355929,0.00464903267673422,0.0033139778549893875,0.002066800059485987,0.0013671637351792012,0.0009125691186610245,0.000703016209931456,0.0006810469533710979,0.0010021360877147916,0.0015767166439087704,0.0024774561628834488,0.00362830721808374
0.04488621881166558,0.03235940034671991,0.02813934292017847,0.023980054320579196,0.019927111168128772,0.01623371690841969,0.012759765634890757,0.009643675231132548,0.0067841643189080515,0.005062380888879135,0.0033405974588502207,0.002121844874065046,0.0014449476628477956,0.0009368527486922042,0.0007714264975717791,0.0006515768666580015,0.001019565874252417,0.0014770200992895114,0.0022518226428025244,0.0037912995920048485
0.04499744793620854,0.03247543427337167,0.02798650617396625,0.02419390276467944,0.019720185641514478,0.01624194240786374,0.012762009065741846,0.009611646875496477,0.006941275491061019,0.004906384891782357,0.0034461311726986625,0.0020974246127116432,0.0013656076446986363,0.0009616717200909951,0.0006642126291665397,0.0006321005682144678,0.0008822366219463962,0.0014281416581316184,0.002230943181933416,0.0036404936468822555
0.04477382728383476,0.03222480238154707,0.028274120926967242,0.02377834331269956,0.02019893478422291,0.016170623536003348,0.01277516386636875,0.009533276179804104,0.0068837375707949955,0.004883926582466468,0.0033870216485868,0.0022765780786963585,0.0014327759739163888,0.000928182315257967,0.0007408582479968136,0.0006868549132908957,0.000956871586820486,0.0014429015991737487,0.002209073910313962,0.0034511506085500784
0.045266538301222285,0.03229442825344807,0.028548092321867637,0.02425330631021349,0.019966957992098935,0.016110932044503763,0.012693666160967568,0.009694909876995303,0.007091037650676112,0.005138555365613699,0.003417265883536204,0.0023254283395125375,0.0014580334436421134,0.0009213961345238358,0.000720579028281461,0.0007425170314844094,0.0009669596796376514,0.0013635312759986437,0.002070609994616752,0.003461141889942101
0.04471303986921159,0.0327578440155691,0.02834761511895301,0.024318683747446064,0.02024419913178891,0.016173088830513258,0.01295230575337474,0.009658974917034047,0.006976394983744238,0.005226812976938249,0.0033085152510574246,0.002287785150654701,0.001513380000101229,0.0009195006689578257,0.0007389748495477577,0.0006731757191085732,0.0009549309699635398,0.0013851560536043582,0.0020988235452908907,0.003440113511935794
0.04457769916761743,0.03258139864577495,0.028232149005258927,0.024016229097610867,0.020470333290577816,0.01601982056180761,0.012615693078330381,0.009891716004293557,0.007341573898426372,0.004830249309723283,0.003534081780070075,0.0022412896866920054,0.0014024937723200728,0.0009130555124249812,0.0007105293359166674,0.0006683363824774353,0.0008556730957476256,0.001324858737991886,0.0021028967994113244,0.0034176292285777944
0.044514869806879936,0.03267913161813621,0.028125495969770743,0.02438736125509476,0.0201123128822133,0.01621040261770735,0.012764362440356995,0.009574960237997953,0.0071200153982785,0.005098991345221974,0.0034950040015263198,0.0022320750193322685,0.0014165740856427937,0.000952261959836156,0.0007530298476718542,0.0006922471693844397,0.000830696603261328,0.0012966971367981712,0.0020395965380887904,0.003267068957948517
0.044569054334791525,0.032800175654905665,0.028447649771141937,0.024002229466110418,0.020051683078014432,0.015785295657608056,0.01256777070278852,0.009691421622443293,0.007240697890452145,0.005262891212187749,0.0034810073133244375,0.0023493843633354172,0.001457597919164964,0.0009069873494688128,0.0007110645700677289,0.0006114141908895908,0.0008816525073048797,0.0013106558346141506,0.001987940615129968,0.003214146975864341
0.04515922115408962,0.032394520732932156,0.028704539891798816,0.024342732712709838,0.020203742309023238,0.015867255218048156,0.012494619481275797,0.009486593013343685,0.007140264848121671,0.005091025716769494,0.0036477806942768164,0.0023868403062042663,0.0013200205936716657,0.0009419072778373268,0.0006718263379556559,0.0006903944025725211,0.0008220588607648357,0.0014061088932589491,0.001895630596794477,0.003156570984867027
0.04495797326093051,0.03259647238797655,0.028226637084164924,0.0241235846157483,0.019875321236926796,0.016106591562233007,0.012518531276066204,0.00943026668152546,0.0071963825598319615,0.005111086346459723,0.0036235187642889226,0.0023892260258475424,0.0014976985759199788,0.0009421824186734479,0.000732808547857126,0.0006230561155743767,0.0008054140030595603,0.0013322256780167563,0.0019434623008837606,0.0031068380830809026
0.044786624268324804,0.03265279943828948,0.028553055313632947,0.024071861138679033,0.020002497991479826,0.015804859606127503,0.01252033837657559,0.00952949992911105,0.0070365719455302836,0.005122570365719456,0.0034330504526765638,0.0023022029584320726,0.0014549112537891832,0.0009502494615815664,0.0006531910153322666,0.000627873534117838,0.0008287255517523074,0.0013181968552312667,0.0019595730459967993,0.0031359920064272634
0.04476682678923044,0.03245983015872213,0.02856053358440012,0.024386210899470365,0.020390739550273245,0.016037565529610866,0.012433542386922932,0.00947743351707777,0.006954954772546656,0.005075328470601735,0.003668139659271336,0.0022170816523838714,0.0016434075566376639,0.0010275515420865883,0.0007170926196827589,0.0006749107008778907,0.0008959439554154,0.001284017608420187,0.0019403682650239356,0.0032058258291699808
0.04538374733086466,0.03254317917669001,0.0287421953131335,0.02425027704949051,0.019912087466551338,0.015994540097845775,0.012940238397707922,0.009919723220801688,0.007020839527529259,0.005078114441711489,0.003468186609725115,0.0023211341460118388,0.001471403086736763,0.0009899451306862722,0.0006993810308943966,0.0006081574181690406,0.0008091872313971403,0.001211246857853339,0.0018954239532935101,0.003312768602859691
0.04527897719605992,0.03234381325057347,0.028258669545270534,0.024038591283227637,0.019918027256780463,0.016188773444879234,0.012410605856159761,0.00955167993523141,0.007028403724193766,0.004899811091620564,0.0034104709216030244,0.0023309944676831733,0.0013746457967885573,0.0009192416677911211,0.0006611793280259073,0.0007151531507218996,0.0007674402914586427,0.00121441101065983,0.0018401700175414927,0.003294089866414789
0.04472725984817694,0.032450875065564565,0.02794779121207164,0.024168236562005105,0.02006823774258888,0.016062685625717832,0.012561411438507603,0.009448043351036464,0.006911474768394762,0.004985436655777188,0.0034793490598336715,0.002268407409343815,0.0015010279511643088,0.0009916903767242852,0.0006897982382316879,0.0005987246322059883,0.0007420812342834786,0.0011856434265938305,0.001828218313552933,0.0031791434696008102
0.04494868443081065,0.03241277029666467,0.02834236083748629,0.023972631696432326,0.020015524037737945,0.015896073500738135,0.012393864115628704,0.009559628031880074,0.00719550986655753,0.005100272093428323,0.003336484363505996,0.002206848501964179,0.0015456394871994318,0.0009351626219051273,0.0006781197312548933,0.0005665090024199233,0.0007102500925861724,0.0011482376496809784,0.0018737073871082836,0.003011798606895174
0.044991575464108445,0.03293748977502525,0.02824707249486011,0.024270084380286418,0.020100824575695175,0.01610528392962856,0.012239611004012408,0.00943817874858115,0.007065141311259196,0.005100259566781524,0.0034878759206693755,0.002290394342489851,0.0015348003325962917,0.0008770287614835949,0.0006510251960243611,0.0005447697883830796,0.0007286085095402171,0.001200854765723692,0.0020357186829051913,0.0028655228187704396
0.04547679903299761,0.03275112856337344,0.028113636286899883,0.024283104806987806,0.02009636259888646,0.016149345146248984,0.01221920971864417,0.009352641868097361,0.007115773551269019,0.005000455814675881,0.003367963994017008,0.0023195902394884077,0.0013860142551819364,0.0009470816043326022,0.0006634635837838017,0.0005723006486074015,0.0007461855064438684,0.0011446012972148028,0.0019076688286913384,0.0029948712407950762
