0.03789923526765631,0.03683085919928024,0.04087944219523164,0.0402609086819613,0.03688708951866847,0.036043634727845254,0.03879892037786773,0.04014844804318487,0.04430949167791274,0.04093567251461988,0.04245389113810165,0.04037336932073772,0.039811066126855595,0.04099190283400808,0.03891138101664419,0.0402609086819613,0.04312865497076024,0.04149797570850201,0.03964237516869094,0.040092217723796675
0.03960621172579518,0.031570243662954446,0.030066406552802242,0.02705356450737708,0.024469651946978112,0.022237151494793418,0.02219064106870624,0.020562776155654893,0.019477532880287324,0.01854732435854371,0.017048655073512314,0.015193405855145862,0.014309707759489419,0.013343324461900206,0.011648277822278496,0.01075941190150125,0.011503578718896155,0.010924782305366785,0.010376992842562209,0.01019095113821348
0.0395983033448897,0.031160220281097273,0.029197575100230477,0.026431149244962652,0.024071455779150763,0.02260269992833763,0.02051738942366666,0.019581259320950582,0.01831586966486543,0.016879394162421804,0.014968397538946241,0.01384826945052391,0.012708773153079864,0.012266532380417451,0.011330402277701376,0.01088816150503896,0.011285209789984053,0.011762958945852942,0.010281290955691993,0.012043797976667764
0.03829821761826199,0.029821761826197498,0.02745516998891083,0.02450707272874801,0.023073594244448648,0.020577177940659407,0.01933843615611392,0.01770751629567522,0.016255105076677576,0.01509209423092527,0.01387228518107809,0.012739025775565958,0.012303572877505206,0.011597652340897411,0.011045898358261438,0.011340708084277716,0.011927622859924809,0.012246774673410326,0.012235955967868445,0.01576285397452195
0.036835689024611026,0.02845900372967688,0.025588721650231145,0.02298881096935388,0.020821011720117324,0.018730461441900322,0.01739550266146845,0.016065371941725307,0.014597641492353562,0.013808253569747376,0.012842641432002798,0.012181197117647773,0.011910825719079287,0.011592173713623581,0.011283177829545316,0.011891513476324398,0.012823329189247907,0.013607889051165379,0.014947675892285966,0.01958261415345991
0.03577711576866085,0.026868616144068446,0.02461176688178293,0.021368509356566777,0.019067624011114705,0.01699572629812868,0.015595378853432504,0.014272094554277776,0.013188806908380729,0.01205707957100048,0.011453785231618784,0.011348098632019077,0.011257824661527653,0.011064065895594848,0.011145532649452963,0.01214515173733357,0.01387356800162053,0.01571867988629884,0.01779718301175983,0.02325765732441162
0.03482215710052577,0.025752608901040693,0.022830312536426457,0.020018445845492526,0.017678972758635496,0.015323139720122126,0.013568534904979352,0.012640107648481896,0.011775075204652768,0.010820063026713756,0.010613518637052429,0.010370164356164328,0.010541943848555927,0.010543988842512972,0.011376301383029412,0.012588982799555825,0.01464829171429798,0.01706956455943673,0.020049120754848167,0.027517438685968686
0.03340649701157474,0.024499893236175043,0.021877927589118946,0.018898158853029492,0.01604727617589292,0.01387160255386764,0.012161457682090029,0.010834123642127656,0.010593664576917086,0.009974242024934644,0.009431766373819584,0.009599125883206144,0.009972318352412956,0.01028202962840418,0.0113785229657644,0.01270970435077014,0.015368219775738256,0.018634615717558704,0.02184330148372862,0.032125331112132796
0.03208510202663917,0.023902496096992038,0.02110366462284329,0.017383467333560023,0.014677869304990368,0.012356173699393435,0.010601191194375283,0.009972322463410439,0.009392812615399244,0.009030847473739246,0.008789537379299255,0.008895567572310763,0.00943120285769651,0.009975978676962562,0.010736471095803767,0.013016120245551297,0.01595937215500883,0.019763662355990887,0.024375975751991723,0.03499544801412759
0.031243518398081975,0.02348493104454421,0.01980601773893602,0.016605204968027025,0.013492278324820093,0.011256455236079717,0.009670989492334569,0.008862437117475629,0.008157590373305115,0.008013457123873738,0.007902720602969145,0.00804509612984648,0.008797401382976104,0.00970438622086135,0.010818782320123465,0.013015935512674938,0.016209717393367764,0.020681363570848522,0.02566450701155527,0.038792936767688836
0.030795386916181083,0.02272948182101876,0.01929678267586828,0.01563387270876284,0.012351236914220038,0.010286160578016745,0.00869685327385368,0.007658346677034682,0.007278072504472056,0.007066619601343065,0.007158703930125046,0.007515104387818265,0.008111947259553323,0.009157274917763579,0.010908582429969019,0.013347111877343673,0.016503558036148214,0.021593775099374334,0.027304708749204924,0.04091613675545983
0.03057305243937309,0.021991729691677692,0.01886319211160402,0.01497885603543558,0.011823564526296603,0.009571218123111543,0.0077603115495039595,0.006971070642077571,0.006446024784171032,0.006231993351648622,0.006434319940204963,0.006715236195390627,0.007681721882874637,0.00880873114475046,0.010569474101360605,0.013012442249135931,0.016814844417541882,0.022085368443406247,0.028220378802193156,0.04205216012895392
0.030202066639313598,0.021656705867232187,0.018235925118516214,0.014526783757552989,0.011613517686392181,0.009011681076458408,0.007120035460116434,0.006070402831536435,0.005665050199463155,0.005651868000046137,0.005658459099754647,0.006083585030953454,0.007321064001225947,0.008492631974413349,0.009898183987252817,0.012737300186692899,0.016382178325498164,0.02259428980076753,0.028898676671956024,0.043064597720468153
0.029911977519508883,0.021312080000261094,0.0178884395836801,0.014004614897568208,0.01098567554071652,0.008374700961817763,0.006470321378333479,0.005376975773419626,0.005044076514610034,0.004898841053658792,0.004887418039876108,0.005664182977098487,0.006481744392116164,0.00792757156518135,0.009412563356930012,0.012482090346247865,0.016728187755181968,0.0226208310079341,0.02930655778902672,0.04382357644770382
0.02913530333143817,0.02091806900662659,0.01733021684233374,0.013679192563184268,0.010198247054802625,0.007813904668419287,0.006027267676448627,0.005150957057540079,0.004392891679260596,0.004337818553488154,0.004545152674043227,0.005244905330916593,0.006019168687364446,0.007329585121185173,0.009255524725403775,0.011973545462055426,0.016646662163628735,0.022231725036080993,0.03015577595604517,0.04447478865687984
0.028488617778652327,0.020578965874303627,0.01665155918851875,0.013043506311269963,0.009730613772213638,0.007480621030254742,0.005580627159267229,0.004704823532827316,0.004109664162373668,0.003777407169654291,0.004261276576527171,0.004709662226896042,0.005580627159267228,0.0065773981374253635,0.008488682294573242,0.011767703975148466,0.016266076561043355,0.022553153054344983,0.03009183841342447,0.045212757378202004
0.027855148726339353,0.019945900161206592,0.016508004879593304,0.012435248150463764,0.00917093523931062,0.006959367260114791,0.005307120252401625,0.004085614682496952,0.0037014833256453477,0.0034989705601085217,0.0036516587563466055,0.004079185705813245,0.004800838338559554,0.005999842490071252,0.008171229364993902,0.011292497544934523,0.016111015569374276,0.02266696454258635,0.030081181903073524,0.04524392341160076
0.027099198099674152,0.019193996406435078,0.01578315512435626,0.011687901611333993,0.008982309466527111,0.006507526130281955,0.00489667298719492,0.0039397781350327685,0.0033900043757503296,0.0030165429007858718,0.0031223302713766624,0.003757054494921405,0.0045825165533192385,0.005770220214043114,0.0076375275888654,0.011048368870944219,0.015994729865537842,0.022510270190561534,0.02963649215490477,0.045894087607971236
0.026462992085714652,0.01882199890043854,0.015043854602176108,0.01140635188523647,0.008361781289555446,0.006314487361436079,0.0047658317670975425,0.0036998325086622444,0.0029646606062930718,0.0027329216370680057,0.0028815542173295993,0.0032379527699998717,0.004180890644777721,0.005310817894723385,0.007353317223479475,0.010607251991356936,0.01561281372661833,0.022111094063646704,0.029676971858898126,0.045650978737550044
0.02567607878293856,0.01794581798633566,0.014489054646212158,0.011056219063403776,0.008159365244453945,0.005814445027572753,0.004233617860954208,0.0033993367225672254,0.0027357402530280585,0.00261450628263148,0.002574626687106289,0.0030085166864203595,0.003806108596924167,0.004999306095037863,0.006648726165959734,0.010402193696790648,0.015227624755338686,0.022069368163640336,0.02961618282082736,0.045317577171005305
0.02408980621167061,0.017213600208881272,0.013938685703732485,0.010751335757544878,0.007626077044075223,0.005457660147617925,0.003913339744120437,0.00295331376132767,0.002518675132302088,0.0024199659931094645,0.0024056372470976327,0.0027558954829424234,0.0033433740694275515,0.004559725397543098,0.006516395269603317,0.009660758977755417,0.015104090379361512,0.021515408178211386,0.029364376826915114,0.04558929356097995
0.023195109652645995,0.016458633903163353,0.013008476665706965,0.010234353004054612,0.007331385296190194,0.005004239128187101,0.0037587466814704776,0.002877517032069442,0.0022476128061437927,0.0020821834134764515,0.0022142087941628883,0.0024337208728945525,0.002923646381947836,0.004126190813260438,0.006209964893974076,0.009648987460770165,0.014409854501667808,0.020755026110802703,0.028884926360060247,0.04511927618278038
0.02240861669580073,0.015748269024064572,0.012534790195079127,0.009667427168820367,0.006946131362060945,0.004774175315592516,0.0034865610219624757,0.002667314443031402,0.002122737744245825,0.001990959709262726,0.002019538078295205,0.002243401969049627,0.0026085700177979733,0.003931113429134376,0.005818873472446483,0.009319723678925196,0.014435251735738997,0.020611354821091464,0.028754602308179607,0.04427900744148974
0.021511448081147744,0.015307991847158003,0.011889825602144483,0.008949092322211735,0.006490550475450269,0.0046490233244244235,0.0033261691952637387,0.002474403407063153,0.0019065595482627628,0.001641671491224591,0.0018383548389655088,0.002062002839219294,0.0024791618751536593,0.0036703650538103443,0.005564235353831758,0.008972884662664266,0.013980379249906813,0.020567685243197374,0.028569842415398398,0.043662117042453465
0.020388304894302527,0.014335997362911829,0.011380366688378267,0.008711582744188187,0.006256745256331627,0.004294777012324903,0.003038039679936101,0.002239306242957595,0.001806658964594238,0.0015499232169940047,0.0016212387024385146,0.0017733784047201339,0.0024072938308935515,0.003386693164331479,0.005394620276735778,0.008744863304062286,0.013432667880614705,0.019901774804714435,0.028014307471168745,0.0434675807727112
0.019727140103245135,0.013589138826540875,0.010840898254906833,0.007996033663175002,0.005734081192688889,0.003904560812148648,0.002836944590084474,0.002101968437209434,0.0017107203558298341,0.0014224322958659177,0.0013970882905943646,0.0016695363472635602,0.002238192465544033,0.0031711686596030807,0.005059297052333787,0.00835560173796516,0.013185218742525498,0.020100964181000557,0.027162437649787024,0.04290898492506887
0.01871633645746826,0.01300272867481315,0.010474947601534387,0.007711472298018746,0.005144145212955274,0.0037584529600189842,0.002548344999406811,0.001934590896508088,0.0015676039071459654,0.001248072131925496,0.0012765452604104883,0.0015502036619606918,0.001964645865464469,0.002969114564796142,0.004959069877802824,0.008102186894451694,0.013009056036698703,0.01989797128959545,0.02756515205441531,0.041569185747617365
0.017532127742655557,0.012353115074942333,0.009818940073005742,0.007404913106095458,0.005226439523644659,0.003463741378192816,0.0024835863556097277,0.001799058734999281,0.0013279519660803127,0.0010892367912253996,0.0012188701974380012,0.0013785406124071815,0.0018132867917787134,0.0028313832991069526,0.004627280243710805,0.007910799569364147,0.012903266603747044,0.019541445538950885,0.02666812109024856,0.04124871749877084
0.016836696830507217,0.011919743446825374,0.009556005741182566,0.006947525654527969,0.0049690598260908,0.0034121824862352137,0.0022753146518579106,0.0016074047991612443,0.0012047641078192825,0.0010263390171461773,0.0010879193581749482,0.0011763424119598494,0.0017274075150121814,0.002602164154241385,0.00435009844959649,0.007367535160006254,0.0125513366881461,0.018998324698927396,0.026144802224471395,0.040622498298645726
0.016208253799845588,0.011457558720580501,0.00914141725122794,0.006539507815990692,0.004627546453082742,0.003206600766363372,0.002118787901752658,0.0014083150583929734,0.001163596634569083,0.0009930831521627584,0.000996240809244357,0.0011951732053850682,0.0015977744832888884,0.0024803396375956965,0.004191789775822137,0.007540485110857446,0.012101720765226618,0.01886068574838841,0.025851738527047707,0.039227573924699354
0.015235373977836012,0.010496321788273925,0.008745619297193197,0.0062150727749187,0.00435702333217567,0.0030404445426704136,0.0019306664982792912,0.0012723771035266628,0.0010261105673602118,0.0008556183500142074,0.0009424430903293025,0.0010845199381176397,0.0014886496384933538,0.002413727780759638,0.004093391847946201,0.007176459444953116,0.011959713320493798,0.01830581252170619,0.025632241972658093,0.03825340195118872
0.014527814468163003,0.010298557160464022,0.008071884749582203,0.005971458825497371,0.00415824365887568,0.0029683705208141,0.0018826507343600329,0.0011914512191465421,0.0009563171374871587,0.0007637912451217571,0.0007716816505465683,0.0009847225970164802,0.00144236611165555,0.002250343627156251,0.003919953415046372,0.0071092552877551965,0.011288014000735386,0.017778661503185352,0.024843730520561616,0.03815957871547354
0.013661762201774692,0.009653891513152501,0.007474946866545157,0.005589261050812611,0.0039526875752855335,0.002683475968542472,0.0017863562117265694,0.0011478087574024209,0.0007946368320478293,0.0007063438507091819,0.0006700806619450945,0.0009223463229126593,0.0013007448143640065,0.002276697590232273,0.00406463046233989,0.006714996562880368,0.01140713785687708,0.01750250689000586,0.023954201169251347,0.03754343699349784
0.01335862229755701,0.009207682468068482,0.007077864384778731,0.005393858814485284,0.0037051273164922264,0.002443304620697042,0.0016068154178665271,0.0010806621339768993,0.0007293681749727471,0.0006647804964114454,0.0006506027133126231,0.0007845039981348339,0.001253946149629172,0.0021849539064518367,0.0037429347380890875,0.006603696305584787,0.011087026383279039,0.016860534722966117,0.023982507766274527,0.036703129824384534
0.012401789637300799,0.008688339483046162,0.007015869566244453,0.005162294149977399,0.003537069146079695,0.002247283023800412,0.0015228610259390319,0.0009637962232416622,0.0007480444543133818,0.0006252076807629735,0.0005952859025904381,0.0007685172499051168,0.0011952962964712776,0.0020362557461625318,0.003573290245972765,0.0065040496764510874,0.010762391159531896,0.01625697453026746,0.0224996023553164,0.03589825965489166
0.01178135542258765,0.008144940266764895,0.006795845986011605,0.004920967003074424,0.0034018585072437065,0.002236946292824297,0.0014451208281581317,0.001007491644903273,0.000683205271700032,0.0005446751705258322,0.0005698624616484139,0.0006863536830903548,0.001100369780917793,0.0019661829132565437,0.0035136271116001645,0.006115789125701896,0.01032521515456338,0.01569168236936848,0.02214277730813974,0.03435546509120161
0.01083839916954364,0.0077540716740458785,0.006439182440881101,0.004569082801846505,0.003284077414890018,0.002104451906668029,0.00131017073113189,0.0009059523903144882,0.0006716001226810526,0.0005379092317492274,0.0005331907297163393,0.0007124938069660818,0.0010679542934436416,0.0019534598416156147,0.003449224986041097,0.006083721954403543,0.009924582609174342,0.015365015453094159,0.021579282630407596,0.03352810261169087
0.010199216727848329,0.0072930221434089814,0.0059917644707877865,0.004311301116060541,0.0031736840697423768,0.0020895649204848168,0.0012839495294545257,0.0008402316773636236,0.0006278135566818088,0.0005601544515757492,0.0005160973598787803,0.0006073584783939304,0.0010526497980454389,0.001921203891499971,0.0031957126155908603,0.005678644426227186,0.009505317533621068,0.014834652161393715,0.02097589605043907,0.032422872553847994
0.009769201629091003,0.006796786459242072,0.005481127285702382,0.004088446248956669,0.0030352901602211956,0.0019035403335203862,0.0012370654355743544,0.0008189467495987783,0.0005627311638317902,0.0005014280482188299,0.0004841374258664564,0.0006130311561296039,0.0009494123546212327,0.0018469528421853458,0.0031123120234272214,0.005521996029444358,0.009448539178192435,0.014667163379090607,0.020483099988525315,0.031101113987641933
0.00919947134900406,0.006409893325781175,0.005203121558261746,0.003848453381163663,0.002676295666949872,0.0018754523427420627,0.0012571194814185469,0.0008071367884451999,0.0004704364517448631,0.0004200887378457473,0.00046728971962616814,0.0005553982189496209,0.0009062588501840842,0.0016189936750684412,0.003091664306617578,0.005190534629786967,0.009161710563579725,0.014114666918405237,0.019629314956417756,0.030668051228798874
0.008800719272930751,0.006177322154423622,0.004930854859650611,0.0034926233656817534,0.0025385178827974945,0.00166143244713124,0.0011144329281135748,0.0007780596606716778,0.0004872696864812526,0.0004008186130732885,0.00037566920990006274,0.0005187064404477851,0.0008645107340796421,0.001582840562214908,0.0028088739669096725,0.0051509121374163375,0.008961046718160068,0.01374886434726296,0.019140267652523267,0.029684154932898246
0.008248122640530849,0.005868614698883798,0.004534267114697312,0.003339798134742387,0.0024848098122483373,0.00160624644409728,0.0011048838064583047,0.0006695312966589443,0.00044949753719356343,0.00033005063919807096,0.00034891067572367506,0.0004510692069040304,0.0008266982677056444,0.0015355213071262647,0.0027079869111346516,0.005342105345877356,0.008669330122936005,0.013514787840305789,0.018584994326272346,0.028423646713795804
0.007755052712698917,0.0054713850954196406,0.004278541529005718,0.003209690912258508,0.0021455488885366164,0.0014172865006207489,0.0009605529771648933,0.0006466467754770197,0.00045673352345585615,0.000315475732696313,0.0002872241745444044,0.00040807806219423596,0.0007015803607723974,0.001497332582051157,0.0027152886446001074,0.004929896897508056,0.008531970561876406,0.012819929276932759,0.018529883085635176,0.027447958275587655
0.007405208151698377,0.005309631640377707,0.003949234894647797,0.002932864577687924,0.0019950391074791975,0.0014452251802211514,0.0008938403560280818,0.0005718064843483685,0.0004351384510013684,0.00030004131458939096,0.00027176516975897737,0.00040372051230090855,0.0007273252809156445,0.0013949564783004157,0.0025417112408671985,0.004827366281325651,0.0082267872487154,0.012658287502415258,0.01750607544389621,0.026961304095799582
0.007145156099130994,0.005011500388579682,0.003917197202226286,0.002901394961809289,0.0019719437619223307,0.0013093957782191266,0.0007897195161201693,0.0005416565269611498,0.00044117531616255954,0.00026690321618375495,0.0002433529324028354,0.0003799445783321688,0.0006625479837032038,0.0013015456836254881,0.0025983813104947908,0.004733607039964831,0.00808402741253032,0.012153516449873223,0.016852583073626037,0.02604347382385959
0.006467218891813785,0.0047452433762022045,0.0037453359892882757,0.0027093251959394654,0.0017800549085720471,0.0012463523786650844,0.000769159528395329,0.0004928899835023127,0.00035161578440929316,0.00026842097827673713,0.0002699906915999929,0.00036417349099533935,0.0006812555822930053,0.0013138500515650822,0.0025664812835231904,0.004516065231006861,0.0076366553176393384,0.011622157445385748,0.016525941867236785,0.025656964268615624
0.00609899610555484,0.004537766075962077,0.0035068835338088675,0.0025544547619869525,0.0016271311966710494,0.0011783756303760447,0.0007876758541261976,0.00046287724495463795,0.0003216604583583078,0.00020397980286136587,0.00025575929128002044,0.0003703017959637106,0.0006558735199696228,0.001313316115345871,0.0025497475357670737,0.004405963741805504,0.0072585428310513725,0.011079241446185422,0.015871197738020894,0.024741181011677067
0.005875018624091338,0.004120041090626789,0.003433106184766669,0.0023979987923747085,0.0016593085168949914,0.0010680426276044323,0.0007041866957333185,0.00048618680551743633,0.00029955380598009786,0.0002070214784783921,0.000265050226233699,0.00029798546144617057,0.0005881292002227049,0.0011197979972240298,0.002372905279831872,0.00431608415736769,0.007082643915215296,0.011009778628169039,0.015396438289563453,0.024124275620868392
0.005520239832995873,0.0037528841173423734,0.0031140619359294316,0.002395190783381206,0.0015272088022476491,0.0010516237384439104,0.0007361366169107372,0.00044262372274803433,0.00025898196543767954,0.00021974227370469783,0.0002087551600194629,0.0002935128941627037,0.0005509252719310637,0.0010955721931848498,0.002211549026070852,0.003922399585628857,0.0068653764656024865,0.010827015742964323,0.014981714303652431,0.02289400574469088
0.005131888917817628,0.0036732530090247215,0.0029329560746696117,0.002161290626146912,0.0016013626482554398,0.0009677186620701335,0.0006430545404355833,0.000462685583971944,0.00024624283621557696,0.00019605321354743393,0.00020546376779771074,0.0002603586675909922,0.0005348331665573993,0.0010430030960723478,0.0021550169233133937,0.0038975378853229846,0.006668946112029511,0.010392388743722378,0.014534601039552566,0.022074023419732684
0.005138565593570206,0.0034162991034175543,0.0027339804119636347,0.0020971496332733105,0.0014665930494469305,0.0009677945577633754,0.000649379168418213,0.00039684282514446345,0.0002588105381376934,0.00018979439463430857,0.00019920568693022466,0.00025724198942170745,0.0005097783326954569,0.0010352421525507743,0.0020783270486814777,0.003822553220857932,0.0062632150229321795,0.009723433490397344,0.014098115859282353,0.02121148428627895
0.004690469768346308,0.003246162628043081,0.002662794271699108,0.0020480620252291146,0.001365897414988177,0.0009158255916797881,0.0005394589101675464,0.0004045941826256598,0.00023679737045145197,0.00017877417371831472,0.00020229709131282982,0.00026188848255226805,0.0005222087705982352,0.0010632358752720825,0.0021217671670252618,0.003765235009628714,0.005943457178880812,0.009628714268688174,0.013356312610165663,0.02040534691598868
0.004524361948955918,0.0030977613344202685,0.002635291904433436,0.0018875023515394754,0.001330971342572271,0.0008779080704834767,0.0005471248510691667,0.0003417570702953533,0.0002461277983319747,0.00017558161409669538,0.00018028469304571398,0.0002712108860600741,0.0005283125352730923,0.0011177650968834264,0.0020834639744152506,0.0035790430802031723,0.005947827177525552,0.009294851696243805,0.012823728600990783,0.01940960682259986
0.004218774486757562,0.0029619181946403373,0.0025952045133991537,0.0018805829807240246,0.0012552891396332862,0.000871336781068798,0.0005218617771509168,0.0003024604293997807,0.0002413414825262498,0.00018022253565271902,0.0002021626704278327,0.00029462466698009713,0.0005296975395706003,0.001032753486914277,0.001929164707726062,0.003414825262498041,0.005706002194013478,0.00898448519040903,0.012377370318131955,0.018968813665569666
0.003988540585947172,0.0030137381323286487,0.0024526781992170238,0.0018728117879005385,0.0013305583329937722,0.0007867376715699333,0.0005250141832189796,0.00027896276003874136,0.0002084384667705202,0.0001645566842925159,0.00018649757553151805,0.00027112672745338334,0.0005438206614238385,0.0010218186491306707,0.0018257955923883914,0.003324045022708823,0.005648212287525975,0.008705832202332627,0.011769720943207568,0.018243851065230268
0.0037127995197966347,0.0028210380479670506,0.0022756373586934205,0.0017474763463795886,0.0012459584711854467,0.000763247516311085,0.00046860576463452695,0.0003134486719963391,0.00020217439343763873,0.0001269467121585173,0.00016299330943809632,0.00027113310127683334,0.0004748747380744538,0.0009481822327889251,0.0017866574303791313,0.003228521321562292,0.0054477379192963684,0.008304822564543003,0.011448712744666276,0.01789478468427099
0.0036450633300357917,0.0026244455976257696,0.002160385922059923,0.001672809708880942,0.0011429037279983192,0.0007603680494913372,0.0004515175221721754,0.0002884695280544455,0.00019597114677611787,0.00014893807154984956,0.00013012484145934222,0.00021948768438925207,0.0004436786763011309,0.000928119351131694,0.0017245460916298372,0.00324841772896093,0.005201858120025275,0.007718127644630625,0.01122209174898761,0.017421051063809773
0.003439161314684043,0.002538242063684808,0.0020023909613513476,0.0015871846978473517,0.0010779694690216956,0.000766173067371525,0.00040110491870574706,0.00026949236725542407,0.00018018385019984747,0.00012847891927293464,0.00013944663189379496,0.00023658922939284315,0.0004214735278587735,0.0008272788948306037,0.0016200878357099334,0.0030615586373087117,0.0049762078976931775,0.007367169249040718,0.010691952989250074,0.01650954112657211
0.0034611501162326534,0.002437363514687581,0.0019066851386573375,0.0014151423360806504,0.0009783893363389455,0.000671566440463052,0.0004148370786077128,0.0002708181682986201,0.00017376194613379675,0.00014714975618537745,0.00015497687087608894,0.0002316825948450623,0.0005025007631436822,0.0007952348525762946,0.0014668012930393471,0.0027488826793779014,0.004683745430921797,0.007312090544062741,0.010068800338131357,0.01588121570745376
0.003413664689729539,0.002300853886374181,0.0018212481035196168,0.001372989103858162,0.0009889910097425803,0.000661417125374594,0.0004325856080649002,0.0002539089438641807,0.00021315812571313933,0.00016300327260416542,0.0001551665768058882,0.00025704362218349156,0.00039810414655248096,0.0007617268315925417,0.0014450867052023123,0.0024011635925921277,0.00432742341980866,0.007131393176432232,0.009697127380788182,0.015123255551515303
0.003249787495832101,0.002396640007764425,0.0018143081443494247,0.0012664152621041274,0.0009345487162869769,0.0006136400281147316,0.0003506514446369896,0.00027081562465267517,0.00023950745995294395,0.0001189710258589787,0.00016436786467358898,0.0002442036846579037,0.00044614134697116973,0.0007451343198536024,0.0013540781232633755,0.0024498638877539676,0.004262606623868406,0.006510532849309106,0.009514551252248322,0.014401755761876363
0.0031811353821117844,0.002242285785817112,0.0018104149715215624,0.0013034361895224384,0.0008684358765725726,0.0005805220003755399,0.0003927520811166054,0.0002644426362896666,0.0002018526632033549,0.0001486511860799901,0.0001502159354071478,0.00021593540714777505,0.00036615134255492296,0.0006900544532765853,0.0013143894348125432,0.0024065844651686807,0.004116855479752143,0.006241785066032422,0.008833009951805722,0.013751017087062653
0.0030933131184668426,0.002112850327499632,0.0017839410845234102,0.001256120061271094,0.0009366082252370491,0.0005340859612137689,0.0004025222640232804,0.00022710400110262916,0.0001785507319013774,0.00013782863515194037,0.00014722604209411818,0.00021300789068936246,0.0003852936846292879,0.0006687821273849832,0.0013281668478277893,0.0022224867418250385,0.0038826953016097743,0.006189758705914414,0.008415377916720179,0.01318926064334648
0.0030767400952756547,0.0020313370517130217,0.0017793761385190335,0.0012519796928893811,0.0008341314703875502,0.0005148766487007582,0.0003865487301795966,0.00020657664932674798,0.0001596274108433962,0.00013458781698560854,0.0001518025377628375,0.0001658873093078431,0.0003458593901606918,0.000676069034160266,0.0012801492359793925,0.0021940944117886415,0.0037465492309714733,0.005960988312769569,0.008183252267648222,0.012513537030429367
0.003059870155075162,0.002065999286291156,0.001637147919288294,0.0011926450425408031,0.000821704261593073,0.0005384119352152707,0.00035215896925417414,0.00022538174032267144,0.00017686206011431857,0.00011582117211026171,0.00014086358770166966,0.00019407872083341152,0.0003286817046372292,0.0006495376544021434,0.001205166250336507,0.0022084280249672883,0.0038142729247663248,0.0056611510746326634,0.007894621515191356,0.012073574617007563
0.0030555381629202923,0.0020599837204933933,0.0016576920668712038,0.0012319203556446056,0.0008327593763696702,0.0005619560453321647,0.00036785423580239186,0.00021914720430780794,0.0001330536597583119,0.0001220962995429215,0.00013774967127919355,0.00018157911214075506,0.0003287208064617119,0.0006527456014025422,0.001131738776532465,0.00216329597395279,0.00367228100932941,0.005538162920293033,0.007480746352764387,0.011339302485755437
0.0030206187340932624,0.002094566796970935,0.0016518764283803644,0.001281142798147271,0.0008181168295861081,0.0004958757838982719,0.00029564833803398576,0.00020961310738917499,0.00015955624592310332,0.00007195673835747794,0.00011732076906110542,0.0001454777536357707,0.0003316267072127246,0.0005647039684141207,0.0011591291983237214,0.002091438243129305,0.00352900873335805,0.005332620023057441,0.0073693085739582305,0.01094211706109909
0.0030522528160200264,0.00217459324155194,0.0017897371714643308,0.0012093241551939932,0.0008416770963704632,0.0005303504380475597,0.00029568210262828545,0.0002096370463078848,0.000117334167709637,0.00011420525657071337,0.00011420525657071336,0.00014080100125156447,0.00025500625782227785,0.000625782227784731,0.0011248435544430543,0.002021276595744681,0.0034230287859824795,0.005186170212765957,0.007176157697121402,0.010685231539424278
0.0029924141050381176,0.002162926931570438,0.0017497484149752165,0.0012144944275677711,0.0007825350693091312,0.0005023875144964622,0.0003255345888325983,0.0001752878555252453,0.00010016448887156882,0.00010329462914880532,0.00010955490970327838,0.0001643323645549175,0.0002613667131492498,0.0005743807408729024,0.0010188606602404887,0.0018984300781439518,0.003242825327217039,0.004961272339419891,0.006876918189088643,0.010185476462127648
0.0029091603340135456,0.0020907144735030103,0.0016650600297958107,0.001273833519035517,0.0007589794308749697,0.0005101593700314229,0.0002707287454461233,0.00018309400703581748,0.00010171889279767645,0.00009858908071159405,0.00010015398675463522,0.0001799641949497352,0.00023786571854225863,0.0004976401216870938,0.0010265783642350113,0.0017480000500769935,0.003045307159758128,0.004638381511574044,0.0062752732325951155,0.009935588467268426
0.002962700956578355,0.0020862548204537493,0.0016308158461461413,0.0012270245905744478,0.0008435794060199333,0.0005180422697450792,0.00031458155957329604,0.00018624480392647876,0.00009860019031401811,0.00010486051985776528,0.00008294936645465015,0.00014398757950618521,0.0002488480993639505,0.00046795963339510204,0.0008561000651074271,0.0016292507637602044,0.0028844468372815142,0.004386925927780838,0.00595357339610357,0.009531351730355084
0.0029380889280355947,0.0020885775926131624,0.001709974014027106,0.0011561489445251888,0.000689934620481202,0.00048185910001861737,0.000294121788323052,0.00016739910292854567,0.00009073970065285651,0.00008448179026300433,0.00007353044708076303,0.00010638447662748694,0.00021746238604736297,0.00042710238410741087,0.0008213507386680981,0.001595767149412304,0.0026909014676364347,0.004244427721917237,0.005730681439507127,0.00874855872501334
0.0028029157827763724,0.0020384842056555435,0.0016070258921885728,0.0011786940882394779,0.0007956966722995946,0.0004986782681013176,0.00025012076143012793,0.00017195802348321298,0.00010630132360780438,0.0000672199546343469,0.00007816273794691499,0.00011724410692037246,0.0002079128829387939,0.00044552760629741546,0.0008316515317551757,0.0015491854661078557,0.0026653493639898027,0.004061335863721703,0.0054682651467661755,0.008341527393694767
0.002653809945297424,0.0018922274801472505,0.001749919463045267,0.001238548896096382,0.0008053695473353997,0.0005051152694938528,0.00031589252147912764,0.0001642015581945959,0.00009852093491675758,0.00007037209636911257,0.00007662739382414479,0.0001235421247368865,0.00021111628910733767,0.00043943464621601423,0.0007881674793340611,0.0015747711343043634,0.002630352579841055,0.00395334799158037,0.005357662270235104,0.008052131648990237
0.0025490536442866014,0.001882859256270593,0.0016201347088839989,0.0011416007118584166,0.0007897374787513702,0.0005019915458993859,0.0003706292722060887,0.00019704341053994591,0.000096957868678386,0.00006411730025506174,0.00008288333935410418,0.00010477705163632037,0.0002111179398642278,0.0003690654356145018,0.0008178865373999341,0.0014903362717822893,0.0025803303761183383,0.003831399649387836,0.005229469562266501,0.0077190974160728
0.002645167644534493,0.0019197788814943005,0.0014804809452565982,0.0010896464824116671,0.0008207523719743545,0.0005205915045094476,0.000298597529613527,0.00021261394778764232,0.0001047436360424415,0.000060970176203809235,0.00007347687901484702,0.00008129356827174564,0.00020636059638212342,0.00035956770581733625,0.0008285690612312534,0.0014398341611207256,0.0023137400200419914,0.003762954208270995,0.004912007529035093,0.007555611835718206
0.00266474117626833,0.0018676631704637276,0.00151288531297815,0.001167484843796154,0.0007877006175010196,0.0005407627255066523,0.0003110167120688549,0.00017973327581868493,0.0000812706986310576,0.0000609530239732932,0.00007658200447926581,0.00009533678108643296,0.000173481683616296,0.0004329227600154411,0.0007611313506408662,0.0014175485318917165,0.002288082746074391,0.0035227722060462265,0.004685568355690589,0.007129940906824707
0.0025667897140712005,0.001947381592942501,0.001531314521679284,0.0011809422511418384,0.0007836451229431271,0.000469248576612651,0.00029406244134392787,0.00015485203028217472,0.00007977225802415064,0.00007038728649189763,0.00005318150534943378,0.00011418382030907837,0.0001908277544891446,0.00039416880435462677,0.0007320277795157354,0.0013295376337358437,0.0022320590627541758,0.003394231370831507,0.004536069573922292,0.006647688168679224
0.0025695529853079087,0.0018615192247577364,0.0014613941856830258,0.0012003751172241317,0.0008049390434510781,0.0004501406689590499,0.00028133791809940606,0.00015629884338855892,0.00011253516723976241,0.00007189746795873712,0.00007189746795873713,0.00008127539856205066,0.00018755861206627074,0.00039387308533916855,0.0006658330728352614,0.0012707095967489845,0.002163175992497655,0.0032619568615192243,0.004329477961863082,0.006233197874335729
0.0026554443646872807,0.0017468382540375106,0.0014903642400158888,0.001158824660914768,0.0007897522992738972,0.0005145118939824002,0.0003237202494053401,0.00018297231488127928,0.00007193783320118669,0.00006099077162709306,0.00006099077162709306,0.00010634288386262383,0.00019391937645537284,0.00032059251752702744,0.0006349295712974299,0.0012354540919334233,0.0019954929383633516,0.003126168012373307,0.0040441573186580145,0.005992734278846681
0.0026287328944818483,0.001845739327219419,0.0015065984008802032,0.0010877515425442132,0.0007314191406762815,0.000479798453392347,0.00032820089645730586,0.0001766033395222645,0.00010783743740740044,0.00006407731787975968,0.00007501734776166986,0.00007970593199677424,0.00020629770634459212,0.0003250751736339028,0.0006642160999731189,0.0011721460587760923,0.0019754568243906404,0.002942868038233841,0.004046248194895069,0.005726324212474135
0.002598133031285397,0.001834160059368043,0.0014638909502792644,0.0010530016013748388,0.0007467874858415032,0.0004343241026442211,0.0003249619185251727,0.000187478029918369,0.00012498535327891262,0.000056243408975510694,0.00006093035972346991,0.00008905206421122529,0.00017654181150646413,0.0003109010662812951,0.0006030543295707534,0.0010889348904425267,0.0019294613912432135,0.002749677772136078,0.0037714330351911888,0.0055227902980119516
0.0026051794340763105,0.001864858659644553,0.001441595094515848,0.0009464860533874364,0.0006591041493886114,0.00046699559399809187,0.00032955207469430564,0.00020616527895567913,0.00009683520678221292,0.00006715990147798639,0.00005154131973891978,0.00008902591591267963,0.00014212909382550607,0.00032018092565086546,0.0006153721205192247,0.001097986296256383,0.0018055080490360998,0.002592684568685056,0.0035750933600723453,0.005488369623108002
0.0025878962716165913,0.0018534088032229929,0.001450222065253742,0.0010001531484508566,0.0007594912971048689,0.00044694343821397665,0.0002781675944128946,0.00020940706545689812,0.00012033092567299368,0.00007501148613381424,0.000059384093189269594,0.00008907613978390441,0.00012501914355635707,0.0002828558122962579,0.0006125938034261493,0.0011142331169460328,0.0017502680097889985,0.0024300596028766904,0.003428650012033092,0.005244553072189179
0.002534822554607299,0.001711239640749069,0.0014783860275329867,0.0010564365270743115,0.0007141885989244978,0.0005094649524056591,0.00030005297810394656,0.00017503090389396882,0.00011877097049947876,0.00006094826117736412,0.00006094826117736411,0.00007032491674311243,0.00016721702425584516,0.00031880628923544314,0.0006079198358460167,0.0010876920456268063,0.0018237595075380503,0.0023582288747857044,0.0033240243980577817,0.004941497483149366
0.002494463698124539,0.001699988739724999,0.001409098302200758,0.0009571233750797603,0.0006975114792247926,0.0005129680833760805,0.00033311646877775967,0.00022520550001876708,0.00010947489584245626,0.00007663242708971938,0.00005942922917161909,0.00008445206250703768,0.00016108448959675708,0.0003049657812754138,0.0005755251667146269,0.0010775457605064621,0.0016859133959738265,0.0022504910731042066,0.0030480938856706744,0.004910731042075892
0.0026207155366524885,0.001693457593194896,0.0013369402051538648,0.0010492244183137344,0.0006723792844633468,0.0004612834625969474,0.0002689517137853388,0.00018294971228421304,0.0001125844383287465,0.00006723792844633471,0.0000781836377282962,0.00006254691018263696,0.0001626219664748561,0.0003127345509131848,0.000534776082061546,0.0009960595446584933,0.0015714911183387545,0.00218288716537403,0.003063234926194646,0.0044783587690768074
0.00251139733960558,0.0017382992779732649,0.0013306657545671353,0.000994875687393504,0.0007215581908568269,0.00038264449515134757,0.0002592611681433621,0.00015930505512423454,0.00011713606994429013,0.00006247257063695469,0.0000624725706369547,0.00008121434182804115,0.00013119239833760495,0.0002998683390573826,0.0005294550361481911,0.0009605157735431785,0.0014946562524891414,0.002178730900963796,0.0030486614470833905,0.004340281845002429
0.0025857527213718565,0.0017853262441394555,0.0014132529988634573,0.00108651640952445,0.0007441464905519971,0.00046743655604001514,0.00025794993895184774,0.00015789662929779764,0.00007503998224053752,0.00007191331631384847,0.00006253331853378127,0.00006096998557043676,0.0001438266326276969,0.00028139993340201567,0.0005033932141969395,0.0008629597957661815,0.0013757330077431883,0.0021464561586720422,0.0028749693195905947,0.004205365671396791
0.002516806046583565,0.0017653574380133018,0.0014263463193859684,0.0010607767260274617,0.0006920826062299933,0.00041399975316241136,0.0002546489047753701,0.00017184895414288774,0.00009373579316884779,0.00007186410809611665,0.0000546792126818279,0.00009373579316884783,0.00014060368975327172,0.00027808285306758193,0.0005264827049650287,0.0008748674029092465,0.0013279237365586784,0.002018444079569191,0.002768330424919973,0.0041009409511370935
0.002640205213819106,0.001799216223271635,0.0015678660920429627,0.0010160647655313318,0.0006627868624388993,0.00036890966871599133,0.000225097424979249,0.00016413353904736895,0.00010004329999077722,0.00007659565155543881,0.0000578375328071681,0.00008441153436721828,0.00011723824217669206,0.00028293495778641695,0.0005252273249515807,0.0007659565155543886,0.001383411257684967,0.0018711223451400067,0.0027246167481863245,0.003911067759014449
0.0026854297859310954,0.0018340282540332206,0.0014715967762344924,0.0009404471967018732,0.0006451905186675639,0.0004358550961458846,0.0002405795154353629,0.00020308660393894275,0.00010154330196947139,0.00007811023228420875,0.00004217952543347272,0.00006873700441010371,0.00011091652984357641,0.00027807242693178314,0.0005311495795326193,0.000752982639219772,0.0011700912796174462,0.0018059085704109053,0.0025682644375047818,0.003943004525706856
0.0026853568335922836,0.0018616181541376065,0.0013598722032743217,0.0009909873297424367,0.0006158501702184856,0.0004360969479465927,0.00024071301069453527,0.0001594332927976792,0.00008909507538693838,0.00006877514591272436,0.00003595064445437864,0.000053144430932559735,0.00011254114785718532,0.00025321758267866695,0.0004986198078672512,0.0008174863934626095,0.0011347899075599514,0.0017240678623121574,0.0026165816876795585,0.003920183317025287
0.0025669789329616968,0.0018092280002249823,0.0014280089742708408,0.0009499228187709749,0.0006327610881615869,0.0004265278446126253,0.0002593539274933911,0.00018592239380550322,0.00008749289120258982,0.00005624543005880774,0.0000421840725441058,0.000060932549230375066,0.00011561560623199367,0.00021873222800647445,0.0004405892021273273,0.0007108797410210421,0.0011780292851205838,0.0016764262903639076,0.0024669870573015935,0.003843437720685194
0.0025361803936389342,0.0017678301758616219,0.0014289440025736613,0.0009541910224836146,0.0006887041586174696,0.00041697054501329823,0.000252993364390091,0.00018427911727179473,0.00009057787120139053,0.00006871424711829626,0.0000421655607316818,0.00005778243507674913,0.00012962005706405885,0.000223321303134463,0.0003951069209302039,0.00068870415861747,0.0011212915779758347,0.0017006776161778328,0.0024596577093481046,0.0036262382229246336
0.002736892751920668,0.0017199308903337073,0.001318457467249454,0.0009872809470398757,0.000677974574391307,0.0004014734230842533,0.0002858740716903437,0.00017183687369364922,0.00007966982325796465,0.00006248613588859971,0.000039053834930374825,0.00005467536890252477,0.00011559935139390955,0.00018277194747415426,0.0003967869628926083,0.000665477347213587,0.00114505844015859,0.0018074114805777474,0.002237003664811871,0.0034242402466952647
0.002629778967390117,0.0017958704349754354,0.0013570533982553508,0.0009760165407475197,0.0005824866715181198,0.00045911818076763334,0.00027016137847891356,0.0001795870434975437,0.000059341805677449174,0.00004372554102548887,0.00005465692628186108,0.00004997204688627299,0.00012180686428529046,0.00021394282573185638,0.00037791360457743956,0.0006699377535690976,0.0010806455139156532,0.001699049594133281,0.0022471804834170894,0.0033059632268199976
0.0025163578882587156,0.0017634811023240784,0.0013558030086955697,0.0009481249150670637,0.0006419758485874189,0.0004076780936285069,0.00022648782979361494,0.0001608844584051196,0.00008903314688438656,0.00006247940132237653,0.00006716535642155477,0.00007341329655379242,0.0001062149822480401,0.0002030580542977238,0.0003639425127028435,0.0006591576839510725,0.0010699597476456978,0.00162446443438179,0.00231329983396099,0.003323904150350431
0.002452734095503531,0.0016466125711214793,0.0013732186432787283,0.0009154790955191525,0.0006202136534489817,0.0004061852642235143,0.0002577714176803072,0.00016091185467316144,0.0001093575711371,0.00005936553861728286,0.00005936553861728286,0.00006249004064977144,0.00011091982215334429,0.00019059462398180287,0.00041399651930473574,0.0006311494105626918,0.0010076519054775656,0.0016013072916503943,0.0022308944511968414,0.0033885224542338577
0.002553430733310949,0.0018100466176803607,0.0013790087691214485,0.0008808164731421256,0.000688723518893045,0.00039824149051638643,0.00027954990902914967,0.0001780373722308551,0.00009058041745078598,0.00006090752207897675,0.00004372847739003459,0.000056222328072901614,0.00011712985015187838,0.00018428429757228867,0.0003701303264799356,0.0005825257880886752,0.000999508054629362,0.00151175593262691,0.0021848621381663717,0.0031749998047835844
0.002592664625577193,0.0018084345512949208,0.0013175065247942185,0.0009677399116643247,0.0005960148564545272,0.0004077996386267819,0.0002713436057016665,0.000152140634410761,0.0001160660509937764,0.000054896105199759085,0.00005646456534832363,0.00005960148564545272,0.00008940222846817912,0.00018194137723348737,0.0003638827544669747,0.0006069940774944794,0.0009536237703272437,0.0013912241517767517,0.0020452720337281677,0.003210637924111624
0.005588129288040467,0.0035623720828452635,0.002561561136354859,0.0017457875835081799,0.0011407957573339172,0.0007031420958461517,0.0004231724741591258,0.00024135312214398818,0.00014159383165780637,0.00007401495745748966,0.00008849614478612896,0.000094932228043302,0.0001335487275863401,0.00023813508051540158,0.00041834541171624604,0.0006806158044460462,0.0010072470297475768,0.0016975169590793828,0.002434448492025693,0.00383268757964653
0.007586643456243075,0.005242918183256845,0.0039974679537901564,0.002706124386770059,0.0016268396898243386,0.0010270612438677007,0.0005333122329482512,0.00031334071846811183,0.00017724323468903302,0.00012501978161101439,0.00008703908846336446,0.00009495173286912486,0.0001313498971356227,0.00023104921664820382,0.00029751542965659116,0.0005333122329482512,0.0009020414622566861,0.0014670042728279788,0.0021300838740307016,0.0033438835258743477
0.01129409359788427,0.007333495164237073,0.00547776315621367,0.00368431475259036,0.0022613739443727568,0.0012344929795198736,0.000709074880862644,0.00044716433928274865,0.0002124030611593056,0.00015331348775408525,0.000107000038328372,0.00009741794534374165,0.00011498511581556395,0.00022198515414393593,0.00032579116147743117,0.000451955385775064,0.0007937167022268787,0.0012792094134481484,0.001828582744566953,0.0025791800283629968
0.015139175473441256,0.010011234472124665,0.007294359264898551,0.004872026808218869,0.0029599132145076,0.0018123231536354303,0.0009463996574934574,0.0005923045475469259,0.0002977617970004926,0.00016417136915702825,0.00010300948652990011,0.00010944757943801883,0.00013841899752455326,0.00020119040337871115,0.00026879037891395813,0.00047319982874672884,0.00072589497539039,0.001149199584099198,0.0016320565522081041,0.002393361038593148
0.020129441760122675,0.013564964819266171,0.009961796365062716,0.0064964008836920556,0.00392085672097083,0.002231922159891208,0.0012399567554951152,0.0006402391090464974,0.00036469316338091624,0.0002123324640128891,0.0001037349442505718,0.00012804782180929951,0.00014101468984062103,0.00019450302046982208,0.0003112048327517153,0.0004003520504670503,0.000713177741722681,0.0009741359608530255,0.0013404499827378569,0.0019855516672960998
0.02764892777223233,0.017928091910829277,0.013026898661917159,0.008750383287991178,0.0054035451692664984,0.0030238975984968573,0.0015820823465706338,0.0008432335805948636,0.00038165697845106005,0.00021855570560872666,0.00016799431102760334,0.00014679114555809998,0.00011743291644648,0.00015494620920021668,0.00021529368015188,0.00044526647485957,0.0006360949640851,0.0008497576315085571,0.0011694361262795305,0.0017631247594256238
0.03686015666755199,0.02388376828416569,0.017422625312728496,0.011571364397970988,0.007007085780239166,0.00392324667106044,0.002154260813110497,0.0010574567918236464,0.0005361060014361742,0.0002328044409906322,0.00019509667942172693,0.00015083104627562085,0.00011476275260101578,0.0001459126425927201,0.00026067539519373606,0.00037707761568905217,0.0006049636529967837,0.0008672785160848192,0.0010033543513117383,0.0015263446095935104
0.0467419784090216,0.030770524538425638,0.02281612711206235,0.0151964607548433,0.009380714543652722,0.005238623678183284,0.0026959866899054674,0.0013883919222632437,0.000689249196562988,0.00032648646152983634,0.00023744469929442647,0.0001418072509675047,0.00014345617249038268,0.00017148783837930796,0.00021600871949701295,0.000382549793307687,0.0006117498849877238,0.0008129183107788349,0.0010437673239817495,0.001454348783178362
0.0588006597744392,0.03878242829419852,0.0280056712807863,0.018257950629416212,0.011435207933175498,0.006465392448328973,0.0033170705882547584,0.0016064217163069168,0.0007941116620260767,0.0004284894176349041,0.0002663582866379133,0.0001522047352216647,0.00015716793310932773,0.00019521911691474395,0.0002580862901584751,0.0003937470324212631,0.0006104733401825465,0.0007279356901905705,0.000990985178236708,0.001483996168411231
0.07020346811602862,0.04617186618620053,0.03426307511596887,0.022649598173697792,0.013758652040321997,0.007769416074379344,0.004081307611140973,0.0019610185351091993,0.0009672367224777185,0.0005275836668060281,0.00028535971915294607,0.000185815631076337,0.00019742910801860802,0.0001941109717493877,0.0002969731960952172,0.0004230623743255887,0.0005259245986714182,0.0007764438869975512,0.0008627154299972794,0.0012525964416306653
0.08270726757881106,0.055271354349610224,0.04060368664361613,0.026526987276701372,0.016415602230031513,0.009184147399156663,0.00486591677501086,0.002422137840451866,0.0010770606067163969,0.0005843095408925124,0.0003162929138734397,0.0002313932369916216,0.00017812285149714763,0.0001914404478707662,0.000259693129285561,0.0003479222052607836,0.0005310391553980379,0.0007258090023622091,0.0008872848583923335,0.0012884774491475905
0.09365239849443423,0.06270020821654519,0.045917754464643246,0.030518405808707724,0.01891800806171752,0.010636061503964126,0.005654213715597559,0.0027194949414057297,0.0013730946851392117,0.0006189770694855984,0.00035703798617228575,0.00023524465444061833,0.00016517177864979585,0.0001735137876725128,0.00027194949414057287,0.00040208483489495735,0.0005489041936947757,0.0007541176156536134,0.0008859213582125408,0.0013747630869437543
0.10375576476734959,0.06827125637599177,0.050905784360022896,0.03397905425998305,0.020624219223594274,0.011979998727313524,0.006475629728616356,0.0031750178343565067,0.001584159742247496,0.0008322699702928184,0.0004186468663444759,0.00022941848275677293,0.00017248250893392417,0.00019257755851845898,0.00024448976994517405,0.00036003630505624935,0.0005626613883669756,0.0006865808608049405,0.0009327452182154922,0.0015473188180091827
0.11266934223623233,0.07432342835465902,0.05438926012276735,0.03701652172599414,0.022775911816987023,0.01294814531330516,0.007038057207504349,0.0036692566314344174,0.001876591451941299,0.0009265460478279046,0.00038606085326162675,0.0002450647155486848,0.00016281696854946864,0.00020981568112044932,0.00023499356285490325,0.00038941790415955406,0.0005002005837911513,0.0007016236376667826,0.0009382957259706494,0.001525779633107908
0.11914465078900735,0.07942192139180024,0.05826011519877337,0.039388162031479594,0.024342718032004145,0.014001392069240315,0.007863173716118749,0.004127451672668706,0.0020696101869878527,0.0010188332845772852,0.0005077353992447856,0.00022528656787682548,0.00016644306134183372,0.00018829922091197356,0.000252186456578536,0.0003665109835608057,0.0004825167535869322,0.0006926721340690453,0.0009129149728143,0.0016089495929710596
0.12550993092046003,0.08217148494914578,0.060836463491219,0.04141741854995258,0.025746144896986796,0.014783998060452596,0.008399654518118438,0.004468367025673748,0.0020136273408838754,0.0009377846395253494,0.0005690685963367473,0.00031315609147525145,0.00016836349004045774,0.00015489441083722108,0.00029126883776999174,0.0003737669478898162,0.0005471813426314876,0.0007896247682897467,0.0010135482100435554,0.0017459293917195466
0.1278502673074846,0.08528863808186633,0.06365765741440758,0.042867075278107764,0.026791500162004538,0.015692501890052918,0.008854560427691973,0.004684631169672748,0.002322065017820497,0.0010817177880980658,0.0004978264391402957,0.00028182039097094703,0.00021431850091802564,0.00019575548115347225,0.0002160060481693487,0.0003965736040609136,0.0005467653094286636,0.000749270979587428,0.0010766551463440974,0.0017516740468733114
0.1298408508236312,0.08688392436146822,0.06570966471694699,0.044068959573033355,0.027596335360793898,0.016590925607012905,0.009097377258077875,0.004862187325188562,0.002475879190615656,0.001287795183105208,0.0005881269340165519,0.0003042035865602856,0.00025181296887490307,0.00021294251059219993,0.0002349127696215539,0.00040898482193105066,0.0005695367148378679,0.0008112095641607611,0.0012151243263158066,0.0017745209216016647
0.13083176647233083,0.0877960690951885,0.06556298781230131,0.04516786830251464,0.0288798409241549,0.01696098854275164,0.009659867166258608,0.005138515021575338,0.0024973960799166747,0.0013848120443139854,0.0006712703071949357,0.0003702977261352417,0.0002164297212114655,0.00021473886401450083,0.00035338915416559567,0.00044976801439257645,0.0006306897344677858,0.0009553343162849836,0.0013577583291625528,0.0019241954901456845
0.13149222541717892,0.08813677575806837,0.0662693856538541,0.04535540224279186,0.029183050698205298,0.017647337743050967,0.010059033316737626,0.005405460327782238,0.0027061170437957453,0.0014800665183213278,0.0007400332591606638,0.0003708633495564882,0.00025062911294228415,0.00023877503327609506,0.00033530111055792076,0.00044876158736287383,0.0006401203019742124,0.0009635673328659443,0.001353058521897872,0.0020084197834428995
0.13030174231250535,0.08778958812064273,0.06621431002629811,0.0454366110844875,0.029442693683884327,0.01838665485820532,0.010436263942818148,0.005794725817349291,0.0029498575025781624,0.0015020227352392826,0.0008297532584749136,0.0003488350433588412,0.00026247296951757476,0.0002556994735300244,0.000330207929393078,0.0004453573611814333,0.0006756562247581441,0.0009550629342445947,0.0014901691172610693,0.0022030795699507404
0.12982726335214934,0.08721640251845421,0.06554120983499784,0.04587087494572298,0.029518223512809375,0.018259132110290927,0.010838444420321317,0.006002700282240552,0.003071740664350846,0.001638487841945289,0.0008582555362570563,0.0005292010421189752,0.00024424663482414236,0.0002391581632653061,0.0002917390360399479,0.00045965859748154573,0.0008141554494138084,0.001182221558836301,0.0015672492401215805,0.0024882625922709512
0.12785112621392128,0.08587190481839906,0.06462891717370305,0.04553158313984035,0.03003576089351388,0.018788875141941934,0.011157059810518111,0.006175957154720946,0.0033862684948222977,0.001720251512634951,0.0008880904360795214,0.0004898056031049271,0.0003440503025269904,0.00030845889192074994,0.0003355761571445521,0.0005067538938698031,0.0007948748368727014,0.001284680439977628,0.0017575377523176784,0.0026422385302442247
0.12611979564472053,0.08525552896447544,0.06417672318685608,0.04497004260230494,0.029051037900775668,0.018668635538129922,0.011032469406113684,0.006312269803282585,0.003679752872685304,0.0019485038274182315,0.0009182409151857703,0.0005533207732912404,0.00039377429264898095,0.00028854150754451186,0.0003513417180100821,0.0005397423494067928,0.0008096135241101893,0.0013799073272569885,0.001719367924368179,0.0027767876843695365
0.12448095477182362,0.08356119305768528,0.06398165361703283,0.04412562929993351,0.029965532682887108,0.01894515082843689,0.011325702576906899,0.00643039366018482,0.003628227918526861,0.0018370130134476809,0.0009804187643331114,0.0005580584316013734,0.0004919056084024264,0.0003070169486925488,0.0003053207224566785,0.0005393999430067985,0.0008989999050113308,0.0013349300476300327,0.0020202054469216886,0.0030108015686700225
0.12211155513871332,0.08234786391007083,0.06286615286329841,0.04431384142777528,0.02933980344982261,0.0186763446560372,0.011723687966398893,0.00664172409574685,0.003637741440008699,0.0019709388465250304,0.0010891136212263324,0.0006371569546955922,0.00038739142845492,0.00038739142845492004,0.0003449142981418806,0.0005878834835324663,0.0008886215661487859,0.001366064510867349,0.001969239761312509,0.003258845437616386
0.12026617284955533,0.08236842283768475,0.06327879638862322,0.04459446626374445,0.02907110830738759,0.018589365295781524,0.011521268730116737,0.006773027275255556,0.0037850267597321994,0.0020688766339038004,0.001215888972548381,0.0007308900239447033,0.0004544745392509991,0.000345943305997029,0.00042225432937872666,0.0006952782130332442,0.0009767810992857289,0.0014499094442522536,0.00197052020376739,0.0032779824043738075
0.11903456865962656,0.08077163913923684,0.062315562260411246,0.044151361551423685,0.029538886560290245,0.018406865199027306,0.011210081267149848,0.006876059535950829,0.0038554805690227748,0.002328221540800726,0.001272715856851708,0.0007670234230626296,0.000446299027135999,0.00042254166447476706,0.0004395112092327901,0.0007262965156433748,0.001075869137658644,0.001472956484996377,0.0021466474118898814,0.0034465145403544256
0.11777487607056904,0.08034115947477972,0.06170982815006004,0.04311406249735375,0.02900634593204925,0.018817627701932578,0.011381015044279264,0.006759171285970016,0.004129005160409649,0.002369351197462306,0.0013481083296497459,0.0008264784734536125,0.0005233234596253413,0.0004013840127223491,0.0005521147179218808,0.000765508750002117,0.0011194718667066354,0.001656344153765642,0.0021576507688112773,0.0036514089933729287
0.11760967060681975,0.079155042254667,0.06114638453950379,0.04339196669796643,0.028990125323308365,0.019067990521937514,0.011250961874188546,0.006778035030864713,0.004008515340833972,0.0024390078543171604,0.0012728943006200056,0.0008983142201446111,0.0005559378569951557,0.0005457682620501223,0.0006050908992294836,0.0008067878656393113,0.001193232473550578,0.0018101879002159335,0.0023373119048668285,0.003949192703654612
0.11559946682404175,0.07865871651115702,0.06066402792051201,0.04354439910866003,0.029075387417454385,0.018386430468360488,0.011206191895861105,0.006805455217628722,0.004109050085301369,0.002369105641422209,0.0013058062590516112,0.0007580459711637277,0.0005681105153016751,0.0004748386396551312,0.0006088109701292577,0.0008733639265085454,0.0012871518839223032,0.0018993545586205262,0.002640442006939428,0.00405139110762896
0.11356052093627736,0.0780135243072008,0.060774770871972604,0.04296235125292756,0.02920451622510729,0.018499465255120685,0.011163645470913941,0.006846765131926299,0.0039733575209498165,0.0022963569658981686,0.0014096281153965914,0.0009391880000541511,0.0005635128000324911,0.0005567438775095781,0.000651508792830357,0.000851192007256285,0.0012979408937685301,0.0019477574559681587,0.0026788010884427416,0.0046265585444109
0.1125765848689788,0.07743679897666882,0.059535270917123365,0.042738629230251214,0.029053604755241432,0.01873399987479084,0.01176797047770685,0.006962645365314689,0.0041183666632262335,0.0025194116522365925,0.001429753422525131,0.0008324718152454018,0.0006192778137801159,0.0006429660361651476,0.0006632702267808892,0.0008984604347465617,0.001395913104832228,0.0019796585850347975,0.002954259734590388,0.004676731905159126
0.11300945637679297,0.07676283244545828,0.05925127427554134,0.0423506237688772,0.028748197737780156,0.01832722989758413,0.01179508701626605,0.006855365495393653,0.004086819963311694,0.002411477618103172,0.0015416534105908706,0.0009121308323913056,0.0006447529631560062,0.0006024463382770032,0.0007039822379866106,0.0009392070723138675,0.0013910418260216198,0.002145792013863034,0.0030410001963027374,0.004714650276516101
0.11266131963049673,0.07597805968509391,0.05812662164789005,0.04217679025701269,0.028087997904006897,0.018366984727985737,0.011507678265058613,0.006994531824443677,0.0042815730090178415,0.0025371658454543156,0.0015297369021559986,0.000970241968881264,0.000735287903246254,0.0005882303225970031,0.0008417778754405389,0.0010970157453030313,0.0014790273915872918,0.002302211779819305,0.0032487893104351734,0.005076022007927587
0.11264855185695104,0.07505173447754512,0.05778720025677197,0.041537928762680226,0.028253359573623436,0.018146343111501526,0.011536155009164393,0.007203128563344114,0.004451276680209134,0.0027028625003167436,0.0015828638517479921,0.001010194859493382,0.0006740263360164872,0.0006233476641355482,0.0007652479454021772,0.0010963486016909783,0.0016166496330019522,0.0024477798518493495,0.003147145523806307,0.005344910594376357
0.1129768415366957,0.07602120045911823,0.057334076024576304,0.040583012625751126,0.027692255755857126,0.018030517858348524,0.011548848828573358,0.007411721018162179,0.004506785497265546,0.0028205387887381005,0.0016491121463776918,0.0010313280669772466,0.0006836135304840998,0.0007342515697792182,0.0007713861319289715,0.0011191006684221185,0.0016170413881574505,0.00243737762473837,0.003299912227398555,0.005342313145635002
0.11196550849606901,0.07511201284977595,0.05612985036774029,0.04026206779947588,0.027605038464789924,0.01783413644433173,0.011262152337475694,0.0073497337053005304,0.004559979710880042,0.00282356919435286,0.0016823061966353883,0.0010364358779271277,0.000770986558458027,0.0006593963986812073,0.0008318539183362926,0.0012325640375348726,0.0016890692366218615,0.002639276354721447,0.0035962465128075074,0.0057080057485839894
0.11152339688920522,0.07366203873532891,0.056360123268751915,0.04023308139760936,0.027311162313435992,0.017776936301565543,0.011552641944170685,0.007333239794236526,0.004706256244157327,0.0027757445233140563,0.0018172505253121866,0.0010700647279280134,0.0007387334693594655,0.0007928283687175964,0.0008249472152114858,0.0012340398916073454,0.0018645835622505512,0.0027672921952893487,0.0037443813149455746,0.005903105892455961
0.11101040532671713,0.07452509346228173,0.055868081048465384,0.03999426145809596,0.02696270791665611,0.017944758095141646,0.011571600968800902,0.007547870410221355,0.004789994683409707,0.00293171979037444,0.0017823236031291937,0.001108888832628674,0.0008810349629104539,0.0008168983181008803,0.0008337763825244522,0.0011831523160923908,0.0018717773445741245,0.0028675831455648665,0.003844823075689681,0.006300581449319394
0.10973820646017385,0.07394439314106668,0.05654889024322303,0.04011061270864389,0.027047103253722116,0.017751719038317713,0.011331387369014597,0.007374180576259797,0.004583539437853788,0.0029240111625645554,0.0017658866489852906,0.0011311128631167726,0.000886319780800456,0.0008019083731051748,0.0008812550963387395,0.0013421413823549767,0.00184692160037276,0.0028801172305630072,0.004095641501375062,0.0061974855529875715
0.10941147105252509,0.07392703428363263,0.05589136095632583,0.03988120134382127,0.026355289609671203,0.017630907888878392,0.011212002644467537,0.007243614825208791,0.004642996883306125,0.0028687750448615035,0.0019023975606136242,0.0012176693606055287,0.0009343335537056279,0.0008213365354776908,0.0009090357138038508,0.0012395941551870693,0.0020524980773641674,0.003020562084272165,0.004400137620249067,0.00664489928086674
0.11059698952416416,0.07385321023622445,0.05571553985855854,0.03951565477765178,0.026448241754723555,0.0173103203074844,0.01122567447566057,0.00700130252872556,0.004446795998389109,0.0030060947560159815,0.001931045173987844,0.0013294892166460812,0.0009688926483795906,0.0008745309295808824,0.0008981213592805592,0.0012789382958610597,0.0020473122917933945,0.003194818193613397,0.004772006922106087,0.0072085613039441524
0.10960611880454194,0.074133225512989,0.05606657906263685,0.039457191953906796,0.026304794635937868,0.017133326594561814,0.011181306647798107,0.006903871424239361,0.004584049327807541,0.0030105461774318533,0.002078911014522053,0.001317429832541528,0.0009501667845951685,0.000865932140570774,0.0010967350651976146,0.0014067185552073857,0.0022339027595269395,0.003541224434785538,0.0049513123757539005,0.007434549681593046
0.1076976490594721,0.07343550124128445,0.0560204403231216,0.039316610964763694,0.026939159364745512,0.017474049317672755,0.010863977806878722,0.006926923485304304,0.004405590751967266,0.002952790741180813,0.002074706279905012,0.0013331378289235293,0.0010280835343152374,0.0009320167122562729,0.001105611145099665,0.0015926867867670483,0.0023982997857878397,0.00360166313578961,0.00518423762549782,0.00786062558040372
0.10781634372367313,0.07256613310867735,0.05600336983993259,0.04002021903959563,0.026689132266217355,0.017361415332771694,0.011194608256107835,0.007059814658803705,0.0043841617523167654,0.0029772535804549285,0.001976411120471778,0.001277169334456613,0.001103622577927549,0.0010311710193765795,0.0012249368155012633,0.0017203032855939344,0.002412805391743892,0.0037657961246840765,0.00542207245155855,0.008077506318449876
0.10763808195832365,0.0721067539667303,0.055598217623700354,0.039557841344259305,0.02679795356795227,0.01760652325475654,0.011136483814797227,0.007153755216279845,0.004658024229809336,0.0030969293415109792,0.0019837861687329707,0.0014768934380125763,0.001168716129966622,0.0010036812874064948,0.001210816855109513,0.001702553324778466,0.002633821364939189,0.0038227458429743997,0.005606132560027213,0.007967141226040477
0.10734457570079611,0.0723093991107789,0.05505022701905547,0.03828600192254921,0.0265907747940667,0.017196882844026037,0.011368629451366411,0.007324878830578296,0.0046094043296077665,0.003163283687119425,0.002045444214928208,0.0014478041356693484,0.001260936392577142,0.001124573444915261,0.0012558859130341092,0.0018350075673018486,0.002781130735029958,0.0040201817162539575,0.005326572424718394,0.008169992407445753
0.10708415294656573,0.07167012476085259,0.055083061625933016,0.03881261620543774,0.026644727978227478,0.017410606019778504,0.010874471181051434,0.007166001994017945,0.004685268518768019,0.00328575085554148,0.002154010940152514,0.0014753038182749039,0.0012546819002452097,0.0010980571798119153,0.0011671067877448728,0.0017919215326991985,0.002837770472366683,0.004328231521651262,0.005677225081512221,0.0085789927514753
0.10718074090537139,0.07215088850051017,0.05468058095170744,0.039003438161913505,0.026481591858863635,0.017163870003131722,0.011235482100343147,0.007229905610501044,0.0047177912251103685,0.003242850071221474,0.0021821047208219263,0.0015843831344856726,0.0011533501032122055,0.0011247268159792021,0.0012745781432578678,0.0018756671751509455,0.003015547496135856,0.004428190907223506,0.005736443506049617,0.008962456349486968
0.10658212204530186,0.07210987208865738,0.055008443798648644,0.03853503881790185,0.02587691753363628,0.017197399680432105,0.011004719435216786,0.00723489587104139,0.004763211640487803,0.003151902506536998,0.0022965785357459767,0.0016938108555428527,0.0013250786712845184,0.001215637612029761,0.001328446088492357,0.001964887940773866,0.003066033367737112,0.004490450846652872,0.005933389120211744,0.009361419837791513
0.1068325009087115,0.07140284864231768,0.05490973465623781,0.03876832568220676,0.025795627414816703,0.01652340436989271,0.01087424778880198,0.007173772566335939,0.004646208317066277,0.003326893822107942,0.002212880817436491,0.001667653908805751,0.0012856585129440907,0.001235174539922726,0.0013378252850661675,0.0020378697109624273,0.003172076304842422,0.004585627549440639,0.006201114686124312,0.009541470901037949
0.1057069439866542,0.07187325525860853,0.05434343909969663,0.03852725328095467,0.02553124222223718,0.016752880715184208,0.010577757448153853,0.006879746537424069,0.0046616126623660525,0.003299453118168179,0.002192908698313612,0.001674951735828495,0.0012864840139646565,0.0011990367345840532,0.0013655229010971267,0.002016332461102777,0.003363356899254005,0.00480455533058435,0.00656022763199494,0.009725146474192963
0.10600368758261278,0.0719230153986041,0.05536088636688922,0.03802419660371958,0.02607070392416041,0.016265775360549604,0.010619901159315357,0.006767303434166548,0.004571592143260058,0.0031689636882561456,0.0021603509096879024,0.0017562322671897759,0.0013436944863062718,0.0012510839640671179,0.0015070257709825982,0.0022681158810207366,0.0034215378398174743,0.004935298921508373,0.006651119324448338,0.009973311331318352
0.10600064915517332,0.07184600559349769,0.05481325016523187,0.0382665202423737,0.02572739855268668,0.01696212196381212,0.01076992158003697,0.006742132357021892,0.004391047040205577,0.0030876914461192796,0.0021055499403819923,0.0017103388892719539,0.001331945329698513,0.001331945329698513,0.001587571201054793,0.0022787701032089456,0.0033231363276316414,0.005077200694898748,0.006962441496151318,0.010174582379641419
0.10679508872985492,0.07129138444114727,0.053894922209097,0.037992273840109836,0.025662008230259055,0.01680330554626706,0.010696984310753617,0.00709771626274321,0.004244514980987061,0.002997709709454044,0.0022617249265275466,0.0016887322073998402,0.0013812317159031529,0.0013140184937180841,0.0016265599768786518,0.0022869298848469475,0.0034312349925477337,0.0052678362887547256,0.007127962212726489,0.010728910591291519
0.10536004276737172,0.07076285290646653,0.053776943948517786,0.038327567135023166,0.02553433998043191,0.01650006892540255,0.01091543021218937,0.006685764046492707,0.004512092205377527,0.002859563651768693,0.0021854395927685495,0.0015836031510676714,0.0014894611378407194,0.0013230315073144985,0.001657571875745992,0.002565369860434466,0.003826200394724013,0.005490496699986214,0.00740359689734822,0.011485325613688245
0.10508430094647199,0.0706876305899216,0.05363061010938429,0.03760653277659827,0.02625256974048564,0.017055338162707052,0.010511121803175547,0.006909279328687892,0.004335333048460848,0.0028919043501374466,0.0020574747063514236,0.0015914726673822125,0.0015662378999290064,0.0014955805510600286,0.0018858782876696202,0.002644603629096024,0.003953446901002325,0.005630717777725439,0.007735297383322846,0.011559205811398715
0.10583893723739583,0.07049481435631073,0.053590591496419,0.0380807567709402,0.025748243138231132,0.016941227128838776,0.010571446833275586,0.006729730911684269,0.004541433007135096,0.002859420782270247,0.0019847744253405236,0.001606321674745932,0.00146335063563242,0.0015794094791480946,0.0019460881441686322,0.0027921402932756514,0.0041478421465167194,0.005757527845712383,0.007779306539999934,0.011726989231757738
0.10543104693625928,0.0698231869353858,0.05364191910877885,0.03808216784978786,0.025618241007327184,0.016755750708024954,0.010596017590598633,0.006786289008563489,0.004263267698944095,0.002988318848077833,0.002185386633698292,0.0016713756345348198,0.001558830742561119,0.0015017184093207333,0.0021299540749649777,0.0028455380149768695,0.00421287446373199,0.0062067668036242815,0.008061237859429748,0.012198522470343582
0.10562972438070002,0.0705809676807456,0.053393160800586884,0.03770439792316097,0.025510606617616196,0.01677653500930816,0.010792109623258174,0.006669318950568473,0.004330944599161003,0.002831900596428144,0.002113433817962676,0.0016685887331651316,0.0015040799848249074,0.0017172698933882592,0.002210796138408931,0.002902404345716811,0.004376268437989432,0.006063322438825404,0.00832951438024686,0.012408659874805482
0.1051248423538251,0.07083847640003217,0.053784179032387906,0.03799440523787802,0.025664461856334028,0.01653272332090053,0.010626023023049876,0.006540639171384872,0.004214519548125687,0.0029013604529476485,0.0021600880135240297,0.0016519306625164358,0.0015798159229344995,0.0016016180535057827,0.002260713231545335,0.003069069149649823,0.004412415810234257,0.006354482518045455,0.008335122226098156,0.012631819035607913
0.10536348684486276,0.0712069060907791,0.0535627763182381,0.03719953928098998,0.02514841757773795,0.016343118303185966,0.010196845047186815,0.006530205764352621,0.004251759131809562,0.0030278694763596486,0.002117496760045535,0.0016849439777084424,0.0016363237037248157,0.0017670954751290533,0.002290182560746002,0.0031200803408113556,0.00454851045922687,0.006494997979743785,0.00859908225041453,0.013394047201903236
0.10584516843005416,0.07114639749157428,0.053077684065795876,0.037041197873874485,0.025171448213417397,0.016108586663089588,0.010253357702174754,0.006658394674625662,0.004279079126075222,0.002842099968141655,0.0020322272338570415,0.001740471838897367,0.0015057261188148707,0.0015509985076879236,0.0022971545465215733,0.0030885829742282765,0.00464293499220309,0.0065326380388671815,0.00859840037559315,0.013390566575562968
0.10676426513355183,0.0707488198741087,0.05271592570031431,0.03715487715447442,0.02463790733851196,0.016025883059718644,0.010372354260955072,0.006579841620644695,0.004368101948109703,0.002960173582967927,0.0020573542022214717,0.0015757386589608177,0.0015002240267422476,0.0016344722617974827,0.002211739672534991,0.0030759626857030653,0.0047775590650281675,0.006692274517503454,0.008905692292976636,0.013760444093161567
0.1051863346751083,0.07085879186622916,0.05310513103254113,0.03712951759780936,0.024867526251755426,0.015694075298044986,0.010438696746558703,0.006554140789178208,0.00440573667469944,0.0028824142565549793,0.0020377998464946832,0.001553487218503759,0.0014562895284571376,0.001672470597698761,0.0022187886486504612,0.003187413904632308,0.0047509560565891645,0.006775349325146382,0.009148313620077692,0.014167401235416157
0.10587001393952389,0.07069282114518549,0.052861288333690755,0.036860993459146466,0.025148107441561228,0.016214749088569593,0.010411081921509755,0.006483889127171347,0.004295785974694402,0.002885079348059189,0.0021261124812352555,0.0016167837229251552,0.0014056803559939948,0.0016670464293373367,0.0022718743298305814,0.0031598488097791116,0.004935797769676172,0.007283066159125027,0.009333784580742011,0.014298064550718423
0.1054633454249073,0.06980074897322244,0.052595831174123676,0.03726250790312653,0.024951239595963664,0.01632278632796844,0.01050843307624064,0.006718286451232051,0.004117172550617744,0.0027956523999510294,0.0018850109763317085,0.0015395374344061455,0.0014691010811980218,0.0017307218216853402,0.002371357224673519,0.003183052342595713,0.004927190612511172,0.007303579005270988,0.009527355299413199,0.014613866234657033
0.10413731288271616,0.07060321502466976,0.052663410874791636,0.037000427217973315,0.02487246286973203,0.0163917672583496,0.010305167662112463,0.006572455330591317,0.0044246379118255625,0.002755974769009105,0.0018764083533679018,0.0014843730366821083,0.001497775953491879,0.0018898112701776723,0.0022801712222622447,0.0034747061829330608,0.0049741575010261605,0.007338096953349474,0.00978748000033507,0.01486215937743451
0.10291028450052135,0.0696295651562602,0.05326622399499191,0.03683592971931579,0.02523797647602325,0.016195958375248776,0.010749322518173584,0.006698659096501198,0.004226415346992886,0.002815378460848329,0.0019717692193099473,0.001608548573647589,0.0015600075657019284,0.001764214564645742,0.002437093364444214,0.003424651801959382,0.005162085120842003,0.007307932437612251,0.010041293333311012,0.015009214422370376
0.10355154964682155,0.06975462599266004,0.05347675990398773,0.0374568472396471,0.02466135237945285,0.016316391600098498,0.010453813774377856,0.006616337831884717,0.004284706879483826,0.0028894133569623156,0.002125603217382711,0.001542695479282488,0.0016632970802687407,0.001981551305093575,0.00247568286469003,0.0035409970067352635,0.00517581870899336,0.00745887401655257,0.01020758550569759,0.015207526879919327
0.10377254176634966,0.0703561113233215,0.053703182485273726,0.0376600792103094,0.024577310468225404,0.016455238133531693,0.010464204579722965,0.006711431883824881,0.0043910791231914666,0.0028212809017376687,0.00198863445983528,0.0016904230581076649,0.0017323066819458126,0.0018847630727166723,0.002462757081683118,0.003632147859244219,0.0050143074459031095,0.007472038492725657,0.010145889038553041,0.015478512025626074
0.10380644858748737,0.06992892217614703,0.0533033435383492,0.037513482009472576,0.025197122051543144,0.01596236425877419,0.010480796929116451,0.00668741165515532,0.0043259665177225615,0.00282870981356307,0.0020800814614833217,0.0016982307584090892,0.0016278898394217307,0.0018724082720920734,0.002495427840265822,0.0034584285168784714,0.0052705445726956655,0.0076470627641971435,0.010016881820556966,0.015535294393493798
0.10379398894480102,0.06946662515107992,0.052716425106216304,0.036870193482722496,0.025207326831456753,0.01636350244238876,0.010325328190757424,0.006488484446721105,0.004268739767579675,0.0028123461998171965,0.0020808013847457003,0.0017208880317929039,0.0015200061603773895,0.0018213289675006613,0.0023620360047274195,0.0036627461221428728,0.0053066294365598276,0.007588312692721044,0.010377222674206432,0.0159717827931285
0.10418180539602913,0.07057801203508052,0.052582318410592466,0.037473168869526195,0.02453395037957051,0.016118770238458008,0.010372471343850356,0.006645413844026159,0.0041657318326876,0.002869800788274335,0.0020594253031373587,0.0014834559500647962,0.0014399233826814055,0.0017262337297029402,0.002508145613089237,0.0036265977289394453,0.005398038355540524,0.0077605173008468776,0.010558321919987138,0.016227601656916484
0.10380844525704958,0.07027064099711779,0.05194018765379229,0.03696368201564731,0.02444952601442281,0.015899886751990205,0.010657357022296645,0.006632619776080077,0.004252236940932046,0.0028286910570873678,0.00197222161815849,0.0014402738025737574,0.0013215055795972924,0.0017062477103661241,0.002382055627020942,0.0035781018161501364,0.005416500084475989,0.0077550631228013225,0.0108162722502229,0.01660915050610318
0.1047478861577834,0.07009509153710411,0.05249855731836849,0.036333832347849364,0.02489273975696041,0.015791718589266448,0.010255166472915219,0.006689024747217085,0.004410842275171657,0.0029873963987321114,0.0019369569035452327,0.0015472237787386356,0.0013883197149762894,0.0018198696986677133,0.002460503976783279,0.003830424273850244,0.0054930625831110065,0.007905059003587886,0.011069758883991667,0.016905719709958265
0.10526130959149685,0.07013685893362413,0.05269336508424917,0.03654755613825028,0.02421954955617838,0.015801320427834678,0.010169100383285284,0.006719198378562782,0.004378014274533938,0.002908085112075827,0.0019063927704234874,0.001483307357338274,0.0012943403546559465,0.0016304675010200876,0.0026789835247530056,0.003914794276808231,0.005640581416349493,0.008220900753861282,0.011139019512097238,0.01678294547716676
0.10549564135328787,0.07011968716758213,0.05268677286198844,0.036503248078248236,0.0241615542606357,0.015683434466425374,0.010197493861767676,0.006747037926582056,0.004159614110909662,0.002727917416523385,0.001983635840586594,0.001525359094953604,0.001316291236544392,0.0016524723528664042,0.0026944665591779127,0.003967271681173189,0.005748529834819668,0.008387802479377544,0.011212727382202803,0.017212138647113524
0.105177476429892,0.06986288764148342,0.052497553058885524,0.036544333553627746,0.024700301998544373,0.01574407923906405,0.009990212235542134,0.006637275487924239,0.00423634523202021,0.0026518985753365065,0.0018939742506504272,0.0016279478320520011,0.0015275605042790097,0.0018554924416707794,0.002581627445895413,0.004094129851008475,0.006065067719618195,0.008501133540242766,0.011288555008072814,0.017236504178622523
0.1043676368995148,0.06978249633256331,0.051787384017837876,0.036926947337783865,0.025137622965764463,0.015867413591511958,0.009756970638761252,0.006485132036083896,0.004069725623882414,0.002776713742558492,0.0019637722492552223,0.0015188289627970542,0.0015757014129458423,0.001970463125743315,0.002960712845981041,0.004019544050221719,0.006107097514506657,0.008515813050220046,0.01156685272879034,0.017943258021942722
0.10415568728030768,0.06933283811072576,0.052408270886766334,0.0362014418339298,0.024433212706475197,0.015671453260856835,0.010128640764516628,0.0064880853790544235,0.004180950325491753,0.002804030710493869,0.0019122954069776205,0.0014120536513465545,0.0015007252668931984,0.001925679801777114,0.002767223624795262,0.004144143239793145,0.005989516672773296,0.008791874333917222,0.01200580213514558,0.018371754911654624
0.10367454726268373,0.0691887916698005,0.05201026232439974,0.036626804054788104,0.024210060086410773,0.016097141090246615,0.009735837073064746,0.006498357860957204,0.004109943924921234,0.002684249671990036,0.0019622099096614602,0.0014658075730605619,0.001484192844786521,0.0018368557842571927,0.002717677438764508,0.004275411370454868,0.006140680756470364,0.00883830153517019,0.012140964892487945,0.01847886947292768
0.10366353922117419,0.06945435405579274,0.05155188691067981,0.03691611038239495,0.02459458782050746,0.01572355943956623,0.010037345542345835,0.006419757212201214,0.004083781006408061,0.0027503696958051005,0.0019148989498132718,0.0016141294812562137,0.001482125103389505,0.0018714544710216974,0.0027436859298371665,0.004113857953263765,0.006139039041547961,0.009415755307327913,0.012369979865155025,0.01888665168389128
0.10297627909077375,0.06956862102246969,0.052180647578647314,0.036503871521359865,0.024113999534982528,0.015680121506723516,0.009658312521849967,0.0064901719059192705,0.004119920980484319,0.002636214155600199,0.0019989060380344145,0.0016258884259158586,0.0016007975551455516,0.001998906038034414,0.0027432685375535066,0.004063048340071627,0.006485153731765209,0.009350531173734206,0.012622380722182164,0.019579242824429133
0.10335648573903215,0.06972809021077941,0.052343721261533,0.036581246885795206,0.02416622914527828,0.015548451174285115,0.009865131941959586,0.006363846130694606,0.003989526239578908,0.0026217842177953606,0.0020415806951072286,0.001648647473690195,0.001655335698735591,0.001957977882039775,0.0027856457314075697,0.004109914290396043,0.006474201843943645,0.009567505927439447,0.01301194182581855,0.019895797453792722
0.103692172380524,0.07017485189340669,0.05213285199038876,0.036525435206814165,0.024447829525674314,0.015490369518216736,0.009925608102346127,0.006330584952069144,0.004089965872361626,0.002727201282838026,0.0018794446608889899,0.0016420059225916261,0.0016436780263824526,0.0019496730201037033,0.0026536287160416607,0.0041351126747139425,0.006387436480957244,0.009813577148360756,0.013346732458377154,0.019971607677631766
0.10383400735939495,0.06851493027633675,0.05211260777033071,0.03646762417934053,0.02398239897550268,0.015541330141252908,0.009803610149344557,0.006001869105754942,0.004015735262402051,0.002822048760588951,0.0019159169903050592,0.001723656559340764,0.0016751734941410732,0.0019359789483187246,0.0027568473970445394,0.004410287103337475,0.0067491770417639815,0.010012588878653576,0.0134782921255143,0.02016059597389939
0.10316588685452363,0.06866191591401838,0.052009207299643416,0.03642299417773699,0.024410711091720282,0.015494273855314341,0.009732189274532321,0.006273601227639956,0.0040386412379371526,0.0028818781019054837,0.0020059476347369944,0.0016381905683685461,0.001706727112555393,0.0021062450164738445,0.002948743023063382,0.004590276837489825,0.006674790754587352,0.00965863786125863,0.013521758681156302,0.020019357394675218
0.10279833120135108,0.06871838604763934,0.05181636526290269,0.03652629026729204,0.024438368991781406,0.01560611001028368,0.009924168317907813,0.006151813857048503,0.003949601611945789,0.0027757572717315875,0.0018878493733644358,0.0015718143586913812,0.0016838479353215115,0.002163752957602816,0.0030750708570568617,0.0045582616402050045,0.006688571739112258,0.009419181151604838,0.013216617756485829,0.020431914520053177
0.10419581003952635,0.06871735733326649,0.051686764103721174,0.036840565903716135,0.02415703577427361,0.015412770437965358,0.009568218472929048,0.006091905036476222,0.003994417842847233,0.002781050749162258,0.0019955376168868605,0.0016128088779696988,0.00168634627758697,0.00208745936640845,0.0030768716521681005,0.004672967484770237,0.006945941654758621,0.009777131540023567,0.013281857153601247,0.02067069451060024
0.10448648973781473,0.06889632218784042,0.05123908118187226,0.035929344302833045,0.024009704130938933,0.015321432629137788,0.00959385672371965,0.005939770228635205,0.003941467783220943,0.002715084844312859,0.0019615443736758736,0.0016240384422597522,0.0016942129428512232,0.002193788554204789,0.0030375533827450923,0.004574709109986833,0.006689969056386883,0.010016574548711125,0.013652282007926375,0.020985517319735077
0.10370202157661938,0.06921482945921531,0.05113301463209376,0.03610351834814131,0.023715580015662333,0.015712427511608996,0.009681259799395216,0.006051204814247717,0.0038254167299783433,0.0025998139889027846,0.0019419291387886568,0.0015044524110477907,0.0016129867137315932,0.002085528370031842,0.003150834294835938,0.004710388736477043,0.006914469960209655,0.009888309853745851,0.01362188986606867,0.021928938417636667
0.10485374606547843,0.06892012002379092,0.0520643290095364,0.03567132460554541,0.02355366653969271,0.015581039448799431,0.009808737143888212,0.006293563757626792,0.003784157661540931,0.002601295134224825,0.0018394514725636045,0.0015153337744007165,0.0016356248788735419,0.0021117771674118036,0.0031409343945681895,0.00461951255371332,0.00709717516389663,0.00995910102447924,0.013962121667769334,0.0217208979062665
0.10424642706809117,0.06955107004216028,0.0515861880040356,0.03553054447540206,0.023450393206251214,0.015071792713156543,0.009758330159621026,0.006225487248358021,0.003850214142062046,0.0024721548504346323,0.0019994387540339556,0.0014532261620798178,0.0016202636519740488,0.002234961614784822,0.0030684786893570384,0.004705446090320512,0.007209338063835047,0.010571802735405934,0.014283375760855765,0.021332357834392343
0.10460564239229411,0.06983233222780094,0.051927719902089386,0.03637229429996406,0.023074159781455467,0.015179488893158786,0.009570513195378483,0.006225511900485376,0.0037510129405769377,0.0025246238544373066,0.001934820928814296,0.0014369136431608754,0.0015638967093006741,0.002133649677112137,0.0030676435451667088,0.004745156682066148,0.00710269755474056,0.010673260875013572,0.0141118286396939,0.021069164000300754
0.10414358187036912,0.06946131766904745,0.052373005807355995,0.03632935051064681,0.024310793671984503,0.015164207996795938,0.009423603230758961,0.0058857886656431485,0.0037113677324611175,0.0024864828783125285,0.0018606902075962884,0.0015669848474734662,0.0016771243575195247,0.001975836059008077,0.00315733262132034,0.004837794539750351,0.007372672051264938,0.010893798811828316,0.014109538749082171,0.021131766904746014
0.10391872327137497,0.068475376684707,0.05149262828487602,0.03586749782497249,0.024385356428980553,0.015474840651055448,0.009591829578036318,0.006135163974530889,0.003752235560906616,0.0023044437356702844,0.0017249930282227557,0.001588062313494522,0.0016531878973286816,0.0021274357385825658,0.003121018363744754,0.00482597275078777,0.007399268255619588,0.01059877129731833,0.014302580142040567,0.021636722813826004
