0.10096999262578711,0.09643201542912251,0.09586476827953942,0.0989846276022463,0.10301208236428615,0.10068636905099551,0.1034658800839526,0.10250155992966134,0.10011912190141245,0.10051619490612058,0.10102671734074538,0.10114016677066201,0.09819048159283003,0.09858755459753815,0.10221793635486975,0.10011912190141246,0.09705598729366385,0.09614839185433091,0.09836065573770494,0.10471382381303536
0.10534863746388694,0.08508888368340231,0.08039874027224693,0.07274146950886233,0.06793680539288409,0.06331953879388877,0.05799432601962468,0.052445277322297694,0.04971239686629708,0.04503786991489029,0.042679784492855484,0.03923895786158613,0.03649566643241978,0.034236485255459255,0.03184196142734441,0.02967647900887535,0.02763592826839489,0.027172639962520503,0.025605788501080144,0.02853647744722937
0.10719205499787698,0.08549174934607372,0.07829937022115185,0.07110699109623006,0.0662612917759245,0.06004129378551217,0.05661202965114206,0.05192839385325472,0.047633710509171166,0.0430278652020446,0.040619601258909434,0.03765059752820716,0.0358063146430875,0.03503165100592829,0.033057717302874046,0.030882824832021157,0.030069265949481568,0.029096884814972072,0.027732309956210437,0.03280165693745321
0.10610308855069885,0.08315370361366373,0.07623053110970648,0.06946943053327068,0.06291362106502865,0.05681971659022273,0.05299211790192487,0.04935900552665273,0.04491013111618938,0.041490413445487116,0.03916738248434655,0.036471586089906714,0.035739561217268234,0.03526685142866402,0.03428631626715937,0.03365153455103374,0.0331491115757173,0.033024856431284215,0.03365153455103376,0.042235944312085695
0.10372759839476603,0.07941935900718622,0.07319273576575261,0.06610702038608891,0.05889686826216907,0.053964865763862155,0.04918362316725015,0.04611099278984788,0.04221277247459218,0.03953977548739719,0.037326237248224994,0.03560326694313959,0.03516055929530515,0.036258952864797085,0.0359382889469062,0.03672319764144511,0.037508106335984004,0.03934594132807507,0.040334256239186565,0.053462332758212223
0.10195517322607948,0.07697894764393337,0.0698335354522374,0.06265976845025695,0.05636718170634886,0.05125022901962153,0.04664366291801534,0.04172083162477427,0.03906856629354645,0.0368830647623867,0.03557001893228872,0.033999598670377516,0.03466266500318447,0.03601279020057756,0.037247315017579975,0.039478620473045456,0.04184733770142821,0.04454758809621441,0.047878187735017744,0.06540146049084358
0.09989314509600754,0.07556341676650587,0.06832237800731795,0.05954934753748017,0.053605543502898034,0.04781352200239612,0.04236756467959719,0.03861752420425475,0.0360716251659489,0.03445665900333517,0.03318775701842437,0.032979309004954174,0.033922384483372724,0.03583484441278372,0.038415147492147785,0.040987355503027546,0.04530202700514847,0.05047679953372405,0.05598346987015509,0.07665422724476245
0.09956621791126026,0.07439391372704277,0.06639016785977361,0.0577297531876988,0.050298927060274584,0.04464015501190568,0.03914126754209818,0.03587315062078995,0.03275159456316297,0.031607658471313096,0.0308329796204264,0.03151248907931225,0.03315891956092649,0.03550198999198674,0.03913746076641814,0.04254071822436755,0.04860491188265995,0.055203957523996955,0.06315821530742569,0.08795555208715995
0.09888527156219598,0.07373367900241498,0.06582930686827074,0.056372322559255617,0.04819619800243853,0.04179189924144841,0.03709058232920813,0.03285305621832952,0.030342063832832396,0.029099249419808577,0.02866625722634984,0.029994220731811155,0.03216642843037612,0.03590393008353669,0.03919938112914943,0.043801055486409654,0.050978942810608496,0.059049989763992075,0.06915193315615077,0.09689423214541289
0.09924456952661434,0.07387012172276484,0.06528243689498037,0.054999172250346326,0.04656309630649392,0.03968144708065767,0.03457205342906186,0.030320034155564654,0.02769040420322561,0.027131019700441766,0.027029947111153706,0.028437992837787206,0.030828882363704478,0.03448143662487258,0.03983305596458975,0.045275292108496214,0.052639650079725354,0.06234436128222779,0.07435631572985736,0.10541871062743421
0.10054197188255976,0.07463513951071656,0.06480098595823242,0.054661687148129356,0.044780066555571166,0.0379329460248897,0.032657323570945425,0.027939438837871228,0.02528976085088059,0.024908329278857,0.025691535440078784,0.02680870613325016,0.02982286317795224,0.034401737293666704,0.03966379773616124,0.04537679505935923,0.05368861282661137,0.06572320273681391,0.0781663482419395,0.11250875173551365
0.10280678362845318,0.07558515528497592,0.06465926414821442,0.05395780930230238,0.04384155130364236,0.03645842858021603,0.030511698118226398,0.02680101810951493,0.02392823358664156,0.023732059643528678,0.024174282261054326,0.025371275812251563,0.028405321966327914,0.0335208069066528,0.039100126848066595,0.045404292884372074,0.05463776813902415,0.06717295060572857,0.081619997772262,0.11831117509854418
0.10514120678055107,0.0767981095849948,0.06554259177209996,0.05328279098770903,0.042985608559379045,0.0351531859728581,0.029181640657050503,0.02526296788591871,0.02268662104727678,0.0219022300989514,0.022358423997768252,0.02403879289125191,0.027507835704557018,0.031876138433515486,0.03792316907071006,0.045545545545545525,0.05606426098229376,0.06928732010699223,0.08502600961617357,0.12243555030440276
0.10792386169922052,0.07794546306296928,0.06573613804052204,0.05354958554009916,0.04237641026975678,0.034035160774005487,0.028055747133915433,0.023663903600661056,0.02149238096477416,0.020661183910887865,0.021355745832628472,0.022585462021939697,0.02532792431714966,0.03041595638086067,0.03650109958749204,0.045375876742097934,0.057006129061641965,0.07112997254284491,0.08777180631644695,0.12709019220008588
0.10978147762747138,0.07964174223279324,0.06692207263396695,0.052930759237595396,0.042550784961317464,0.03286399389869507,0.026489616794100345,0.022453319200367108,0.01999082218961874,0.019150600112460493,0.019633727806826484,0.021181675402821856,0.024411682964820557,0.02920418042799619,0.035791844675254175,0.04502459265387377,0.056963825207954955,0.07237058964200073,0.09089910225502679,0.13174359007503825
0.11246549509415396,0.08117997533813603,0.0675355659769169,0.0534104592669285,0.041455725201884855,0.03236105997784612,0.02561682794411049,0.02122142141723727,0.018605720459218697,0.017451403748796248,0.017962647082938783,0.020369349193666373,0.022713351650206673,0.027914207580870497,0.034844930893727304,0.044264348172787384,0.057910365217447225,0.07419780615517681,0.09276333452837801,0.13575600509957186
0.11448648302164963,0.0818261942534814,0.06841177507491628,0.05376664583433489,0.041373010912936874,0.03148887072736888,0.024949121035847635,0.020241014053811512,0.017568065637869966,0.01629889588641572,0.016601765940740025,0.01872506129513004,0.02195086774674295,0.026620515039341063,0.033882986394884865,0.04405717673829782,0.05748441581334233,0.07608768809191864,0.09523420348380685,0.1389452430171626
0.11683980116048341,0.08309176581194667,0.06903901162242236,0.05426994910693299,0.0411349649600514,0.031015510953281672,0.023334383279317073,0.018970978320480815,0.016315201245864837,0.01507605179804582,0.015626074262626126,0.01714663055278857,0.020246902526106083,0.02550729179491197,0.03336110094031459,0.04389786850305952,0.058086529406215566,0.07654585892243565,0.09724045415226987,0.14325367068044498
0.11830075159186902,0.08436586828639604,0.06998800515523115,0.05423679610039942,0.04070431431597485,0.030665012058647138,0.0231028366531831,0.018274592621894414,0.015432197225873134,0.014192836270368908,0.014478351857286869,0.015771944823714065,0.018979608763892958,0.024484157872573922,0.03210375540725051,0.042977273597304994,0.05769488432631081,0.07751827937779934,0.0997757346842421,0.14695279900978728
0.11946170035948199,0.0850036457653401,0.07064665369686972,0.054447674511164966,0.0405842139952812,0.029981245801001716,0.022349019145840168,0.017639772911804324,0.01486166788192178,0.013745649758169536,0.013686744379312428,0.014766145645937284,0.018120568166259635,0.023310609654750798,0.031218258757000978,0.04242301703798282,0.05792468390100078,0.07835052202901965,0.10119625680197923,0.15028194979988097
0.1209513131843229,0.08632745720124359,0.07063285704062401,0.054542273959749706,0.04130785684183742,0.02941405659852262,0.021858575256633508,0.01715607929200162,0.014229940443532676,0.012890913861787649,0.01299269260434309,0.013748081709246754,0.01731033769868722,0.022337253405214565,0.030263272981719592,0.04135397533455784,0.05798843857096284,0.07897553334446539,0.1031893323155459,0.15252975835500113
0.1210584522428722,0.08674142113889768,0.07115373325442169,0.05517254510576114,0.0407939185168848,0.029406211274734587,0.021720262566224665,0.01673010800630235,0.013504357856756386,0.011933530189245065,0.012144560572860221,0.013207645964004243,0.016368341634390653,0.021537792685655175,0.029337983406347728,0.041117604218068975,0.058231692320874086,0.07994878149787148,0.10499634266891555,0.1548947148789114
0.12226884493033553,0.08769826544496144,0.07168637824019895,0.05526376717824783,0.04064263218489234,0.02946428288248857,0.02132909605863678,0.016216456230157595,0.012811729892767776,0.011294113169487814,0.011208479623973588,0.012597646028982203,0.015299860131875663,0.021070609615695686,0.02894096677101273,0.040442820578692466,0.057905720638001645,0.0812852643697847,0.10565910871337181,0.15691395731643504
0.12379600077334861,0.08739948844889722,0.072247877253091,0.05505513278459389,0.041233110731480054,0.028927676055668424,0.020691830078824507,0.015630199897943342,0.012419535293539686,0.010757152682473826,0.010440206522118092,0.011990073246257664,0.01469362399409212,0.02017679256824643,0.0280370573450688,0.0404248980225729,0.058175467733296134,0.08179746506460948,0.10719436089391499,0.1589120506099629
0.12401321101847068,0.0882069810669512,0.07238510815492233,0.05547076128018949,0.04082052711077053,0.02925296947089428,0.020612925391944828,0.015348467528190581,0.011925382445051728,0.01014259160156683,0.010057093639268263,0.01111948498560784,0.013972583653422927,0.019134127303299275,0.02729601611161601,0.03994654794060742,0.058285860853649646,0.08187538197006304,0.10824992004357233,0.16188405842994072
0.1256425866335655,0.08863781911907717,0.0721641985752801,0.05561151477296982,0.04047722582838528,0.02913006696657997,0.02042520220428365,0.014824360971213072,0.0116665744261984,0.00972478079711577,0.00968841169819973,0.010961330160261224,0.013374340810082142,0.01821143096591582,0.026543117148030135,0.039544279377930286,0.0584609546097833,0.0825926423731628,0.10908674030091475,0.1632324222610511
0.12625446047936334,0.08856064673003441,0.07274607635709099,0.05570309786212777,0.04093220071367669,0.02871285565415101,0.019971895032683866,0.014769318217702974,0.011373038178545488,0.009402532604919953,0.009445163735118577,0.01034199640003789,0.01265986673824486,0.017567183503331543,0.02636972242397448,0.03925537625919727,0.058207282028610245,0.08322543973221337,0.10944200587362236,0.1650598414753529
0.12590071172804032,0.09008853972604468,0.07328998970615169,0.05620409606749732,0.040346517458493054,0.028276506659425184,0.02002879751431982,0.014627684768262107,0.010956948979140745,0.009510758018781535,0.008937649592350976,0.009919670091634195,0.012248416452474627,0.016937485395997397,0.025575160880850278,0.03874244538892434,0.05857547032782435,0.08359804732644131,0.11102989005159554,0.16520521386575054
0.12846236425230584,0.08950795845241714,0.07261526238379966,0.055339501258754926,0.04068844514997076,0.028663670456856312,0.019812187774392014,0.014015767146890476,0.010815676346284513,0.009012275422199173,0.008367528063850483,0.009363812490443081,0.011741022799464653,0.01673663252711013,0.025118348185643093,0.0379581213732961,0.05846865408594846,0.08357912027454571,0.1117414957192874,0.16799215583654
0.12805248355156787,0.09016469727155572,0.07334005309558624,0.05581188451473378,0.04025863197628839,0.028749856061430618,0.020066219628961858,0.013767625573585343,0.010551288664265851,0.008604765983490838,0.007980112027585728,0.009131620582663327,0.01145198919159367,0.016032784868231138,0.025068183503141408,0.03806445608572271,0.05838779337835259,0.08356639551006312,0.1126380430033236,0.16831111552785624
0.12815452320273693,0.09043097772499457,0.07363573073421519,0.055849748457193614,0.04031772833376911,0.028254069260114475,0.019846207641735,0.01383721699465412,0.010419259011910873,0.008365334030575764,0.007795149334837023,0.008622074653242651,0.011025670912075,0.01589271707183382,0.024366732715685752,0.03802123859236835,0.0576847351161318,0.08462044915433105,0.113181662104139,0.16967877495345593
0.1285575638407825,0.09118581259925884,0.07285758400766343,0.056312863949179455,0.040388905694623015,0.02855819405581184,0.01942952935541607,0.013776500541984925,0.010166943961279592,0.007951738133050995,0.007405026595074243,0.008487420908013809,0.011008281025485898,0.015881418740074118,0.024130933474501504,0.03808074314956263,0.05770879023922965,0.08462842521868459,0.11343712974867022,0.1700461947616526
0.1296032422066277,0.09096033366765174,0.07341255158449622,0.05631822497374524,0.04020795971803888,0.028358286505133657,0.01929547504971478,0.013685538076876443,0.010065766788480346,0.007807936415465981,0.007190733133582,0.00830862683291268,0.010580627689439681,0.015323016171670686,0.023900882191323566,0.03753918532315788,0.058336731625212766,0.08445923073168503,0.11408026476761193,0.1705653865471727
0.12959328643836612,0.09133650656645044,0.07434784389205128,0.05586916871162744,0.040701282418797446,0.028022000522921933,0.019092950949292316,0.01340381228992556,0.009850463226932369,0.007706798300188693,0.00699644350080486,0.00816671759380306,0.010272580934770216,0.01518048682142216,0.02391737833402112,0.03788348921237245,0.05857828235894496,0.08499686561851269,0.11334175468660912,0.17074188762218567
0.13035355077550737,0.09152781406710882,0.07422488612145575,0.056120794678637405,0.04087980029150389,0.02788174889741644,0.0188989589596522,0.013369514233637535,0.009431378536373453,0.007413516840173392,0.006977520202226888,0.007602396250114118,0.010005886741609817,0.015012765100121825,0.02363825815408152,0.03767199831267728,0.058318091814281194,0.08513109805044965,0.11429880093054591,0.17124122104242548
0.12974368976017314,0.09185865817751716,0.07452751843370159,0.05653263960540553,0.040851410524196594,0.027727621612099553,0.018870951506152964,0.013133225960691544,0.00945120416740066,0.007411228829554319,0.006627953796210084,0.007370334952311448,0.009748471198127695,0.01447014117824697,0.023564310340488705,0.03762393990487455,0.05851599265168483,0.08553111709489897,0.11410650023907189,0.1723330900671918
0.1304455215791403,0.09235459861524742,0.07442612686171508,0.056145252714993,0.040214776672849444,0.027768993938364205,0.018985678933101744,0.013320495817581416,0.00942833724279738,0.007110976862580371,0.00653832297364691,0.00708108558815802,0.009588806189696316,0.014678188966344001,0.023522859745420736,0.03827341706036621,0.058201457750256806,0.08532070977617728,0.11458426743565908,0.1720101252759043
0.1304239209506287,0.09169582520900665,0.07467833951070214,0.05641647668442627,0.04070778662703095,0.027663823348725705,0.018840058259474626,0.013017253163184663,0.009343826742481494,0.007123744820987235,0.006283161786309652,0.006900636800568142,0.009291977695482694,0.014300909872215665,0.023481333557488816,0.037574847241709265,0.05868369410319218,0.08562320197717697,0.11467752249541607,0.1732716591537921
0.13082192857030625,0.09267476391747718,0.07448894615275838,0.05598259038700247,0.040458495042659845,0.027668400295397758,0.018594346589569946,0.012689533805760253,0.009250035353455996,0.007091117640588909,0.0062772025203085965,0.00698427164024323,0.009336454912559118,0.01438335716418145,0.023100733780620022,0.037730779504423106,0.05860660245431546,0.08545323130587812,0.11516270446082055,0.17324450450167345
0.13091998164687838,0.09197773741208418,0.0751236635847669,0.05636356779655691,0.04020559267383612,0.02809221815073445,0.018750667814784315,0.012572202563151714,0.008895292927134335,0.00676771359073796,0.006170608607111205,0.006687575816619631,0.009264555219640355,0.013994255221525947,0.02312367615539814,0.037531190878749975,0.05959893401047135,0.08514245667846211,0.11461744426496373,0.1742006649863923
0.1305445320741448,0.09274218867734967,0.0747193198372432,0.05607324056864419,0.04036425629175667,0.02791417591801879,0.018724569246998547,0.012616479127944941,0.009071871703420907,0.006528796403275229,0.005960528959662433,0.006770545536745869,0.00892274074446175,0.014173720299392173,0.022974016677550602,0.03797502134927412,0.058779575023860955,0.08541279449439894,0.11468484703873008,0.17504678002712618
0.1305464501463145,0.09262556045363776,0.0749594966278588,0.05664820466448136,0.040787523705462,0.027625497657711964,0.01873202466623966,0.012548195873051757,0.00870822501036133,0.006389485450183992,0.0059452042751466285,0.00654490536653982,0.009234140888939124,0.01380254449091343,0.023085352222347817,0.037686974869070494,0.0588727503359582,0.08537263102369917,0.11490084523316126,0.17498398703892085
0.1310015828350334,0.09360239435204261,0.07500722325511279,0.056404200793929944,0.04047064217878498,0.027941435103763634,0.018370622079292506,0.012450693432490832,0.008446497663433998,0.006314067132304909,0.005599592985277121,0.006408283503341542,0.009151550173358124,0.013920468820662281,0.023268303100346707,0.037619026682076284,0.05835604994723884,0.0844869604542485,0.11610597457414201,0.1750744309331189
0.1319012391373559,0.09290628759090432,0.07508378801827417,0.056745307949393135,0.03990144615688629,0.027622992341845707,0.018467083110499813,0.01222199394311041,0.008464275800201058,0.006406627134300783,0.0058749633402914924,0.006299980709543757,0.008552102267648024,0.013813848665586603,0.022594927080507074,0.03726822046325326,0.05857868545734849,0.08553670597423862,0.1161348199008502,0.17562470495796087
0.13218945251529848,0.09288619703551014,0.07549738893359625,0.05684736281508881,0.039933864488085086,0.02760090920642092,0.018270405770229297,0.012160400577901388,0.00851949632850651,0.006260598388339066,0.005877840681810695,0.006299815366466975,0.008387727281996741,0.013591035940007434,0.022643883171053477,0.03703180810661998,0.05824034987819206,0.08608597302813113,0.1161575518566102,0.1755179386301353
0.13139705905411805,0.09318640102610097,0.07525315403745018,0.05646377756940763,0.040568934103118126,0.027596847687352797,0.018242143522424006,0.012374677383442521,0.008428014563609167,0.006311210905772447,0.005643241751521748,0.006245354791973082,0.008616174888750208,0.013558519429121573,0.022845799477541503,0.03706288004465671,0.05903373401029237,0.08685010207697641,0.11599927244674282,0.1743227012296277
0.13143381920817185,0.09312278931127595,0.07633996925213093,0.056455720404392465,0.04056461989083096,0.02746308140036014,0.018226183330643023,0.012064072165029232,0.008332641166726478,0.006353305866072815,0.005586959894560823,0.0058079308188618275,0.008544209072972118,0.01333347960250308,0.022645601816663086,0.03695229378789612,0.05916378960433668,0.08710799209519614,0.11710205252212452,0.17339948878925174
0.1316620366596223,0.09317131444123242,0.07588717414888346,0.05733631409633342,0.040334363849573895,0.027207823562241717,0.018417603642132855,0.012123197903014415,0.008181943599616224,0.006214451892868119,0.0055105445013701885,0.006093737262254887,0.008166266374861255,0.013338182821524202,0.02254228147516414,0.037416832322674905,0.05878175421874118,0.08693804987865827,0.11626543422777123,0.17441069312146087
0.13103253714500657,0.09318224562723343,0.07568961193655571,0.05702777255344492,0.04109303491944081,0.02757507366309322,0.018215158924205384,0.012154410381794245,0.008370948529872732,0.006118738637076048,0.005415021001818069,0.005839759262742148,0.008516707416462918,0.013436461663845524,0.022332455645414084,0.03719986207761267,0.060013478778759954,0.08626888596326253,0.11602564102564102,0.1744921948467181
0.13158558973804224,0.09312990024316023,0.07505984940056536,0.05673268521958888,0.04073521872663052,0.027812137944441574,0.018530973534571553,0.012181528287954397,0.008396945368118889,0.006115848372111979,0.00526612014404618,0.005912039018516863,0.008365590082950408,0.013659929983648214,0.022574237557047027,0.037800364034860805,0.059274031082494225,0.087194344760767,0.11607099463667846,0.17360167186380526
0.13195541018121665,0.09291582073840138,0.07446205228463294,0.056504875053262155,0.04072674637190768,0.027845138732235496,0.018646452114194058,0.012305123192219972,0.008354324886582953,0.0060812843070907575,0.005412374363987266,0.005791475549540069,0.008454583051357246,0.01355051758277565,0.02268184324635937,0.03777852971401359,0.05944525904203323,0.08747681529939594,0.11615378349249313,0.1734575907963005
0.13215267395685434,0.09235439213437013,0.07529485142246417,0.05708505323466821,0.04034206839487368,0.027794232414694458,0.01850128032746295,0.01234724612062346,0.008244556649397135,0.00605060506050605,0.005179292858060735,0.005854716525783632,0.008177170993452621,0.013470862755791247,0.02233599428318901,0.03755104855214867,0.05874775511739206,0.0869807778498648,0.11684202608295015,0.17469339526545252
0.13190642188593282,0.09298666173005302,0.07520543947889441,0.05635270012895857,0.04038191818817911,0.02783120546458032,0.018451116542780678,0.012535024332694291,0.008391720294816243,0.005920798727357728,0.005163049446670453,0.00580627347375489,0.008361912352097696,0.013225313532492225,0.022465775775241836,0.03772901128622841,0.060337551418701174,0.08633164630836469,0.11655846906406196,0.1740579905681394
0.13123477650260035,0.0928362962661091,0.07559788963532574,0.05669332313470032,0.040633610974397875,0.027641325780493213,0.018713342131744186,0.01249698273024511,0.00825242870622608,0.005973410408248353,0.005133277115458768,0.005869961159509336,0.00800321006153663,0.012924886440938315,0.022818396411251524,0.03750975714505151,0.05984539039552097,0.08677667815057825,0.11658416850315205,0.17446088834691234
0.1306306941474152,0.09288461689110326,0.07593241051914175,0.05737428810917094,0.04036254533775155,0.027653090800842915,0.01843748286370081,0.012433707002577303,0.008263025545815608,0.005912904514582501,0.005135797826921421,0.005621489506709596,0.008156486725733042,0.012971101345052607,0.02253452719481719,0.03797952261208118,0.05935622351217754,0.08703751576539522,0.11601920832256195,0.17530336145644834
0.1307148898844021,0.09292628677046455,0.0756335954387394,0.057235049027286114,0.04095109802324489,0.027840606497290202,0.018271670687008548,0.012187901381535669,0.008129444566272985,0.005797124150245921,0.005023338867829956,0.005642053820369035,0.007961843300648475,0.013115190626860063,0.022386516713135563,0.03814416841577643,0.0593888036089095,0.0866749161993672,0.11602236772030947,0.17595313430030385
0.13015133111272506,0.09334381026321721,0.07552468130932405,0.05693073956272381,0.04098524881664954,0.028009091136767767,0.018309061083423082,0.012154386536101578,0.00812379473565579,0.005680395201482633,0.004905582408775576,0.00556456460216885,0.007863958526384333,0.013370607828896292,0.02250713766936312,0.03859350346865687,0.060019033784968326,0.08720948433469412,0.11591825490245186,0.17483533271557006
0.1312975713002013,0.09226053495893723,0.07547849174517596,0.05689770154889492,0.04099233223435998,0.02756826315245673,0.01830996058098432,0.012162284862659642,0.008081054763939898,0.005728124637980643,0.004860843673388877,0.005538700456183526,0.008128019437112739,0.013248734302057995,0.022846748009480597,0.038324738798142695,0.0601805322036764,0.08767678285726811,0.11654283647840095,0.17387574399869754
0.13107258137736497,0.09311787155572669,0.07565112849749692,0.05652975670539469,0.04075677740312517,0.027823435303546883,0.018069422398382006,0.012127160644569465,0.007952236488242273,0.005791983268995357,0.00493570898571415,0.005746586643373503,0.00808686096422433,0.013349738734592543,0.022904945727551366,0.03881411490668645,0.060076955107433466,0.08709733975773855,0.11522915903533736,0.1748662364945038
0.13075751003399733,0.09285773569127702,0.07574317351494488,0.05670872358784114,0.04017983679388142,0.02795582065805484,0.018578750632263195,0.012089342117420082,0.00806791328872387,0.005624989233908411,0.004961015003625235,0.005621857279991983,0.008110194666595676,0.013387537015780345,0.023146705419376454,0.03849954351771668,0.05995812577613732,0.087249972203909,0.1164037652349983,0.17409748832955677
0.1299201998603733,0.09277666292032818,0.07597449150499493,0.056980868628746184,0.04072656007864181,0.02769211985361105,0.018660209189695163,0.01196062900918218,0.007934619610986057,0.005680555251187295,0.005063818197186804,0.005700904443324371,0.008005059122229772,0.013392899071137642,0.02319025242390185,0.03844588523681764,0.06021325953359653,0.08748587296468947,0.11673235803307842,0.1734627750662914
0.13000195564594988,0.09245042437517113,0.07591974029021784,0.05731763601517578,0.04072437125982714,0.027444753001916525,0.018187507333672304,0.012140650056713735,0.007874212852505181,0.005696405522744162,0.00501740524895373,0.005832518480854228,0.00819024523800211,0.013542457073571398,0.023234638401063868,0.038820354363046115,0.06067195994837095,0.08674306723510775,0.11631712754722884,0.17387257010990734
0.1299895340050969,0.09263422364689076,0.0756273730352793,0.05771628549481942,0.04099103115862788,0.027446250310929215,0.018272469427248823,0.011889620517730399,0.008066168867028673,0.005570912982057621,0.005040573330016756,0.005780545764870236,0.008200709309729307,0.013658983781618962,0.023070557075653968,0.0386131070550818,0.06067148196297634,0.08773757730208866,0.11589876926783407,0.17312382570442095
0.13042260967220734,0.09198122429954779,0.07582229716096515,0.057784861504965285,0.04083605359927551,0.02833403979434946,0.01789979306688022,0.011906083958851121,0.007795575729232002,0.005605807265964586,0.004894132515402675,0.005718423929789768,0.008480660434168525,0.013789284837261101,0.023253776959569046,0.03851802726887385,0.06041101954055529,0.08747342950587875,0.11676627506307317,0.17230662389318938
0.12990155442035353,0.09276783172594151,0.07522937788775264,0.057586128151306516,0.04111753094607235,0.02811501897274993,0.018013945675057635,0.011830987677879311,0.007836230601027939,0.00563551673762548,0.004733020718305496,0.005590157318976816,0.008239773015212613,0.01390187975687352,0.023527461217697058,0.03845853054252992,0.060493823298474386,0.0873950867929014,0.11632813941921175,0.17329800512405008
0.13027508877488317,0.0924963137509987,0.07587965706547999,0.05692694268840525,0.040909154875621356,0.027973274499287774,0.01834915462544114,0.011561452859012507,0.007789986224452303,0.005468001169592473,0.00478469647668086,0.005535237100473937,0.00803547555348462,0.014014782523036121,0.02347472163542802,0.03861062421525505,0.06029968461657539,0.08863572041736312,0.1159725990127264,0.17300743191580184
0.1293281332375915,0.09280231031931152,0.07562353434425446,0.05775328956116761,0.040795095264690176,0.02752421314134905,0.018316101367449964,0.011916103870504478,0.007595206024852203,0.005423806238550481,0.004890342746382695,0.005439450329229888,0.008213147606688787,0.01388725929610978,0.023534970018100218,0.03878170079425047,0.060807016061787914,0.08813098484244053,0.11637639056411031,0.17286094437117805
0.1288578135238307,0.0928705807656279,0.07544151292753606,0.057793506597085945,0.040641239567189874,0.027489291561954125,0.018364247969736444,0.01182424243372028,0.007963105736344888,0.005439057688728893,0.004802572214515935,0.0054046530685011645,0.008347811944345838,0.013830657331546373,0.023132415564024664,0.03924472475521895,0.06116985091852517,0.08787252775436351,0.11742609652998127,0.17208409114722206
0.12948695294553658,0.09201508069673946,0.07590700758256932,0.05700766075625534,0.041365581796829684,0.02752805738295806,0.017862588018946267,0.012056425949932208,0.00775614432057896,0.005408972420339237,0.004800678037132542,0.0055528363875757825,0.008126750410090497,0.013815632071031276,0.023379458414712912,0.039296755398417184,0.06127979508767101,0.08852168827493027,0.11606694678440575,0.17276498726334766
0.12956478082639564,0.09214878812097363,0.07586110898230938,0.05711635821633179,0.04063786893219826,0.027742543937164025,0.018197344610942804,0.011795820632207188,0.00796084951179191,0.005535058236194806,0.004696744810198646,0.005607003045142239,0.008112559217615842,0.01384624768720899,0.023372678802400456,0.03873445953026297,0.06102953021603775,0.088543727585673,0.11695097899680783,0.17254554810214287
0.12919114267939266,0.09219654173088525,0.07593529891737605,0.05697453035755039,0.0406273153865152,0.02752359544941554,0.018276117559891333,0.011582794313957815,0.007538976649962016,0.005433440355643367,0.004755041876256366,0.005674162396716176,0.008156413054012396,0.013883721875381012,0.023554808031987888,0.03909544785241552,0.06077449972019971,0.08873733473806629,0.11703155334494221,0.17305726370943283
0.12941009052795205,0.09267503921209876,0.07553587261971226,0.05683447724759998,0.04061482068772469,0.02762439578964487,0.018186907615826208,0.0116502546636204,0.007800197350622621,0.005559282594519534,0.004669484620881947,0.005512368817350592,0.008320940277197873,0.013745736710499777,0.02386816603098499,0.03938411593332612,0.06107548270367226,0.08823074072162772,0.11703579990335759,0.1722658259717798
0.12947597638467823,0.09275615334315743,0.07557497426655777,0.05665424578331346,0.04081057996452069,0.02774518729878639,0.01807754761077895,0.011665305688263992,0.007654330257835009,0.005420448465848831,0.004813483385113088,0.005628506083729897,0.007865516561699253,0.013533131220218821,0.023934447771280544,0.03914455467848059,0.061452085738510714,0.08800055064873304,0.11666713596956418,0.17312583887892927
0.12953585772285914,0.09245012530231232,0.07553939401519262,0.05705437166713827,0.04013738698950837,0.02738985043453248,0.018292730589866697,0.011729797249446183,0.007671346808347651,0.005393549315019236,0.0048088573023186,0.0056108546352475475,0.008115337534569524,0.013712122041169197,0.023837924624757496,0.03887889214933723,0.060986190950405944,0.08855113631922307,0.11712600425543225,0.1731782700933162
0.1291335109976728,0.09259815329179488,0.07530872306883866,0.05686197232440008,0.040725170782974246,0.027121962815604438,0.01809329880139128,0.011648274654055003,0.007785326426944921,0.005616132422490804,0.004929559842854641,0.005650539248805145,0.008252946475489825,0.013725195806120659,0.023429484773415412,0.038574744138327934,0.0611487500938368,0.08832701498886471,0.1178902985261367,0.17317894051998103
0.1289049731861766,0.09259644452924498,0.07594200269311192,0.05686188339544798,0.0401464477353306,0.027379971192147752,0.017961899191284453,0.01184218551818945,0.007724320427144441,0.005470676828133481,0.004784105322258526,0.005487880214385473,0.00842340348665721,0.01403952712583026,0.023147938174157695,0.03875922922573815,0.061018847091611164,0.08785456570051406,0.11804338068435076,0.1736103182782852
0.1296319457689866,0.09232154638433857,0.07464581307435186,0.05672150010787419,0.040582583164747325,0.027775258976227037,0.018088469343405748,0.011869287748931421,0.0076668844995731915,0.005445301531813504,0.00473239383772595,0.005446864925879486,0.008337580553879249,0.013562443522389365,0.023375868074555134,0.03878624338293461,0.060859804200527154,0.08808787525366066,0.11802218143500813,0.17404015421319075
0.13034087854521811,0.09155211322193679,0.07502547368552656,0.05640780401202732,0.04001869112140477,0.02733967206146191,0.018067563090348755,0.011969506591902181,0.007812451162412717,0.005490126211953568,0.004677468759572168,0.005597959604673406,0.00829223161987635,0.013960517350236606,0.02383586819946364,0.03916227519081823,0.06079302864930081,0.08847651732523179,0.11763216623220749,0.17354768736442683
0.12931262222124965,0.0921151564510154,0.07487482824543824,0.05637144942873533,0.04042230910037345,0.027871525243035645,0.01820324797841559,0.011917695370325502,0.007622072747338297,0.005394539181924618,0.0047661402392605535,0.005547730963967105,0.008348952121315383,0.0138263399200589,0.02355401807975665,0.038888828098499195,0.060810884745068544,0.08849639139562399,0.11781542266081621,0.17383984580778178
0.12909531555434714,0.09256698371327361,0.07492550420410989,0.056441796399513085,0.04035195454779841,0.02727319604543345,0.018141503729086877,0.011853699163553232,0.0074237970901715545,0.005606521565888347,0.0049830538666716636,0.005700276107123938,0.00820664750948874,0.01363972317409124,0.023560516212504032,0.03897376279163523,0.06099357937650104,0.08894962099726708,0.11740724941364347,0.1739052985378979
0.1286448675574345,0.09250341620830588,0.07568816662966428,0.056304116022876854,0.040247155244387885,0.02745318152964832,0.017969099340523265,0.011722988502152918,0.007800212008167632,0.005454988914912181,0.004834286536230569,0.005702019080735087,0.00828489144744043,0.013736753398228264,0.023617960031144563,0.039191804852422935,0.06142139281236029,0.087905215463463,0.11798817382168172,0.1735293105982195
0.12867629247496007,0.09303975607812127,0.0748753276020235,0.05682967195257839,0.04012646180437802,0.027219293708009518,0.01806597205400413,0.01148033137618636,0.007701480128212141,0.00551824803829486,0.004996272721163597,0.005893320122461037,0.008257837053058636,0.01406676595658228,0.023681113714041916,0.03893248233644903,0.061346164966079426,0.08873111551126234,0.11647551013710446,0.17408658226502904
0.12962711058784532,0.09196135546685055,0.07513450380175522,0.05627035537772858,0.040417591111569756,0.02780136122068943,0.01815899045144182,0.011498296519709243,0.0075222062219637165,0.0056678440146785405,0.00502991839868162,0.005731949284913527,0.008466586300547396,0.01392335198640343,0.023733021875532577,0.039316856715339764,0.06164894390476146,0.08806969650063405,0.1167435148137898,0.17327654544516424
0.13019123738988878,0.09245981418900429,0.07473098690002768,0.05624371546928925,0.04065573360314139,0.027457241734131704,0.017983727072702734,0.011543988978321007,0.00752188932345219,0.005573391590183698,0.004816511250776035,0.005826727571555686,0.008333502745255034,0.013866235474230881,0.024007493740881077,0.0391075692725348,0.06146681533214382,0.08770898263710247,0.11642508526632334,0.17407935045905423
0.13042472587239468,0.09161238294094845,0.07495373901301558,0.0565134219377102,0.04036271114389668,0.027103312036608707,0.018012090371463223,0.011660581888198447,0.007740900963978947,0.005388779835210865,0.004690176416899012,0.005734174366412023,0.00828165439291832,0.014075217864242756,0.02380252810042386,0.039537515159850455,0.06128955626961402,0.08760986984408795,0.11714969805328765,0.1740569635288381
0.13001670868585943,0.09192434357059459,0.07473581051193601,0.05569509852497782,0.04044471050521501,0.027892095337979678,0.01837642840507856,0.011805491515144892,0.007561891692078779,0.005387730604091677,0.004673430376047031,0.005458066512761282,0.008501266827866158,0.014082811935847416,0.023787604312060107,0.039375604693437025,0.06127820665315177,0.08833877524863741,0.11642312207031394,0.17424080201692121
0.12950875021101796,0.0924555611827009,0.07481289741714028,0.05648716073002835,0.04026378806920137,0.0276402253359093,0.018086583009772464,0.011824820712896792,0.007707626032424859,0.005452078604968142,0.004720549709576776,0.005420816686361674,0.008176554811521892,0.013839651367083696,0.02384190222522337,0.03884293386853738,0.060854450759351995,0.0877193805138209,0.11708213756494663,0.1752621311875152
0.13000923880674012,0.09147825597591344,0.07518762906581751,0.056286374870445646,0.040350605681162686,0.027514760986910903,0.018155584006703206,0.011904147770883845,0.007719327865085284,0.005471374549979443,0.0047022556132394755,0.005383832557179772,0.008272718319568918,0.013786300616076776,0.023942735030710042,0.039243824772195415,0.06051652902251548,0.08779523927884156,0.11718121036184544,0.17509805484818505
0.1305945375099007,0.09178876788556982,0.07487763840958835,0.0560293449104921,0.040124290943289516,0.02712654523980998,0.0180046898116108,0.011740151317505864,0.00768148024327031,0.005556848734047684,0.004760111918089205,0.005469363907197341,0.00818608022671068,0.0141459840558903,0.024003649367062906,0.0390729107920345,0.06084725930346457,0.08845653332000232,0.11651729153224989,0.17501652057221317
0.13021976734193236,0.09246790990554614,0.0745162071578684,0.056011375088867874,0.04045500355471529,0.027281463136430758,0.017859514527457248,0.01180946726146298,0.0075109961796576506,0.005434417456386377,0.004740662036422158,0.005559418432956504,0.008409440698755457,0.014201673450573833,0.024411128211939158,0.039325307228962714,0.06048328502566429,0.08813193853076977,0.11705716450909774,0.1741138602645333
0.13034395692648065,0.09209214683245262,0.07425213508285652,0.056624616028823994,0.04029392739624576,0.02713187984163043,0.018094690495014238,0.01172303452068835,0.007759108280652849,0.0054013768276715505,0.004809209683417134,0.005417001290580639,0.008449709541234519,0.014124514469815101,0.024055423094831125,0.03920802722406417,0.06093384289915031,0.08799697510398083,0.11691629350241085,0.17437213095799833
0.1298037267546491,0.09225498650269948,0.07519121175764852,0.05660742851429715,0.039896708158368314,0.027350779844031198,0.01786517696460708,0.011764834533093385,0.007675027494501099,0.005561387722455509,0.004564712057588483,0.005462969906018797,0.008206171265746848,0.014192474005198963,0.024157668466306743,0.03897970405918816,0.060936250249949996,0.08739033443311338,0.11700941061787644,0.1751290366926615
0.12939836122706372,0.0923454644622571,0.074965344468946,0.05673661327552984,0.04006445069225107,0.027613464631041657,0.017847403140330283,0.01158049538264864,0.007670320018628811,0.005530819589634754,0.004675957109970949,0.005627714422795917,0.00815323136454493,0.014277922512264226,0.024068989121210752,0.038721988407002056,0.06060302968263814,0.08817273535676834,0.1175725031217327,0.17437319201274012
0.12876750831498573,0.09232366765041145,0.07457722396589685,0.05684639527802502,0.04059742977155264,0.027107634171858647,0.01779016567511438,0.011717493480738892,0.007779391327430867,0.0055683078028138195,0.004597055011633171,0.005591730297777984,0.008580440655205255,0.013820833528520787,0.023330366483971205,0.03940756702737311,0.06119204884370948,0.08839024999609628,0.11724520229228153,0.17476928842460301
0.1300153941127287,0.09197083714279015,0.07432777738706425,0.056279938423549086,0.04021067273054051,0.027249923810863413,0.01806503035844058,0.01151667174594244,0.007747067695024654,0.005701291698900533,0.004802650600526681,0.0056372146814512684,0.008292503770385477,0.013820318665947757,0.023094294801165885,0.03909635776855694,0.06106383477506621,0.08793711075165463,0.11768291253487116,0.17548819654452966
0.1291418556263004,0.09245640234187062,0.07436751373068486,0.05539448773142219,0.04023918571883806,0.027466055997450684,0.01818573758302456,0.011532838049774124,0.007769786869778744,0.0055282017957673886,0.004895559318433171,0.005751579263073051,0.008402429347112966,0.013908762020207067,0.023410895821747903,0.039058253094480855,0.06147097967421256,0.08761395374992971,0.11759339677461685,0.17581212549127423
0.12930097111647146,0.09151710389821394,0.07441008111384682,0.0554579995250653,0.03989451450425567,0.027569646673582377,0.018255302395920565,0.01183431028233618,0.00777549336966167,0.005533614128057391,0.004964942320430941,0.005936683705990427,0.0085628851032983,0.01395433127944908,0.02321868243116572,0.03967423229305969,0.061108785042056746,0.08874248540825638,0.11694329529689665,0.1753446401119846
0.12920038746367526,0.09227259944380216,0.07349779708152361,0.056402524763303444,0.03974314907977376,0.02712558197668967,0.01805455738524513,0.011681717338999463,0.007897697090897727,0.005574477392744429,0.004932350092178859,0.005968190482142299,0.008453894947348687,0.013900259350685873,0.02368684185857576,0.0393666218791988,0.06149423491547669,0.08845889447864262,0.11737337124644565,0.17491485173265006
0.12951352026478483,0.09113064385187034,0.07468619246861925,0.05606070068069693,0.04014706800724411,0.027149815774683072,0.017579466683319805,0.011988696683944299,0.007779616561543748,0.005484606257415849,0.004939736464122901,0.005637606944357712,0.008404109161306437,0.01359832635983264,0.023747892337475814,0.0395413101854743,0.06084275276337976,0.08924623743208641,0.11760913008180851,0.17491257103603322
0.1294575096036728,0.09178456541428533,0.07405446765982696,0.05621193666260657,0.03990755488928449,0.027169805428027105,0.017592679346637934,0.011680564664730319,0.00791092788656735,0.005631031575002342,0.004759673943595989,0.005645085730347605,0.008338798838189823,0.013835535151004096,0.0237811924170024,0.03981386052031606,0.061374496392766785,0.08793528842249913,0.11835004216246604,0.17476498329117085
0.13036786257268695,0.09210670679142959,0.07491575367157252,0.056011661259227935,0.03982539458629174,0.026965094590993884,0.017886866977006633,0.011573486308992019,0.007772605445055721,0.005764799924766069,0.005012460619739502,0.005651949029012085,0.008150342471121138,0.01373959655804768,0.02368144699926334,0.03945862917509128,0.06139245466372,0.08909891694487544,0.11638532311405776,0.17423864829704866
0.13311918333172318,0.09231314204746723,0.07306057385759829,0.054302321836859554,0.037729043892699585,0.025269700189997753,0.01632853508517695,0.010752584291372817,0.007160338775641649,0.005136379737867518,0.004638843267961226,0.005176633497568674,0.007588638778861946,0.013117895211412746,0.022622612952049717,0.038142852542427455,0.06152223617685892,0.08997037323285997,0.1212008501594049,0.18084726113418995
0.1775275171633827,0.12464996256710051,0.09901400149731596,0.07225983210946334,0.049148600646713086,0.03148982940155146,0.019791650074069356,0.01243090842479173,0.007612418165310056,0.0050845027795919,0.003827713088771723,0.0040284171458608775,0.005818824766243489,0.009699103203300467,0.01641153889039328,0.028073081763009922,0.044951337230602594,0.06558403287723602,0.08796890680004464,0.13462782140524698
0.21000111756998177,0.1468049646021856,0.11565715544426641,0.08302735131055325,0.05576350275586281,0.03642144373844974,0.02188979464246668,0.013035077120427074,0.007920169870637225,0.004972376585451185,0.003488761943016888,0.0033251756123554646,0.004544784592435184,0.007024494218599931,0.01248277079611474,0.021147987321249537,0.03393687511236437,0.049694611854988024,0.0669715959061306,0.10188998900246356
0.23425549979682384,0.16295718764556824,0.127412923324953,0.09095188854714185,0.06091650616301003,0.039061028831192,0.023948356916083297,0.013556639895868092,0.007747123322970801,0.004719303056231891,0.0031186713931276905,0.0028494216912845686,0.0035018979626221945,0.005527052161761258,0.009555886657438398,0.015862606667481568,0.02559854373903593,0.03827640546692524,0.051434952245344265,0.07874810451513581
0.24976109559541032,0.17172515898919874,0.1325010935764999,0.09523537131128235,0.06393048218311517,0.04110333456711196,0.024418722029677976,0.01393721188465292,0.008026851509135572,0.004599751001043105,0.003016588714290522,0.0025488744574178137,0.0030334129681348636,0.004505535179514789,0.0080823715468219,0.01312123557320233,0.020870486893906262,0.031129916888186004,0.04264948349540697,0.06580302163599046
0.25493317886265254,0.17634679124864175,0.13615984973384657,0.09640478630603704,0.06512275963242377,0.04143116171777795,0.02494610092922341,0.014144007348782683,0.007981175599573604,0.004440460807063604,0.002872332038841607,0.002342767241704342,0.0026958104397958537,0.004344487898844553,0.007223675145416095,0.011696698189196875,0.018479926237964826,0.028126917315911965,0.039475713712814775,0.06083139959348619
0.2578208036688168,0.17724657529472856,0.13609435494269212,0.09674378569760839,0.06421823326677331,0.04133865813583124,0.024857209566523448,0.014226771071825595,0.0078460686021348,0.004340341303112987,0.002791339529340429,0.0021449057182384946,0.0025543718789095304,0.004258448070978781,0.0066751696235350716,0.011290811579354541,0.01814370694071278,0.02801793984506497,0.03878951348450477,0.06060099177931343
0.25710775244714895,0.1749341850184388,0.1335774138208805,0.0962005236871969,0.06389231659883048,0.04038835707747844,0.024930909760445867,0.014018104209857286,0.007899568197067846,0.004333963009059187,0.0026750890958694568,0.0021776039628851303,0.0026042727068325416,0.004006437209763454,0.006961251042328727,0.011530678544935653,0.018676052198760357,0.029038260324586933,0.04100977089127737,0.06403749019635611
0.2541170850499079,0.1719370144353892,0.1314863170900784,0.0936971333953515,0.06214329072277515,0.04019208873148882,0.024262516477319668,0.01381760190795688,0.007826502354415923,0.004347857319880898,0.0027549000944639803,0.002225111614759368,0.002555555954642922,0.004071289774543574,0.007280550836347442,0.0123485613099963,0.019589602497009844,0.031106665277842623,0.044396274599246464,0.0698440805565832
0.24858968720646768,0.1689841585269403,0.12822489715620852,0.09106177504854882,0.060589607573791435,0.03878111330100968,0.02347354113842149,0.013376479765155994,0.007270101368777113,0.004061266485321345,0.0028142911696411293,0.002307537775750765,0.002705701156664622,0.0045101052056242385,0.007742467925224917,0.012927641044853099,0.021777727102438395,0.03415155908111131,0.04877682399549714,0.07787351797255207
0.24476123917577555,0.1645318511562219,0.12432888898595357,0.08786594887362549,0.05931256392616779,0.03723642399292399,0.022403733106202074,0.012732454655644976,0.0070614528393228276,0.004116754206842328,0.002617105459522224,0.0021657548656685995,0.00303569673608002,0.004804699870054708,0.008011473040901829,0.014024627726758172,0.02370136606353124,0.03714724585139644,0.053614262678765796,0.08652645678864053
0.2377049329326928,0.161374175405685,0.12090293191109559,0.08654309340342728,0.057258520429216225,0.036319414526675135,0.021598963133431133,0.012620905658593865,0.006849427123949548,0.004031854925934204,0.0024212943017783424,0.0021686216982143864,0.0030084399920744425,0.0048116861988042586,0.008607228617808146,0.014967670631263422,0.025329065165900465,0.04045851897498541,0.05860550171871904,0.09441775324975142
0.23263842277313576,0.15660703206916696,0.11872557805408115,0.08434346915895989,0.056029431506078954,0.03495172754088011,0.02103053809007231,0.01236652964375252,0.007152886370150532,0.003824064029489557,0.002439927001737881,0.00224400721275075,0.003047641162022037,0.004932462094963047,0.008865370451667673,0.01580601038374882,0.026897247326964722,0.04347061021757981,0.06298821215936262,0.10163883275343495
0.22804621981722595,0.15305747816603757,0.11730023891210893,0.08250154180600192,0.054593496743669555,0.03411505761200022,0.020903453102873278,0.01212465388489898,0.006852672071879808,0.003600863049647058,0.0024271010610880726,0.0022408183417944277,0.0029298835461718897,0.004924736355695098,0.008843907741222559,0.016342239335314316,0.02830954762236334,0.04531914932097236,0.06749764433745749,0.10806929717157726
0.22361218435400979,0.15091386257567488,0.11507805703107694,0.08143076637648583,0.0541869081778407,0.03376617294491248,0.020728748439669938,0.012176428523824187,0.006542128461320927,0.003661934791262514,0.0024190744833573813,0.002118266263907877,0.0028783924232353647,0.004888583877760186,0.008977414166085768,0.016504824639615542,0.02894603644642822,0.04794738918279233,0.06938582887074429,0.11383699796999483
0.22129443428712636,0.15027120337656708,0.1133861115936086,0.08125357023263144,0.05375360157009655,0.034421071669678026,0.020036279831028382,0.011807956850996611,0.006682938272356588,0.0038607757007504857,0.0022813674595343783,0.0021578083114120296,0.0026806963005674748,0.004709573326982272,0.008736885270854181,0.016786137021723123,0.02963270700186412,0.04782097174793218,0.07123453496097139,0.1171913752133186
0.21859289330709925,0.14911993567186957,0.11325202181748313,0.08047954344105686,0.05369691061307412,0.03411739172202277,0.02081235612451477,0.011810687435734133,0.006779715291095465,0.003856841446102064,0.0024051889460931695,0.0020511707506253134,0.002718290465702931,0.004604015526988995,0.008784632408142062,0.016460956596301844,0.029472459519175688,0.04815181154134897,0.07290640043549576,0.1199267769400731
0.216891893088119,0.14503778952940577,0.11143352353502504,0.08008299710182902,0.05427741356386509,0.03389815504949197,0.020391651426335648,0.012159217051230522,0.006764759515543367,0.0039374051720932855,0.002409536168713563,0.0020554529697843103,0.0026184452560818216,0.0044561370585246415,0.008496226358307409,0.01637634795047792,0.029741218294062562,0.04921048298718752,0.07492400489342979,0.12483734303049185
0.21367060027164808,0.14378472773456105,0.11068776348979555,0.0802279021361415,0.053701645763877856,0.034305268913936954,0.021146213684711868,0.01256107671411688,0.007237480376073802,0.004210544883667602,0.0024977509657617618,0.0021220299518442086,0.0025365578310490213,0.004272283078442786,0.008761531812809791,0.016464694572330713,0.029925384981743137,0.04989680901730434,0.07597855038718668,0.12601118343299642
0.21174575401760934,0.14421232371355688,0.11007757657524714,0.0789643808279051,0.05424738776341956,0.034716220109478536,0.021442474580320576,0.01265186809171462,0.007214832303897801,0.004103688400756092,0.0026087231485970876,0.0019481979608041542,0.002364539635024699,0.004288143572879116,0.008486694633584195,0.016611505786622256,0.029969573680179336,0.050967599131479635,0.07635741439523296,0.12702110167169087
0.2079854707725395,0.14209430337293147,0.11045260224838745,0.07972335622352171,0.05402574839707383,0.03459623424000897,0.021699268109431555,0.012751603801837878,0.007462516659748822,0.00438714016256062,0.0026918301117188305,0.0022732566590833074,0.002520197482604682,0.004325842795019853,0.008429263713534633,0.016713165098329732,0.030377223999845875,0.050593095814790885,0.07789494331744856,0.1290029370195819
0.20658588106829556,0.14086138356529976,0.10854249267818734,0.07929885031406607,0.05412995585108332,0.03523191699794344,0.021804087655921022,0.013173157598201254,0.007453509324300043,0.004488153403094785,0.0027891788929454175,0.00213156760924284,0.002469967049662735,0.0041951064649992055,0.00845126437543499,0.01652052113513825,0.030185578950857078,0.05176464842216899,0.07924128752265447,0.13068149112050334
0.20500627699936788,0.1410383428025192,0.10804970756670071,0.07908496845829582,0.053381483113043464,0.03493006499872023,0.021667400869551597,0.013161674957645485,0.007734377584582784,0.004777832528612149,0.0029739569820953155,0.00218519672864732,0.002526470480691044,0.00409354383191223,0.00823061747913616,0.016537847433220912,0.030707672913485362,0.052409897635286314,0.08031425044269822,0.13118841619378774
0.2036592075663554,0.1387716512400493,0.10677622002604764,0.07768503235062646,0.05394789076701281,0.0363309026834653,0.022473064359986906,0.013659346858611395,0.008089397769930978,0.0047655363100088475,0.0030191596498192683,0.0022791695395694474,0.002522930987651741,0.004194438060216043,0.008369723435225622,0.01616486631425726,0.030703495539165494,0.05304945571550948,0.08050395938237814,0.1330345514441125
0.20121805091015185,0.13790684185482724,0.10672967049760523,0.07727694247340394,0.05433819928521564,0.03591982467291147,0.023319058485198964,0.013870220443944299,0.008505864496611894,0.005044821633862303,0.0031397719497497554,0.0023044675759501805,0.002554537908231134,0.004087955292981706,0.008108183204303988,0.01620942001048906,0.030940993821178882,0.05330492256502697,0.08201959578909347,0.13320065712926207
0.20118626181973182,0.13669735421680906,0.10554368600623446,0.0773790648874473,0.05369368245403365,0.036258440809070085,0.02297840781692131,0.014014732103405429,0.008580731129582554,0.005139428216951103,0.0032125758308251336,0.0023531164931286574,0.0025506535183250243,0.004196795394961417,0.008187389860112596,0.01686342394044778,0.030909346100463156,0.053147856463359455,0.08238853453519024,0.13471851840299984
0.19855969568600323,0.13569464856920552,0.10515258926255724,0.07715051439439784,0.05342439699144118,0.036045647099507215,0.02282873692400795,0.014577677876718253,0.008771505143943979,0.005303017204115157,0.0034045128382467348,0.002228754214575949,0.0024932999049018757,0.004151465375637589,0.008510417567217087,0.01678914152329904,0.03130457335523472,0.054240511800812664,0.08271116106164092,0.13665773320653582
0.19785484620581106,0.13450059002095743,0.10483713521068838,0.07611011190529256,0.05346989338157163,0.03595413213359524,0.023450525490114785,0.014635629663800359,0.008607567817855438,0.005271314615069635,0.003298243067901649,0.0023825443638744773,0.002726363311235623,0.004352160444234813,0.008322491806224332,0.016724459349024605,0.03188359223418389,0.054689673164672006,0.08433066744069125,0.13659805837320074
0.1955702184020639,0.13363674618175797,0.10499475724672673,0.07554393565210195,0.053189801465211586,0.035836977966639524,0.023523406134021325,0.014884935362370821,0.009226555925001035,0.00560836633048661,0.0035026420717153453,0.0024575405968460698,0.0026265504063133793,0.004249389495178047,0.008614326513155175,0.017104482554048648,0.03209116872007836,0.05506960444806227,0.08473599977925247,0.13753259474896876
0.19501784508536707,0.13211219666799873,0.103148382918326,0.07652372225054772,0.052884151634995644,0.03550930838236712,0.023429425787870856,0.014703247943336687,0.00907240006063195,0.005696302829031679,0.003563849577643347,0.0025286279265251,0.002609585360140004,0.004144331601648087,0.008650387906681913,0.017438575700367925,0.032925560501040396,0.05606732902479018,0.08510693271231516,0.1388678361283744
0.19169846622654582,0.13101475992550393,0.10285344802384151,0.07592169999673262,0.05342326059703497,0.03593937820181013,0.02300058296804682,0.014655025648874387,0.00939627553924544,0.0055579726469328775,0.003563155731573305,0.002565747273893519,0.002789304341994162,0.004452224994712012,0.008538160331689897,0.01756814621320121,0.032988424902881654,0.057068960476830057,0.08618812843181593,0.1408168775268397
0.19101769091994156,0.12901887077191126,0.10212922122910394,0.07551910056866121,0.05279666074454145,0.035788271448268294,0.02338439165597711,0.014670979071346743,0.00912670375426153,0.0058238041994498595,0.003807080483739308,0.0027386970867259797,0.0027507013945575905,0.0044330193921018534,0.008828310959590071,0.017831541833297895,0.03356404469718276,0.05706504962923836,0.08766746009425096,0.14203840006585225
0.19033992577082162,0.1297057220895205,0.10102673415604578,0.07479806305025036,0.05226542928522715,0.03568038272920742,0.023206042515567234,0.014765300772106815,0.00923752308952395,0.005896181960870327,0.0036429185843680077,0.0026679323781095897,0.002777596907460273,0.004410570289822788,0.008970215799231662,0.018331111484275124,0.033493946175278184,0.057035836311981884,0.08764080754217803,0.14410775910815327
0.18853424859302795,0.12882485724757564,0.10099712611196174,0.07456009645850674,0.05272505557667869,0.035697525853003544,0.02340043639253405,0.015230921528127448,0.00933756709449577,0.00590876861262113,0.0038638208666879033,0.0029937760970613733,0.0029972014701701386,0.004756130561521414,0.009072100678566411,0.018308619266353594,0.03363716392808087,0.05715406300631296,0.08764159636088359,0.14435892429582892
0.18579007576068926,0.1274865398051868,0.10037435096516104,0.07388722206238954,0.05268142150617183,0.03605311468222981,0.02337552916033045,0.015242900004109982,0.009632773005630679,0.0058892633540202485,0.004019221021193815,0.003068787417971586,0.0031201622073349492,0.004747030537174799,0.009124162590933377,0.018181537955694382,0.03404264792514349,0.05805522447357967,0.08891948543010976,0.14630855013494445
0.185788897961699,0.12719223915242833,0.10020490856148026,0.07306693508489925,0.05165339126237024,0.035858142333560994,0.023505425711659245,0.015048881904536921,0.009451129222494406,0.006065087997699272,0.004240254860372875,0.0031498057905070998,0.0031258398768836786,0.004620285776401448,0.009230300446964289,0.018686565222378007,0.034326035712635004,0.05845971073142256,0.08984478647226889,0.1464813759173381
0.18394227543762368,0.12574192355876856,0.0994536978086299,0.07238504035653406,0.05121754191397451,0.03563971438938066,0.023770648922114276,0.015261205013931389,0.009861507602363203,0.006130496395637796,0.004104112327397946,0.003253510231185776,0.0032569331772469927,0.00477158680933506,0.00955001951079255,0.018706400224545255,0.03458886994858734,0.05976806117489201,0.0900080781527045,0.14858837704435454
0.18347964966159713,0.12486362999011638,0.09791965198715476,0.07213161287674887,0.051172525589682744,0.03512617859597883,0.023411182511807332,0.015594915236847778,0.009714332616286424,0.006073809092245978,0.0040851154057926905,0.003327599238037913,0.0032882699561906,0.005035858045232096,0.00940824820538777,0.0190131428200121,0.03583239570045451,0.060514085012807674,0.09114988560308891,0.14885791185452957
0.18233985863830554,0.12472839676858295,0.09671891348466301,0.07189442080450882,0.050872800077832556,0.034478462055769765,0.02377989769113783,0.01554091074345464,0.01019845597936754,0.006212950588267424,0.0041698456832794835,0.0031679220581935,0.003319832113785751,0.005173476162922682,0.010010701978073744,0.019552018952913006,0.03661203025229018,0.06047556381673163,0.09143961233919297,0.14931392981072686
0.1822443523114754,0.12427726457101079,0.09592507578817142,0.07076800384436456,0.05114572629691923,0.03484637026206774,0.023105380917569394,0.015201939904538424,0.01037773949317778,0.006170409639539699,0.004181768918925826,0.0032905443286250077,0.003375747444332544,0.00542573440825584,0.010234598258789128,0.01981483658894439,0.0362300688611581,0.06119798988809423,0.09225452556349079,0.14993192271054964
0.18127072162416596,0.12332180426507304,0.09588398619240583,0.07129773648233799,0.05022989917181724,0.03522846656570205,0.023204808098999913,0.015410748639024195,0.010084523760795711,0.006190904997748763,0.004057345176210551,0.003151733453399369,0.003443371126847037,0.005547937729387527,0.010585935901109246,0.020148581719945973,0.03612384538769049,0.06211200251047167,0.09174307232614302,0.1509625748707243
0.179614198319786,0.12216485183102431,0.09580628120580068,0.07085186510573763,0.04963788490704293,0.03469318201182625,0.02312765196053371,0.015457628273946459,0.010236354651261863,0.006577714159126151,0.004299371197791524,0.0033723565598214145,0.003610926503416662,0.005524598265255695,0.010733943390760526,0.02047611744457509,0.03700390232264881,0.06231617333810475,0.09302523729189036,0.15146976125964923
0.1785141026600195,0.12216807568574908,0.09546075944201485,0.07081086044249774,0.049478334206177005,0.03441327901298383,0.023643294860197648,0.015316706228023039,0.01008814587598365,0.006377993457073094,0.004490610695849118,0.0034585013840806923,0.0036557413843527464,0.005611137938773985,0.010679865876799814,0.02078671554591271,0.03770344625890131,0.06220881594787422,0.0931380884043284,0.15199552469240762
0.17749269491695402,0.12099665300558057,0.09467795590262608,0.06974973184948215,0.04952327852467069,0.034794123296543016,0.023835223844063037,0.015687867697679204,0.009903295829090804,0.0068486747159984315,0.004543685161544751,0.003489781382959735,0.003600271295230746,0.005536394527179669,0.010722621024700446,0.02059701949212037,0.03779944891031449,0.06320872904303838,0.09369884529542453,0.15329370428479877
0.17653871495819104,0.12065861958877029,0.0937595522256261,0.06908848842185344,0.04956968284912747,0.034486506313808854,0.02329724148705652,0.015495832682366848,0.010007336109280854,0.006741748575232478,0.004612239075650231,0.0033912523689519545,0.0035780514478626767,0.005629444968991355,0.010567733346013032,0.020609032924186754,0.03840589062404477,0.06417227629961214,0.09477675811896723,0.15461359761440593
0.1754538507259913,0.11996433726755541,0.09370467861085166,0.06925872463275876,0.04933854122442049,0.034569075316294474,0.023596841300840627,0.015372335908975123,0.009892162689988963,0.006531374713424473,0.004648042795278933,0.003583255498004583,0.003671563216438821,0.005787552008151482,0.0106156066910079,0.021093657128300917,0.03871274518128556,0.06379893011802663,0.09521949562706973,0.1551872293453342
0.17461797224302378,0.11911251033712181,0.09350191969054011,0.06967941762311575,0.04974044697120211,0.03442197871614221,0.023761370833948883,0.015551106560230397,0.009920240721212708,0.006340667383260573,0.00457465397174718,0.0035693847990395607,0.003739193780915848,0.00570897797068078,0.010986641127395787,0.02125159408181736,0.038594185400842605,0.06393987403569723,0.0956703803891003,0.155317483362965
0.1741198551447704,0.11829221521930226,0.09236048180994365,0.06909641968646377,0.04938925261082205,0.03398226304053434,0.02347448912058485,0.0153136550151202,0.010217588302974152,0.006434993330821783,0.004520786453931761,0.003568773991223158,0.0038742325354077347,0.006107473891779433,0.010959173768577817,0.0212242778450918,0.03813819623335675,0.06407841460227602,0.0971052711962775,0.15774218620074057
0.1741579600957539,0.11850988457687504,0.09205896354675791,0.06828142709266886,0.04910692352392069,0.03393402601891024,0.023020246906887264,0.01519322742574073,0.010083640682204372,0.0061972375026047724,0.004408204478342705,0.003672939011931968,0.004038877585076482,0.005778779967573777,0.01100695791536993,0.02127695620426827,0.038787794593257596,0.06435436407160876,0.09679752923696726,0.1593340595632794
0.1739561377945552,0.11718331718094512,0.09196187132759077,0.06780614423291971,0.04838261506035118,0.03371161548731642,0.02285111112617162,0.015502904041259749,0.009859169247660164,0.006572214729622576,0.0045322697606961565,0.0035732923085264275,0.0038409927280367057,0.005921601051825445,0.011223085942000501,0.021388924657580664,0.038943633812935,0.06464795700527944,0.0979817421536668,0.16015940035106033
0.17345625744894025,0.11715710291956079,0.09163531683532561,0.06823780323438713,0.0486124414892625,0.03364589920471171,0.022777015812521506,0.015398856317464307,0.009882190187658199,0.006396552337971244,0.004377391501892857,0.0034856378496869547,0.003772151855813945,0.005887947593367115,0.011387660231686416,0.021683515611622635,0.039147307192179695,0.0646962188627937,0.09809459709179809,0.1602681364213553
0.1726744186046512,0.11753339209437925,0.09212319479286732,0.0682486948267679,0.04824225371211607,0.03328530747847312,0.022379483354803702,0.015068818224964402,0.00975150857685267,0.006337717811377045,0.004608787036409248,0.003746016679096886,0.0037680520713268676,0.005930910570208149,0.011493999593192765,0.022201505186792328,0.03946708251406874,0.06570784459963387,0.09783036138043254,0.1596006508915859
0.17199017199017197,0.11711485936158576,0.09072282607775373,0.06747866844352027,0.048242591316333586,0.033307538476387545,0.0225532844416373,0.014914733040163776,0.009785676911796833,0.006632721312252669,0.00470742028288548,0.0036084577779960272,0.004065653273096418,0.005968941186032846,0.011863376439530813,0.022480471825750956,0.03978108802367933,0.06564311319652463,0.09904209077193224,0.1600963158509678
0.1720432470814982,0.11715259051370702,0.0902913852422293,0.06692815540546251,0.04737060111414491,0.03339053399494494,0.02235559650709654,0.01499953506851399,0.009694244148203253,0.006412673186978537,0.004517443384024956,0.0036940919888078312,0.003940928341378056,0.006061015917563424,0.011658791009070388,0.022487467983127212,0.04029011724726747,0.0667117509319763,0.09880723940590211,0.16119259152810306
0.17157196915233192,0.11560940045300531,0.09084804021902587,0.06659753739662327,0.04763322467745783,0.03263566901176156,0.022447277654386352,0.014985714599865006,0.009753655083284981,0.006488904075525701,0.004611249350855854,0.0037502347068405846,0.0038889443351495276,0.0063045217647247865,0.012113410345370057,0.022520015630206898,0.04043723981372312,0.06639793085832504,0.09976436278995812,0.16164069808157822
0.170288874606772,0.11653079863342695,0.08987078442647906,0.06548726448601291,0.04739031897980584,0.03319013631904746,0.0225822819064371,0.015113486452660418,0.00987213746913372,0.006377904813449243,0.004637553698880357,0.0036261543145147653,0.003920441091905422,0.006570713391739675,0.01222643168825897,0.02224232993945134,0.040616649189865725,0.06688597233027774,0.09988499137435305,0.16268477488752836
0.16980410796474246,0.11614142927944004,0.09042563088534536,0.06652649811482884,0.04745150906725891,0.032774407004142456,0.021977594457309207,0.015062762921753134,0.009927384119906698,0.006513947221973199,0.004468929774202332,0.003689150581958852,0.004018992105792863,0.006395542572391759,0.011987625022623747,0.0226355860099832,0.040384442982240996,0.06676499890898574,0.09994705620668715,0.163102404798433
0.17103549304923552,0.11507414261500314,0.08973066422174784,0.06626654802946082,0.047322374052283823,0.033107900087624625,0.022288457569719086,0.014831906190899899,0.009708064510672274,0.006581996691239906,0.004377848223317625,0.0035895648878979903,0.003971865389625109,0.006590454666941834,0.011907138193173404,0.022697823593692386,0.04044265661633609,0.0678532642711424,0.10013566593025892,0.16248617120972733
0.16992811467862784,0.11604368870530399,0.0899537940413742,0.0667663431404847,0.046942550873013855,0.03208737741060796,0.02185448924254326,0.014814627100174851,0.009805461932878875,0.006333679666844057,0.00443306893726295,0.0036626880548727403,0.00399381667975976,0.006718870108039161,0.012018617537991097,0.022558982286308003,0.04075247290573814,0.06754517118167305,0.09986231131159036,0.1639238742049112
0.16993321387296934,0.11502713239287904,0.09047176691354014,0.06670829166603214,0.04672998404375023,0.03230506048315457,0.02158239296368303,0.01491900891891755,0.009605899243812513,0.006419725511894427,0.004323246885316358,0.00361765238387725,0.004076204206155426,0.006377423683270977,0.012083094328001608,0.022602713070080584,0.040550532918437,0.06731574592506487,0.10062928200260236,0.1647216285865605
0.16948954877267589,0.11452151852521661,0.08994292262525501,0.06579532259618391,0.04672840330396365,0.032427791289826986,0.02224952801726688,0.014618365832675572,0.009563037794112425,0.006306061154088629,0.0045617955118963304,0.0035781108183343957,0.004081784424316281,0.006679590908860432,0.01200365754927297,0.023006728606125557,0.04123700885485241,0.0676815633487872,0.10173192732902565,0.16379533273726324
0.16879511195025484,0.11428923663065027,0.090156348688988,0.0664541036042274,0.04661075627640854,0.032132712306928456,0.022153619595432147,0.014793848731207933,0.00975448290770057,0.006567725766628726,0.004536104759363528,0.003475541174523505,0.004249009521429127,0.006501862741455537,0.012128929404969789,0.02298112939889012,0.04128091762393227,0.06770887867355244,0.10086500106394115,0.1645646791795156
0.16842176296921132,0.114506959088992,0.08927878532264867,0.06604301982285958,0.04667397722479966,0.03285027414592999,0.021665120202446222,0.0145002108814846,0.009730915225643186,0.006257275411218896,0.004448755799240829,0.0037486292703500655,0.004075917334458035,0.006584563475326867,0.012106284268241247,0.02343483762125685,0.04164150147617038,0.06839645719105863,0.10166343315056939,0.1639713201180936
0.168138143306975,0.1146874293370593,0.08917958427409964,0.06577601830570944,0.04633295196438757,0.03168905943618145,0.021765029480157,0.014449833108899397,0.009687783706433657,0.006749892845451079,0.004603426920597635,0.0036128801455276903,0.0042034957695046594,0.0065676457386238994,0.012499114076564033,0.023410315861235705,0.04102922366107438,0.0687729707290897,0.10166351109176146,0.16518169024066745
0.16680148542690826,0.11388948464332696,0.08889087786433576,0.06579549542094694,0.046494740379597846,0.03207448075075192,0.021842327911874137,0.014557048600615049,0.009843739709163003,0.006434147931362334,0.004611983727178616,0.003713567270620934,0.0042928094597173335,0.006498320535402169,0.012368425052309121,0.023083561174223548,0.04189120041610869,0.0682053455779165,0.10200404287405451,0.16670691527358641
0.16698600325757113,0.1134253157884066,0.08854747470651449,0.06521731784297427,0.046545420138818495,0.032111068307617445,0.021806127207477547,0.014775653372802665,0.009750748497935295,0.006589485209140124,0.004781600805606807,0.003732352006920648,0.004119273061508619,0.00664017355690274,0.012555503740800064,0.023446740063394228,0.041667511472462705,0.06877563985590993,0.10211674540256685,0.16640984570466946
0.16555225777663599,0.11394690050097693,0.08882030410179097,0.06511686081494954,0.046619250765663145,0.032225459904942834,0.021957460905544554,0.014642251083421787,0.009919816646496882,0.006858854311038394,0.004771450399226562,0.003814794031545997,0.0042069217299592334,0.006894348628567179,0.012544705938030299,0.023345119700360357,0.04190357715112465,0.0691547619852479,0.10219828139894935,0.1655066222255276
0.1668320371331353,0.11291563063618891,0.0883838938744187,0.06550191767762395,0.04638430293390308,0.03200636915759101,0.021575352306706715,0.014817419172719452,0.009827569595048012,0.006813713972762045,0.004893500856151359,0.003941845940084616,0.0045486738528163415,0.007038527656308896,0.012190648764961516,0.023781230930982195,0.041626028353569405,0.06883862603342454,0.1016225462769671,0.16646016487463677
0.16621459372621972,0.11289760717003466,0.08856852963557958,0.06583918153377862,0.046192610129365014,0.03192356472478228,0.021868605732645638,0.014931935402046162,0.00985879766635664,0.0065139088526253485,0.004731546461486428,0.004066965418111102,0.004515092584763674,0.006987401707956373,0.012451171049293984,0.023647586031960766,0.04201234463515686,0.06929060623995942,0.10224570897099855,0.16524224232687917
0.16669199286814165,0.11355593376016421,0.08833779074479291,0.06541082475619309,0.04632331091120295,0.03190257179133912,0.021576235243266607,0.01468750844206716,0.009840073479752548,0.006627022719291138,0.004734311262392953,0.004053880649431341,0.004724180781802956,0.006767161034119458,0.012296715022827353,0.02362596914930977,0.04189122565307832,0.0692907988221628,0.10291724072723343,0.16474525218143019
0.16674257682951926,0.11284804809667918,0.08812326460933256,0.06502801928455516,0.046055539248927975,0.03159887045677676,0.021455585807161198,0.014728258485912759,0.009851452245759994,0.006398383282220491,0.004753663087080763,0.003861296950435724,0.004610277223914738,0.007003977692533475,0.012763028714284272,0.023378643266093804,0.0419648249174266,0.06990651241721575,0.10291731190305094,0.1660104654811186
0.16613375358301707,0.11231544400696586,0.0882355425156538,0.06521639987230356,0.045977477454651715,0.031738310116565235,0.02184859187641145,0.014739142846043014,0.009761346150273043,0.006523329093676153,0.004758212857816087,0.004150134537328408,0.0046619337904055405,0.007089179753018855,0.012629448895239932,0.023211700778171335,0.04154864035376646,0.07024655886789327,0.10398814922917626,0.16522670342162288
0.16470214574002778,0.11300064029247343,0.08904964716336917,0.06453438573313487,0.04627675839686983,0.03156692576830872,0.021911855885200112,0.015089953490100802,0.009891589530288871,0.006588761600021619,0.004921298087400766,0.0041036158785775715,0.004554692634271358,0.007055043190176995,0.01248485851901533,0.02299646741012675,0.041311535232135585,0.07010104457212753,0.1035939160389041,0.16626486483746875
0.16505648314291607,0.11304062798847023,0.08823062288589491,0.06516258967522617,0.04621885655005086,0.031696792135951536,0.021606533999709392,0.014821122634145353,0.010073362191606771,0.006635037458309254,0.004754518820392728,0.004036441173389562,0.004653143152580516,0.007123330258271409,0.012499619841245702,0.023524223715823727,0.042620020342717335,0.07025502738832627,0.10261414055398424,0.16537750609098803
0.16489723340829454,0.1123119151211891,0.08780415385212341,0.06467639869017512,0.04589616888035619,0.03218720845683939,0.022243741469858344,0.014999552932006863,0.010051438124946225,0.006655408426135089,0.005054398895995116,0.0038582811332245766,0.004404885019173311,0.006891595290433926,0.012782770505659204,0.023812697068414896,0.042624980809817276,0.06987082265571883,0.10237857042839237,0.1665977788312462
0.16385396469372182,0.11188259615319655,0.0875782838689628,0.0652129118559104,0.04605152041291996,0.03200602625338639,0.022412663239178753,0.01469405954640958,0.009986893574473545,0.006855538815962818,0.0049436221025679124,0.0040501557232517455,0.004588937906620096,0.006867361622494409,0.012795654611907929,0.023964828839540868,0.042565481458461424,0.06943365378768941,0.10265742911382997,0.16759841641951365
0.1646667015514148,0.1120492482618112,0.08765130556169788,0.06446701450136472,0.04640402952600068,0.03234660135341569,0.021668492489370004,0.014687041610189952,0.01000123221932829,0.006949379417210899,0.004702689107687531,0.003958293595666639,0.0046655537306706145,0.007030402057975078,0.013356919924311357,0.023673802848283416,0.04229213050721862,0.06940770761629704,0.10262361438624508,0.16739783973384065
0.16340882606272483,0.11151137457567002,0.08802756244616707,0.06459103882724491,0.04650149465470942,0.032504095522791376,0.02180507000388442,0.014998902231004368,0.010004897738595867,0.0066710577426491715,0.004934893854182499,0.004130989174308826,0.004649473915319789,0.00723851986961882,0.01316985019675398,0.024198206414348687,0.04185033186401174,0.06915438009829253,0.10260593470807788,0.16804310009964368
0.16389802756641944,0.11234743759367495,0.08761640196888515,0.06429798904034595,0.04586123516619436,0.032042540895933974,0.022267394606687658,0.014844366491102675,0.00999481249799343,0.006829929351967786,0.005096256042932915,0.004024960840273941,0.004722823488062831,0.0073723359135664124,0.01319686992549936,0.024028103756799094,0.04183965380605502,0.06978795451895635,0.10241007625796926,0.16752083027067952
0.16543357172793272,0.11213615531250415,0.08752551813646628,0.06413501967093435,0.0456318358186759,0.031720226587532284,0.022264996552516663,0.014910365433233735,0.009821947625292357,0.006607676396230751,0.004993781010450606,0.00408459177741425,0.0046912812470426,0.007231265293982449,0.01298552056998391,0.02377073559830736,0.04213196425432963,0.06959860478321414,0.10317607852150285,0.16714886368245302
0.1648523233104156,0.112429081934947,0.08769448134650216,0.06415331299828331,0.045352113151555754,0.031822609042063854,0.022054020111105674,0.014947443404809855,0.009812477528194204,0.007035679741529922,0.004885138476964396,0.004118776048304466,0.004809177443286647,0.00722980238315083,0.012901559564422549,0.023444951038893727,0.041991259417058155,0.06939124827610654,0.10325805313558709,0.16781649164681833
0.16557485659429624,0.11266094057916637,0.08766085607374281,0.06410243409422015,0.04553828264698029,0.03158981743448295,0.02201535294535203,0.014854363353040011,0.010125439850729626,0.006767194318531368,0.005127789101504536,0.004049499896903382,0.004705261983714116,0.007215073063389213,0.012949611106040787,0.023560112087993808,0.041835254986665044,0.0695648646730147,0.10298337947329458,0.16711961573693804
0.165677168065128,0.11155907627295984,0.0867479191840096,0.06398045079283646,0.045708760015930994,0.031500820175645844,0.021940542328488792,0.01474291037471564,0.009858983792249174,0.006774043297173599,0.005083063879194542,0.004165007189193934,0.004823172830922309,0.0072094451832400664,0.012940549078905624,0.024152991447221866,0.042485435975671504,0.0693369065539797,0.10339613471131844,0.16791661885121403
0.16557454786619166,0.11203569481874988,0.08709556025441335,0.06379233823675831,0.04546904294617259,0.03186916849905244,0.021637621312938872,0.01502415711660386,0.010125232247514675,0.007128163502250332,0.005071053817296935,0.004264410314911598,0.004666044527396347,0.007096100266799868,0.012877607880130747,0.02394279918795636,0.04277066855220992,0.06990966605296509,0.10267323006721468,0.1669768925324725
0.1645265077702024,0.11284719586039112,0.08746391592558286,0.06451689097421516,0.045759077327475514,0.0319935618081601,0.02187230582086103,0.014872290636446305,0.010075702743148876,0.007248027291454718,0.005022666956857704,0.004211144348107768,0.004752721806337974,0.006984830769697984,0.013050160870438136,0.02393063759357397,0.04217555545432613,0.06945857438591697,0.10197852923759052,0.16725970241921465
0.16507233559937629,0.11203916856253669,0.0869292981117809,0.06431218735021497,0.04617934368017065,0.03185905528289532,0.021685490349627693,0.015010565115541184,0.010408157754389755,0.006894328591970513,0.005157666628411724,0.0042176076257856325,0.004690168704305033,0.007125545976817506,0.012949861269569093,0.023923404600044555,0.04302162304477856,0.0695593030399179,0.10207488067832769,0.1668900080335383
0.1646130000641595,0.11213559940162829,0.08681792548719008,0.06500876283611977,0.046046255618176726,0.031709985580997975,0.021944235269486762,0.014709408145554256,0.010231750845048068,0.007104819728706645,0.005119252237984446,0.004194004801831584,0.004617795142113278,0.007094689282325408,0.012970348183442127,0.024086824679118102,0.04172730864430991,0.06891573832381637,0.10319210365472735,0.1677601920732634
0.16420017903288453,0.11212694444913608,0.08757579340280708,0.0647693684868343,0.04591011198000236,0.030842636850372418,0.021578529565760805,0.014881686287094431,0.010287634908034521,0.007402840880301318,0.005002786832638034,0.0042782103467495424,0.0045839174421943366,0.006945124731872925,0.01264039725032513,0.023591805023054694,0.04238181296130525,0.06966237100342866,0.10315503234414848,0.16818281622105496
0.16505490239106033,0.1117409248584185,0.08794341804309481,0.06524480305191463,0.0457787193099432,0.03117409248584185,0.02153895495556324,0.014677211076694547,0.010249571668509405,0.007030544466294745,0.005156857945865652,0.004182878556417376,0.004307790991112648,0.0069123840550965095,0.012624595933593845,0.023800882827072226,0.042125874598043594,0.06976359477730981,0.10310677481157635,0.1675852231965767
0.1643145876178994,0.1118917604627838,0.08778674933557565,0.06428453233644352,0.045528685908800805,0.031520898551605586,0.021548623704499184,0.01471189142276299,0.010296466647080078,0.007088318626507407,0.005180314803745767,0.004111494963207608,0.004410359278808325,0.006900895242147636,0.012570874743770284,0.02374704934807055,0.042099344524704436,0.06851084522880851,0.10384099743010458,0.16965530982267382
0.1647830460643132,0.1129260932088388,0.08677988644265756,0.06374772986585113,0.04524402676226546,0.031537142432773634,0.021710584057413287,0.014807350846279004,0.010133743814095422,0.00697918565477758,0.00488796170646575,0.004013664688527469,0.004474442846630074,0.006636555742342308,0.012932169404330292,0.023597580323928728,0.042173860206995734,0.06887367589573248,0.10347085789129011,0.17029044214449193
0.1648199422613896,0.11123878171869381,0.08700780028042539,0.06412832752066493,0.0460913390397033,0.03154026432877601,0.021695004479719764,0.014772107965464819,0.010083165871115678,0.006954954772546657,0.005211997887529507,0.00400559500971028,0.004658571112809639,0.006968452986564216,0.012698444837017507,0.02382434774098952,0.041459764354928784,0.06949892942290072,0.10432600886495208,0.1690161995440978
0.16383591912857803,0.11111542827796844,0.08726552152877264,0.06346967321674732,0.045120212449658074,0.032036381328215804,0.022290658702056928,0.015399897288969379,0.010230559234532529,0.007051247398437711,0.004838230126767035,0.004062829418601509,0.0044665783712192885,0.007009014244398195,0.012808470957104629,0.023667459523745174,0.041888531502554255,0.06972693731924208,0.10367732518852883,0.1700391247939022
0.16486978815274592,0.11022129267305363,0.08656220483065714,0.06336526784509512,0.04590304952098232,0.031876602347861285,0.02158446903251923,0.015078936715692893,0.010224666036972065,0.0067990149777358,0.004889690999865064,0.0041138172986101736,0.004402239913641885,0.007025030360275267,0.012795169342868706,0.02411955201727163,0.04212825529618134,0.07013560922952368,0.10362299284846846,0.17028235055997834
0.16398646039057083,0.11084669782283481,0.08662449171651823,0.06387126914443093,0.04573244261097909,0.03109320371647775,0.021618175593285507,0.014922579002136857,0.010043394886722984,0.006798476034992503,0.004884243760193076,0.004064581305961778,0.004663305938167768,0.006940146088810258,0.012704768040585096,0.023758405334889456,0.041983245829587804,0.07010475151241216,0.1045002167214514,0.17085914454899173
0.16462920717487883,0.11136045023091586,0.08687373275318307,0.06384471903690084,0.04544416842397196,0.031124173700115453,0.02146815458424157,0.014857755508243111,0.010376415638354173,0.006995963411973796,0.004841538131129074,0.00416680054317221,0.00462000774510815,0.006855604465105575,0.012742224875325732,0.023455163771833834,0.04187262510125295,0.06959436264355079,0.10447609754777701,0.17040083471296597
0.1643450703393933,0.11184140621442339,0.08614783669049828,0.06395732243119119,0.045792707505848254,0.03135377822303854,0.02127300724729343,0.014740829568012733,0.010168473851893458,0.007024663060729184,0.00510700594186986,0.004145647491782072,0.004472846683566337,0.007080320655207949,0.012445375444206635,0.023377876274854065,0.04132660719737029,0.06991943141550755,0.10460591893218371,0.17087387483112984
0.16483440421645454,0.11242078109753421,0.08686983621059315,0.06421753502176095,0.045172922582409604,0.03133303846062943,0.021132918935892205,0.014689049980923312,0.010443220685207633,0.0070094167935632196,0.004995391207166083,0.004183365803094813,0.004625674858950679,0.006891242618334555,0.012593990674369374,0.02330732376009967,0.0414757591002556,0.07033895729860591,0.10478841758026558,0.16867675311388952
