0.10138713745271122,0.09527112232030263,0.10353089533417399,0.09873896595208069,0.10346784363177806,0.10170239596469101,0.09867591424968475,0.09791929382093313,0.10327868852459016,0.10012610340479193,0.09211853720050442,0.09646910466582596,0.09930643127364436,0.09672131147540983,0.09924337957124846,0.10592686002522066,0.10529634300126102,0.10119798234552332,0.10018915510718791,0.09697351828499366
0.10292304259491959,0.0788188042418762,0.07595330647907837,0.0748552571314488,0.07192516823055514,0.0653603598313584,0.05914199480922129,0.05409801411609963,0.04859602353466194,0.04259491961339267,0.03916571737266738,0.03933600310037463,0.03763901774494719,0.03574238705358716,0.03364023910464938,0.031080081267395573,0.030933283226268628,0.028384869232304964,0.026270977440077038,0.026916888821035566
0.09952232485547874,0.0789200830929193,0.07606785679204578,0.07320835440367007,0.06938113237749799,0.06256707643166118,0.05731374125505234,0.05190397019714558,0.04804400577721347,0.04341641412579628,0.03947641274333965,0.03798117676163173,0.03666784296747952,0.0346269004231045,0.033877463410374974,0.03368464709156593,0.03313166444139658,0.03127990017207946,0.028631404321268376,0.030628690340630038
0.09685522689188489,0.07710997091168816,0.07440564307145714,0.07140829551038848,0.06521520161893396,0.059757709318332346,0.05432158303904182,0.04912963986044935,0.04610482170055215,0.04240239543621785,0.03882816529975001,0.037128040461139794,0.03581860858364645,0.03539739273494229,0.0363588636939409,0.0355408503066024,0.0360139550642049,0.03535771298107886,0.03352939201460215,0.03937452498756191
0.09599107741320964,0.07604008651218577,0.07179046032189698,0.06741057739014336,0.06189637533480053,0.056582985755882616,0.05080284285338246,0.046053899154145275,0.04265094178337761,0.03963061359066277,0.03721000914510872,0.035907441730460815,0.03483282361337627,0.03609739947843029,0.03698748721177304,0.0387893721353693,0.04027646993375902,0.04068894961506419,0.040249333112620515,0.05012170864280616
0.09486165029926488,0.07386733373416766,0.06927258466388062,0.06402214980811914,0.05896223497304268,0.052157948520005847,0.04682833651279082,0.04281257036250765,0.03960094715667426,0.0370623297381958,0.035508478140920494,0.03440247230655414,0.034395049448605365,0.03612952392263403,0.039207535685389594,0.04165955309446576,0.043465781861999155,0.046217187875008975,0.04827826809878339,0.06128806379698977
0.09509515931681431,0.07287146045377679,0.0677251126193215,0.06100461475714097,0.054540746884924364,0.04827393418357293,0.0430565548340383,0.03908566400718563,0.03612067108742376,0.034205111519478686,0.03266991425808727,0.032965497014385024,0.03353833181341169,0.036187119924110854,0.040361939939417,0.04369583846975203,0.04691746137947786,0.0510258325580969,0.055422912475425384,0.07523612250415879
0.09550112278347059,0.07300243484844575,0.06636682755594557,0.05881922755938708,0.05152328592692013,0.044978017534350274,0.03958564557898631,0.03553545156544408,0.03257792805582084,0.031166920475956955,0.030564661143088225,0.030835677842879147,0.03273709659379329,0.03619793683159969,0.040411601235492006,0.04499952679623846,0.05050159598723212,0.056218757797107465,0.06232738817334744,0.08614889571449466
0.09686133475009197,0.07284114593976049,0.06516204176713393,0.05644488945195961,0.04886182516653723,0.04259471167599821,0.03644815889492827,0.03243491765090524,0.030038007274510593,0.028658711022109616,0.028102905717438384,0.02879970575013283,0.031764681842331104,0.035530671461849704,0.04004454616044792,0.046021496587518924,0.053690383750868445,0.060601168825861286,0.0687645592382198,0.09633413707139644
0.09826528203917867,0.07303516639131459,0.06391904649516167,0.05544803713319173,0.04671347651640314,0.039896546298481626,0.03405318228306191,0.030784360003146875,0.028072142239005577,0.02676028636613957,0.026406262292502553,0.027434898906458966,0.03058571316182834,0.03472976162379042,0.04005782393202738,0.046870820549130686,0.05525529069310046,0.06435174258516246,0.07389465817008892,0.10346550232082449
0.10044142081607338,0.07361543939173512,0.06376865414506781,0.05463970413702806,0.04560455126683562,0.03764136568632706,0.03256483487875284,0.028397562040106877,0.026425907918009816,0.02462462002588035,0.024333657475823306,0.026257455915345222,0.029368075282731377,0.03374782735201108,0.04033659772896075,0.04742689565929817,0.056529046485095824,0.06659405364430594,0.07759511795468643,0.11008721219592502
0.10317263554884415,0.07421285131510742,0.06399362918554245,0.05374999060905887,0.04363031245539302,0.036756143553682376,0.031187315468006946,0.02666088184693517,0.023967559932986247,0.02316557356112,0.023088567843915046,0.0248916285394457,0.028231047202626463,0.03296971609306799,0.03920905737489388,0.04751440570368201,0.057743018774369485,0.06887504038104683,0.08153966357892523,0.11544096103135071
0.10541352268303084,0.07576336231669108,0.06493075511225642,0.05310257883905894,0.04310239344444652,0.03519531322419771,0.029700216911696546,0.025254454105563685,0.022655221639259163,0.021548415803036767,0.02178015906857746,0.023671184115389602,0.027143625206251507,0.03157084855114111,0.03892174493409221,0.04787815866070933,0.05773929809599731,0.07033130017241701,0.08410426593003208,0.1201931811861547
0.10795126808066628,0.07801736331806171,0.0658564274771018,0.053260122785038014,0.04230976953005883,0.03425820128369517,0.02834857430478759,0.023965493803801113,0.02066624293214491,0.020260266070989012,0.0204072260207287,0.02205868845592854,0.02524771936527998,0.03030314163632556,0.03800200600331395,0.047508477752100625,0.05822736908623976,0.0714004915810319,0.08661635737720574,0.12533479313550072
0.10948902446143964,0.07896513223188747,0.06726895907525253,0.053080667289392244,0.04302644637748848,0.033431972094109405,0.02692801681359099,0.022959965555490684,0.019681534240177472,0.018710958024403066,0.01901563138536984,0.020725086111273272,0.023976151555840968,0.02918114017163874,0.0368143937182556,0.04660955105376846,0.058081324070290145,0.07299754801798122,0.08944078755327223,0.12961571019907758
0.11211415312045524,0.08073257572593955,0.06719695552945064,0.053548765453393356,0.0423317216473694,0.03264163378839405,0.026522916140886654,0.02133925475108439,0.0186521027871939,0.017268582654434074,0.01792221421321825,0.01961439369318172,0.02314037282417855,0.02850015160620878,0.035301551104001856,0.04508786805357601,0.05851636530015308,0.07451581334461453,0.09232364203504552,0.13272896622722047
0.1145453164392134,0.08206766087815182,0.06755960024162015,0.054086021116444276,0.0417120307306116,0.0325409542549382,0.025259795925010937,0.020127176118668776,0.017611505170599017,0.01638531904350248,0.016736174660990286,0.01886481930935699,0.022181670868494246,0.027270885856178134,0.03420661417094987,0.044631004785381276,0.05869959163299779,0.07462011741003448,0.09486846531412427,0.136025276072732
0.11721720007570771,0.08340648743161515,0.06802339729434986,0.054394202950798984,0.04106062927545898,0.031804457743368805,0.024291366614692698,0.019377574288212122,0.016533126639207595,0.016035618685389313,0.016033816120339245,0.0176651374906492,0.021140482907176916,0.025562174974989405,0.033113119969716893,0.04426558993447674,0.05833280758519373,0.07617820158084955,0.09676169188755604,0.138802916550251
0.11826847175046255,0.0846667973308543,0.0696542014230409,0.05404102975367404,0.04103694619812167,0.030902679754663,0.023665202388637247,0.018671792538835136,0.015929642729347118,0.014960450108157577,0.015169033306780929,0.016648895138393155,0.01925258885913982,0.02527273152285514,0.031880863030965614,0.042964542654365036,0.05818572176080183,0.07762531624629361,0.09775179678242436,0.14345129672218696
0.12046953480941082,0.08478768970060784,0.07001016044892668,0.054324294243728706,0.04090927042232284,0.030589054719223355,0.022855624688095755,0.017974659912182125,0.015384283975571835,0.014181545321705666,0.014317975377965112,0.015425572018913513,0.01862090754709529,0.023780117832485435,0.03135737135184234,0.04211559934082742,0.057916354014454406,0.07846343854005478,0.09996732859179051,0.1465492171427955
0.12138335820721706,0.08588029361335413,0.070495512846928,0.05508564917253277,0.04098009671252658,0.029972283386694235,0.022083708830437747,0.017430829402184718,0.014460296444139467,0.013464146670512711,0.013596727755491813,0.014616168800804087,0.017572368668581327,0.022472493903957547,0.0305850229956517,0.04185441521887524,0.05781251959602184,0.07903445137409545,0.10149977873291897,0.14971987766707456
0.12213905656159176,0.08713972725240329,0.07119338251732617,0.055032416722557556,0.04087100380058125,0.030113123183545722,0.0214817795662866,0.016540129666890235,0.013764363961547062,0.012592890677397715,0.012954169461211714,0.014093449586407332,0.016645651687905216,0.022063044936284373,0.02989671361502347,0.041107086966241886,0.05828929130337582,0.07908249496981891,0.10284462329532754,0.1521556002682763
0.12267921689706988,0.08835726703724153,0.07176001615234663,0.05536288283652361,0.04145471178603144,0.02909209160381725,0.021174940277412974,0.016048714333956913,0.0133364065674298,0.011899848303735592,0.012251840813620863,0.01307375225802302,0.01580928795667454,0.02079793307139373,0.029124253355989504,0.04111165309619401,0.05853260218950061,0.07948419696571735,0.10346793026617426,0.15518045423114654
0.12411620193860201,0.08833966391142306,0.07257893300172878,0.05598681193990441,0.040507968678357265,0.0291075758197489,0.020922129429248877,0.01543959308269121,0.01277058092048806,0.011337949392246664,0.011320108401857603,0.012476204579068595,0.015020329808548335,0.02008717107904094,0.028236935488762844,0.0407327651572594,0.05863263081460175,0.08034690021712487,0.1057114362532493,0.15632811008604702
0.1243502805718066,0.0893158042077747,0.07329280926644778,0.05572386099615026,0.041109520183873934,0.028993311567546753,0.02062162658540456,0.014988793175694832,0.012175051130578669,0.010643362653547756,0.010750349043095905,0.011980692522899546,0.014500221996758308,0.019093504321358586,0.027513333178797433,0.04052109504135915,0.058057947394792246,0.08146835253441845,0.10625531588623063,0.15864476774146385
0.1256320379971616,0.08862081999129945,0.07302936079474542,0.05654288587301473,0.0408676303834661,0.028875845985979285,0.020783263562519166,0.015201004129196052,0.011528230436239932,0.01055298421777052,0.010281983440426187,0.011312499554275034,0.013919099136363307,0.018412006760756234,0.026675747569907503,0.03962138338765235,0.0586163983996691,0.08167642507185087,0.10800985587037606,0.15984053743733107
0.1259220119341168,0.08991684546492885,0.07335710193813758,0.056156887024405515,0.04054005970616595,0.028554349334443473,0.02043815359215494,0.01502972854687717,0.011590753016442322,0.010016260856879552,0.009592838106624254,0.01066562767975007,0.013161687001633202,0.017950989706201546,0.026398095665076178,0.03921286066544977,0.05763530847592718,0.08294104460883212,0.10892461295958271,0.16199478371637077
0.12706990677081206,0.09030299041381239,0.0735462846185181,0.05569381122556982,0.04055229533071368,0.028144861899484667,0.020052902805769855,0.014639882027098901,0.01158560773298847,0.00953815886139785,0.009257101587973594,0.010187436739877936,0.012953538386553366,0.017799108087867756,0.026243278195114232,0.03878946141955269,0.0573872702401261,0.08253300199408356,0.10951450024281217,0.16420860141987287
0.12762987070728626,0.09019722918778567,0.07409521777018974,0.05598712408187945,0.040335058421810795,0.028140283483611674,0.019626882925180954,0.01406569563748244,0.01110459015810347,0.009624926639278664,0.009087837237012932,0.0100179622614665,0.012294367675043128,0.017163741130021875,0.02572160273168649,0.03860996994433476,0.05782425438830498,0.08294296537373955,0.11015490227462695,0.16537551797115374
0.1274806246282503,0.09001358273483484,0.07374448478822475,0.05611888887902489,0.04077661283879158,0.028062107720852606,0.01949344388910096,0.014188187459495929,0.010537716502578946,0.009035625826726915,0.008856298216489263,0.0093427909412924,0.011917296236783465,0.016966877657732832,0.025672256598279517,0.038267801816357874,0.05790151185604077,0.08339621636497602,0.11019237768880444,0.16803529735536155
0.1276193147224791,0.0907283580923845,0.07345530324142696,0.05656921026052474,0.04133214286348233,0.02793758198532741,0.01944572149750693,0.013825899109455187,0.010013082151294992,0.008356956349636025,0.008254003191547905,0.008871722140076647,0.011750860457644539,0.01639262784385911,0.02446912559042749,0.03855418264955277,0.05801055447375848,0.08338318277913176,0.11189588240619282,0.16913428819429036
0.12732256811891263,0.09092392065633881,0.07439133156139346,0.05629307578145918,0.041047773224794616,0.028070293646726734,0.01950611461105684,0.013610484115486978,0.009794725671436959,0.007957771327554139,0.007776912888291546,0.008760995572514484,0.01123627381967705,0.01602547621622868,0.02472263939841518,0.03860973053865671,0.05831266168655815,0.08408498928147777,0.11239997375779505,0.16915228812522498
0.1272647657407867,0.09170395478623447,0.07403966841347617,0.056676759869237474,0.04095547408505238,0.02815046199448302,0.019275771349959937,0.01346981612406839,0.009456172572490231,0.007892553485700508,0.007569901928108979,0.008472262602911665,0.010819464043852249,0.015285174338209745,0.024603067671732173,0.03821293584552436,0.058119827824619365,0.0842138293421454,0.11356625702919466,0.1702518809522121
0.12848290352035885,0.09223854398453914,0.0737333888883964,0.05658815081426583,0.04091630393347575,0.028388046205264143,0.019161177649134317,0.013232152197232295,0.009428994423808299,0.007622272852191029,0.007347452593505376,0.008076169537504098,0.010686075478054271,0.015260503009725092,0.02429411086781146,0.03826561821260449,0.058350546537707985,0.08511449366583629,0.11263198021294138,0.1701811154156435
0.1289191503241326,0.09156014401165707,0.07426066393557411,0.05666692074927188,0.04070226068520761,0.028383981450788034,0.019442637306535303,0.012959985535018202,0.009318922713389502,0.007441665883737709,0.007290988989950738,0.007989420709386815,0.010299208857674155,0.01490105846086212,0.024048032248400606,0.038146071498845094,0.057840427851471574,0.08517498905376684,0.11397200246046502,0.17068146727386502
0.1285430081453346,0.09104650380717402,0.07428325657626915,0.05591642978764075,0.040824020418205036,0.02881664324425738,0.01957216638996364,0.013115369230388007,0.009118810023611205,0.007194868545415286,0.006918755508986062,0.0076957659127836805,0.009835641945110144,0.015049930440754285,0.023899707249383177,0.03762571107956658,0.05836250809754579,0.0851295430329247,0.11490727203859918,0.17214408852608737
0.12813979722824378,0.0925521870281242,0.0741934571276005,0.056363404896368575,0.04101937541772609,0.028553898599976663,0.01942315785006772,0.0129623277377193,0.009150190430050107,0.007099133251526801,0.006572223734975123,0.007456300105028271,0.009892814580894757,0.014564274120255604,0.023424487500928275,0.03717894766621519,0.058043149999469544,0.085445981165637,0.11453032558764555,0.17343456597154686
0.12883231562785238,0.0911123532699833,0.07495878469691715,0.057073465835520865,0.040774847697957285,0.028109544261343943,0.0188918213272389,0.01323311941470732,0.00913458476908817,0.00713219322017109,0.006302580467130352,0.007300238447332856,0.009419377206699164,0.014545641083697134,0.022931982367633438,0.037074314906142304,0.058101195066899716,0.08478677714018865,0.11561865408155321,0.17466620911194292
0.1294308782115083,0.0912401597423192,0.07488937720648943,0.05675837648344149,0.04105992811949207,0.027990262719190473,0.01870378194713795,0.01289464891516297,0.008927608585354125,0.007078444510051071,0.006397824845623086,0.007127944122009474,0.009671870608014341,0.014162192549954832,0.02305267642634016,0.03662440931936265,0.057693565580798384,0.08574747065822108,0.11626221358728991,0.17428636586223903
0.1297479716930239,0.09189685393536658,0.07469405153765746,0.056727151809513356,0.04039987760292763,0.02827867620137502,0.018996308631646718,0.01284284888029672,0.009025899715762864,0.006822044915480573,0.006266659355858872,0.006776057576148838,0.009248761437139725,0.014144644332148867,0.022832713978205528,0.03708348293958148,0.058242965263640104,0.08635007331443134,0.11533978453162778,0.17428317234816662
0.12985531947997758,0.09185612925241031,0.07510550910463569,0.056586826876665275,0.040969534522296146,0.027562319768171695,0.018863454333608563,0.012760104032772794,0.008946394125790545,0.006693883035621144,0.006066220997151651,0.006732780401385456,0.009015348546918177,0.014172785634849206,0.022838057889888633,0.037260140278045445,0.05841677112966789,0.08642817866620933,0.11505487180665887,0.17481537011727558
0.13048858967377852,0.09194735762727443,0.07499628731250926,0.05665384316193682,0.04049834873803985,0.027990127787167543,0.01882509352436584,0.012389768540454146,0.008703600246098144,0.0067394117688657565,0.0058094719497620365,0.0063398558770075015,0.008800837299426477,0.013933185768738468,0.023211368602685866,0.03745394499565088,0.05823085137228001,0.08684152835432475,0.11641927203038038,0.17372725536925326
0.13094662122790598,0.09252202779298287,0.07492098246605335,0.056458248724242044,0.03972948634188547,0.028038422827679974,0.01888474917450956,0.012817615171366516,0.008410290819840021,0.006496212455635405,0.005782847456429998,0.006282556106863489,0.00860099235428107,0.013642222732329203,0.023074885667367085,0.03738456377023997,0.05877668497165964,0.08578743841929616,0.11694771599597407,0.17449543552345814
0.13031626596424573,0.09322378014978232,0.07474109409592139,0.056163072762004315,0.04061459477209572,0.027604859980721087,0.018819890470356024,0.0128843865527822,0.008749660147381284,0.006535763088298127,0.005398801600220331,0.006209151480698136,0.008481308988704533,0.013500534936849209,0.022446162048790477,0.03740320820872071,0.05859412240343772,0.08640554215761391,0.1173135930454679,0.17459420714590884
0.13060051979603654,0.09272638671130129,0.07501377176999026,0.05669908329448988,0.04036364535220421,0.0279937709224967,0.018754325748266167,0.0129172140062432,0.008709761713066937,0.0063809200954842715,0.005496348715341045,0.006183171603316525,0.008441388759410707,0.013699379917228135,0.022093097165134114,0.03703723321609672,0.05857769397008348,0.08664915180021751,0.11738315182846731,0.17427998361512495
0.13030049523648166,0.09262651827221413,0.0748820151147727,0.05647213721192099,0.04044313605060379,0.02798456754171388,0.01877345137116615,0.012843321014193483,0.008633987412592352,0.006399599010233005,0.005550672610916382,0.006152510245359143,0.008446905919187857,0.01360223650630606,0.022119739215457873,0.03731040349595304,0.0591018676380785,0.0862322140212285,0.11739540203106967,0.17472882008055093
0.13101580215106892,0.0922965616425061,0.07498036862862743,0.056443060199931186,0.04018740239458616,0.027790963393006813,0.01897669822391233,0.012560548443166083,0.008657214198113623,0.006402032839534495,0.005502077837284609,0.0060773431916639475,0.008246058285321028,0.01339168335700862,0.022491816585641297,0.03642700217930281,0.058814706323507354,0.08709623342362295,0.11747059705838242,0.17517182964381187
0.13056928837630144,0.09325344682532265,0.0746228643087565,0.056353852313434,0.04083454003820301,0.027428210613946742,0.018801667104666728,0.012573835346075899,0.008564811956872573,0.006490631795982509,0.005375936335368122,0.00588213506510915,0.008257917953475571,0.013245827387996916,0.022255106522203076,0.036687943475063094,0.059734977626721655,0.08644357471546164,0.11743457778263793,0.17518885445640073
0.13062983596955788,0.09262127632549229,0.07474164058668492,0.057086051590731886,0.040441319158995584,0.027764154638120413,0.018474153473783003,0.01270362673459811,0.008589634574469965,0.006336818112856051,0.005267744678448818,0.005886960479565878,0.008190937221044161,0.013035286479925762,0.02231117446361092,0.03721292908479552,0.05912540619498063,0.0869918813928298,0.11691535267074302,0.17567381616876537
0.13078347678848598,0.09228517002963173,0.07553442923663045,0.05612918018907861,0.040357344433469715,0.02809016509101172,0.018645054324820085,0.012727529278961484,0.008783688443629176,0.006332016367997741,0.005266685480457175,0.00567764921687597,0.008279243685621562,0.013143784393960776,0.022285522788203747,0.03730598278538168,0.05904472978693383,0.08731480174968251,0.11658141667842531,0.17543212925074073
0.1299944836191688,0.09354935927148521,0.0748430122611698,0.056730601461752794,0.0404986949265158,0.02788151589440272,0.018706347010315455,0.012529057932573258,0.008533647279437295,0.00619138845366857,0.005257304798546355,0.005761357487914192,0.008156488973406813,0.013093032969628179,0.021968590115280018,0.03747966605628118,0.05950994094123907,0.08693851438400708,0.11732619434932261,0.17505080181388472
0.13011863420825323,0.09295950924571206,0.07554866117858593,0.05694794549524934,0.04068465864020166,0.027527366955172845,0.018762890232508943,0.0122230252604488,0.008390770152831885,0.00632833295140052,0.005261859013908231,0.00572546669252058,0.008152796629589804,0.013053288441537839,0.021941158842919833,0.037575137936505146,0.059248356219922776,0.08687443811807014,0.11744081510338626,0.17523488868127404
0.13053158576679333,0.0924735352965545,0.07501961164535094,0.057170810820339694,0.0409931866059073,0.02804333071844728,0.018548650101804277,0.012197121274889158,0.008260689448494089,0.006071236547292711,0.005320264779247795,0.005619948348655391,0.00827655504922743,0.01296043295461557,0.022254149295302898,0.037860611883334956,0.059561227997496774,0.0870369227785955,0.11605158083082863,0.17574854785682173
0.13015807010341246,0.09256201842007428,0.0747956506493895,0.05677202911548754,0.04120993845291816,0.02801423000953248,0.01842712229949624,0.0119605379775273,0.008374843401176673,0.006145898123985741,0.005335372568643586,0.005659582790780445,0.008050633179039807,0.013401863856374875,0.022596042873277863,0.03800483848516297,0.059711065259641295,0.08733765261227101,0.11600911312646132,0.17547349669534634
0.12935709025822795,0.0928355747853385,0.07489280139807412,0.057138528428329345,0.04098915153671882,0.027892776734468088,0.018679158195892453,0.012005891078469026,0.008230597669641567,0.005987971207001646,0.00530091361043482,0.005834704512382894,0.008093186150328202,0.01335005760713694,0.022813835578308697,0.03779697624190065,0.059143327261388406,0.08744657686765157,0.11646859442109231,0.1757422864572139
0.12889581791917698,0.0922471197547828,0.0760472818236268,0.057300144452665326,0.040783215304936074,0.028094281788394463,0.018845787971673182,0.012075890497833202,0.008059401754571397,0.005913751189092062,0.00512983123700807,0.005880280449564882,0.008084064404749323,0.013520417151111576,0.02244477327978016,0.03757354754606631,0.059600817390691604,0.08675791847232499,0.11694147905436353,0.17580417855758732
0.13035226531799035,0.09186212487003716,0.07494669321726256,0.057225932648421976,0.04091317602692654,0.027862265846652686,0.018940208292949404,0.012548680987541194,0.0081607838299822,0.0057835656510476325,0.005046962835039737,0.0056866442278886995,0.008215412268489961,0.013220082118878535,0.02252806315752375,0.037554408162546044,0.05861102789574781,0.08720813435071456,0.11793222549209655,0.1754013428022627
0.1293155076446135,0.09300007045726767,0.07480448108222362,0.05724300711618402,0.04103255125766223,0.027879940815895166,0.018598957232438526,0.012298316071302754,0.008321003311491583,0.006020573522158812,0.005162756288311141,0.005818008877615728,0.008000422743606002,0.013298809272176427,0.022301486648347777,0.037271894595927564,0.05915944479673076,0.08712921862890158,0.11723208623969561,0.17611146339744946
0.12956076500769448,0.09244605963284981,0.07563272305974904,0.05662373974807285,0.041018272992664764,0.027948276408506497,0.018640987988210067,0.012217796887710367,0.008240278056562115,0.005676635994520567,0.005192431621538817,0.005803409503083061,0.008210345422595971,0.013131622595265003,0.022773452218712482,0.03766229650210762,0.05869261297808577,0.08704586031672247,0.11702251286222887,0.1764599202031193
0.12995178100333557,0.09256180590533016,0.07546854141937845,0.0572481710946663,0.04064097100168007,0.02762818187261592,0.018669451557343265,0.012003677182798957,0.008108117627583096,0.0057799396293935126,0.005064931862929842,0.005714778823090175,0.008215544902839954,0.013151916256036185,0.0228485486751223,0.037633007294488104,0.05993385297608775,0.08658990606277274,0.11654450483070519,0.17624237002180254
0.13072782456350618,0.09279084605595726,0.07587924464451266,0.05723153824189847,0.04027234816572135,0.027913395680359276,0.018333973724006886,0.012339564510841396,0.008019571279007053,0.005747653173811428,0.004936883330219509,0.005740603001258458,0.007908531061297725,0.013372414789851982,0.022511200961643538,0.037725473330959776,0.05930781405874908,0.08702732999390163,0.117085740673503,0.1751280487589934
0.13103804210930528,0.09384143044108559,0.07510308906084588,0.05671175400246252,0.04059973965718594,0.027270821700401442,0.01849526080959921,0.012194541960462416,0.007961769415179853,0.005886777297683865,0.004963775710614341,0.005731769397565319,0.008141437663044532,0.013237322379441726,0.02228590854886183,0.037496058747994145,0.05951422637846938,0.08746320764188949,0.11681606727342864,0.1752469998044787
0.13107724156870204,0.09285078037256496,0.07542310522442974,0.056835345437645894,0.04055895307202382,0.027368491467480664,0.018260330738546143,0.012037418450802908,0.008252620312571514,0.005886681383370126,0.004830458647119505,0.005877879527234705,0.00794455534783175,0.012958092602568035,0.022347912727836046,0.03789375103421811,0.06071520362213983,0.08757670817622022,0.11715622590491882,0.17414824438177523
0.13075016197639366,0.09300966224400689,0.07592467393447701,0.0563554607172033,0.04056628355728329,0.02700076058480521,0.018190653257838245,0.012259148145018165,0.008079452942336402,0.00592094143497,0.005084650271838643,0.005431491027916279,0.008088256007211471,0.013232767120200571,0.022696061860897492,0.038027479647314004,0.06004746612580637,0.08760810163666581,0.11653673342911065,0.1751897940787064
0.13053917090437997,0.09266994418363951,0.07525439481229967,0.05700802481196523,0.04073837423188697,0.027417080756821265,0.018179481898847598,0.011863836947931134,0.00812866454384955,0.005951280819132815,0.005046531235863286,0.005569314555378946,0.007725575721731418,0.013296650490307385,0.022594096596979824,0.037906191197877866,0.059752197186123186,0.08792616961766411,0.11660180281035638,0.17583121667696391
0.13060029849485374,0.09312828238739564,0.07523795108626781,0.05670522225194654,0.04077200343550682,0.027556214184137527,0.017691452064824073,0.011601875448798276,0.008222688424876447,0.005844937555439786,0.005216619968179324,0.005644298325894429,0.008191008546527183,0.013155949481153992,0.022541993438745196,0.038073933796094216,0.06003336947186122,0.08772158314912074,0.1168089914534728,0.17525132703490418
0.13077578227557637,0.09261312245063157,0.07598393743907031,0.05631574687036978,0.04030773670633033,0.02720323503637304,0.01830442142754074,0.01172841461397415,0.00803479986907816,0.005917878221574653,0.005057383886055768,0.005856288647457754,0.008184374549076332,0.013449403285011914,0.022661443870781554,0.038190815058826835,0.06040001548537865,0.08783377149916063,0.11660666082445563,0.17457476798327584
0.1310957249365203,0.09233172154154443,0.07503636216362795,0.05691162849666667,0.040028314943880774,0.027663418430774536,0.018240951720203267,0.01205498170446101,0.008165198680044661,0.005886620484664503,0.005101268185484016,0.005670032294531768,0.00809652437585623,0.013395011075932647,0.02275056436191005,0.03830441382079178,0.0599843633892002,0.08808095820024019,0.11637124976668345,0.17483069142698152
0.13022356414668732,0.09270187810774573,0.07571022877231505,0.057061115040697594,0.04017151765322748,0.02728130091600419,0.018452047901072948,0.011931280329662975,0.007872076123715113,0.005744820863640998,0.005053330940391106,0.005757137478050032,0.008157117771466979,0.013133029992715593,0.023164032670699476,0.03825188532176274,0.06033381544081162,0.08744972182046597,0.11713980061160788,0.17441029809725908
0.1302991048327766,0.09296468260812939,0.0750437375255649,0.057045349741799,0.040280764993082974,0.027224629595080273,0.018184954291205677,0.011873374143290118,0.007603465208866483,0.00579060197619693,0.004968653306627337,0.0057131592749955105,0.007981878407918868,0.013517271482429304,0.02306032434411312,0.03833413709470186,0.060561952400899725,0.08844484495619206,0.1169067977091041,0.1742003161070258
0.13039934082882323,0.09328046818055373,0.07532580028380981,0.05693098069318609,0.04042353156591889,0.02743729598968989,0.017805016320824815,0.011718598697855227,0.007672724327712303,0.005714929593335046,0.004978995961168058,0.005630420468110129,0.008116397235143121,0.01363942068994658,0.023002327522157244,0.03852383685513374,0.06017753958724333,0.08787716598648558,0.11674231407112148,0.1746028951417817
0.12953223007084866,0.09275564160322997,0.07565102861554097,0.057253942044429455,0.0402900064535756,0.02712260210980925,0.017758762882972227,0.01175887190795478,0.007786493914823352,0.0056710575599153825,0.004844577853509111,0.005864488980563661,0.008074882578335328,0.013589436534271655,0.023447405117492003,0.03831348902804229,0.06027674760892387,0.08793392382670655,0.11738121991921605,0.1746931913898399
0.13031187386427004,0.09224633971716914,0.07564907021867583,0.05699891110653741,0.040231007252839644,0.027306774183901615,0.017893738774634235,0.011464165905848542,0.007813997998124782,0.0056080651999148605,0.004848126628282731,0.005539459634420289,0.008223872274028219,0.013810828069175517,0.02336283372649601,0.0382801464289044,0.05986979015492543,0.08825666221610048,0.11721172908893566,0.17507260755681506
0.1298128593868458,0.09270839379915319,0.07461350247931851,0.05693021848609417,0.0404905515010475,0.027781735540533637,0.01798583296833965,0.011716736763042586,0.00782053920559786,0.005815272742624051,0.0048214345394835215,0.005410701438690737,0.008295470736302183,0.014116020495934063,0.0229198438706568,0.03845714094736528,0.0603444484901575,0.0876741195736874,0.11789207796616728,0.17439309906895828
0.13051970676530314,0.09173966446236198,0.07447886788601432,0.0567376760129654,0.04074209635357095,0.027887562864915658,0.01830957165632556,0.011858549100622583,0.007677526298563036,0.005791138906388025,0.0048303483129854535,0.005685557522497631,0.008201913838551986,0.013859316325345514,0.023270137009442495,0.038493212876705575,0.05986640435558402,0.08808126951055992,0.11756839034141499,0.17440108959988176
0.1295387221123133,0.09214488771132094,0.07482105144792835,0.056339364464700496,0.040470308771905175,0.028095889015001107,0.018211111852947683,0.01153809662694717,0.007873033498606715,0.005534491301185258,0.004879137251870307,0.005581929798052563,0.008324577709528816,0.013635932377301208,0.023501382744334623,0.039101620288215205,0.06039272047480666,0.0877858169436255,0.11774059224327867,0.17448933336613037
0.12975528785371784,0.09151780611877078,0.07527751451093616,0.05654033961129505,0.04028949779236831,0.027643311429922858,0.018366159142900854,0.011703700838214275,0.007747371678661673,0.005457975871667232,0.004766937045132043,0.0055494110344657815,0.008044535957756956,0.013692415629082712,0.02293967565134367,0.038691140811909074,0.06086592615907258,0.0887993683940293,0.1171231684393952,0.17522845602935777
0.12929771521332709,0.09183467085951665,0.07498764481073256,0.057064266330394464,0.0403069363175732,0.027121619031036583,0.018013074516300943,0.012056202480886827,0.0076593379729047615,0.0054450770066849915,0.004676505090689728,0.005677231452706446,0.008018122116756097,0.013422747969967657,0.022844349237671636,0.03841804332494412,0.06099506320053045,0.08774382812129015,0.11792566484988226,0.17649190009620344
0.12864055477799738,0.09223676529542912,0.07481555460216759,0.05682113895472736,0.040189403796515755,0.02757361991236646,0.018284534719340568,0.011847407917964875,0.0077523332606570395,0.005572044477891169,0.004631355365972021,0.005600177236378472,0.008019594466286405,0.013412292608821024,0.022984463684125378,0.03852253785614314,0.06070170132856951,0.08878171089370739,0.11819978478439756,0.1754130240605417
0.12932426016774806,0.09174799106750363,0.07467602117071971,0.056533206731022814,0.040183925023298345,0.027673155035079382,0.018177981748166903,0.011547185736139685,0.007814175942044276,0.005625010989783898,0.004788029048196795,0.005489616852174219,0.007935503156265934,0.01328445077455997,0.023085579645161863,0.038829983647201555,0.06078845105589842,0.08876932004009075,0.11792477712718258,0.1758013750417612
0.12942767075552802,0.09223760990609745,0.07529611572819768,0.05662636410147316,0.04024747662105452,0.02747630458823343,0.017855730061306547,0.011867485024992047,0.007524864578809771,0.005557499283555534,0.004857757203563412,0.005448494235918569,0.008020661730964994,0.01349904444768725,0.023184670374010386,0.0385420750693149,0.0609918404447406,0.08841540065508519,0.1178326983496284,0.1750902368398382
0.1285062669686441,0.09229535639427741,0.07465851702842996,0.05717290081168145,0.0405875898546851,0.02738018203046971,0.01796566179470227,0.011628356802228254,0.007624460168525891,0.005665592865080816,0.004758253970486869,0.005408865193354619,0.008183634138450071,0.013319945981684416,0.02324440474348334,0.03888896704038713,0.06106074247049391,0.08887525145244562,0.11801911741950004,0.17475593287098912
0.12984972473287032,0.09203194471080678,0.07479453934762835,0.05665453227460908,0.040041734332470616,0.027744885696841935,0.018229739406746114,0.011622976403915143,0.007720499615558531,0.005433204834285492,0.0048666595115394035,0.005368104905895414,0.008082947865514103,0.013517912157323658,0.023126309696194475,0.038774924915150145,0.06096344375102268,0.08854821881317554,0.11766196246373321,0.17496573456471895
0.12954401982109667,0.09186775853852822,0.07533845507282566,0.0564176779142129,0.04025764612168029,0.027370064728049,0.018315874989229573,0.01193450878954504,0.007563035553828381,0.005375540499431146,0.004575451874229586,0.005424776722520474,0.00822244925591758,0.013712288130377519,0.023102339248127695,0.03902146523483041,0.060993129788442506,0.08818559242606216,0.11843949307791457,0.17433843221315062
0.12861619230762467,0.09225325969728054,0.0753684588330715,0.05686678477992754,0.04018959113693103,0.02734081540375206,0.01787709300627572,0.011983159183716556,0.007927780837149732,0.005399547134756438,0.004627177896516598,0.005543816559666842,0.008094922244058125,0.013709114132949556,0.02326080569195663,0.038899963228890486,0.061043560569406796,0.08814685923702588,0.11816721530100409,0.1746838828180393
0.12938089300129973,0.09178176394753922,0.07446308943203822,0.05662557577953382,0.040807137819503764,0.027507268144859882,0.018261378845785183,0.011674759970945008,0.00780720992934994,0.00551200628938561,0.004678346116708907,0.0053941682481000825,0.008143136285850467,0.013679765449534533,0.023634441773058006,0.03909057172555344,0.06083960483804305,0.08827476313674318,0.1178134184112266,0.1746307008549414
0.12929688873264192,0.09155036034452449,0.07465986992441555,0.0564492880998418,0.04093162242924943,0.027948672877482872,0.018150817366848305,0.01155387590086131,0.007894181754262614,0.005486025663561258,0.0046247143610476365,0.005389347864299524,0.008011952891545085,0.013515556336790305,0.02330989629108807,0.03845667076814907,0.06101951133766917,0.08845315521181232,0.1179398839866409,0.17535770785726842
0.129312467463031,0.09155375459035076,0.07479985367157711,0.05661432611540247,0.04059910233140574,0.02789561436832552,0.017875986661601454,0.011878631829245987,0.007705106017756391,0.00543103569569316,0.004792607600635965,0.005562942326903325,0.00792846791327227,0.013549449157908068,0.023169839460836037,0.03909360798052706,0.06087227217086657,0.08870457135621121,0.11814613144231982,0.17451423184613
0.12891273526481953,0.0919010750194572,0.07460659628706305,0.056771006273728504,0.04047442107241932,0.02792345032229502,0.018107902508612984,0.01172349213543945,0.0076247498677966775,0.005342595471882419,0.004799727336133759,0.005504226114241242,0.00777583938130601,0.01341885702539885,0.02348739193146861,0.03906190980658786,0.06068000822208049,0.08857183515782706,0.11861580923367748,0.17469637156776457
0.12936920340043737,0.09222174564222278,0.07463770154060342,0.05628019153828305,0.04043644571324104,0.02745803947488697,0.01868271725602425,0.011559799461386472,0.007497345605658957,0.005421292813095481,0.004871077297369512,0.0054863342638362496,0.007831342244598041,0.013702651581737767,0.023615320250040425,0.03885611424794505,0.060956144483430244,0.089029440924784,0.11822426292215414,0.17386282933826477
0.1287157596537259,0.09236611842278691,0.07421414374311328,0.05649448446388496,0.03999093192086872,0.027525837874695317,0.018415581631164663,0.011688332229113101,0.007602424481001847,0.005432060580392212,0.004894302399350471,0.005488296730043636,0.008055828437566453,0.013770827145892386,0.023499681035588693,0.03904721903453076,0.06164360691634346,0.08889002142245828,0.11649845614195407,0.175766085735525
0.12913605283182,0.09209719339742836,0.07442215196880421,0.05603012735238142,0.04013524271111026,0.02750895789656815,0.018323489458765562,0.011754658194081022,0.007930747859154978,0.005560134328909009,0.0047271685666135385,0.0054617248717601765,0.007999283016812202,0.013650797555930837,0.02325274887488117,0.039124788463599916,0.06129327599810913,0.08863704659160604,0.11782950913011314,0.175124900931551
0.1293585255951575,0.09201317161246769,0.0742547015729634,0.0556435577418385,0.04018115362368779,0.02771101918252317,0.01801515122213647,0.011803818220496169,0.007851631244077433,0.005703244907251948,0.004718714343731266,0.005492274072211799,0.007930745307217489,0.013670910110601456,0.023412488418580218,0.03887137635614691,0.06114989653638631,0.08831766581868113,0.11798719758649366,0.17591275652734967
0.12953806985216543,0.0917811880213242,0.074063198908472,0.05596015078840393,0.04001097154431518,0.027922931934227006,0.018229642862166457,0.011680123218882305,0.007694147103090322,0.005601817337853234,0.00474554456838226,0.005496321719437921,0.00797019397127706,0.01354212088391262,0.023551896811219098,0.039107225746557325,0.060972950923438324,0.0889855541333183,0.11782805620806548,0.17531789346349155
0.12861278534478668,0.09166187686428774,0.07526053888352782,0.05573572243402816,0.040157000054489495,0.02722892794555269,0.01798504878567524,0.011775004086712117,0.007772662796154798,0.00552277397230176,0.0046896120172186815,0.005545624405669017,0.008038079368343713,0.013636435543321786,0.023217798026777193,0.03858910878036689,0.06131474362692625,0.08881963449852966,0.11837051801932445,0.17606610454600582
0.12887338791861405,0.09189830270232281,0.0741873704185262,0.05647292406086379,0.0402625013177777,0.027051340619179826,0.017884878940155318,0.011821344484661066,0.0075781002916681306,0.005501282636961028,0.004635063429033279,0.005341392276065641,0.008135080999402607,0.013523913272656991,0.023106792704782657,0.038449239203008044,0.06201110447341602,0.08822433847559474,0.1180570685595811,0.17698457321572897
0.12916343034678113,0.09118865782638799,0.07460522754989792,0.05606418984223159,0.039958739118057425,0.02719035887126534,0.01773444721313319,0.011826479364287195,0.0077232357809869576,0.005537182240247987,0.004653271524016716,0.005414172796637275,0.008132681500434048,0.014072280349065658,0.0231732218984926,0.03918905145660753,0.06107418875271939,0.08838404251206372,0.11825249269851089,0.17666264835817538
0.12892326623890304,0.0916814625999824,0.075002197415839,0.056397995956754855,0.04018634086314495,0.026866485013623983,0.017704139931440627,0.011528522457589873,0.007799947262019864,0.005286103542234332,0.0046954381647182925,0.005284345609563154,0.008170871055638568,0.014098620022853123,0.023607277841258673,0.03924584688406433,0.060898303594972274,0.08840994989891887,0.11806978992704575,0.17614309571943393
0.12945614420751814,0.09203253462299403,0.0746643218289734,0.056121345350626524,0.03979072323587603,0.02716201362936909,0.01746669597713783,0.011629808749175642,0.007523411738843704,0.005495713343591997,0.004706089250384701,0.00539898878874478,0.008126621235436358,0.014269509782369755,0.02392086172785228,0.039423169927456585,0.060808089690041756,0.08883358979995602,0.1174411958672236,0.17572917124642784
0.12964996845691953,0.09130272043692876,0.07447505812185994,0.05584794653667518,0.04003774626008016,0.027100690081765997,0.017940017186146347,0.011452159075532937,0.007600212981690955,0.005493240642951658,0.00476924347567844,0.005371988690180173,0.008406802058823014,0.014219866693142938,0.024079934910545924,0.039092332483398155,0.06131834260881482,0.0883733435489568,0.11854223521824477,0.17492615053166344
0.13069307628845628,0.09192127883116971,0.07503684325574508,0.0560775506462554,0.040180302784574504,0.02685326864903363,0.017725307967309985,0.011537756404380291,0.0074849982724215025,0.0054136669087627,0.004717347003532724,0.005544116713793127,0.008334684840322388,0.01396165480866187,0.023332886748415212,0.03907500511222211,0.06097999534611508,0.08830570382958321,0.1180641248933485,0.17476043069589683
0.132340551206069,0.09088685436397137,0.07158322718814604,0.05381787478914402,0.03820683182435039,0.025489339882627284,0.016208958955785016,0.010633845306450068,0.007231159757717194,0.005158384322280343,0.004469874999320551,0.005091345256623732,0.0076370178849355964,0.012987460070988938,0.022468958194801027,0.03811261475910326,0.06148750627358823,0.09024545357363514,0.12229737442405288,0.1836453669664098
0.1634725829559315,0.11664338047972507,0.09257546411116296,0.06812763079173627,0.047636969825007404,0.03160944537451114,0.020501312843855903,0.012627800334113877,0.008026189415229697,0.005540751418918803,0.004500418086177237,0.004912290668423046,0.006655647891549692,0.011443666660157188,0.018791686564964903,0.03129166437355423,0.04831691464828388,0.07037517686554313,0.09392292656773442,0.14302808012341975
0.19152255511305294,0.13506768144100817,0.10663718239101731,0.07780234800748557,0.054127261862590384,0.035273785115450255,0.022660669622250617,0.014491664609208112,0.008743304314222225,0.005657116480779757,0.004402961309044587,0.004599761692626427,0.006041771775962443,0.009578811397246942,0.015600903134851199,0.02567350458544894,0.03919726912631363,0.05618293132382252,0.0746123926990636,0.11212612399855441
0.20829374334168327,0.14560479110880772,0.11456263856497077,0.08259012121735626,0.05782118280498691,0.03862723503498316,0.02473294751086925,0.015182761797817515,0.009345037574501162,0.006386585471192881,0.004641026748437995,0.004340502720912154,0.005682963346865913,0.00861442227404912,0.014135426564164577,0.022082217615386826,0.03316201664219286,0.04794347988828424,0.06310104805505169,0.09314985171748583
0.21723673229014995,0.1517517459652216,0.11949519656334791,0.08869828492562713,0.06108800820865594,0.04063682116908315,0.026047669457079783,0.01595846535708737,0.009673713152275625,0.0064364967248474415,0.004796210722556823,0.00433736419768698,0.005302025789342477,0.008385691214353586,0.01310783615927394,0.020221763777137886,0.029942445471329317,0.04225181641803449,0.05433537706706748,0.08029633536984113
0.22265331800727384,0.15560966411997842,0.12431875786397273,0.09163545251157611,0.06394882933320761,0.042203471570038766,0.0266930884064645,0.016362502402251046,0.009920843561785896,0.00645434997806246,0.0048425755032036055,0.0044745325128815044,0.005440871989934116,0.0076273736959856075,0.012154483778913129,0.018623337914229664,0.027483564976811488,0.03862094472828275,0.04915640195371001,0.0717756351914367
0.22701986562398346,0.15770553951225538,0.12572717343302192,0.09227128907563331,0.06454919336225368,0.04395480575087187,0.027453125596323107,0.016912404792756706,0.010573433385370572,0.007016848796994804,0.004906887270625736,0.00446708478192521,0.005392123900720949,0.007720169305784495,0.011562080302118869,0.017684785196466313,0.026150074421123617,0.035983839984588734,0.046193800238801846,0.06675547526837948
0.22896698228166723,0.15995060255426258,0.12754216788584022,0.09481726946343023,0.06610818695369078,0.04379567354035641,0.028067061215730067,0.01762739484855209,0.011078050146773707,0.007193184752994584,0.004941563330944699,0.004497786572479293,0.005448996591648997,0.007649692811907767,0.011607308493959911,0.01734912499590779,0.025040649223572554,0.03390890936405336,0.04323549632065417,0.06117389865157342
0.22819026854385477,0.16139793747527578,0.12841103197332607,0.09554444345193061,0.06751970190556573,0.04601395312377519,0.029479483220338686,0.018508762175258098,0.01154313819499008,0.0071862051112840915,0.005148108380077697,0.00474522879367643,0.005618438394971482,0.007623721404208543,0.011200417098865921,0.016691246575067768,0.023979538821367562,0.032259534664962786,0.040543176477665706,0.058395664213537146
0.22954633720304785,0.16229462464012015,0.1294327437291114,0.09746064797510058,0.0678023582953321,0.045730945743162055,0.029960962499566965,0.018275238993011172,0.011698486818234035,0.0074318940572197486,0.005397057509659093,0.004799005191021195,0.005612210477949557,0.007616050411434468,0.011273650872372356,0.016510255320933465,0.023056010881634864,0.031191710411398003,0.03901562047016392,0.055894188499526855
0.2298514158168848,0.1619655127139043,0.1299965716953331,0.09796745298846049,0.06887062891154973,0.047024304491808534,0.030174551767400463,0.019614279253650776,0.012050126190788801,0.008009103243030329,0.005521758793236757,0.004847039257735568,0.0056731147971464824,0.007733744729893357,0.011105518841087141,0.016638219032196887,0.022741695479014397,0.02967307103155499,0.0371879878039885,0.053353903161334565
0.2304060537932167,0.16160630237892887,0.1315365704310951,0.09900108756248922,0.07031137188239703,0.04800263208400737,0.03140405231266963,0.02004587868651697,0.012661420777013136,0.007910874710973414,0.005975196263902979,0.005223955620139099,0.005580383662800795,0.007614765260146777,0.011005401255723414,0.01541231413191493,0.02164889096043649,0.02838081137645199,0.035714089874701836,0.05055794697447429
0.23043412289698006,0.16191447703976702,0.13154214449069582,0.09992303628263415,0.0719418805106296,0.04943227832712688,0.03197924721806326,0.020270159101005276,0.012729177292595577,0.008328900150088388,0.005966973241854366,0.005290570025100042,0.005667162086320018,0.007601309662876979,0.01083159205207939,0.015149603938494833,0.020961187252175915,0.02756434514113977,0.03403222238675274,0.04843961090361986
0.2312437567454541,0.16255380384264895,0.13155986858805202,0.10039244618702643,0.07212865076306951,0.04949862214682125,0.03271784963595091,0.021190998391134985,0.01319780639199694,0.008537393784777322,0.0060373526957163285,0.005462105841768766,0.005820037217558361,0.007646217706280783,0.010810988493236744,0.01472631946105761,0.020566444663991927,0.026678670759745875,0.03282194192380809,0.04640872475990293
0.2305431976712254,0.1634041852034932,0.13239779571959506,0.10018491056553341,0.07294447190640961,0.050361582541513336,0.03366836930850771,0.021808461946870247,0.013919554750004576,0.008743889712747845,0.0062613280606360205,0.0054466230936819175,0.005948261657604216,0.007773566943117114,0.010311052525585396,0.014249098332143313,0.019801907691181054,0.02573918456271397,0.03138170300800057,0.04511085479943612
0.2304233342311984,0.1635543730611153,0.13216024509884763,0.1013543103937963,0.07308438649244416,0.05144034052908076,0.03348303859537252,0.021942723536342454,0.013885758576902146,0.00923335147387304,0.00650860576209507,0.005586919754681266,0.005958892437593797,0.00768499227652779,0.010211841191485311,0.01415878286140444,0.019190492158339425,0.02514755221818489,0.031192566409950554,0.04379749294076474
0.2300426368099014,0.1634899860321371,0.1329788209070679,0.1015236335507334,0.0739728488207971,0.051120178612672255,0.03385465357133692,0.022112116846122548,0.014396797290014631,0.00950804526907383,0.006928939872199551,0.005704460550869051,0.006182887351568544,0.007497186263834966,0.00985999142131254,0.013839549215636677,0.0190894126531974,0.025001008179081935,0.030606483874633845,0.04229036290780844
0.2294578929423799,0.16254962990662433,0.13276068761479493,0.1024108311428352,0.07456309184694743,0.05165176394678283,0.03488666234066188,0.02259054364682203,0.01483856303318925,0.00988198805582746,0.007365206456745453,0.006019745645582892,0.006357027374811655,0.007497186263834966,0.009909483848971112,0.013848714480017888,0.018614651958250385,0.02402582404892051,0.02955797762942269,0.04121252781657739
0.22824344598138802,0.16186509377556216,0.13275303628873997,0.1028780092363335,0.07454909599110847,0.052714594360627844,0.03519747339693858,0.023239392705570773,0.014934762434019637,0.009955285581709276,0.007382097359318316,0.006145939938155447,0.00660445530208826,0.00780026337122504,0.010179041079308488,0.013836159622036617,0.018599217222570696,0.023375113253294885,0.02897633693909816,0.04077118616090587
0.2272518988826652,0.1611795800463357,0.13319488841314997,0.10298322531452536,0.07518732220886244,0.05372408281767793,0.03551607085251767,0.023336461479808793,0.015315698407577932,0.010321050470688292,0.007626689932256077,0.006372987477638639,0.006618595853250827,0.007564371389190301,0.009967301093873717,0.013798058594093669,0.018143860523769026,0.023220988885304557,0.028457579401155467,0.040219287955658524
0.2251286709052377,0.16145285736566392,0.13195166928136956,0.10348902283507187,0.07580253029844312,0.05491243038926963,0.036699419260727166,0.0241341663684988,0.01586987036578317,0.010504683529206693,0.007612913879943853,0.006704648666501529,0.006565197845851797,0.007634932430572761,0.00991385242066441,0.013620308443196723,0.017983651226158033,0.022633235167295113,0.02800576152074789,0.03938017779979633
0.2247809509843458,0.16094145250577413,0.13189133702386627,0.10328481871173512,0.0760365876012758,0.05420684092825459,0.03685155992227885,0.02390108882941672,0.01626828463540711,0.011322726106243353,0.007909594163581037,0.006697950654397478,0.00664112622355831,0.007783113978809985,0.010118414781684204,0.013562708509000257,0.017841038237342812,0.022832422920409143,0.028115261942295702,0.039012721340323346
0.2233654609490877,0.15923429080595275,0.13183384088488145,0.10276131265480933,0.07660208753109937,0.05521525258099587,0.03775376813480765,0.025070174119821282,0.01686195636828992,0.011468037086403548,0.008448395666530386,0.007258506606726082,0.006585641760889135,0.008050543700463302,0.0098839628989291,0.013297789446472408,0.017699828941988786,0.02248688646918297,0.02766446228565038,0.03845780110701852
0.22016178531839456,0.1572762168253066,0.1301611440402356,0.10353710710261368,0.07716591698196176,0.055736233132094144,0.03881748307483717,0.026297901188196825,0.017831197266322815,0.012013888252700236,0.008679241825993752,0.007151167584305176,0.007228120963383017,0.008058118123436885,0.009879348094945815,0.013503485804849892,0.01797594290792162,0.02284049579962806,0.027257986203358463,0.038427219509513826
0.21796568291008914,0.15660306566003204,0.13053854953099975,0.10256142759094027,0.07742484557309542,0.05571814230153283,0.03916174788377946,0.02711690688629604,0.017877831159917645,0.012143674216426446,0.009090825897963853,0.007493022191718141,0.007154426904598491,0.008043925875085794,0.010366506520247086,0.014279569892473117,0.017943719972546325,0.022565088080530763,0.027371310912834592,0.0385797300388927
0.21665422284685315,0.15522567233226464,0.129821980177727,0.102665173408289,0.07784341282738223,0.05652239155577029,0.039873292634722654,0.027414833033217685,0.01871147905778324,0.012892163321475105,0.0093584844891446,0.007632819476773975,0.0073949229215160995,0.008179981553867099,0.010584566735473673,0.013845579516008611,0.01785688143235686,0.022386065849766493,0.02739287335119387,0.03774320347841365
0.21427289935888758,0.15371687799091235,0.12883578220482647,0.10264573317857784,0.07755593715559882,0.0567444959889279,0.04133912323932059,0.027830359660074907,0.01926998853979401,0.013373291495648412,0.009468400221149021,0.008025805601221441,0.007749369322529738,0.00849080437464988,0.010709617419513106,0.013819983230752897,0.017832886031363612,0.022578070364932496,0.027464218893595828,0.03827635572772307
0.21306532111301116,0.15272595451433002,0.12802777035265855,0.10178800938860551,0.07776724021135346,0.057420989611749684,0.04095065123381069,0.028954913455658617,0.019989234594301658,0.01362153374075878,0.009868288556813147,0.008242492594206454,0.007964203195201705,0.008890613957678041,0.010747097185249197,0.013806449722992201,0.017614620446215083,0.023028447767643,0.02747375474648201,0.03805241361128096
0.21140843885868074,0.15113740661783795,0.12743488388250393,0.1020777188241618,0.0784263894424678,0.05807703137055578,0.04173355322097613,0.029377671653143093,0.02022320302187053,0.01390630884950251,0.010251469066416061,0.008631565090520819,0.008203734920814852,0.008721153459390871,0.011092502733359419,0.013959330537201112,0.018122447188570714,0.02236966720663466,0.02680154896461441,0.038043975090776797
0.20835156145607775,0.15058290333268048,0.12683844727511684,0.10096152966135048,0.07840136770409853,0.058786382265241605,0.042466187213650676,0.029841648713109795,0.020720570657695066,0.014555651755299584,0.010995447697948264,0.009086299712438017,0.008665298718509582,0.009565874757695622,0.011237065659681104,0.014365286088479763,0.018099381860714563,0.022572975030980182,0.026815932874137173,0.037090187565094995
0.2066814631299095,0.14855441725660398,0.1257687177394712,0.10138748863276653,0.07836575320158018,0.058783921013966366,0.043163466763764646,0.030668201205063982,0.021477438443114436,0.014895878886130056,0.011466954057164604,0.009560369387056815,0.008718690933842243,0.009699429305414006,0.011503548772521757,0.014367085249219159,0.018224168247863333,0.022564301489221932,0.026886137372901985,0.037262568912423355
0.20381373522575366,0.1470539288568487,0.12503177503095209,0.10126862382569549,0.0787636724072032,0.05915916410180445,0.043623688537031836,0.03128674702320538,0.021824645719834754,0.015650688626642015,0.011854143921230841,0.009752877126183905,0.009008564170932295,0.009983303249922736,0.011550566647098734,0.014531476025624844,0.018521871279578214,0.02272074731215241,0.027009233503958403,0.03759054740834617
0.20272150073203765,0.14603513050716888,0.12364134899395018,0.10105223572709048,0.07836089275739067,0.059893827151478854,0.044283716633867966,0.031519608022110825,0.02273698122989635,0.016221663204243994,0.012225577141438442,0.010084229973018662,0.009169639238680796,0.00985056208081258,0.011564735133793125,0.014666311296747267,0.01873724410627508,0.022594589858083266,0.02695213094164509,0.03768807527026977
0.20020508733576559,0.14489731010228782,0.12368667334449557,0.10098449232658971,0.07886905849924326,0.06016443544318606,0.04479933611657441,0.032574522376819647,0.02324323138677059,0.016494724758903574,0.012562970220295238,0.010409735982042973,0.009662135979118377,0.010225120822396561,0.01153387779573155,0.014696097857001851,0.018159916941456886,0.022435311579209045,0.02678564900454043,0.03761031212757089
0.19928013103150752,0.14328829125262316,0.12136318102382987,0.10031185791270905,0.07906493810369912,0.060280343080264115,0.04513713704930499,0.03324412661504375,0.023440527635802597,0.017439182223002177,0.012841745819349085,0.01062071789472145,0.009863923194477958,0.01041232515117614,0.012386572195289594,0.015048149691798098,0.018406197673313304,0.022974385972609142,0.026899115976045804,0.037697150503432995
0.19768921156819946,0.14282763587443287,0.12191136311292923,0.09826608613636613,0.07782505858311126,0.06041828889790636,0.0463802765927112,0.03394530293226294,0.024844357194298516,0.018231137334897982,0.013160636536120466,0.010921500458794411,0.009976493640853542,0.01042249299013318,0.012400244202922394,0.014889797947671847,0.018221998003970123,0.022934237030375487,0.027043280215541986,0.037690600746500554
0.1968685118577653,0.1418435827704185,0.1212222563382753,0.09864534900722284,0.07846265754305932,0.06054624674679064,0.04581725005117408,0.03467043892739129,0.025513933970816152,0.018687677281632897,0.013626926338567715,0.010898251308594325,0.010326198204520862,0.01064420855630611,0.012488303067520544,0.015041524110302075,0.018274629353452056,0.022682910781647508,0.026924876451150683,0.03681426733339183
0.19515651330235412,0.14144192119987448,0.11954063655794751,0.09855122154054906,0.0785721580671282,0.06093295205024766,0.046211728831858555,0.03543342986993093,0.02537733165062991,0.018853816356752574,0.014223342403396524,0.011392899088859872,0.010377076327135049,0.011040917413791847,0.012538207337267742,0.01505132002246847,0.018848345139005403,0.022880632618670713,0.0269348049693247,0.03664074525280672
0.19325394581044414,0.1399072818926024,0.11979464088609468,0.09780282532981335,0.07800033934608375,0.06116074605054067,0.046439329116441316,0.03533213041836262,0.02675725625920202,0.01963463738316734,0.014628370427265914,0.011842448546193943,0.010735012670744904,0.011074358754490404,0.012813051323358506,0.015186649468266582,0.01887202091539518,0.0233309554781587,0.026729889639545125,0.03670411028382834
0.19027290049863846,0.13942893854993318,0.11850328166865001,0.09807589816971227,0.07841873945960154,0.06113248596438714,0.04696728552342432,0.03545954312163712,0.027249895964898192,0.020120753725186714,0.015347915282573933,0.011901980682324252,0.011029545968913581,0.011516868287910757,0.012843772130273847,0.015340614573675103,0.018817577186744833,0.02301183444912501,0.02703452505238259,0.03752564374000716
0.18880946692031442,0.13891589316883926,0.11824348355819336,0.09695823385321387,0.07811887273901219,0.061842131662128104,0.04749145945314965,0.03613567841945623,0.027103582743444342,0.0205976285277064,0.015682140271072297,0.012794860898066085,0.011450625334006976,0.011824530748704553,0.013083041656711049,0.015268108421626691,0.018903198624028072,0.02325144500763314,0.026671311605476894,0.03685430638721645
0.18849637945633446,0.13623207976875237,0.116892099039388,0.09711232444742912,0.0781500919734883,0.06182844754591374,0.04795577973079506,0.03702115390230372,0.028077462115682204,0.020940392420216655,0.016057038161698147,0.012837966072002101,0.011666399018949461,0.012047797015971274,0.013080673888288711,0.01554059972553943,0.01890201173756898,0.02299154719845835,0.026633989313556605,0.037535767467663295
0.18644377054983233,0.1360202752263447,0.1159567053122115,0.09617960142904583,0.07857562520755103,0.06256272146378669,0.04890723244620095,0.03721686390856442,0.028152129884063376,0.020981355987869894,0.01663327604012714,0.013423761718650215,0.0118910772217539,0.011695842410839725,0.013275967142163787,0.015994657499753668,0.019189574826022057,0.023070550927091656,0.026723448978027867,0.03710556182009933
0.18489557683538527,0.13405745554035567,0.11495850433196533,0.09676789785681715,0.0785517555859553,0.06280711354309164,0.048565435476516185,0.037867761057911536,0.028459644322845413,0.022031919744642043,0.016694938440492472,0.013727314181486549,0.012021887824897399,0.01198176014591883,0.013327861377108983,0.016196990424076612,0.01939626082991336,0.022980392156862754,0.027259461924304597,0.0374500683994528
0.1834558910587203,0.13274668347319551,0.11454973014227868,0.09573346108238172,0.07833615364858933,0.06287876165998474,0.049414109105216285,0.03898774665615044,0.029596005777851445,0.022149644895290106,0.017351769512543875,0.01399107092440159,0.012468282837850396,0.012144052838560784,0.01361037390276379,0.0158125877743432,0.019069459902038816,0.02316422978070759,0.027118742861930833,0.03742124216520065
0.18226698874253675,0.13365480151314896,0.11502666241283445,0.095078619935281,0.07704844811084272,0.06262977986418121,0.049186454582744635,0.03865457362927852,0.029949409780775715,0.022826671528189242,0.017769472676723946,0.014269176427692449,0.012947449979490457,0.012524497516065809,0.013262841256095894,0.015572672166264075,0.019328198350120767,0.023838475912674895,0.027127295929994088,0.0370375096850645
0.18073502081847712,0.13173728048498023,0.11417607890412555,0.09565556773436971,0.07774967126320646,0.062021371083199134,0.04980932354083723,0.03892498965003438,0.029941037112149863,0.02315109490781691,0.01835454696331097,0.014701510639035143,0.012979859969980535,0.012833957370908115,0.013643716795760069,0.016009162683221747,0.019640313617636705,0.023703701001803714,0.026680114022881177,0.03755168143626518
0.1789932813671497,0.13108174914306872,0.11305472502494633,0.09548558221158494,0.07817547981765013,0.06295959151879776,0.050857660937981705,0.03953285161544538,0.031228964367348504,0.023769694824846716,0.018382748637757518,0.015004277815377146,0.013318690860798614,0.012796961565333827,0.013824002101511006,0.01594740384948657,0.019243784398104993,0.023269856269051786,0.026630084808373946,0.036442608865384724
0.17874987012371513,0.1308551419160443,0.1122878459494093,0.09460279730732285,0.07747917878085817,0.06300959352824194,0.05024617252309974,0.039805030632574984,0.03092604981051734,0.024165191697396466,0.01919799343418416,0.015433859704447146,0.013660250930096478,0.013107934939728292,0.014156059343892354,0.01625048532716975,0.0194550117663357,0.02350350620398507,0.026449191485948743,0.03665883459503209
0.17866559283398897,0.13010624748320462,0.11287451281219656,0.09325398633049872,0.07683855885337995,0.06284289912957604,0.05031221928051993,0.04011931204253543,0.031395028907842924,0.024554811930475408,0.019443781397306552,0.015950788337739816,0.014139606751297804,0.01352191001306456,0.014536827662610033,0.016486489933729705,0.019487512139836332,0.023261110797302535,0.026437055973528332,0.035771747389365775
0.1770456778578057,0.12915657203691855,0.11132622015134198,0.09391150268248265,0.07759967478429851,0.06307069977887518,0.0507001070076327,0.04025091193472351,0.031772334425285154,0.02453154537615827,0.01969523788690004,0.016231617747589598,0.01396385803532528,0.013883647884730725,0.014621945861794263,0.016920695859515566,0.019870241851833628,0.02269582670232372,0.026436536452779012,0.036315145681686
0.17615641166377036,0.12912678542448108,0.11037948646879368,0.09306545052051517,0.07749284736113671,0.06299792669206178,0.05108142064445777,0.04149898158092924,0.03195483580385812,0.02501645699572754,0.01964810293235399,0.016216295069830546,0.014514979057219275,0.01418310390792105,0.014985439433696991,0.017159039312617266,0.019779394200208238,0.023400845005187815,0.02621631330472884,0.035125884620504415
0.17516901937748328,0.1262163375060657,0.11125360751018862,0.09350885322222263,0.07713960471539433,0.06299415136401282,0.05177119172799283,0.04133267172843064,0.03253052929608401,0.025257132015717974,0.020298743802014723,0.01659910756309266,0.014829557685501732,0.01435524534717839,0.015026579733728347,0.017312400348802003,0.019804364403223865,0.022949420061952493,0.026171095406102567,0.035480387184810336
0.17344422839669282,0.1258175443328164,0.10996324353481657,0.09282419767215123,0.07654347085268803,0.06357027919970405,0.051947436614687655,0.04118109073944825,0.03258332164002718,0.025691256626459925,0.020823804048131476,0.017290299536945074,0.015185504431003725,0.014992337087947633,0.01583789979717429,0.01749440088055151,0.019998287006580445,0.022917665153522476,0.026046611644346122,0.03584712080430508
0.17237414843278837,0.1260273922684348,0.1098095805524733,0.0923145318953941,0.07715531456286977,0.06302736129407242,0.051065791367627414,0.0419319985205187,0.03339947270703173,0.026176980218314605,0.02102248192099351,0.01786491898382227,0.01584611936790437,0.015222988078514545,0.01607022798952702,0.017391193442180892,0.01966689806337354,0.022509251313221856,0.025954693618005953,0.03516865540293091
0.17104465162191548,0.12568274163908985,0.10934429483875546,0.09226277744489349,0.07684588388064977,0.06380572346482159,0.05116441711757817,0.04169937330737443,0.03303203763434006,0.026612126256435855,0.02174209986650227,0.01767888787101169,0.016070722836489866,0.01532036723714333,0.016383978086702493,0.017882868033940846,0.019627626927567005,0.02293319831789216,0.02570150052907354,0.03516472308782257
0.1698303862735959,0.12509649557212774,0.10781650547657887,0.09198759030529013,0.07745135166627826,0.0635614512934048,0.051721626660452116,0.04270748368678629,0.033915462596131436,0.02707702167326963,0.021615008156606854,0.01817940165462596,0.015919948729899797,0.01558494523421114,0.016152994639944074,0.017751543929154043,0.019748820205080394,0.022880374621300395,0.025970053600559307,0.03503153402470286
0.16949986604042847,0.12352712818017285,0.1076160117228294,0.09182700807220331,0.07789156747279347,0.06419488474920397,0.05256318426458017,0.04194666039699421,0.033987457009913014,0.02771960712482662,0.022736675579078977,0.01867232395251816,0.01633577741204689,0.015796293967445085,0.016333954832842147,0.017385583033974698,0.01973671020808387,0.02274214331669319,0.02535754447548905,0.034129618187882405
0.1674685549784229,0.12271717074113443,0.10772711610090846,0.09281728067792536,0.07729668530548026,0.06345522400304832,0.05242872796022586,0.04239950264085311,0.03457265946759963,0.02816788423637686,0.022906232850863368,0.018736656718268293,0.016862444097232983,0.016193342898867265,0.016435823714623782,0.017679221581886503,0.019845140447440908,0.02254889270132745,0.025504241591111705,0.03423719728640265
0.1663479819059898,0.1219451789369405,0.1059909092895697,0.09190504286765297,0.07770627098766779,0.06426870042175653,0.05232621664736346,0.04328285366724211,0.03499887094541932,0.028532301887342203,0.023278555975612424,0.019556317970906813,0.017296387753764127,0.01623471223676639,0.016353080862160644,0.017873662434533047,0.020082603089967434,0.022743165577675317,0.025573086252485746,0.03370410028918366
0.16399621967408348,0.12133462257743202,0.10624609630362063,0.09162009545505034,0.07838713378092683,0.0640852649232736,0.053632918699320235,0.0431842144078491,0.035829331760018505,0.02911360826281642,0.023830985197365432,0.019424246893886842,0.01725365513448746,0.016304931722870793,0.016680050768538804,0.017914665880009256,0.019968715799977787,0.02233232998093448,0.02508016803876474,0.033780744738773294
0.16477230274104157,0.12059234636881688,0.10571079195164136,0.09176411843282614,0.07731082329657593,0.06412954934366989,0.053251763608166434,0.044110705935309184,0.035751449247630455,0.029232796277971262,0.024292324318019875,0.0199131453730685,0.01747297866175353,0.01650711730477299,0.016791408572110665,0.01793039602138016,0.019849362075909417,0.02212186983469191,0.024766143096915983,0.03372860753772782
0.16412354093394793,0.12032061224341185,0.10538225164019775,0.09044753187554157,0.07742243193452315,0.06504904209537542,0.05399727665275866,0.04352076370229587,0.03576941841244875,0.02967465466646278,0.024451871755102637,0.02019755190015364,0.017885619415863863,0.016944462648637235,0.016900772585941994,0.017898362350816637,0.019398387836686553,0.02187961931392038,0.02490151531700781,0.03383431271890541
0.1629283097968787,0.12019877250156033,0.10479226599560021,0.09065765603477613,0.07731820886397257,0.06518151364786845,0.05376901703686319,0.04441994057204412,0.036091656613407117,0.030037865761236453,0.024655505274094634,0.020748835914428124,0.018063114454312718,0.016729351696680876,0.017133301672389297,0.017919366489984042,0.01943144950716284,0.021749612881273292,0.0247919748604826,0.033382280424984485
0.16324536035191614,0.1188699952133865,0.1045756749034032,0.0903250347165979,0.07666771620295969,0.0650597234684202,0.05372837151400769,0.044233404738201344,0.03639464263289222,0.029766183940638704,0.02513973089404111,0.020777178591643634,0.01838751185278343,0.01728458874254026,0.017253648655289205,0.018121791103450913,0.01972885563537289,0.021996582030361332,0.02490313022682723,0.033540874585266334
0.16085006221032186,0.11865618428807384,0.1037911916005151,0.09061060704177185,0.07687522282936911,0.06475330515072363,0.0542994244635724,0.044773241557950184,0.03700422739145936,0.029746356512438423,0.024733150461666072,0.021273383441140308,0.01845754782191113,0.017524392994608444,0.01726609282798664,0.01819924765528933,0.019829085326367714,0.022610359655696785,0.025273397993262357,0.03347351877587549
0.16070057319625147,0.11784550996269674,0.10410881630424897,0.08972795923937768,0.07671185515421709,0.06510235647347828,0.05463743062505684,0.04498043854062415,0.03767810026385224,0.030910745155126932,0.025446274224365385,0.021413884086980254,0.01860431261941588,0.017488854517332363,0.017028477845509968,0.01809298516968429,0.019732508415976707,0.022068965517241378,0.024882176326084974,0.032837776362478394
0.1610502302226123,0.1182082508725519,0.10340263376853208,0.08982778365446763,0.07612366659323333,0.06510320418169471,0.05397714341894688,0.04503405546826495,0.03716151631949691,0.031539314448221306,0.025507463800703147,0.021800597541014943,0.019435558606174592,0.01762946266825186,0.017380032080050838,0.018308569306200628,0.019695913161742074,0.021680433899983795,0.02439139846809565,0.032742771519760544
0.15993280700030207,0.11784982400966765,0.10320640917843273,0.08995708529434245,0.0760653147988396,0.06449945583134047,0.054799057987631544,0.04505680101626683,0.03803720730459975,0.031725578838936994,0.026123735581350477,0.021946922626132473,0.01903862323509179,0.01794482602982554,0.01721684120102937,0.018341577761519456,0.019704729353440278,0.021557450742726515,0.024178196126392718,0.032817556082131244
0.15948401374410331,0.1172780414652612,0.1030698561528158,0.08926569506726457,0.07577820161900882,0.06524081299866054,0.054497772406965225,0.045450905596645504,0.03836410226544755,0.03182509754819172,0.026179677945373014,0.022199493331780326,0.01961519422281754,0.017848043212392983,0.017291144953701005,0.0183539834604857,0.019733489604565838,0.021775449886436427,0.02433608991904956,0.03241293459903326
0.15894341299750644,0.11700087247478658,0.10367331921102049,0.08962629300216934,0.07584337711493169,0.06513506966137415,0.05468540817794841,0.04621202048038935,0.03776959744122634,0.0315256651481841,0.026119600082329563,0.021837369971202877,0.01951866349248561,0.018442186250598798,0.017440388478961334,0.01853690167628088,0.019899346645707833,0.021629724614899818,0.023811822306575626,0.03234896077142072
0.15703567389066891,0.11530460461953063,0.10378850972676326,0.08918836352527432,0.07628117237591968,0.06559791681062543,0.054552794375970576,0.04648625451424374,0.03907980346446612,0.03254437869822486,0.026730869244225585,0.02219207675214483,0.019440797489116722,0.018267912410033345,0.017455075773831392,0.018120619865218224,0.020002691271189216,0.021461069307506825,0.023986863687114262,0.03248255219793209
0.15762762445818518,0.11482470857550471,0.10217781352471693,0.08834265624829404,0.076088815777502,0.0645537556729058,0.055293316980321805,0.047019154131986284,0.03943647619290245,0.03266356347649498,0.027193553904888073,0.022824461096695073,0.01999847145441112,0.01835346524924391,0.01775842428786153,0.018684650126832902,0.019760091130432242,0.021765397367262188,0.023759785421314482,0.031873814922244344
0.15676358579569727,0.11545767703116619,0.10238768257546148,0.08849058833153071,0.07604773547349189,0.06487007262117919,0.05464675567835816,0.047173772756605455,0.039513556256419106,0.03250956618161657,0.027445170555247537,0.022811593939449027,0.019743144615216812,0.018674277196586167,0.0181525680993974,0.018448869781772903,0.019855848322623455,0.02166637884805905,0.023580524072239442,0.031760631867882166
0.15728829582227388,0.11504744936915973,0.10169617859869833,0.08858488164927465,0.07623895575028178,0.0645420499581864,0.05537395920445042,0.04662400465403772,0.03903755953895938,0.03314911100607206,0.02725884448969203,0.023112024142820795,0.01996509471693997,0.018447078500527205,0.018092571719448794,0.018856124786386933,0.019886921426753454,0.021401301676180783,0.02349561865978256,0.031901974330073087
0.15719550215179326,0.11547836019891812,0.1016181194454449,0.08753778825481016,0.076285892021085,0.0640517740016807,0.05490983567793312,0.04727033290042817,0.04001280526179848,0.032971730201864766,0.027745946516204833,0.023355051348372242,0.020372007406679837,0.019100575872995088,0.01848577779232921,0.018553078173940564,0.01923699556545053,0.02116506055215416,0.023082211963461344,0.03157115469265552
0.15614378074618315,0.11461540559955626,0.10140489029125332,0.0878288307129932,0.07582952179171253,0.06469951715421057,0.05496076309639638,0.04756803942785958,0.03996071763069118,0.03357187673338001,0.027874114555390867,0.023589426495594375,0.020852391041437445,0.01895556181971939,0.018273576241441086,0.018780973511680142,0.01940294435906996,0.02146526874778355,0.023174779264001164,0.031047620779645915
0.15596510288544338,0.11398791463941953,0.10061080851280298,0.08760978020340901,0.07609307835136207,0.06425480271357405,0.0553815463883812,0.04758201948337444,0.03972072134268863,0.03348546014120177,0.02839841720292577,0.023916369014094746,0.02086596005217852,0.01932349596125126,0.018885646908349655,0.018782089248534754,0.019528794479831687,0.021505474021561794,0.02332409187199547,0.030778426577619193
0.15468829562813705,0.1135938750272787,0.0998636066050775,0.08679530079290027,0.07509092892994836,0.06420673601513058,0.056570524478067936,0.04737579108169055,0.0405415727067724,0.034427511457045167,0.02889175820178949,0.0242161926238452,0.021270095293518573,0.019007783516403576,0.01880410271331927,0.018989597730413907,0.02001345748163235,0.022001163890303342,0.023128682621662913,0.030523023205062918
0.15484974266523224,0.11304192957459804,0.10042053153441308,0.08707038178593235,0.07470522811200604,0.06500792358465876,0.05601392806257451,0.04775050158471692,0.0401340466982641,0.0345457387107092,0.028792053153441313,0.02458673780931059,0.0215408827891018,0.01924558750835974,0.018823965572388118,0.019163807391468696,0.01982350033438981,0.02107927946265011,0.023410921462010414,0.029993312203774235
0.15431850778663866,0.11337207717016085,0.0996893342955669,0.08662646857259199,0.07475064032764414,0.06461264949310047,0.055209058568392796,0.04757966148526928,0.0407228385647208,0.03463495416362939,0.029497790437895036,0.024916880109214716,0.021675704269517496,0.019679736197735356,0.019152567945625323,0.01925618377448832,0.01992514210820038,0.021368492426046482,0.022793664528302574,0.030217647775259086
0.153170341700964,0.11304932450234854,0.10047698220174985,0.08600216231931457,0.0739985645107071,0.06451343272733881,0.05532993540298184,0.04807798886132991,0.041480189339220645,0.035173121825797016,0.030345153406561458,0.024788537890557575,0.021864864128212813,0.020033252473493413,0.018884861039185217,0.019186495498196555,0.01994603287088773,0.021219802483941598,0.022975096986381012,0.029483859830830312
0.15291806091494187,0.11308724283276113,0.09998963969777001,0.08618499137550278,0.07435425326758476,0.06406847250975593,0.055294932358132036,0.04818267575707455,0.04181745147470721,0.0352504739383871,0.029575936471353773,0.025195527984630418,0.021972928712032685,0.02009353353557129,0.01925562137275823,0.019008428196743962,0.020042640822862473,0.02140583848470584,0.022783576921608883,0.029517773371115125
0.15211308015958194,0.11278961446478865,0.09958978661277056,0.08602496145737432,0.07429601826076061,0.06387271218419106,0.05532523802000768,0.047774696788931675,0.04167143342249437,0.03540837024164275,0.03029477618038494,0.025669661097279955,0.022470032995029858,0.020160199313950345,0.019201400427464505,0.01941386154435625,0.019840599685121727,0.021404095596607164,0.022874980252011567,0.02980448129525014
0.15160907400304305,0.11133814095281026,0.09929121848976272,0.08627901523180374,0.07433025691739123,0.06423934600862755,0.05517734080592766,0.04802044722858975,0.042417819337973714,0.035595411007836766,0.030578132299822407,0.025984413714622276,0.022392333016420678,0.02051085350091528,0.019701908201978188,0.01921654102261593,0.019412869319886054,0.02175426605029277,0.022575936331460336,0.02957467655821952
0.15073894848167124,0.11122115029919562,0.09898620593157664,0.08533569321962753,0.07350961005544163,0.064576447050657,0.05565600417220145,0.048227450396050246,0.04223990521688723,0.03616150199251693,0.03077543707262647,0.025938154745788276,0.022300198615686825,0.020688376893708806,0.019529028236863293,0.0197089271663738,0.020054187738161654,0.02154425967956185,0.022812637990656148,0.0299958750447476
0.14998755041174514,0.11155558059608987,0.09817727123200032,0.08604755560967543,0.07351799919668349,0.06410356603461528,0.0553325130538931,0.04835347379861475,0.04227407632233711,0.03653636097626582,0.0310476373952917,0.025986016477075487,0.022663702998260704,0.02059180071934994,0.01983573813336145,0.01994842053800396,0.020219221800773877,0.021209736486744367,0.02274912353081227,0.029862654688405894
0.14996517554978075,0.11114727923753549,0.0974175351563281,0.08532626781911655,0.07410242934637326,0.06381694159494161,0.05530813728289275,0.04804137472017689,0.042134857001533015,0.037135775348653664,0.031172883846365074,0.026432030492761428,0.02317326209626824,0.020734641326347832,0.020050881886012215,0.019958137919370938,0.020494598118570434,0.021220183269352117,0.02249859520168176,0.02986901278593783
0.14877343226502357,0.10997252502801069,0.09781489532090151,0.08508161682855653,0.07292580304821467,0.06400597076721093,0.055816141046663874,0.049037286424313105,0.04244728818576204,0.03667808884603301,0.03169700172331451,0.02660514306779037,0.023300156351294673,0.021458806609247063,0.0201749463847622,0.019826288445439575,0.02054357951852517,0.021602264823864174,0.02276990573524152,0.029468859579830853
0.1485515019508452,0.1095727776181871,0.09701682490391225,0.0854244770171158,0.07336305357279216,0.06460152213200293,0.05589817060532565,0.04846750469984616,0.04263315018781203,0.03741695726321684,0.031677145111614534,0.02687002970811864,0.023975578981051522,0.021132035678832328,0.01965208411361083,0.019861168179950477,0.02029569941347374,0.021359300968331957,0.022624714100265814,0.029606303793694024
0.14831972190506665,0.11041437890434669,0.09701687914069826,0.08462841891685512,0.07296719439737613,0.06420218607052731,0.05579170514955601,0.048610252568960115,0.04259055902608595,0.037163562582268536,0.031834742958540295,0.027642229122881015,0.02380424269309927,0.021320732762695714,0.020562589540896098,0.020008072316318442,0.01991534976401201,0.021411637225741225,0.022377042623284632,0.029418502330790425
0.1484395865544814,0.11033813651550964,0.09594130803289976,0.08466040090915858,0.0733849443767158,0.06376101700766171,0.05645177407662439,0.04851571314628116,0.04318685172029745,0.037360169622401206,0.031469897292691305,0.026951357106390086,0.02296879173108962,0.021931362520644114,0.020982959634737713,0.02025984785582823,0.020272565902190957,0.02110468950706669,0.022283834091268336,0.02973479239606176
0.1476617407313842,0.10950588585957903,0.09639651264864592,0.08450120588785877,0.07287306644469363,0.06395294947266258,0.055968826844681276,0.048875261942106465,0.043717296993731565,0.03733436080673623,0.03160207699871143,0.027271058509642548,0.023801518310048585,0.021731425964664847,0.02082087612705532,0.019995747132495002,0.02011569980571302,0.021555131884329268,0.02255655495922518,0.02976280267603509
0.1479955658937268,0.10892454750308933,0.095971141964091,0.08365014174602026,0.07239587119284727,0.06413825688740278,0.056078723558915446,0.04894599113178743,0.04309805916987716,0.036948462600857754,0.0324725594242931,0.027756778367376608,0.024104092462019326,0.021877953042087662,0.020680380896997887,0.020267863633059522,0.02055135567347532,0.021336410554626734,0.02281565748346296,0.02999018681398561
0.14733830275646556,0.1085487902037609,0.09563047282278515,0.08268123296990337,0.07304979245564443,0.06366391274769809,0.056328011030227616,0.05012350799073055,0.043338753860761574,0.037368897813963124,0.03221030191246393,0.02822675994339369,0.024588822072096648,0.02215504163619894,0.020492504029016197,0.019955908192999885,0.02045430568136757,0.02111641037394363,0.022908094775557428,0.029820176731021785
0.1477966754054074,0.10899884532428958,0.09553307528630878,0.08246127479103278,0.07206374681374865,0.06365966841199412,0.056502857640830476,0.04923529967102636,0.04342924161770793,0.03747067922527795,0.03232365778026303,0.02788650772325546,0.024988925280135948,0.022547040326504526,0.020392008772630553,0.020473707525726036,0.02083136651149955,0.021352423003464027,0.02266504963653133,0.029387949252365635
0.1478567483904722,0.10863767821069918,0.09468783153366563,0.0824129111017454,0.07269761223095816,0.06402323823918382,0.055999215218939385,0.04910876484180848,0.042903181269892024,0.03770400674330393,0.03237585199610517,0.02823940182243602,0.025062128500632174,0.022834948916566143,0.021127323460593816,0.020402490953218323,0.02053692104230551,0.02165051083433854,0.022340827508029466,0.029398407185106588
0.14615938053000874,0.1079512214619753,0.09569299753273039,0.08347111041667422,0.07229390667979638,0.06348586316282892,0.05636929829980049,0.0500139896730777,0.043271693985894054,0.03730337241963204,0.03278852338092243,0.028991326402691822,0.025444853435464012,0.02247068527595993,0.020737419286853704,0.0204049374461761,0.020294110165950226,0.02159860175942849,0.02212730239132568,0.02912940629280931
