0.12158042188529991,0.1147412656558998,0.12359920896506264,0.12339321028345418,0.11502966381015163,0.11766644693473964,0.11750164798945284,0.11395847066578775,0.11638925510876735,0.11803724456163484,0.110497692814766,0.11449406723796972,0.1160596572181938,0.11136288727752147,0.12166282135794332,0.11853164139749511,0.11659525379037573,0.11758404746209625,0.12005603164139751,0.12351680949241929
0.12321723137596934,0.09876566618001173,0.09551582260480457,0.08755996283726136,0.07838304165639634,0.07069263002218389,0.06657439183936598,0.06254716444511861,0.05948692667943346,0.0550046453423333,0.05062475114237501,0.0471132515500275,0.04395441876339092,0.040078876016761154,0.0387857643958211,0.036081985552037316,0.033052084715875694,0.030913331184467496,0.0296278037959083,0.030162492178760346
0.12612846673641692,0.09747939677791585,0.09090462247126317,0.08434857304693626,0.07768719615952661,0.07048747890524974,0.06445806679633649,0.061326330227343476,0.05640636739623489,0.05285566158520173,0.04861213512811332,0.04504972626562649,0.041957780071575884,0.03942289912671831,0.0386481571204876,0.03736082146058763,0.03512787924323387,0.034325049913514455,0.03252043937936376,0.03695121465971038
0.1236408895568654,0.09522775129355214,0.08739207351916647,0.08093214036900488,0.07357004751504902,0.06771090184658979,0.06184784225316832,0.057701038755684976,0.05468927349724855,0.04998864961760955,0.046873165347673953,0.043473921517976646,0.04170482743504841,0.04084767786831991,0.04030364229856986,0.03971068266679192,0.03959522188040611,0.039436707919435765,0.03887114576239342,0.048458304957377366
0.11994059965070919,0.09197119222496834,0.08459495166749745,0.07742612430150556,0.06996970721623612,0.06410810584696047,0.05906047053164011,0.054028521928280344,0.050946954512021234,0.047471476328751636,0.04425570037682966,0.041956725590604704,0.0415436421756424,0.04119504857651805,0.042029930246420814,0.0429380165721397,0.04422432695290848,0.04536945692603197,0.046899782826187744,0.06175509905287119
0.11784169323335988,0.08958034689797438,0.0811637641958318,0.07347505061709952,0.06634256890123548,0.05964394803840861,0.054585416554095906,0.05055511939914245,0.04700000317846779,0.0439820480139344,0.04145675535651283,0.04020602828200639,0.04048573344733437,0.04131372430606103,0.04409806208818976,0.046555017688173245,0.049161361274184204,0.05213799635747591,0.05636694774916804,0.075075409148266
0.11607633765571411,0.08794573169203737,0.0787521355174696,0.07064195976751415,0.06315382948583961,0.05547849594712316,0.051041631351091576,0.046419037539412164,0.043301439991037846,0.04027375896769932,0.039129902845931694,0.038541760329713584,0.039362801386188515,0.04189520450113281,0.04542700768122973,0.04897797339944899,0.053547501720943316,0.058610833909437825,0.06442887529167592,0.08869159663741677
0.11534719064991515,0.08631252702897509,0.07673318104700541,0.06783441079606568,0.05964809660571515,0.05261501868464535,0.04740327785231923,0.04301072287954226,0.03966883268094167,0.03767284683026358,0.03650020514299022,0.03669841762677282,0.0388538051252481,0.04174244020359054,0.04542253911577828,0.0511707011454741,0.05735687118129096,0.06508993025138331,0.07236834809993231,0.1006226366973088
0.11527843695617779,0.08562331909507986,0.07578046722565,0.06586774244581553,0.05683040658123714,0.04928413225755419,0.04387227759320784,0.03980382850814745,0.036867847914359535,0.03479802773822706,0.033864631123767336,0.035106523229446816,0.03736486842799136,0.04103385540262615,0.04551363180931289,0.05193271106892373,0.060807889047091716,0.0700970310604862,0.0803736223171439,0.11196408796076567
0.11660456988360977,0.08579754842407748,0.07470255683187203,0.06432787101454054,0.05518201670399235,0.04681226650299155,0.04076448791078354,0.03676856626179057,0.03392411933742013,0.03267626567108911,0.03146011560400428,0.033206349850485845,0.03639700007862493,0.03990975887510556,0.045593580147967036,0.05337364340298827,0.06261207222333537,0.07386811809971162,0.08578740327231871,0.12225541941325517
0.11752462285192788,0.08624679628892949,0.0756796301245521,0.06332171109269175,0.0529959394001347,0.04453728005084065,0.03835093090822207,0.03439624902549297,0.03102904246448976,0.029903355998960532,0.02983684935876515,0.03160912815952727,0.034534188723676,0.03900614447459141,0.04513707141704714,0.053381431592378355,0.06433408994899927,0.07749870989434068,0.09199715745693386,0.1307668338774972
0.11958779550449568,0.08761577117656572,0.07548558152775733,0.06276311631037651,0.05171977042385699,0.043102221214321716,0.03624099222442298,0.03208541313331868,0.0290516594572295,0.027742863139711898,0.0280782045003293,0.02961015963696282,0.032578775063147915,0.037702984055603926,0.04440498621240377,0.05326981951879721,0.06557732995901114,0.08010798474317436,0.09728518249566342,0.13777704865827264
0.12182453523120851,0.08883580940797506,0.0763691259543617,0.062158817185399166,0.05107349356949086,0.041704476888650296,0.03449004898304359,0.029767532461362316,0.027517923232975895,0.026078363367714893,0.026593849326067433,0.027854058086002997,0.03068091656729111,0.03619804162846052,0.043206987804124825,0.05313543740290098,0.06566507190672792,0.08236610430395144,0.10064566397917153,0.14463063174348278
0.12496237560434187,0.09027268280753238,0.07673495494478619,0.06248353932689958,0.049692420565494666,0.04016874541452679,0.033496293997027686,0.028543982918524374,0.025484649246571473,0.024173674210357998,0.024861495193483456,0.026352361871437444,0.029203585604906226,0.03459328028293545,0.04234508155087759,0.052023957333935306,0.06646584645484133,0.0840705363357601,0.10377631356171338,0.15084560829241683
0.1269428449027571,0.09223282271215606,0.07763091695859192,0.0626554713664204,0.04947184968756894,0.03931973726141603,0.03173687853768492,0.027222883050513087,0.024076977222241037,0.022957525018414346,0.02292484028253619,0.02439915533303995,0.02788591626404131,0.03322286670814516,0.04106837063089711,0.05191386638246511,0.06647141428019458,0.08571571984045182,0.10720126443235366,0.1550342080780324
0.13037361135960698,0.09343304667876484,0.07857712138709519,0.06266047350284758,0.04916733857382186,0.038438123740900214,0.031009580195507543,0.02570132003615519,0.022660891750529207,0.021600169157951224,0.02142589929060546,0.02298271010556107,0.026384457916150635,0.03152658080196669,0.03961502624504203,0.05087518327381049,0.06663498827744695,0.0874857970058113,0.10952396443035824,0.1602597318102921
0.13305171302952729,0.09554308108189394,0.07905418144845527,0.06292733201391291,0.04835741410561458,0.03769370553173377,0.029413976063045306,0.02430016159237312,0.02150902060216003,0.02011518517190444,0.02019731157484897,0.021734579032782333,0.024883143382289155,0.030297702427124387,0.038867766080870225,0.05015956813079152,0.06743040365705401,0.08838073337721122,0.11240097117363261,0.16380053231789612
0.135697893000888,0.09709610084072376,0.07974536102685928,0.06278788158365144,0.048776971779820315,0.036748509416337026,0.02844160487135427,0.023472223823966968,0.02022350105522944,0.018641233522851776,0.018653919341260032,0.02065481888111081,0.02354949199063556,0.029019386237040284,0.037516578058147176,0.049804523070890644,0.06666282247927022,0.08946039141516075,0.11435342690085455,0.16848727381762407
0.13787749130458785,0.09807987817221518,0.08051537569701318,0.06342705055300982,0.048113463626492936,0.03627459099357737,0.027536621947404256,0.022225059349638386,0.019331189385156152,0.01752999687149194,0.017526546311120925,0.01924492537588104,0.02299683468595299,0.027846022194004304,0.03609516185428513,0.048992206334308695,0.06674188888275454,0.0906680744952981,0.11693258985259207,0.17201388505493295
0.1398241751177255,0.09914888634292053,0.08146881966814143,0.06282674430084467,0.048299035465747646,0.03601103899234755,0.027102700741825785,0.021316872805919915,0.01808071229970589,0.01652175310586458,0.01658948402813014,0.01793836256477486,0.0214890700659171,0.026907543847162315,0.03554036648168855,0.048588326862542955,0.06696177450424408,0.09185575839117249,0.11868064755353612,0.17476299917115715
0.14101407940707675,0.10043050648968195,0.08218468579443172,0.06386438300754102,0.047945841206472384,0.03543284981087277,0.026195924569121093,0.02049632574112545,0.017363494378893833,0.015711137822808252,0.01560800877284452,0.016984208650693895,0.020017348597960578,0.025649340604313314,0.03488397408939914,0.04790802722148565,0.06731118503299553,0.09211715918427217,0.12062890386424543,0.17829179333396739
0.14361185057964787,0.10147416630885932,0.08260369257191928,0.06376413339058254,0.047604980678402756,0.034652926864176335,0.025591527121797616,0.020203234578502934,0.016541577214827533,0.01477715757835981,0.014763417775869469,0.016037784456848433,0.018981537140403612,0.02472935451552884,0.03401173608129381,0.047421783311864904,0.06691512809503364,0.09221010447974809,0.122928867897524,0.18105510233290395
0.14390781634129535,0.10240139711000303,0.08381174217011504,0.06402087435953409,0.04750219727092664,0.033845401274817166,0.025428910713653028,0.019558854287507053,0.01590035533499667,0.014240830036950721,0.013997387276286964,0.015264889725001113,0.018141628826365892,0.023627662869492964,0.03301792447331217,0.04731247192693517,0.06669760180307649,0.09379289535732935,0.1238186454296193,0.18328039691456294
0.1447526549152311,0.10294736962240573,0.08423827757202935,0.06456365804805954,0.047323400345809494,0.03411758663783018,0.024898282936070895,0.019131367659394775,0.015564850691333652,0.013502547919721983,0.013333637676114608,0.014268350443104066,0.01719460628505886,0.023027716116662194,0.03231549694420826,0.04675732277263881,0.06697062901946464,0.09423822050775786,0.12461353222134089,0.18634566111811726
0.14562013695520498,0.10438528147910711,0.08476598637748582,0.06505657415783268,0.04700121030711685,0.034147543395955236,0.024446834892891824,0.01848199425760035,0.01473129699065862,0.01291070306181465,0.01269738785837239,0.013518708427775692,0.01643097428011823,0.022250943092751038,0.03122158886745596,0.046259740348627766,0.06742129296390639,0.0945967373040381,0.12557535216971227,0.18825808173736677
0.1466970594939595,0.10486893093229999,0.08551857761568271,0.06441531798495555,0.047432186004103025,0.033671073626624116,0.02436175062685208,0.01802598586733531,0.01422270344198769,0.012425347617962159,0.01160018235696376,0.01268976521540917,0.015877592888078416,0.02168680191474813,0.03138477319352633,0.0456667426487349,0.06725438796444042,0.09473558240255299,0.126403008889902,0.19082858445406883
0.14740448251944968,0.10613610194605441,0.08568015097382448,0.06535631348707847,0.04735471218052168,0.033330182350777254,0.02377587174969506,0.017769263797602138,0.013603133367424684,0.01156790234535604,0.011089560415155242,0.012050799912987326,0.01536388723430668,0.0211313242212992,0.030724357740540498,0.04476027666386115,0.06721159683064304,0.0958380835344457,0.1274177622025596,0.19230712285301352
0.148470353058497,0.10591754910420541,0.08606640423114664,0.06570981674290048,0.04735564718284043,0.033496957098850456,0.02375011099246618,0.017407033848717834,0.013114186772430153,0.01119600928010856,0.01032969885182563,0.011509064953929586,0.014871852082901703,0.02041009154886286,0.030098880057556704,0.044622386554315725,0.06688804446073598,0.09668183753435078,0.12822760399709482,0.19394197427706902
0.149011989431193,0.10593033823139683,0.08599496582653829,0.06573770659617764,0.0479383888142622,0.03316344230093345,0.023420394430789217,0.016676694825129013,0.012986939129267695,0.010838373004273243,0.01001375127816367,0.011295611533785041,0.01423126487873512,0.019995655096560355,0.029536244115328746,0.0444897638852081,0.0673221177195854,0.09680717841743147,0.12949404623113744,0.19481432362251208
0.14943537341509583,0.1054075711679559,0.08685531124081444,0.06595702359099095,0.04769574384650799,0.033492273680501485,0.02327727797132255,0.01669953454537188,0.012368931045653201,0.010303653733582632,0.009828537654085945,0.01095608586188671,0.013784049512096707,0.01954568445699802,0.02920827247566167,0.04487005347897498,0.06754718482356484,0.09701802144842216,0.12978284467227785,0.19577396750342413
0.14934766081771658,0.10680953241354701,0.08694219346422162,0.06552369523640693,0.04791434418917551,0.03319253579882431,0.022838973757566862,0.016683201001832987,0.011956994819241644,0.010027420859626343,0.009331956040259682,0.010770613656792659,0.013452471456964704,0.01878891392713756,0.028685651038026692,0.04502339239102397,0.06780668350782455,0.0976378060130434,0.1310621634183233,0.19632562753767946
0.15049533965011602,0.10706764833497275,0.0867111310009246,0.06612630990702019,0.047557604105378674,0.0327189955543238,0.02290193388050513,0.016189121836970667,0.011934266690595021,0.009701206034488631,0.009106026083420602,0.009856816059863287,0.012874741880450609,0.018539173972008376,0.028125660206768228,0.04456239507681685,0.06750521918296785,0.09740506084692746,0.13244571254625712,0.19819038034724892
0.15068929804242304,0.10696399179172113,0.08684486058063705,0.06598158468786193,0.047261127855626875,0.03320518768667424,0.022638560080040927,0.01595940781510727,0.011755444110310377,0.009588803345021095,0.00880609018897418,0.009441335648954285,0.012364599131755576,0.01779141034701417,0.028192420387295553,0.044478525867535465,0.06801890762736956,0.09844716516041649,0.13275041999934212,0.19898383413741044
0.151220933660488,0.10767414858925924,0.08694049989341775,0.06553901137028485,0.047681949502691764,0.032999677985550174,0.02255688543995791,0.015927242875997227,0.011519953557352592,0.009126388403851477,0.008338360084721549,0.009352025289472852,0.012073274161288417,0.017635960396758084,0.027658093220915513,0.044069491625356595,0.06787588383895653,0.09873597989904165,0.13305886514851215,0.19967843909164718
0.15117505375173515,0.10751254207150569,0.08729100327500025,0.065993295775159,0.04763605766177681,0.03327617958976313,0.022441916374093932,0.015657177330829455,0.011260648286748498,0.008869036279019138,0.0081183263932359,0.008906458373023429,0.011768681562928086,0.017380861660724486,0.0273691587513268,0.04405714467154743,0.0680208928684829,0.09980359070661986,0.13350502136461356,0.19994057825073264
0.15194306653039852,0.10800000906439569,0.08745782223360306,0.06598766788960472,0.04718924418802277,0.0330204606072692,0.02233353803760366,0.015478588764228274,0.011170734691935184,0.008663296222186468,0.007901886980581797,0.00870295295352005,0.01131349892473606,0.016906231092237028,0.027571625722035767,0.04343658435439974,0.06784133681708276,0.09972421575981165,0.13367151083081985,0.20154343998350283
0.15177418551021427,0.1080311796340176,0.08764571563195166,0.06627031410694947,0.04744904200325298,0.03316630497324677,0.022120686296274485,0.015345164257139101,0.010949343288586044,0.008569642218003723,0.007694102509502947,0.008311397646802983,0.011156618536523484,0.017081519202975702,0.02745774076775658,0.04372828140503171,0.06749584316852493,0.09984324101467462,0.13420902406205115,0.20178641814779744
0.15214452626144598,0.10789201967230934,0.08785855319765608,0.0664778233658488,0.04718591781467088,0.032579998007408795,0.02239853635120325,0.015141428687878706,0.010667155757229938,0.008348504198027335,0.007609207582715176,0.008135659230678658,0.011115488773560136,0.016796637955239162,0.02734944615022326,0.0433750871758643,0.06760318452300082,0.10021488284469561,0.13467312447354834,0.20214384696899698
0.15287330944334046,0.10819109729793988,0.08805443748124749,0.06600997492116868,0.046935344168747124,0.032574175030994725,0.02242602310875608,0.0150733400134735,0.01044253098056532,0.008072779561035531,0.007409294452653094,0.008036548292318405,0.010835413800716698,0.01636974009725832,0.026751130811863488,0.04357149731379108,0.06837632965925622,0.10019757363722318,0.1348856167524329,0.2029743607162469
0.15337834548087628,0.10899046501858647,0.08794239834052145,0.06592849160240001,0.047089515143760696,0.032495479347667326,0.02211694477500908,0.01489748847615802,0.010492895470742288,0.007858065670330367,0.007068862244938396,0.0078512719536125,0.01069670697227824,0.016110166910296896,0.02650795034698908,0.04340845296879759,0.06853274967758156,0.10061947373605735,0.13539877418704685,0.20242105418102307
0.15324757677325845,0.10905199746353839,0.08761549959235439,0.06670214693359905,0.04697776066672706,0.032552767460820725,0.021953981338889393,0.014736389165685294,0.010550095117311342,0.007670531751064408,0.006896005072923275,0.007636561282724886,0.010582933236706222,0.01586760576139143,0.026285216052178654,0.04350371410453846,0.06799528942839027,0.10112895189781683,0.1359781230183893,0.20312528308723626
0.15316550800202772,0.10939763016873051,0.08799514809182422,0.06600088710261423,0.047423781591715564,0.03207826417553769,0.02196371026142371,0.014870283872836555,0.010175655369686442,0.007793830110797307,0.006785656093851835,0.007247311535954815,0.010057978492287643,0.015595580780650299,0.026411669925410962,0.0435223405025708,0.0685569646607285,0.10119872003765663,0.13557960388152657,0.2042791386052574
0.15400921679837287,0.10863333929084493,0.08804259545404158,0.0663365149461901,0.047039833129345135,0.03244996255817058,0.021797705528495383,0.014505032589096854,0.010086670482490567,0.00764673011793611,0.006731611084591389,0.0073571498057775795,0.009612708955949862,0.015592089932785694,0.02622964171223409,0.04352867184442297,0.06886242446591662,0.10097077274958771,0.1356955244005349,0.20503643508536964
0.15367891257010288,0.10868761928653514,0.0878355701854005,0.06681514979959298,0.046646755914747616,0.032331806691685054,0.0216227149813153,0.01423358860228103,0.009972326088848057,0.0075190773705603375,0.006682870990305656,0.007114534283896588,0.009792654717955495,0.015702599810836545,0.026282870538302205,0.04380026419601581,0.06866158388788507,0.10162732541649296,0.13624965958490265,0.20475982231744427
0.1528239052435719,0.1092405152007741,0.08858998039849607,0.06648798475287859,0.047065087392864344,0.03229613418552021,0.0214169603877797,0.014237655235093703,0.009830142907850328,0.007467562563162286,0.006484096103890232,0.00693400374847676,0.00991379407794933,0.01566198596921185,0.026412291748151212,0.0438795604017969,0.06863578506623139,0.10147904312104772,0.13672218542073145,0.20465823975329683
0.15309026691056923,0.1085878472814622,0.08784558664848321,0.06737562609244871,0.047329368975643285,0.03210203230766971,0.021406627625690216,0.014148305242736876,0.009828789914276319,0.007278660148036328,0.006364590595139499,0.007050425228771609,0.009799413142489777,0.01576515756683498,0.026399548953565492,0.04385048127061316,0.06875068498722675,0.10146736975073811,0.13647544271360018,0.20524533559007196
0.15322263372810763,0.10857424515802279,0.08851559426424103,0.0669307539601789,0.047531190789503436,0.03218337787545389,0.021045586712429742,0.014245565006624794,0.009612732263418031,0.007179873292363623,0.006187284920344217,0.006882548985027518,0.009786830907257427,0.015559218410140232,0.026247066324800238,0.044199575832395026,0.0688085321901609,0.10161708246849269,0.13686527478192445,0.20491749533099096
0.15301093354811093,0.10847245489163032,0.088669166129158,0.06702460415449973,0.04763136580676571,0.03226294737008575,0.020900145381510683,0.013930417946426856,0.009746322254441369,0.006891783967819516,0.006225310841936296,0.006786729729332837,0.009674026864515049,0.01578637615969148,0.02651885271734648,0.043894597839949326,0.06951879510695765,0.10196586979826198,0.1361796630808906,0.20502972583102985
0.15272953847925155,0.10969851645579339,0.08769537621385251,0.0663785289625801,0.04799535849214204,0.031998410689916344,0.0209522540999798,0.013944841458417755,0.009693888493191813,0.006923883560460944,0.005997162268785297,0.006750052770061371,0.009629548525316646,0.015750875644387347,0.026364712801057434,0.043922751402780624,0.06921626017728487,0.10247889479737989,0.13680821835856324,0.2050593790177205
0.15369325497034284,0.10932156683817983,0.08727632892579158,0.06659423661587525,0.047826420856240656,0.03238684875069457,0.021090923053988242,0.013888951631483126,0.009222408442241927,0.006948993282526892,0.006005972091090204,0.006692627042459671,0.009520561250073408,0.015739983646770244,0.026393299693264004,0.04396963358826903,0.06960625759499102,0.10182257197453959,0.1368837610621469,0.20524093909099533
0.15267080787408863,0.1099421713457494,0.08798240871075852,0.06621002762184601,0.04757007900502654,0.03227364930076206,0.021157182639438405,0.013737550697431858,0.009300220229756866,0.0068789345891659606,0.005975890993607579,0.006706227501515418,0.009518079497185323,0.015647487902037828,0.026371130599293587,0.04418366552168265,0.0697341552535126,0.1018599311655019,0.1363381356439209,0.20618291373788925
0.15333251329089423,0.10855142512467088,0.08882413813727738,0.06642456606401066,0.04746691523732893,0.032418384147752104,0.021007004591861497,0.01383652341127122,0.009166795503609505,0.0068838424931697605,0.0059607304998233876,0.006688612206068387,0.00956402707042848,0.015319370794226158,0.02650166509993421,0.04399903851904851,0.06950762470193525,0.10153667677425396,0.1374014961636684,0.20592619843748058
0.15342247353908894,0.10895436777222502,0.08820680045977738,0.06690257732773593,0.047764005031355666,0.03234588085984694,0.021017426827423146,0.013695088105179718,0.009338945809047858,0.0067589081867924635,0.005744959046842645,0.006447271257364681,0.009615580039880493,0.015482483972151403,0.026320900224243108,0.04381095832872276,0.06921840103156339,0.10194818245664748,0.13706492210205884,0.20607782341928937
0.15397654238925465,0.10903060458702038,0.08854102599115911,0.06629996986826678,0.04740048910461354,0.03221951249789811,0.020863121805556654,0.013915895222822475,0.009136573491523057,0.006574811902373184,0.005820954306975781,0.006252052512726991,0.009572185814611977,0.01547552276300094,0.026795800516640725,0.04411308315342694,0.06942373906596143,0.10216801770436816,0.13708471531154753,0.20534606916304887
0.1543009453793372,0.10874458952654266,0.08877014886281272,0.06649604530234303,0.04714252491019234,0.032203183175995895,0.021106773449900758,0.013810395785870566,0.009216714722132528,0.006512889175892034,0.005600700849644719,0.0062927447159684905,0.009362348749466575,0.015397693789216758,0.026550550812728186,0.0441180787146273,0.0692913154703979,0.1026166709190297,0.13726627996504784,0.20533268908151223
0.15450828176027998,0.10904430471104058,0.0882440503040254,0.06610071630911354,0.04743518034029194,0.031729832380058824,0.020955875719466648,0.013939384371109467,0.009148954405210836,0.006456029085397759,0.005628304133662918,0.006258683218158526,0.009338406437760498,0.01539748840733991,0.02630902332966458,0.044717445825740214,0.06967436804214855,0.1025454233801851,0.1368418797250239,0.20590503942406582
0.15482406202712048,0.10915793737932934,0.08835321425468266,0.06586262811825414,0.047007818838559985,0.032148753149708914,0.021013481261982426,0.013964226754217194,0.009317383459359303,0.006482786481048713,0.005558608564951429,0.006392512691930535,0.009273374987164193,0.015348800994817157,0.026426523341980816,0.04455462861927366,0.06966879675194906,0.1022677904248849,0.1370457676826605,0.20535481548601725
0.1546203760716147,0.10950711928782318,0.08837592726665817,0.06572682594564846,0.04660184539879517,0.03193811982236174,0.02120787688921065,0.013837107807647284,0.009452537705272988,0.0067155645472322415,0.005657764455661488,0.006386270702095075,0.009234888006261096,0.015350506232900962,0.026523942594609957,0.044211081865607516,0.06979450710801065,0.10201793974824805,0.13706179672645827,0.20562145191520453
0.15368286485377433,0.1092751963240118,0.08793489460619087,0.06617184523151919,0.04686524157492103,0.032055545660128935,0.021219677719732957,0.013959691292751052,0.009453764934265562,0.006580208194766047,0.005745986151914087,0.006359252086118772,0.009475184148879323,0.01571832154524978,0.02659702791487326,0.04429606314835399,0.0696676865219028,0.10258112809366735,0.13703224380928333,0.205122799739362
0.153010578347649,0.10901606258160397,0.08844905773554357,0.0658029148523068,0.04720004149255955,0.03270470602296072,0.021382198338944596,0.013971040899486538,0.009245624677248774,0.0067369033471416356,0.005718757117439732,0.006282514719710998,0.00922645691877155,0.015510099153687087,0.026888982597930322,0.04428428717361257,0.06982137904129636,0.10269070228412029,0.13683073516246366,0.20520889474194567
0.15328265579173508,0.10922498078175963,0.08804208400118124,0.06625615152765285,0.04718782476571782,0.031786180450822724,0.021762261913618235,0.013987046567881533,0.00923377270401205,0.006666080538516509,0.005710240785952764,0.006308767800824636,0.009303657214223078,0.015660893304387618,0.026788310801214625,0.044753138603527136,0.06973797817348945,0.10267387153423557,0.13669861065085026,0.20517979481006068
0.15367544544791625,0.108741249677375,0.08818679677611686,0.06635086046482797,0.047214266956550156,0.03197960446456648,0.021184487401000613,0.013812294802046314,0.009140572080342363,0.0065122349544042115,0.005887835825858012,0.006373604822976089,0.009031245879134814,0.015368784326454802,0.026919041130320214,0.04451605122777833,0.07054695785756711,0.1029875356859881,0.13753461526757313,0.20408384079850966
0.15395517490985608,0.10858324482418809,0.0883219793576379,0.06614282782772626,0.04689969940715786,0.03211585339728542,0.02153309114525197,0.013797279104851205,0.009039207860063094,0.006665809762840592,0.005812288451867935,0.006249760405180208,0.008874592125053834,0.015500939211693576,0.026664366556396677,0.044623266742886,0.07058407015787328,0.10314416053867685,0.1373380057141955,0.2040761562000374
0.1534532679090073,0.10885551025562396,0.08865883138202872,0.06628835711579743,0.04701847275088847,0.031925928598488265,0.021271174210307945,0.013680930131870904,0.009106714411992858,0.006589035412119135,0.005606994028827597,0.0064266772500135285,0.009152941388703472,0.015496184583190516,0.026914247830714555,0.044410594772067186,0.07102831345949162,0.10332067540995435,0.1369276874785777,0.2039601861706926
0.15354706961605916,0.10928702480717306,0.08806140710721222,0.06666448783082621,0.04712483827778804,0.03187561702377035,0.020929220893382807,0.013531697553543012,0.009108285135981897,0.0064531107013898,0.005464745684778049,0.006188269448363844,0.008988824826106365,0.01564591964152891,0.026728680842623437,0.044655616212341834,0.0708275669315831,0.10262992999175052,0.13737034048442281,0.20485639969165712
0.15346956798947423,0.10919837383537621,0.08782257728393561,0.06619107321683433,0.04710087379876606,0.03181474610046039,0.021234988448103204,0.013633603797538222,0.008967786485350886,0.006415217188050912,0.005586139075600433,0.006142612699989747,0.00923363218445186,0.015503535409858587,0.026841403890584228,0.0445753396573069,0.07031731387703287,0.10337455068134224,0.13791759459206768,0.20469217658913205
0.15354577768264047,0.10828014713752177,0.08762118284597313,0.06706474163620077,0.04679446375358405,0.03187115890514362,0.020901189155085872,0.013892440894316726,0.008892469059998536,0.006261794379256537,0.005697354115851082,0.006345164797404251,0.009396071450701605,0.01574912263901172,0.026764157479960117,0.04424828611826208,0.06999622579863791,0.1032001847668727,0.13781693433452946,0.20552385351592206
0.15282965927798986,0.1085945062139482,0.08778969596783553,0.0667336008446778,0.04710633632283457,0.03229405063333932,0.02098285065227019,0.013760945822755138,0.008974137940748608,0.006366634777150882,0.005470798556295138,0.006354239559000675,0.009456424610592953,0.015690092502132536,0.02627786247843514,0.04438952987191232,0.0710426294088946,0.103293860197715,0.13734577813235613,0.205254671025276
0.15225635298347082,0.108787058835462,0.08846337194691087,0.06694172125872977,0.04711502593709956,0.03208131277899425,0.021066356826421467,0.013559642932408028,0.008882738164331787,0.006393272469709995,0.005393654510846478,0.006314384919405099,0.009188145680512183,0.01563663943543561,0.026569326942690447,0.04445651549182443,0.07071705402332144,0.10305306089330005,0.13767567975711645,0.20552798873936565
0.15175713452255185,0.10816722343236479,0.08825092975741834,0.06674881119448207,0.047306688171413265,0.032130974719158066,0.021216039357290398,0.013353366386369112,0.009041904972146702,0.006255448457312253,0.005453525644635567,0.006227291055181749,0.009134261251134743,0.015586811523360507,0.026675196482352073,0.044596819790373776,0.07081811895038215,0.10295134626171062,0.1381131837461959,0.2059274710372962
0.15202535596260602,0.10869915483880417,0.08789068001617988,0.06640503964404303,0.047436517138147394,0.032199728908433915,0.020981991452615874,0.013581619856612173,0.009004837057743856,0.006334483726055551,0.005489435203369375,0.00616998094697264,0.009303420869092964,0.015323546544709264,0.026764376810516466,0.04523826424779978,0.07068887228838013,0.10324239484497863,0.13937216274958514,0.20409048554234652
0.15303210584200025,0.10835004046860279,0.08768009653928717,0.0661298620015017,0.047335319803274205,0.03183342470194508,0.021157368268788074,0.0134069835637811,0.008971759781976106,0.006207061911896643,0.005399941238913351,0.006151903037452872,0.009173258527393128,0.015383697513235314,0.027143794682909644,0.04544978685034946,0.0709590777436193,0.10416922292402822,0.13761801466325507,0.2042217927084471
0.1521836792368918,0.1086879909745687,0.08796417750465294,0.06635651129248543,0.04705474369959362,0.032230788025090155,0.021033443411468917,0.013390650526877568,0.008754082893002032,0.006272539652336243,0.00542584250307097,0.006295058193540108,0.009385727973770401,0.01552540823300386,0.027309360844985742,0.04530054933981267,0.07084333062735529,0.10329254850212292,0.13801388718436042,0.20467214692897764
0.15256714411339817,0.10847097318288937,0.08801669130653614,0.0664904906618085,0.04714753633207861,0.032050596367411414,0.02098461143507629,0.013289765990674756,0.008899628093729834,0.006279507322713977,0.0053584678767788834,0.006267121706692851,0.009288086050756258,0.015738740067580432,0.02703892573922424,0.04525028515065975,0.07131750301477155,0.10378921032690148,0.13720672831700872,0.20461375456438097
0.1532754790773958,0.10822327957934014,0.0878233462649311,0.06669798185971695,0.04701108873238803,0.03238081077062409,0.020948512415685534,0.013340497528577947,0.008959749838918262,0.006277682405367298,0.005295421673718224,0.006276555959574121,0.009314580263768558,0.01559338911492903,0.027054975060490132,0.045377742332283484,0.07098523454854304,0.10299206531583292,0.13776432050536858,0.20428995615872975
0.15292002602683288,0.10845264174604928,0.08863982780863527,0.06569523839543227,0.047109468048460335,0.0319650483950495,0.02127175750916905,0.013374775135819085,0.008862857052798899,0.006264676679642562,0.005440643736336479,0.0061903786273772585,0.009297388085744457,0.015801844843152304,0.02711653762070619,0.04497058472567133,0.07102893796562926,0.10370657222558691,0.13709341516625878,0.20467987671026236
0.15344067871045908,0.10895379359193365,0.0877891349121714,0.06610985803519448,0.04682012123368734,0.03209663561315577,0.021002503274075296,0.01341948589979922,0.008633649273622609,0.006361221435593339,0.005339867595606939,0.006333069455439362,0.009364474678419927,0.01550836282722454,0.02708107882892267,0.045521751908985775,0.07066484842410846,0.10444272029205992,0.1371091519835322,0.2043777455218646
0.15331976046285897,0.10907993504840971,0.08768239483089839,0.06568916475047465,0.04724867855944401,0.0316616481578657,0.0210383245912937,0.013556730169383122,0.008689865164642369,0.006257558730065786,0.0053600826984187755,0.006273323679178782,0.009248394790359962,0.015545365893208233,0.027255344880783208,0.04542895300468668,0.07102222182184253,0.10252509442078452,0.1377000740952608,0.20533170579001545
0.15372372598999554,0.108023478075753,0.08820160237529101,0.06623511641606793,0.0469392559418883,0.031523743336107954,0.020645252853379155,0.01351307209787713,0.00866404522604575,0.006269380619886979,0.0055034483846151255,0.006181523687017561,0.009297065691079253,0.015908863074970137,0.027160182336926835,0.045677720495558155,0.07116974747890023,0.10342675829318765,0.13722239180362408,0.20485758729093148
0.15299835991575572,0.10820391076230707,0.08780585544970614,0.06686635846140511,0.04637149652903243,0.03163887978981706,0.020841564710159854,0.013631722853904175,0.008828538591508705,0.006265414484296497,0.005382898322656462,0.006250780925493795,0.009287807206239755,0.015732201371277028,0.027580881367990098,0.045738876525407784,0.07148831172632092,0.10377444507856536,0.1365311036292351,0.20494073971514093
0.1531270337034627,0.10836697974909863,0.08766683405430116,0.06574393294886721,0.047329416612809906,0.03173196660954469,0.02110998268326131,0.013614694682702861,0.008796858216668651,0.006308562215281505,0.005378547510690657,0.006210606671335496,0.009412739625156779,0.015692027769833736,0.027144944930969493,0.045572972376536604,0.07187797666631386,0.10404567655754943,0.1369891393198057,0.2040988202549547
0.15274514834017425,0.10808219917908832,0.08783732087563913,0.06624225894721679,0.04690087851947868,0.03178782314394758,0.020957100165622522,0.013441077986606181,0.008850453661697994,0.006274978397062002,0.0053501026139554965,0.006116331821127673,0.00933314430762584,0.015853406063224603,0.027272584071433726,0.04616390329084757,0.07182414308345939,0.10390788147188017,0.13679947972924317,0.20427153092820619
0.15215304111359113,0.10823903894574882,0.08795519342308605,0.0661248186429937,0.04681909096946222,0.03243884512308641,0.020926544362540683,0.013566460800435822,0.008947133236759674,0.006234516416959595,0.0053036723879244674,0.006009402987930543,0.00935008627472168,0.01579733488211373,0.027507735460205032,0.04579144816594461,0.07101428232150474,0.10442899415943208,0.13730455933483482,0.204216149412285
0.15242742060802053,0.10797331717830509,0.08773486535849974,0.06587152698798057,0.046958433082374865,0.03227139546563191,0.021462465458492758,0.013625174818875261,0.008992615380457675,0.006204521756363859,0.005318322369384121,0.006082908625749104,0.009251606306766868,0.01596735363071497,0.027694012354993223,0.04560605002803857,0.07157946179433423,0.10332161493229068,0.13667288995588142,0.20483930176046267
0.15275916813979942,0.10816096742593986,0.0880985891705043,0.0658394604393501,0.04684561944760339,0.03213155731705944,0.02108137322238861,0.01371646042809048,0.008939006676950446,0.0063492957112134514,0.005182799815342348,0.006140992872665038,0.009371375812099576,0.01582876380710031,0.027658113114071146,0.04535034285521264,0.07161901973810138,0.10274396766239179,0.13675588033283415,0.20557913818922896
0.15294517365482338,0.10803938973585296,0.08770437672481973,0.06557493241350447,0.0465640859481966,0.032098382086737966,0.021068536025317785,0.013593801505522234,0.009090285207698392,0.006330573621747382,0.005250539735684209,0.0060324392677820245,0.008994657207369878,0.01583824692499727,0.02767699336566685,0.04588118952232126,0.07172212528168073,0.10329286581366498,0.1372081799066446,0.2051085602810788
0.1529683037331959,0.10781187051412186,0.08803968391509555,0.06607646445845365,0.04675778902615511,0.03164675193726917,0.020967295430452997,0.013672855274796255,0.008947561505341978,0.006196110382142239,0.005223818451490062,0.005938408007004102,0.009127615566573863,0.01569171143635876,0.02751563656988011,0.04560319235850566,0.07206438733229655,0.10336903655322509,0.13756242811904268,0.2048092439755036
0.15216207764627004,0.10798239831902147,0.08753034287732593,0.0658668220461954,0.047033428345815434,0.03204477810048525,0.021050476599707987,0.013624205010989796,0.009052807292639197,0.006257550567712705,0.005188941356976219,0.005997709801733621,0.009154043954708969,0.015652312807787575,0.02703918758703541,0.04543613878871455,0.07172505022463292,0.10413877971577244,0.13792370355205696,0.20514259746278435
0.1520164517338142,0.108025848222175,0.08751070724670963,0.06564597480687559,0.046994823376860194,0.03209416298877666,0.020982263959379445,0.013790821202205717,0.008966510096047237,0.006369756544505562,0.005247535785560157,0.005989304572064692,0.009232151118224884,0.015714467417890468,0.027367778869607416,0.04546963869444192,0.07154973396501871,0.10349531807698419,0.13828753839694652,0.2053134958020839
0.15145220286551242,0.10780967925414843,0.08731202521543054,0.06579370378613648,0.046775343013936356,0.032284788683631334,0.020997870986742558,0.013716061123138803,0.009063481464994928,0.006235288563354444,0.005276445739388092,0.006047566697466544,0.00934337813928288,0.015848446629661853,0.02728486736944338,0.04546915853392594,0.07161420571169069,0.10412043875208798,0.1381441838819983,0.20536659719833555
0.15140043972851533,0.10805625376046603,0.08734177926978073,0.06597389744541349,0.046969978126036774,0.031942734076710694,0.02060426120548593,0.0138700045547327,0.008802442686280136,0.006400242919077585,0.005159781147905106,0.006121335830001629,0.009418737383109254,0.015772870662460567,0.026980886992020777,0.04557769193137537,0.07159252573986295,0.10403571810140744,0.13808262622513873,0.20588291525385602
0.1524625870249157,0.10795310644476837,0.08788545635668821,0.06588285616195502,0.04675960580597594,0.03154902942947674,0.020820693497824734,0.01345234946166964,0.008804642079255284,0.006075000422109533,0.00520264071724852,0.006186437339246619,0.009250389747803628,0.01554601275333607,0.026881060789401095,0.045542804720873034,0.07175074150574907,0.10494543530749274,0.1380376971955042,0.2050596862881938
0.15297596742994293,0.10804135172938406,0.08756803714318828,0.06632840798992651,0.04661690685733382,0.031742977419039024,0.02045643541070972,0.01347858426478249,0.008559992528151655,0.0059077114201125484,0.005135770461217843,0.006196907960106635,0.009232908990861618,0.015706635428939228,0.0271810989243464,0.045888851754702815,0.07222824246147892,0.10458337131147818,0.13764404969679375,0.20459361134460646
0.1526821367107971,0.10792436700673767,0.0873840027895571,0.0661439996400572,0.04663059739266391,0.031582736240621787,0.020800197968572496,0.0134922331079941,0.008671248439310261,0.006011045746487746,0.0051078141345061445,0.006193266818892499,0.009406881657536871,0.015551781154741685,0.027533379076071667,0.045797104709627334,0.07136992002519599,0.10519105092066634,0.13754316502255273,0.20465451109636337
0.15275213721367414,0.1082202429769229,0.08731779262024252,0.06638609233303074,0.04660976430180976,0.03181267444489819,0.020560451168928472,0.013261468504012304,0.00863997948004874,0.005866861066204967,0.00510186288307565,0.0060817355558780515,0.009305977898302495,0.015865837318636365,0.027427434859842215,0.04601689070988455,0.07231820324426728,0.10481487606466935,0.13818229681704508,0.20336801700095958
0.15176486205546577,0.10778505762126109,0.08799110819117388,0.0664016973635067,0.04701161425029364,0.03183456555684053,0.020853676645952113,0.013209465996481075,0.008574565646838596,0.0059128728732332275,0.005222137724038933,0.006025370454535229,0.009245051231398526,0.015893658286346844,0.027547282733421236,0.04631975412528634,0.07184320537108452,0.10458675138484526,0.13817515423418392,0.20369712051190897
0.15215017057168786,0.10761706909137535,0.0880606567094342,0.06604886684835487,0.046899621964099525,0.03187379157298253,0.021043361088959343,0.013272310698044815,0.008546018363029189,0.0059241746141188165,0.0051300855164222335,0.006078268390867298,0.009165767786302301,0.01591440034463017,0.027812239544962213,0.04577934895941711,0.0718954321880529,0.10424162804011837,0.13868327430154462,0.20369172696382398
0.15167167162660444,0.10817917006208552,0.08763444733086315,0.06630408845947784,0.047268732582064064,0.03153012205499003,0.020721434585098578,0.013233129082944257,0.008665634159189242,0.00612188390593977,0.005268714573212734,0.005890019944802873,0.009297069509663997,0.016039133233984506,0.027895710741829616,0.045888804347336706,0.0719205989743959,0.10484978366867312,0.1378093582996043,0.2040886845884752
0.15158249665685564,0.10823352636782124,0.08780238726939615,0.06627579900869725,0.046844510326351625,0.031638686225795236,0.020701064970032608,0.013266856589509105,0.008719730344054261,0.006071082728905574,0.005332160655380016,0.0061059481539882145,0.009406916625521714,0.016168559709289834,0.02814652026187309,0.04640588078498941,0.07166981767632064,0.10407891732732896,0.13708185389587382,0.20448796749192752
0.15117524910873995,0.10809121376638474,0.08745647693966413,0.06625511118406337,0.047239314154143314,0.03204601386666907,0.02079325801515734,0.013492289237085871,0.008591623560520805,0.00614410138160772,0.00539196893434412,0.006318362262513336,0.009539377899897806,0.016295078760296847,0.027801918218806454,0.04574179484210278,0.07155489049108966,0.10360877420399318,0.13756153938689403,0.2046328660518443
0.1524775240231236,0.10775707763175871,0.08745783460436521,0.06634888046427952,0.047222984502558435,0.03251266796988372,0.02105361823419736,0.013588917460285187,0.00863127201437378,0.0063037760544595684,0.005282885056030424,0.006435904646070413,0.009411621217819065,0.016009016364747185,0.027777495451727325,0.0456374414032282,0.07098693282108093,0.10360575538593408,0.13757974299294967,0.20396363188748515
0.1535692465007785,0.10760895902725527,0.08575628746888586,0.0626178918531005,0.044178359722172295,0.02989279449631268,0.019310207304164752,0.012289156905868534,0.007935781039685865,0.005731848277605096,0.004880882129594957,0.0057283702143298525,0.008887611022678129,0.015152762335820925,0.02711498129381635,0.04466644793513179,0.07152637125543015,0.1062339646791081,0.143232442446748,0.2140747945913797
0.18958282410854868,0.1345672205137533,0.10847937426458464,0.08054751848841245,0.05638781043763965,0.03754298804577053,0.024134696824142658,0.01516703520330148,0.009393989347491204,0.006457443966325798,0.0051170695937381,0.0054899642453146566,0.007855798909737897,0.013017206587047598,0.022469176505363203,0.03655731834175567,0.056056980121759206,0.0827587382973039,0.11122947231996184,0.1670977313680573
0.22018667928654792,0.1561400163568364,0.12450033540703714,0.09290545197246904,0.06457274657011843,0.04320662911333084,0.02761020188746865,0.01712988063185172,0.010402212767521568,0.00673111382704024,0.005164349448186505,0.005142525017689277,0.006817262894792457,0.011012148167207301,0.01835779201088006,0.029512373303437697,0.04526846346820066,0.0660809295829007,0.08801792819532639,0.13137158505095434
0.23852743701366272,0.1692167667879827,0.13471620486888744,0.10174604952973201,0.07110326721591895,0.04721852935435322,0.029883931654929693,0.018218190932369892,0.010912665182846046,0.006738409047070686,0.005038213963545139,0.004963137414340542,0.0064069172067365635,0.009815392540625073,0.015540845685350711,0.024867663144228985,0.03837104678655044,0.05492138330274447,0.07303100199472615,0.10845096288561913
0.2506875273761958,0.17815643905550524,0.14362961009326214,0.10730539228273034,0.07547290381123116,0.05051859373783683,0.03189290490337439,0.019563305382987894,0.011678961023268458,0.0071628327405939135,0.005088922531030229,0.0046869208881680224,0.005891763962295496,0.008716232152463192,0.014176948110417994,0.022391259136532997,0.03336962192094045,0.04685759033708882,0.061636379057340984,0.09081635379862503
0.25999066020664285,0.1843453388593778,0.14840231159885595,0.11192107874613273,0.07888622964216914,0.052958963282937366,0.0341906485319012,0.0205218609538264,0.012177923063452221,0.007520868600782207,0.00510186212130057,0.004609188021715017,0.005541999883252583,0.00808826104722433,0.013033681629793938,0.020080555717704753,0.029505574689160013,0.04140330395190007,0.05352752320354913,0.0782312766330045
0.26486278030900684,0.1887446212202019,0.15116144134302154,0.11503526463420798,0.08151481442843382,0.05592407173191147,0.03579093704175608,0.021728453525349845,0.013243139015450324,0.007912125009230813,0.005360318172920371,0.004666395505444126,0.005525593673113189,0.007773809342402776,0.012169434347531009,0.01881679152195292,0.02707118919824973,0.03667943937612599,0.04733209005522076,0.0686678677467792
0.2690478402120222,0.1907082731220245,0.15385836418856716,0.11766690927561829,0.08472186784592647,0.0571349960081225,0.036724097183110184,0.022729597625802914,0.01377227132538564,0.008348256331446941,0.005683869169889368,0.004597420036050356,0.0053087855403497084,0.0077344831194729536,0.01129601388397335,0.017324395603878755,0.02469908063357386,0.03390215138093094,0.042590217019390295,0.06188527144179089
0.2694420550285748,0.1921875920579744,0.15601602545218876,0.11939315383255761,0.08639721911270841,0.058964237318093436,0.03850704059388438,0.02378836976374241,0.014439403758911208,0.00877393507335179,0.005868143522064453,0.0048630177340481945,0.005414481824073527,0.007363459612325459,0.010993931538325572,0.016647616803157957,0.023086077888411015,0.03128733871442879,0.03959347198491722,0.05663465504035826
0.27068048925838295,0.19251479516878,0.15703707200217126,0.121379977696615,0.08829426307373686,0.06025100158719861,0.03950649335323723,0.024893645895410103,0.015234746077731428,0.009315498492456378,0.006207185466217451,0.004998790424885385,0.005401195414235223,0.007329435157923308,0.010770528849841574,0.01574807795564105,0.02238126987685935,0.029403885981319444,0.036830087148411884,0.05166596845664117
0.27015272436674187,0.19270294584603678,0.15862457042947006,0.12191468761784746,0.08999376997126148,0.0617553076416563,0.04106144557945769,0.026149570340807397,0.01584578846510771,0.009943220440168677,0.006490105839558434,0.005056135277921937,0.005597568515539017,0.007435840752426697,0.010659614636666377,0.015194413543869694,0.02150246541270099,0.027987842577695085,0.033627969164313154,0.04829631766289988
0.26916520066393074,0.1926522799250889,0.15912685784052183,0.12319036898312848,0.08989209352289038,0.06302490686396875,0.042650327883786116,0.026922790259668813,0.016703558275531223,0.010475954991842834,0.006897212603325092,0.005285891236990827,0.00571415726827791,0.007376350014019209,0.010571782473981665,0.015195162723346053,0.02060645782585189,0.026449568125649952,0.03238377368624663,0.04573218703158402
0.26883598547735027,0.19165066064793007,0.15979059153982247,0.12340581237551422,0.09235808325655973,0.06458339747582519,0.04339506012026421,0.028196249973356187,0.017672539355859388,0.010945274810118494,0.0073181649168594905,0.005763350914296946,0.005850979426246397,0.007395135907085356,0.010238325869120895,0.014623303973834594,0.019644180874722018,0.025194381354547317,0.030582350670358124,0.04254837922777969
0.26742013161193867,0.19084795556796083,0.1589029657629187,0.12553990699170683,0.09280013624816084,0.06581188292119841,0.04470879321029998,0.02888531973374838,0.018264586359099066,0.011344551729358165,0.007681699695807057,0.006019992525274509,0.005952578070669273,0.007570524981194917,0.010239900841616243,0.013880281390298945,0.018846479546217935,0.024412311535204553,0.029037889288907593,0.04127420415462273
0.26537520068240905,0.1915666656018816,0.16016615379518973,0.12512644322743458,0.09370581881380574,0.06712168482125214,0.04545449167752156,0.0301783751616403,0.01906793447076043,0.012048634649762632,0.007866395501401387,0.006181668896799858,0.006044429931818273,0.00754695997946149,0.010161598881265834,0.013544066130251631,0.01847520411338306,0.023033667320917942,0.02774474972226857,0.039317780372698445
0.26473962679208074,0.19078074034741713,0.1590827201699158,0.12549780019722362,0.09438528787074256,0.06835744898733219,0.04718790298111204,0.030964357505878788,0.019618068724872935,0.01245804255480543,0.008291928999469008,0.006524738299324891,0.006266356292194493,0.007692198285670939,0.009908594401881207,0.013725062580596218,0.018092666691951757,0.022575238944094668,0.026650089129940067,0.03739427672001823
0.26230570331756803,0.18970510374136973,0.1586164500872359,0.12681001062465141,0.09574504627112641,0.06874871929718586,0.047842911509802064,0.03205162372388697,0.02034081796786073,0.01306938714594859,0.008711740298935284,0.0066412954257145,0.006666169191353877,0.0079406535641145,0.010050185783340026,0.013448415955691531,0.01754784942606746,0.02177875851482298,0.025642483444140038,0.036174746494871866
0.2605902117746266,0.18916054058727455,0.15840874717679232,0.12665262020913357,0.09605479302793536,0.07009016499258001,0.049418422177769414,0.032687030477022906,0.021027049497774005,0.013614167735547604,0.00928416362583364,0.006979407609011053,0.00676030182118362,0.007952947920330767,0.010082419306891409,0.013294391720880549,0.016917335531497348,0.020928747982154137,0.024872652163047865,0.03503679200702085
0.2597451944304044,0.18782056365937067,0.15786558017805377,0.12687603352742252,0.0966878590342578,0.07081194269419663,0.05010055622566736,0.033591342813277934,0.021670192151761188,0.01415007794735092,0.009775083126085314,0.007549706972411252,0.007228921367280577,0.007895350502662758,0.010084031624015593,0.013071717481395025,0.016459497562147773,0.020543299546283682,0.02424831410000699,0.033605547341918375
0.2592840323758765,0.18742090415211024,0.15717713799998345,0.12664332907542653,0.0966505387100555,0.07144049446965382,0.0507705075038209,0.034761330313731575,0.022760662623430957,0.014849006100369003,0.010130187770139328,0.007802742502394332,0.007260540095157707,0.008013467455425163,0.010047318406587881,0.012768985075227626,0.01603522184720546,0.020177506176727204,0.023563311601829274,0.03259843992503873
0.25637408364219133,0.18592720781674385,0.1579256584924412,0.12670582619376738,0.09719522552263049,0.07224731385306768,0.05130063880015019,0.035516009092212066,0.023801316925657307,0.015715928783200012,0.010507687988827808,0.008156458064600192,0.007407854884694975,0.008092495134671583,0.010127463905363296,0.012569900229674297,0.015802397188473878,0.01976454534794057,0.02277791004679954,0.03206911786828137
0.2550346930417429,0.18501890303229734,0.1568052099929217,0.12705749504638755,0.09711329272594275,0.0727074303002469,0.05266571816135162,0.036915953117639136,0.024430719262154392,0.01625637104391611,0.01104945563528156,0.008582710531486508,0.007623946839512426,0.008355448026722282,0.010217343443358376,0.012632007556478279,0.01586102897833668,0.018994174030997648,0.02228711303232099,0.030985822133947585
0.2524697393309391,0.1845918567847107,0.15603923174712897,0.12650533956104576,0.09833385809622334,0.07387556727657531,0.05344769218750372,0.0369969674228776,0.02526437396576335,0.016608153631635394,0.011527817562432974,0.00875920011931451,0.007803973836032511,0.008436056655453317,0.010141733327336042,0.012557615414298335,0.015333334911567588,0.019065464367810644,0.0220021637591646,0.03034352635927398
0.25160577273523327,0.18277409369098158,0.15531384159531206,0.12609398444636927,0.09875916485617864,0.07458382441342551,0.054027093421183406,0.03823916428818236,0.026037894816560894,0.01763983357709839,0.011933837903336502,0.009247688965252831,0.008325878382536006,0.008633543018616074,0.010152932990642266,0.012220202679995639,0.01506255058716612,0.018879958725605737,0.02121820995981428,0.029532255087116436
0.2488077927911954,0.18128642526982783,0.15419016207397954,0.1266588644182006,0.09980139731177083,0.07566525989762504,0.055113428142473796,0.038746438746438745,0.026668321689068596,0.01804683713397406,0.012482415386979705,0.009561300847607895,0.008304665981014524,0.008863827121088533,0.01044910215034696,0.012315730987930157,0.015232116891867929,0.018318733671430776,0.020723244789634825,0.028618883805605812
0.24836127512484812,0.1800025306665942,0.15421574760503157,0.1260555776956034,0.09943272861438907,0.07572842399781465,0.05564273609995894,0.03956354279132527,0.02759727397540523,0.01859685180345471,0.013030567850837303,0.00983885330056869,0.00863856050007864,0.008985048963668382,0.010039887562719733,0.012050230184230161,0.01500898150130023,0.01807889293979497,0.02074555329950439,0.028754994814498593
0.24511607844527566,0.1786538563806216,0.15387706143383026,0.1260536873888407,0.10082191457051864,0.07625783655067682,0.056273081263774935,0.04032049350327051,0.028396527987047906,0.019418691909075327,0.01349807077564864,0.009970515070403396,0.0088407518361607,0.009129101448247747,0.010488126259313757,0.011870786284485258,0.014684558523744534,0.017475877309603587,0.020550818664728576,0.02819326514574066
0.2447073422957602,0.17785197222632584,0.15232264736297832,0.12562210075343477,0.1001506869552371,0.07689407593440684,0.057015216427832784,0.04127167971635395,0.029404638794504355,0.020097503323976952,0.014235485300635252,0.010584724479243614,0.009155857586054078,0.009107401388683711,0.010273895700989806,0.011936770571724039,0.014295760082730088,0.017542325306544537,0.02012232235189836,0.027365932929531683
0.2414239688515669,0.1760941914263891,0.15181083324183844,0.12626307345217053,0.10107775184436169,0.07820282607335416,0.058304143483019114,0.041970813691426974,0.029552288496070445,0.020709741323029218,0.014714754067394614,0.011021898585782746,0.009463532461828884,0.009245125088395959,0.010411538520567483,0.011673578964890727,0.014224813202666695,0.017149110845874047,0.019908127233510535,0.026580767636985685
0.23883764099076124,0.17471164201099587,0.15142100738725453,0.12536015227946873,0.10023923557973886,0.0786808743788849,0.05918896068317936,0.04274476185078124,0.03076172797521207,0.021602051805248542,0.01582780706229099,0.011766942507887929,0.009819758544465219,0.009393479944831749,0.010152751799580572,0.011944066579757794,0.014244317859774414,0.016973209393716108,0.019758780630656156,0.026743373198057772
0.23605330662648039,0.1723997430095286,0.15063350040863377,0.12570093678695773,0.10205096347806372,0.0782569054378995,0.05978571529801923,0.04402024744781064,0.03176359711074684,0.02271578460041288,0.015830424081518888,0.01224602113557665,0.010109551636660828,0.00992413112182954,0.010380005763389247,0.011884628285013774,0.01401519267199229,0.016809491640723546,0.019100675072396673,0.02626475687473132
0.23430000460488337,0.17159330142975723,0.14890657636372434,0.12531068203044654,0.10188953711476902,0.07908591885723328,0.06039835782777029,0.04508534974088676,0.032910746734960625,0.023170828182358102,0.01661064058649682,0.012559524020370109,0.010323203770809053,0.00980840143247293,0.010528652410420258,0.012108481604671954,0.013880771306145633,0.01652090439908044,0.019149230098934152,0.025743659134730614
0.23315539837049026,0.17097928761482942,0.14842538182041398,0.12440298137467158,0.10112309148816122,0.07998101817203108,0.06153748084700505,0.04593767633150206,0.03366795494412874,0.023763879281240352,0.016869981561184525,0.012652191055403805,0.01051909633277694,0.010340846580083723,0.010700887471285258,0.011975786364720244,0.014123046630607492,0.01638953355226968,0.018578109985999715,0.025156824368511875
0.23072463015096267,0.17044112645719567,0.1473255616226123,0.12354162336803516,0.10124440266782546,0.08045869782908534,0.06202410867799045,0.047005781548170124,0.03415081149507812,0.024605825004251142,0.017508785685944796,0.013151368866552039,0.011039970147561735,0.010410565495871677,0.010826232357775807,0.01216534094129651,0.01370047423810154,0.016229901562529528,0.018341300281519837,0.025231687040640893
0.22896849506574085,0.16855169322062907,0.1470072966867025,0.12325678792418995,0.10125465259631097,0.08042399825398606,0.06319626730529879,0.04768151761645501,0.03507010599956351,0.02532428080151478,0.018303653062307926,0.013788791298243959,0.011337293324445961,0.010483162172843586,0.010957417315031642,0.012000306732181516,0.013929180258244897,0.016188380749016393,0.017860071138271327,0.024581045130921547
0.22725514886552825,0.16776081532940004,0.1464909426185052,0.12332753245895758,0.10066049793196472,0.08101652070157567,0.06337455255450702,0.048180270424501376,0.03567301933153177,0.02600489537203413,0.018851662681513122,0.014030570136344126,0.011918910378848973,0.010695067370317442,0.010847163466753441,0.012204237939604885,0.01358725128161594,0.01564113810325557,0.017880134127534343,0.024657253215240735
0.2266354781717908,0.1666051000742339,0.14488605853035624,0.12289321284377469,0.10116709015827528,0.08162431947278537,0.06358039043054521,0.049426368519132645,0.03652334829421197,0.026896536259575773,0.019510905548192486,0.014603674404387474,0.011930543442213759,0.010746812601127548,0.01102061674383144,0.011890416973024391,0.013312546248706213,0.015533664337364474,0.0173629592562913,0.02425999119578058
0.22463084991534485,0.16530372660181336,0.14484487732359555,0.12319082537416455,0.10105538873583425,0.08148497737609947,0.06432620891859528,0.04974662411288945,0.03709847738494846,0.027252508686751897,0.019762729262407745,0.015081027189975876,0.012186819734412515,0.011252367103019854,0.011191014152473882,0.012014559527110332,0.013446914949472305,0.0152308699730401,0.01764841219743851,0.023797865625239664
0.22187748204079372,0.16412360135341658,0.1440029173752592,0.12235273568839787,0.10159004032634011,0.08255629106246982,0.06521018201730834,0.049998996857212666,0.03787041047422689,0.0276253721954783,0.02049479722943762,0.015730459073544527,0.013004271027938117,0.011449989791546922,0.011124263427656288,0.012135667390896422,0.01341142898280141,0.015424795565400782,0.017353190053072162,0.023381488121019152
0.2206227066491846,0.1635919651363511,0.14343523907445316,0.1208967296463641,0.1015358965409902,0.0824179581749408,0.06556507220812542,0.050713120089045646,0.03853536830388725,0.028698131361248148,0.021213200267891672,0.01637181289087187,0.013145793440427113,0.011625932668634981,0.011306396385348968,0.012130587758105136,0.013269599011441993,0.014955712978596963,0.01698376614188826,0.023117447860168085
0.21932461301166883,0.1615070186374193,0.14237235011529822,0.12148081289642954,0.10158259580590312,0.08292514513903534,0.06582307118558592,0.051419340166778835,0.038806648999786725,0.028897014030204938,0.021876609137366866,0.01647049674254627,0.013359743315709662,0.011913949961645817,0.011492112943915708,0.012044743003455998,0.01374740917837225,0.015318103995786342,0.01695242786056755,0.02275091938081866
0.21727307644274163,0.16140137564417045,0.14122384732658944,0.12116060256890597,0.10165935016247123,0.0833115369842807,0.06675927169561459,0.05192715071056098,0.03940073000096609,0.030015339917008922,0.022478515868920277,0.01698347954559914,0.013893110704245929,0.01222127182285813,0.011494334127427348,0.012141155512826856,0.01321683479309963,0.014836833709173082,0.016453298082156915,0.02233359960224609
0.2170432068350115,0.16026513017217198,0.140670346017743,0.1207596500451471,0.10135346996126547,0.0833936473433938,0.06663971200158426,0.05249322793509193,0.04026814783730072,0.030204941898158526,0.02295075783473097,0.01760501121015444,0.014133517536642236,0.0120954147992899,0.011528423812206928,0.01221211356794108,0.013199927387432845,0.014770056274739544,0.01644745372717007,0.02214919053490472
0.21468376855672466,0.15914463850092647,0.1396099421521384,0.12025311237044309,0.10128028590578252,0.08397304438065328,0.06776009451664464,0.053149121680756625,0.040762069895671264,0.031117225846957013,0.023580866269077943,0.018350882441978394,0.014496714180205929,0.01246361686363524,0.01185934170523387,0.012059588833748943,0.013004284110625937,0.014732299037282485,0.015929070111231392,0.02171974589817317
0.21261431130385605,0.15793344018101255,0.13935608560384646,0.12034269821815781,0.10188790421419815,0.08447133968134256,0.06816371264259449,0.05364971245403979,0.04139365513340249,0.031641840294145386,0.024403695672668993,0.018412369190157447,0.014887574243424155,0.012857075516168572,0.011916658810219668,0.012113462807579902,0.012732158008862073,0.014239417365890452,0.016022438012633165,0.021260724050155562
0.210932475126693,0.1569827848208627,0.13898541881159424,0.11953441033240589,0.1010646694200273,0.08476714626658907,0.06877001114380696,0.05436669957191761,0.04233468645379561,0.03226638646157036,0.025042937818499665,0.019077584927353213,0.015465860605817871,0.012686976824179942,0.011830576438740864,0.011911857905859571,0.012959093040186026,0.014192450954291544,0.015809834350726,0.020844573342977166
0.21109572493444512,0.1565575557585221,0.13832591850564213,0.11858224566158922,0.10071359123184345,0.08377949972010255,0.0686921422468401,0.05488465277982384,0.04316077899885096,0.03315989511210631,0.025178987065790623,0.019794349017412574,0.015929996169824105,0.01322648124686957,0.012088035119766655,0.011837011284287442,0.01294599451990219,0.014058513302495515,0.015410270763972788,0.020789016234053208
0.20948723235060218,0.15489058404264724,0.13682089947869114,0.11911289134980713,0.1000559597090095,0.08434836391482343,0.06978823668011663,0.05597031190174652,0.04369098459635377,0.03385267870291285,0.026125526463051867,0.020336347303625598,0.015927900332813005,0.013206491326245101,0.01224045003387035,0.01196477483580243,0.012820074809295201,0.013773157011162494,0.015429564397844082,0.020503637381085613
0.20804883680383754,0.15389436284557786,0.13655480003958212,0.1181337970096646,0.10060103573229294,0.08461857438376749,0.06956912028725315,0.05608174651418122,0.04413878247265772,0.03428801651140106,0.026561255695820782,0.02039775324314264,0.016487840276697915,0.013794842072030047,0.012494286508620894,0.012050165632348021,0.012802932847038645,0.013904399741773751,0.015355744356012955,0.020573281122624486
0.20751966292465618,0.15325717421486665,0.13552491971732963,0.11673871597186482,0.10044077452904952,0.08410043959693217,0.07000695959782707,0.05725476249636419,0.04505839114352905,0.03496285270499901,0.027302584707490814,0.0212332501557372,0.016680660443459446,0.014071105657528912,0.012491948181024911,0.012269382362188773,0.01291235028327094,0.013654236346058054,0.01497432249904909,0.019608166399155896
0.20525960588290043,0.1529238419527065,0.13501413954868868,0.11705261372590356,0.10051387630927747,0.08516236630441314,0.07032084585241871,0.05714474163081233,0.04552687338714332,0.03561917796279786,0.027372187548952518,0.021301780723337143,0.017059327214243896,0.014277351870413183,0.012984122011172659,0.012333973666636439,0.012531844901930064,0.013373975456899995,0.014587114578045474,0.019714099621100142
0.20473943025096092,0.15206731856206193,0.1347242633205215,0.11594576644811214,0.1000793673223302,0.08406812872107916,0.0712209850026377,0.05776268935111912,0.04632154834576832,0.03635824101288718,0.028074129550079135,0.021899022156907075,0.01730184075665084,0.014242548421131967,0.012914264450975956,0.012267785816564928,0.01245266222021252,0.013122691988846177,0.014662936167005808,0.01958512321953425
0.20436184451379213,0.15176049996291946,0.13352513175350758,0.11572413517079984,0.09964885350610884,0.08452707053418296,0.07161128330329614,0.05862722085737186,0.047062812020675616,0.036900399410007986,0.028403666614479284,0.022081146270230938,0.017441963124320926,0.01447434558794965,0.0127156702212941,0.012265995529150567,0.012211846220672552,0.013341918745431143,0.014628553401224015,0.019026418976742874
0.2046848259286199,0.15070492494061868,0.13393691575034664,0.11516206564547303,0.09899787427877316,0.08442150015183722,0.07113279990207089,0.05825959222875867,0.047158995943945,0.03730370035569931,0.028989140695438058,0.02269436931051772,0.017886190345035392,0.014725857291835865,0.012868499542134242,0.012476547621569837,0.012467131359213937,0.013110968297798712,0.014342144600832865,0.018859596466076746
0.20217846156742847,0.15073890234344658,0.13298359328480275,0.11465519067422633,0.09881686189504504,0.08471899587419714,0.07159315300303372,0.05918750161807727,0.04804924603482808,0.037970095578353784,0.029673772085283857,0.022926095644253658,0.01819071894409572,0.015118137292974364,0.01310113041820531,0.012304448006175759,0.012673958017072778,0.012983452070785877,0.013762482730702517,0.018609653860908897
0.20102599098728105,0.14914520360979394,0.13199397583273514,0.11448859290983747,0.09860573472485326,0.08518431363320823,0.07190290736666236,0.0593356943676389,0.048592203880410884,0.0388676448094504,0.030553823346001346,0.023723688390535482,0.018533727100516532,0.015188667035333153,0.013144921226953443,0.012446023696626696,0.01229424291983857,0.01286959795743078,0.014101493099269342,0.01820428045322446
0.20020609364321093,0.14812510072356275,0.13159526125780643,0.11421610894731085,0.09856263799863306,0.08461367440733372,0.07185398406538533,0.05999771791285487,0.04902723094604275,0.03921896155624227,0.03087640380708598,0.023925448683035755,0.019200116692291123,0.015502900250441416,0.01335256246625393,0.012404437600797086,0.01259147464001252,0.012793804015767579,0.013641940526926867,0.018204938483635438
0.19939127040854723,0.14757636746670688,0.13015739033932738,0.11273841321194794,0.09858527386953579,0.08502816755699341,0.07190838725453315,0.06033217967045369,0.04929204913099088,0.03961679896170341,0.03127703897374163,0.024567846663155504,0.019644402227070947,0.016017652923030624,0.013873344744563988,0.012528449702806414,0.01284233691972011,0.012858795425475888,0.013759310811827546,0.0178516007072455
0.19772246984237557,0.14657805682764857,0.12914358465079293,0.11363882391147802,0.09866591047080255,0.08527206577962694,0.07262304263720955,0.060607058978570806,0.05038900158612866,0.04000032946292835,0.031574315070105004,0.025375705403662678,0.019732476102171163,0.015897762946716437,0.013773903712105878,0.012906710218528057,0.01228779057453628,0.012456051998663323,0.013651531767286213,0.017834534304150763
0.19664450388005728,0.14560809538160172,0.12993836171174558,0.1136282302418443,0.09834932758230995,0.08453133240412872,0.0728405409477888,0.06114739508777222,0.05033715060649437,0.04060875461463122,0.03207404128682284,0.025363990808408007,0.020103075792963162,0.01656440706697807,0.013946310178557957,0.013055168386950939,0.01226408875160098,0.012528959165222621,0.013238811873728617,0.01757444624425526
0.19614003009755235,0.14423410671570758,0.12966773855369376,0.11268109419545522,0.09827827410892767,0.08468025174637571,0.0731801158485145,0.06232005299428288,0.05078579555549277,0.040974087631176735,0.03239428499487589,0.025292298062249474,0.02026466549712144,0.016707789006510165,0.014367521940739125,0.013000307093868362,0.01238964917172901,0.012404945034903987,0.013062667151427875,0.017246674032213083
0.19404640114768176,0.14473489258122557,0.1285462306416905,0.11311602638727201,0.09781164379534579,0.08487200291624035,0.07345398102091931,0.06196775672910712,0.05093778295175266,0.04137416069895699,0.033119318916757796,0.025738173351677423,0.02063592855211017,0.01672369798097388,0.014498888771298553,0.012960807140085377,0.012439881939299867,0.012711515621876508,0.013068990251760913,0.0174386472407427
0.1935363582787619,0.1439956523222316,0.12797417742901207,0.11223972455296909,0.09874733710618291,0.08501262779243603,0.07329295419763819,0.062136737759510854,0.05147104665401732,0.04170053487258693,0.032981652940975804,0.026293098884966507,0.02119610544059645,0.017461290258072793,0.014624007039097333,0.01310890721072239,0.01227489651327065,0.012524276298686405,0.012807769356635443,0.017227202629309882
0.19151013674679396,0.14252310642467877,0.1275559242452371,0.11273561738157738,0.0973853843785764,0.08528168335561923,0.07386418380799524,0.06241495919216227,0.052472087814988806,0.04251746641255279,0.03391879792541552,0.026654932308104458,0.021150045472597773,0.01753808770688857,0.014682831568087872,0.013369178743734304,0.012234126303371555,0.012623052139562095,0.012760527435133978,0.01684248621134535
0.19123590325054465,0.14175437193306015,0.12672960117431745,0.11307627888157555,0.09759514276707959,0.08533326432963693,0.07353480844417053,0.06249970595015735,0.05209387011936071,0.042858352662209644,0.034186234703527184,0.02729488259177884,0.021525624679485662,0.01766886694362242,0.015116514309641548,0.01327223369670053,0.012465360928538827,0.012410079558125425,0.012727653388159899,0.017013723894254977
0.19070240165436864,0.14119471730037125,0.1262560511350284,0.11125863608591437,0.09704140621328194,0.08532570381162763,0.0746627814071533,0.06263453494383608,0.05283874606382479,0.04382549231564601,0.03507190863373597,0.027159608967429614,0.021956807820651413,0.017745687831931194,0.014923391455562342,0.013373595901677872,0.012672134229449636,0.012397189453400388,0.0126169102787047,0.016692907834751136
0.1907188333805248,0.14104915390245829,0.12632307379606014,0.11116580880063631,0.09728212533029117,0.08486353057006871,0.07401693957419613,0.06268981827965454,0.052514089876789204,0.04365658884582261,0.035314864834698756,0.027857833525036346,0.02204799898489443,0.01795467976591478,0.015219534202830782,0.013246892707805852,0.012655922682792437,0.012076701564836933,0.012684120059731446,0.016671699115189807
0.18914463054164043,0.1399900586259047,0.12636121030941644,0.11112482064985563,0.0974301665473937,0.08472964985446348,0.07369072925736997,0.06325816197389156,0.05272453580481063,0.04421796286438484,0.03592408362505273,0.02829413776206274,0.02258196051887863,0.018087190316208555,0.015282218689078234,0.013530139637527631,0.012528951608070134,0.012431418032430499,0.01267701462651104,0.016422068910408937
0.18958432691878482,0.14042269768141208,0.12476065847991416,0.11119660187902182,0.09631455172948479,0.0844490857447603,0.07322617098205793,0.06374061135165991,0.05318256677481574,0.04397305748660275,0.036123830310092635,0.0286399293311124,0.02289220880212948,0.018374380648753547,0.015709026493784757,0.01350649716784096,0.012578498145176635,0.01245163245600228,0.012482174195988698,0.016416185242701116
0.1874148944544375,0.14066984746501496,0.1253258830122575,0.11070799589731051,0.096786814059583,0.08454218944039178,0.07361695778294987,0.06337198304879639,0.0533619847993712,0.04414973171559855,0.036449552311052444,0.028703552491984353,0.023213326926307846,0.0187452490691994,0.015804518362824843,0.013683855588152015,0.012693429705022269,0.012215252558600205,0.01255361869660894,0.016301493628025177
0.18701161662095683,0.13989415079751163,0.1256136739120728,0.10929564688104422,0.09654509519142863,0.0840824326515648,0.07357976644552075,0.06361292657534118,0.053993903800371786,0.04481787779869381,0.03673700562382642,0.029263638307822824,0.023404800345936998,0.018952506515695258,0.015824502774311362,0.01393853507899913,0.012728225592287857,0.012293454223275066,0.012386283785848076,0.016020737419244153
0.18699986373269054,0.13895154052542794,0.12393394324701498,0.1091266205237364,0.09544585253997565,0.08441877293637252,0.07421517078052976,0.06353228360516314,0.054166255515301874,0.04505514127160894,0.03692726614885088,0.029817871692580947,0.024113440185699452,0.01933468660868258,0.015994962808422258,0.014046105339329096,0.013066390372949528,0.012238214052448813,0.012439090862102185,0.01587866570809663
0.18591393138893428,0.13830500671218185,0.12348418027405433,0.10870211184151032,0.09577455525188594,0.08399447052453676,0.07427913045827225,0.06451211305122986,0.0543845287437591,0.045299887131989805,0.03727110755111653,0.0299376231007109,0.024311839866014723,0.019800642913098677,0.016264268524858558,0.01423945635437501,0.012739638986795261,0.012422528032021152,0.012521184773506432,0.015980043150579548
0.18549033244908936,0.13839200750001754,0.12242275005345403,0.10894997403659311,0.09538086320691543,0.08394051677753002,0.07404622661237456,0.0637313527522386,0.055311455149095724,0.045444185724120574,0.037668086626143384,0.03067441417860474,0.02493896837163621,0.019962452919297276,0.016432134474000177,0.014178839705920375,0.012919438250559807,0.01230031085599356,0.012322632337012076,0.015545149307211723
0.18480018045791197,0.13788582277529227,0.12246348546937855,0.10822775292304224,0.09593170795894579,0.08461666791984666,0.07361178991691417,0.06384168577766079,0.05477532050077071,0.04590398135268242,0.037900860934621604,0.031084345276138195,0.025192441445167097,0.020017199894732884,0.016389243956539717,0.014334420466934847,0.012727217188616117,0.012558037896161514,0.012229078160833112,0.015709002218128494
0.1843928225309095,0.1362297729875775,0.12198055857390384,0.10810725088837334,0.09609938034125279,0.08490793221931811,0.07406537252944113,0.06411911544448037,0.05475551378814133,0.04590995859152447,0.03791489236733137,0.03138116354879446,0.0253995477372177,0.02030953569645532,0.016761915949604994,0.014331444010454896,0.013197850283398435,0.012411970279874304,0.01227100525682065,0.015571936213327064
0.1837009694503315,0.13682149050051456,0.12118129144129963,0.10736909131066115,0.09507591599663537,0.08383536731500325,0.07412441670856806,0.06517943994624086,0.05526289820066633,0.046630419969830944,0.038304566237940624,0.031552953228603235,0.025936203307315282,0.020788201183265107,0.016892542798201137,0.014483014647487564,0.013062673577661764,0.012282602055441467,0.012205064825823186,0.01549334824554396
0.18287585121256333,0.13586180099615788,0.12118942612337756,0.10655813718711593,0.09472538746972847,0.0837331386251237,0.07345578507594445,0.06466691631264287,0.05635464441295828,0.04771603278892511,0.039077421164891955,0.03210572467961776,0.025776142687935873,0.020852873609094314,0.017293657622673812,0.014472814609689477,0.01307941441975506,0.012105090782311445,0.012310520464904978,0.015522266816767289
0.1816377031465049,0.13521511148344612,0.12128070737399374,0.10670332133022166,0.09422618649526741,0.08370263728192295,0.0743054797783355,0.06503386801739806,0.056047374157992866,0.04721341250928391,0.03971586769121377,0.032496400826489906,0.025950422338224942,0.021145657701292658,0.017536510931279545,0.014532799705260838,0.013164703107785121,0.012291749532723445,0.011937405474029047,0.015465592839903362
0.18184377628431705,0.13459329913414986,0.12004945704006183,0.10547511487382945,0.09397541459569224,0.08386229452042741,0.07364946267084442,0.0653851161994095,0.05610605578932425,0.0482159217415072,0.04030819149822221,0.03306442436392685,0.026502216534089115,0.0213617812980596,0.017483579816929183,0.014712765570580098,0.013476339569033984,0.012316163747848859,0.012266894400538676,0.01544242114265001
0.1826967493534113,0.1345115354222698,0.11957610049030525,0.10574156620997074,0.09359531407910074,0.08306817142629364,0.07366186053382542,0.06540920911015803,0.05725504081187613,0.04815824831347646,0.04012132183112957,0.032745639190656275,0.026453270929422765,0.021706149802213054,0.01767537617036643,0.014482881522455332,0.013068945222278758,0.012592943449582499,0.012071217368671576,0.015477092121584456
0.18103031469450603,0.13344826129407789,0.11913703105636712,0.10560033234443657,0.0939330710879117,0.0836458841864133,0.0735687596229674,0.0657542059408915,0.056774334372300894,0.048675785797438885,0.04024982162304255,0.03351139734875513,0.026953697097149718,0.0220119512561493,0.017649930526869206,0.014813502196853052,0.013137697622892333,0.012435925119230914,0.012157797889518943,0.015260618123098878
0.18011126891160695,0.13322691580887097,0.11966102888531553,0.10554349229451047,0.09341189450580405,0.08321928661134519,0.07432716346435989,0.06535992206481298,0.057641521614103464,0.04913320578880036,0.040516907475439845,0.03345227056655595,0.027131773847110872,0.022250261153299908,0.01789574995011679,0.014746651956008876,0.013047101491801551,0.012186762755431395,0.012002488292116106,0.014948532259768301
0.1790690880592059,0.13328961092137354,0.1186723247691375,0.10490328469508309,0.0930243199072678,0.08312576919963348,0.07465269426653699,0.06642482463128278,0.05812304143734887,0.048736019485021966,0.04090000903387941,0.03377380339228038,0.027494670597772965,0.022242115007150835,0.0182097197502895,0.015104177054650279,0.013082699886313906,0.012261438123205683,0.011801531535865089,0.015132334600813995
0.178292688942682,0.13258375234464284,0.11918126305923475,0.10486147080897666,0.09303401772825988,0.08300593486796591,0.07452352512129895,0.06551962687732926,0.05777246893091336,0.048607660947911066,0.04152528338319187,0.03391906827388482,0.028082860293936293,0.022729381531085526,0.018510492606960936,0.015180718080264596,0.013320272630427914,0.012299611585031397,0.011973094012395926,0.015052695003224063
0.17894199214507542,0.13197447443040053,0.11799294348328918,0.10452802940019607,0.09250964253635391,0.0823416833490862,0.07467931595230685,0.06601541631687395,0.05738556642929682,0.04970910948168061,0.04177434410205528,0.034676732867986754,0.027956017118804227,0.022767540023130303,0.0185794210368735,0.015412794486289077,0.01345904343691108,0.012308396785234132,0.012017212734605674,0.015040595518348684
0.17760630908751437,0.13184053020384054,0.11800534759986236,0.10436039582102798,0.09217740316135448,0.08280559936213956,0.07450472465262321,0.06646453662941511,0.0580591523925049,0.04951168216891324,0.042355715203318,0.03441064259268175,0.02815768491434329,0.022929860015946525,0.018655537771974318,0.015536691651097882,0.01360032973343025,0.012437808024218025,0.012057346373930388,0.014846224211686989
0.1765620197688086,0.13133494593256648,0.11670776370337871,0.1041311320024306,0.09238387056662295,0.08346960657114637,0.07519584634478808,0.06668277701788015,0.05810401499670366,0.0497481389025097,0.04180284214749419,0.03456960727499667,0.02861855302456203,0.02306282802356493,0.018904245859600634,0.01569234234339917,0.01337315561895422,0.012502727419895969,0.01208041724245531,0.015131608274464074
0.1767398859121979,0.1310132507984034,0.11673936967779933,0.10339940351461763,0.09151310648742385,0.08278522537151274,0.07468855813385959,0.0669145373953159,0.05841426871877661,0.04987997550233124,0.04213880604369691,0.03513796364301921,0.02908394205972832,0.023265745735786537,0.019009158467534717,0.015711124616637297,0.013782285181960894,0.012573827385296232,0.011966078706973629,0.014996609278609354
0.17667927016256288,0.1303329739596837,0.11666934534947422,0.10306789346428762,0.09184206173327593,0.08301179363427649,0.07473290404019668,0.06656663643861105,0.0582631107836731,0.05042063141050834,0.042499551271748655,0.03511577188884678,0.028506268704342638,0.023391353211897097,0.019177413659405288,0.015840987131764208,0.013952222465975843,0.012608970576331315,0.012247641683745713,0.014992802750792166
0.17550280444016805,0.1308711365609819,0.11590786416652976,0.10306376287813004,0.09100584356152162,0.08259956349299477,0.07483044284339727,0.0667468494050832,0.05887916265752976,0.0509164300298045,0.04223791978597078,0.03544976649222032,0.029066438243645992,0.02359367299523597,0.019402267020252988,0.01615779962920373,0.014049189176503721,0.012927413109291033,0.01208256084109738,0.01494919152331558
0.17403749603094174,0.12948327840117546,0.11695452835870215,0.10220779235995812,0.09200482262556575,0.08358045969604339,0.07457494460893498,0.06716759795518801,0.058779557035514726,0.050686778905582694,0.04295019080771946,0.03580178493386465,0.02889474467384594,0.02355658090376191,0.01932330923973347,0.016124629017536498,0.01388789621747277,0.012771287334046495,0.012119834512236425,0.014575671049131963
0.17358989210649117,0.13005377087930511,0.11580906061593811,0.10257739090467803,0.0911396471711077,0.08257335750247985,0.07501307338212501,0.0670201365259744,0.05887125708483511,0.051149167876296475,0.043167956026536024,0.03596411210044112,0.029592743628045273,0.023859215503272448,0.019498685626783672,0.016188716322850384,0.014170842723109279,0.012700526921787166,0.011775423917606036,0.014974005660833085
0.17348208302679,0.12936209296113882,0.11551492261048443,0.10215275467312707,0.09148973060107497,0.083031475953721,0.07463882549753748,0.06746922460532048,0.05914452134713516,0.0511794696369745,0.043504950773426566,0.035907751135186794,0.029315701425953942,0.023974817362617796,0.019746861542354537,0.016121058476764392,0.013933861603272705,0.012825619373854855,0.011909503704293792,0.014678937774424672
0.173454140165459,0.12925791930506775,0.11373984340115528,0.10229554076527408,0.09094382388548432,0.08225013858564123,0.07499329046261238,0.06659025411860119,0.059130654909447564,0.05187029087163044,0.043770795171008244,0.03673662165123763,0.03005052369550771,0.024250436266426655,0.019668027325689733,0.016470888811538763,0.014244142778955618,0.012693624357320077,0.011948250422202772,0.014762154224430212
0.17263672140682682,0.12846347607052902,0.11463419782446556,0.10140884379588068,0.09141419116370925,0.08262973230326143,0.07429792343882655,0.06798427686231469,0.06005938392693807,0.05183897855893126,0.043800336790359724,0.03608769683238817,0.030332240406399952,0.024239055485977233,0.01964336809122422,0.016654236381802065,0.014182251429482763,0.01256162372355047,0.012106628390770632,0.014691189507901435
0.17335985913346447,0.1274797598141162,0.11363577747401543,0.10170385671378629,0.09056325512364513,0.08318464348433655,0.0743593831696377,0.06699601175138273,0.05910040492095014,0.052092247885712435,0.04408761485851214,0.03722365376093485,0.030105298204233032,0.024478139661385744,0.020275355624696664,0.016858029134613352,0.014570823651885216,0.012866263543281055,0.012301203039603466,0.014756050953920609
0.17296947500955448,0.12800613360281174,0.11394527119387209,0.10119741244493005,0.09016232007746716,0.08216354867374905,0.07464777504495865,0.06711441654572183,0.05976980232260971,0.05193867335048052,0.044467448060154305,0.03737371132207743,0.030464029561339537,0.024868523785295776,0.02007606042630416,0.01678768965282777,0.014287121075350004,0.012855712621013218,0.012157007101943009,0.014920176411420323
