0.10205802968960864,0.09840305892937469,0.0991902834008097,0.10115834457939718,0.09716599190283398,0.09941520467836254,0.09722222222222217,0.10138326585695007,0.10453216374269005,0.10121457489878542,0.10605038236617184,0.09913405308142147,0.09671614934772829,0.09896536212325684,0.09733468286099865,0.10037112010796218,0.1020580296896086,0.10059604138551505,0.09975258659469183,0.09755960413855147
0.10761479031549573,0.0822045941965324,0.07520735898297201,0.06817911681868682,0.06494405829306737,0.06397250717035737,0.06251001266117155,0.05803467610656057,0.05161106948140876,0.046835999069791495,0.042706906798273964,0.03861398930260201,0.03619027932094778,0.033709723262964786,0.030913929872613106,0.030578021239761246,0.030102581328647838,0.028102633006899042,0.024991602284178707,0.0259683212320095
0.10872666937821587,0.08279909356781773,0.07566513657815394,0.06918647066039134,0.06511914676583187,0.06303383626116091,0.05900202074980795,0.05492824078557456,0.04932437230862594,0.044382250973252504,0.04125105718140908,0.037952005578044214,0.03525014041951541,0.033419844666963634,0.031631513367292266,0.030385491920228797,0.03022731821321816,0.029956163286914195,0.027522225019852402,0.03049524510468517
0.10781921943039519,0.08213290779758202,0.07391339626213725,0.06696237795147811,0.06351391556000323,0.06010061396153952,0.056132853704054304,0.05082627863576122,0.04689638384767264,0.042666269980796784,0.03973710545533228,0.03699726827685069,0.03512563221810511,0.033775998701755336,0.032548075622751735,0.03215319287047305,0.032767154409974845,0.033075487517918487,0.03274010764612014,0.04015362561869471
0.1055945153230576,0.08011442503832274,0.07228089657086992,0.06473946577508477,0.06016729230286425,0.05584376395611295,0.0523289357747227,0.04821784209827519,0.04339219543989668,0.04113024900723001,0.03793890089198423,0.0359497398882304,0.034861012202923404,0.033615372545232884,0.03384953348863596,0.034998611932551986,0.03664980868809521,0.037982353438182716,0.03965286243648083,0.05070187932262307
0.10381726786929212,0.07772148498479653,0.07175899932404614,0.062394726238679976,0.057066360175527825,0.05225982169789925,0.04833180307944329,0.0441924112617879,0.04066732280430585,0.037483513991364535,0.03577271216034419,0.03513639075858759,0.03408833197922379,0.03403769048358223,0.03476428585583026,0.03680315650644137,0.040711358887472376,0.04438837183187904,0.04704154584266345,0.061566847875148926
0.10225787782797098,0.07658706868521206,0.06885699152759003,0.06021689205908397,0.05406350524234202,0.04912893482399761,0.04437432387387295,0.04061357998687115,0.037942817878973176,0.034623792686692606,0.033801705115961395,0.03325569172943095,0.03359107073838597,0.034202523931541766,0.035681054562483744,0.039032799658077,0.04371788081366219,0.048912165464551065,0.05516780197914515,0.07397152141415421
0.10121980074600016,0.07565034558776852,0.06760362342956183,0.058697019654162144,0.050742633776996345,0.04552755757070941,0.041345493508567074,0.03744813297963409,0.03506662639778855,0.03282554791002599,0.03184639859648853,0.03138471719128423,0.032792845477157356,0.0338604837266923,0.036382418402620804,0.04078955214980024,0.04612389605243162,0.05331266026596697,0.0607284178370611,0.08665182873928279
0.1002478912788338,0.07504926747761483,0.06625424577798743,0.05675905918312879,0.04878851363950467,0.04247788904854358,0.03823850943485907,0.03504480689708124,0.03227705323812553,0.031077815193029802,0.0300156851561386,0.02979448423623527,0.03135020310266282,0.03360243065076945,0.036258669796385465,0.0416259912908993,0.048748295290431336,0.057311147429499075,0.06802933745754224,0.09704870442072784
0.10008823767221288,0.07550648775394697,0.06545758791249354,0.05580066020059129,0.04693119219289949,0.040151656301962664,0.036376068255882216,0.032480955076126965,0.030264466935481033,0.02876864504199199,0.02795306177691689,0.028536625664858557,0.030336533560196735,0.03283601503204328,0.036637968916434345,0.042123821007596866,0.050249772374929225,0.06089805560731073,0.07263085365553561,0.10597133506058867
0.10156901464652406,0.0755227917240062,0.06483077799320962,0.054807228278756295,0.04557492168568889,0.038467375715998293,0.03364147478168341,0.030195133513750413,0.027754898801027935,0.026760729103252105,0.026527107750601527,0.02726207711550956,0.029306690267539074,0.03193791469921676,0.0368422578395311,0.04322677130174842,0.0515228872188657,0.06387412413308573,0.07761515230577458,0.11276067112423024
0.10409953799308745,0.07596610946035648,0.06540165172069567,0.054106477293438766,0.044530242808627475,0.037425402521223394,0.03169002897784942,0.02791270861794219,0.025720558555154056,0.024720630456338422,0.024752400747103467,0.026105146285467767,0.028181920029161776,0.031226851580906385,0.036519113174136295,0.0427276968378528,0.053492809045503395,0.0658213539829076,0.08144732067761015,0.11815203923463698
0.10607056760902914,0.07703347784319446,0.06575775401686337,0.05430571827332962,0.043863768560124826,0.03596927888425864,0.03000762919791261,0.026181495817123347,0.02396523854013733,0.023408290614768342,0.023291298594942327,0.02479571710340942,0.02719652517223368,0.030485483926779466,0.03544693423235933,0.04290970687731822,0.05338625986399266,0.06890500412767618,0.08495927524267606,0.12206057550187105
0.10813677590331561,0.07882205881872983,0.06645093489208516,0.05434417214155397,0.043570638285373,0.03482550530517397,0.028661973439861096,0.024521946873194762,0.02278401691911527,0.021548699571473793,0.021449156165653287,0.023327426003348573,0.026042839565403278,0.029572550824252034,0.03466231939399281,0.0428069282210451,0.054484512025169796,0.06995127268692132,0.08699767296890654,0.1270385999954308
0.10950643140723175,0.07947214028744932,0.06748401664504237,0.05421463292951777,0.04236257230372507,0.03415991615926501,0.027577057831641463,0.023775392355526174,0.021274424526330625,0.02006443555715376,0.020479103798263905,0.02216855292122437,0.02466952075041993,0.029044594653695334,0.03470902761917257,0.04271244863216173,0.05516545424800077,0.07044500705421945,0.08980159096541569,0.13091367935454296
0.11170286547462752,0.08104328695713883,0.06805945787271654,0.054698210650933374,0.042054703049345006,0.033567633652794686,0.026862816571559436,0.022490250031451508,0.019875742336315047,0.018935422788958736,0.019214454146922105,0.020677352653701114,0.02378540714384792,0.02734346018238651,0.033549891774542664,0.04228050877255234,0.055072402992248415,0.07197234847629523,0.09202228379908454,0.1347915006725785
0.11418023314683944,0.08280682693034042,0.06881576642241911,0.05434896163990339,0.041910499001097765,0.032943683771494876,0.02620450896279713,0.021175441951965898,0.018978339170308414,0.017602538159994723,0.017882198645736057,0.01931746769037406,0.022247473813974336,0.026083965649977572,0.03242132941594354,0.04172888040978299,0.0558276262771564,0.07387054933998517,0.09347571373695521,0.13817799586295348
0.11642701552990659,0.08348546946351376,0.0692971390927611,0.054124665607724415,0.04179081990020725,0.03220744582805064,0.02530882699437243,0.02091063692011291,0.01793095931513897,0.016515652523750063,0.016626248411185887,0.01823870439322127,0.021248835938213764,0.02499947907734179,0.031231316908508357,0.041960720828731854,0.056004795694133434,0.07471794041606493,0.09519260514222788,0.14178072201483266
0.11809417871709309,0.08499546111260277,0.06963516295245037,0.05468879853732755,0.04114405533606944,0.03139983123010241,0.024804060706020734,0.020044621738074236,0.017263754107373453,0.015665554319614385,0.015304361167580832,0.01674433917635176,0.019856034163118652,0.024198342986460064,0.030896398296958314,0.04132145551251072,0.05638448851213993,0.07598161430964158,0.09764681063250355,0.14393067648600616
0.11981106642823983,0.085278527071067,0.07036834389610888,0.05475627983990736,0.04130728504499216,0.03095932759811577,0.023744311175698335,0.019280986844519035,0.016152831371523096,0.014863922844148947,0.014627835638639819,0.016100190305429835,0.018910904198045263,0.023319992279310295,0.030021359511363293,0.04058307159025471,0.05630041777864273,0.076886264988746,0.09906889120367789,0.14765819039156972
0.12076426347061332,0.08626701140568184,0.07125048558528149,0.05529303877677086,0.04103116024632707,0.030056932884153686,0.023422723480675308,0.018394925713412343,0.01541295446006101,0.014051723588936934,0.01396575111286594,0.015350863227343066,0.01779152629802518,0.022779521993033035,0.029848370025537016,0.04039910333891625,0.0562689855884657,0.07659829201347537,0.10098740980850429,0.15006495698192035
0.12243206657896787,0.08688065382786113,0.07137960160148377,0.05514684244600082,0.04082924664408978,0.029899772057384914,0.022837209524279155,0.018104974493650852,0.014656407923431645,0.01299097932609792,0.01319935673416928,0.014589599899469832,0.016985144758671918,0.021668069104947448,0.0294591572326844,0.04000369034799028,0.05669933366949435,0.07812403068715235,0.10133345634493304,0.15278040679723923
0.12346172959464756,0.08804677961473181,0.0713046184232044,0.05550078034824331,0.04070353593809292,0.029586550384458447,0.022135534502823694,0.0173883498690952,0.014489233099467019,0.012545904005258422,0.012461756585329452,0.013908139595806602,0.016121375508655278,0.020974935182671357,0.028643464206386627,0.04019865141851908,0.05715356269062169,0.07828250352863475,0.1029964419930555,0.1540961535102969
0.12448945602778944,0.08905155800176061,0.07185762663473208,0.054854033991323714,0.04063573133689161,0.02942478051565932,0.021869919343965864,0.016856080132602647,0.013615563362968017,0.01183906860917909,0.011916790254657344,0.01272731598607355,0.015645843081583934,0.02026155712937483,0.0280178601168997,0.03979189632884186,0.05687321061772848,0.07948862329587358,0.10438334218937116,0.1563997430427231
0.12501287640709413,0.08953579958129884,0.07239789603470054,0.05514271813426009,0.0400317591628513,0.02939624310022678,0.021733790386355607,0.016271024201306182,0.013049149047779792,0.011318559934326358,0.011156911500652143,0.012155328296875273,0.015015871657482817,0.019679904405553738,0.02740257908491139,0.039592772730226204,0.0567766351452221,0.07968950822426028,0.10590825025079283,0.15873242271382365
0.1263050182714438,0.09027217877661319,0.07213695900448745,0.05542417152822766,0.04043160840977455,0.029311926096880627,0.02134915644062455,0.01574021127396394,0.012645074630175524,0.011116514312234973,0.010582706201202887,0.011751698444353276,0.01435737898633483,0.01894939594147436,0.02680762157598529,0.03938300019166402,0.057673451996078005,0.08123387289664556,0.10541046992537773,0.15911758509645765
0.1263479258116819,0.08984695693439314,0.07337367026535377,0.055827895756712945,0.04053308023885792,0.029243484794558475,0.02092300391505517,0.015467236129236367,0.012180171629691147,0.010218689445169456,0.009821647486850953,0.011205757899315853,0.013735120813066005,0.018569225293629137,0.026328152805789533,0.038992367619725556,0.05777514137699213,0.08152331237394708,0.1083228536402104,0.1597643057697631
0.12696801690925502,0.09062481720899276,0.07381357767649509,0.05566015812113766,0.040663786275616426,0.02860155591705359,0.02055005667509284,0.015224020753992155,0.011603770751225592,0.01015092806452582,0.009542283413405675,0.010593578719885923,0.012868486909397315,0.01781510798304648,0.025771753513144344,0.03900384631801604,0.05764576248946731,0.08201051927664559,0.10795775215673635,0.16293022086686804
0.12833343070395803,0.09125101252291502,0.07372114211005829,0.05601758355583838,0.04035407117108439,0.028382221281850074,0.020370461015696673,0.014564540144855913,0.011278676306884837,0.009592322352558505,0.00934284302223682,0.010138650506300934,0.012289225492998003,0.017217231758402955,0.02551952491556389,0.03846244941332883,0.05781446632739583,0.08232502103994987,0.10972037788223625,0.1633047484758865
0.1289066138706402,0.0914978504249417,0.0737628694261432,0.055819483059959166,0.04061694304060273,0.028268925023011413,0.019981654012355913,0.014605742830934305,0.011047063299972687,0.009010374482341595,0.009015110967963988,0.00976663335338446,0.0123685427886217,0.01692977844299087,0.025087585513300842,0.03820133537317981,0.0579651110469054,0.08232801425997939,0.11026222763234132,0.16455814115042913
0.12962618002715245,0.09125438070280685,0.07456035108767718,0.05607299592713037,0.04012881634199476,0.028170681653143056,0.019576610993590756,0.014144539513150003,0.010960439491049157,0.008739304770624822,0.008510403182521388,0.009449689009566506,0.012018122691251226,0.016682979193634956,0.024805038992201565,0.03792504656963344,0.05781264799671645,0.08259716477757081,0.11122249234363656,0.1657421147349478
0.13024218810410917,0.09166915214437547,0.07377371264090289,0.055991894975547636,0.04046042093734859,0.02813560766379298,0.019601345156316816,0.013980220331681082,0.01047056799872491,0.00863683777799871,0.008281769533882192,0.009163916860376117,0.011502633028290266,0.016555648662339568,0.025028366007502197,0.03797967747178784,0.0570397408159626,0.08265830914924073,0.11150089713909679,0.16732709360072334
0.12997672849277578,0.09252316114099762,0.07380820241796636,0.05565611145096901,0.040633691340350525,0.028132351179026637,0.0195143255362222,0.013936101108076911,0.01024513915604523,0.008618025642804438,0.007917988433619443,0.008764655058241835,0.01100666612009107,0.016211222037928148,0.024944343888549027,0.03754501365387889,0.057064069171244236,0.08294494932613534,0.11154556863833302,0.16901168620674434
0.13021821183498322,0.09220757534704063,0.07454678353360762,0.05581793206006339,0.04020819286826004,0.028152351306561487,0.019239251665101865,0.013862721252181806,0.010081979092495856,0.008412151305301232,0.007372447211387595,0.008407425377601621,0.010916892986093166,0.016087057889463702,0.024329075797579064,0.03766406845663805,0.05748145861032518,0.08333070781794467,0.11207222477772386,0.16959149080964595
0.1302006806417119,0.09209608355420328,0.07482334339649978,0.05592852789575882,0.04001801606012073,0.028524903581006917,0.019214506078058045,0.013483698142802468,0.010123010004897723,0.008225339336586937,0.007289890061087672,0.008078880106584524,0.01056081286447482,0.015784525401227423,0.023817735425338073,0.03741797101997042,0.05827502523665765,0.08380617616998094,0.11241139610292462,0.16991947892010728
0.13090779719822865,0.0922547505592366,0.07502979184278093,0.056296744070360706,0.03986203661287607,0.028400244946406163,0.019052611528537985,0.013177675874195778,0.00981202409794078,0.008012706988371343,0.0070178089890293605,0.007979648668772954,0.010545603951885973,0.015472867777741045,0.0232242566207156,0.037307100769629155,0.0574585078733898,0.08430973441575716,0.11307991770052626,0.17079816951361768
0.13194189951163499,0.09154523077407029,0.07490621977209631,0.05649462483976753,0.04008682043740515,0.028133281954088978,0.01881895894116814,0.01318034901186703,0.009671356333409348,0.007763508678111654,0.007112355397573116,0.007835859042615937,0.01028790726570671,0.015281655250513134,0.02340534291713524,0.036930142577403104,0.057177234800525334,0.08399562752144955,0.11398170794045254,0.17144991703300588
0.13123348842478574,0.0928440268811199,0.07477747235024125,0.0560248859629386,0.04103288704548423,0.02809268982706019,0.018614121241969407,0.013228141782014957,0.009653223484318033,0.007746180800863522,0.006983049033969593,0.007420473015818072,0.010104808674211966,0.014880282720651287,0.022524188130075427,0.03714327523566609,0.05748034345649916,0.08416005941413514,0.11409527975466502,0.17196112276351266
0.13086800496083673,0.0927060295543892,0.07457288233102739,0.056889291288827255,0.04093161873234589,0.027680714511390585,0.01870059401147155,0.012996260509947602,0.00946111417626689,0.007739911314826079,0.006886383320522557,0.00752770822231968,0.00970161101444081,0.014469107159417967,0.022971377732507785,0.03663725688992005,0.057653222421850336,0.08501641823186096,0.11459910120201265,0.17199139241381806
0.13087573554863274,0.09247931023631956,0.07548223669718997,0.056612857547436994,0.04046068158217692,0.028251360961641346,0.018690015418987384,0.01283237358003713,0.00905629503760345,0.007684319833852544,0.006859876018754523,0.0072752446584222275,0.009737562541300858,0.014081626231158944,0.02288460933320747,0.03646433179143459,0.05798011265300985,0.0850420088737846,0.11438685924667231,0.1728625822083766
0.1304625289611096,0.09249950487112504,0.0756934162006168,0.056567295087378434,0.04067444411959799,0.027977139192515533,0.01860741467279054,0.012863919723105069,0.009014489199903176,0.007411214747610017,0.006590715469083525,0.007222594223810827,0.009517477263367696,0.01433987532183377,0.022316951640841368,0.036432054171814436,0.05782162157064309,0.08525804859493429,0.11519998491035811,0.17352931005756062
0.13104267711931805,0.09243146734227507,0.07524211571889741,0.0565722512282599,0.040388768219581116,0.027747828738294993,0.018853749846762195,0.012772959736965354,0.00918012277883778,0.007061512009128255,0.006487852564807803,0.006896486689529223,0.009230416209572725,0.014171745779280997,0.022364859979945497,0.03664819430866965,0.058678288640285674,0.08571886600887053,0.11588549443157427,0.17262434264914361
0.13152512897621066,0.09322386377726473,0.07460451742414848,0.05619391869515471,0.04052529063790452,0.027535852012060272,0.018636611194209063,0.012945491757607907,0.009173908744328106,0.007064459068985595,0.006176104518208915,0.0068557114448631615,0.008910227534910291,0.01384483302544366,0.02202052004840433,0.03703779273715221,0.05885584328546788,0.08547822825061646,0.11578744155458907,0.17360425531247006
0.131468364492074,0.0932908562802103,0.0748940822741561,0.056184699778032275,0.04017254731934293,0.028070357331925817,0.018707811599188787,0.01264572032693507,0.00897453418978634,0.0070250510934228095,0.006076229344668924,0.0065082260018002455,0.008760892206623211,0.013583545797143793,0.02252666204822968,0.03711558188378817,0.058412231631894865,0.08558874860779261,0.11556146212803127,0.17443239566495286
0.13183448860558772,0.09256360539144495,0.07515052556383303,0.05639821959854614,0.04030866571942193,0.027671583442580482,0.018918727970672053,0.012591551728198326,0.008795245982714093,0.00678405174782356,0.006052422931696329,0.006641180026219317,0.008531482804367791,0.01347233234160471,0.022510931256721645,0.037466931476524294,0.05833248290641903,0.08548439008690054,0.11566957381836451,0.17482160660035959
0.13071159814083153,0.09320486799495807,0.0755565811015934,0.05680949488194971,0.0399680406367385,0.02737893978422721,0.018656042846894875,0.012477651206560149,0.00868208439092768,0.006727791303474245,0.005963340915048684,0.006391872652297511,0.008768418623706753,0.013532498559788024,0.022537943895306393,0.03735917709348739,0.05835252307871012,0.0855870492371978,0.11618233162077606,0.17515175203552574
0.1309534643615903,0.09321876990764419,0.07542702387191323,0.056806806021483795,0.04011184369498428,0.027460388691359732,0.018367596709962682,0.012427077220477062,0.008838601765523651,0.0065634424259161045,0.005810286230735677,0.006290423305163199,0.00867384884782793,0.013646248811425385,0.02264960349464475,0.03716825823215412,0.05847787132954035,0.08546753739891232,0.1164457931519273,0.17519511452681394
0.13069956007935823,0.09280051441700712,0.07586082510605931,0.05686660445566684,0.04027979266485261,0.027631093998729647,0.018126926123130733,0.012422857053237457,0.008792139457195956,0.006588615387028219,0.005867176901421704,0.006289061581048124,0.008650988449142506,0.013319950126643824,0.022334794507657445,0.0371838805548803,0.05805227292331581,0.08622601413078423,0.116247265199219,0.175759666883621
0.1303024595438778,0.09254131939539485,0.07593351226632766,0.05730093704383859,0.040570702076564484,0.027525858956852046,0.01853526078699125,0.01245781733138704,0.008566809499144575,0.006435309444209008,0.005708590353314182,0.006261085212914569,0.008693946100359437,0.013371317354930861,0.02237604181381551,0.03699361177818588,0.058752805637958934,0.08619233727299835,0.1163786473293466,0.17510163080158836
0.13033147108920892,0.09368834126433935,0.07588670947423234,0.05665781028950001,0.04017992979726529,0.027337660097054177,0.018232948859911356,0.012508195024326273,0.00859340445621112,0.006364671524603895,0.0056039850560398495,0.006121565539805077,0.008508709467958633,0.013272018344307088,0.022735899068668818,0.03737715305639118,0.05822309914646273,0.08624772970378713,0.1168367362943119,0.1752919624456149
0.1308875476054535,0.0924361443817722,0.07649655232992227,0.056850479662197355,0.040432480251971666,0.0274794049553591,0.018670435366381605,0.01243388567162119,0.008445066286868742,0.006076557725729848,0.005494626152099032,0.006144005320517245,0.008390167081809225,0.013232276968058069,0.022623178130666378,0.037281265881555746,0.05854921792161021,0.08648820765075323,0.11658081476694501,0.1750076858887083
0.13038282764287823,0.09276340963122338,0.07558540700920216,0.057615466161498936,0.04030259881193585,0.02748731330644402,0.018529786286452677,0.012614556608685289,0.008222043796536172,0.006141049686674738,0.005618840916076503,0.005919934261286296,0.008333385606483544,0.013249675383737197,0.022624342142404604,0.03766175926332497,0.05913191024909202,0.08691561231722691,0.11656703404236636,0.1743330468764702
0.13089295792312036,0.09314447858531381,0.07568821721953975,0.056868062958550195,0.04018937731234716,0.02781714429046216,0.0184595848748981,0.012262494513074564,0.00852981752053678,0.006275475010973851,0.005259609957985827,0.005896093309086348,0.008181789678309402,0.013563679688969717,0.022381952718379634,0.03779707782027968,0.059481407161221536,0.08683608202169689,0.1156142221107418,0.17486047532451238
0.13063312960351042,0.09338975082275504,0.07547876508384267,0.05675129290079926,0.04030402758188373,0.027716658830904246,0.018591129916940924,0.012215953612286473,0.008219714778247924,0.006240401191035888,0.005455257796583608,0.005684062059238364,0.008373295721673718,0.013306691741106408,0.022679830747531726,0.037340542234759445,0.05950634696755994,0.08700673875568093,0.11648644413101392,0.17461996552264536
0.13088055065368182,0.09256705293083295,0.07533718448214795,0.057461626948429496,0.040548334216192986,0.027692539156654827,0.018331614630186278,0.012152119333373037,0.008183952432147796,0.005989863308247582,0.0052548434517410095,0.005718736580794198,0.008219998182040441,0.013460736775127805,0.022788749964737856,0.03802356451719069,0.05985475129999781,0.08681853942621434,0.11586827942665315,0.17484696228360788
0.13103094835462958,0.09292969503011456,0.07543612464599893,0.056955190945094755,0.04048973220512709,0.027451834693439366,0.018264654117226664,0.012052101438259228,0.008102648171105361,0.005844250489371738,0.005112347840260289,0.005759619347932727,0.00823272936998384,0.013429708351683136,0.02294287554677203,0.038347310532032094,0.05939068712650632,0.08648362309050989,0.11691635465463439,0.17482756404931798
0.13108588396313237,0.09276646980711736,0.07606972810179212,0.05641930927225723,0.0407761084520004,0.02732621670646188,0.018217477804307918,0.012225464020481339,0.008201000550286984,0.0056706211031137465,0.005079572124436974,0.005728628562559476,0.008373455159449964,0.013548661203513683,0.023308024312964352,0.03825200008152398,0.05984488491790374,0.08649382534110743,0.11602275773733281,0.17458991077825622
0.1314182662553252,0.09361412766730855,0.07543279377409957,0.05655109308924429,0.03953860399820129,0.027549327287512332,0.018218937479337612,0.012216465043549653,0.008136475948589631,0.005761182758129034,0.005013811483821843,0.005715745091556899,0.008440438269796327,0.013872589649299556,0.02319514537703079,0.037938884771644386,0.060029424806145676,0.08646944630286241,0.11696438783712006,0.17392285310942493
0.1317710412410673,0.0930863095936945,0.0757727318978405,0.05586055212467028,0.040243892893762595,0.027556139980119125,0.018005494634512884,0.012189948419314188,0.0079726990239588,0.005774845218806992,0.004996830018550263,0.005696574071899877,0.008533120435813743,0.013774156432714206,0.02305554903295998,0.03781122564788941,0.0594719828429646,0.08805973653931952,0.11655043401350965,0.1738167359366317
0.1314464659636628,0.09328959412185123,0.07578084836934033,0.056430479104234314,0.04059721891339511,0.027077351322207316,0.018176432234524097,0.011808333228844054,0.008228530588191042,0.0057207879327423414,0.004955926422830487,0.005904166614422029,0.008368023773400377,0.013748699108497485,0.023151166727270443,0.03758636038769702,0.05996012689177837,0.08751551665768056,0.11677930610760721,0.17347466552982335
0.13133148928243252,0.09265807883708953,0.07592856102978814,0.05715618547582932,0.04029517337678906,0.027252191962881048,0.01772198662828285,0.01194563024118244,0.00787869964668736,0.0056667778106513494,0.0048605925696332715,0.0058170570012100594,0.008290402012488828,0.013799073591406539,0.02320717708367577,0.03860453248300357,0.0592647903683562,0.08747970839575397,0.11718646047109396,0.17365543173176418
0.13062370908180515,0.09337798084746823,0.07527852538023408,0.057404393816110656,0.04010452525505413,0.027419102459785946,0.01783501283094448,0.011896789134380675,0.007876948112912311,0.005564248607373097,0.0048288164236089375,0.005741065281341928,0.00842304562809038,0.013826125054766221,0.023272516742817804,0.03890279777179695,0.06013644614132814,0.08817205983601428,0.11639231395130503,0.1729235776428616
0.1309231072839301,0.09283698318177404,0.07522937504111367,0.05754502141042547,0.04023186535395333,0.02705983329000085,0.01814639280534525,0.011992657492709178,0.007737198382393017,0.0056588052136813715,0.004949300989546949,0.00573241823472843,0.008191406384598275,0.013432026989352735,0.02358435895588545,0.03848864636617935,0.06055375786641271,0.087917440647544,0.11688494754680694,0.1729044565636189
0.13071293983611584,0.09278421504003205,0.07525493436496457,0.05700889531571799,0.04091313138900888,0.027496604005083046,0.01773898727362643,0.011666885763112922,0.007840522826719752,0.005427331968675466,0.004848291360714129,0.005574439582589971,0.008162907597638769,0.013596499464778684,0.023410455282415314,0.03787395068451989,0.0600778105379131,0.0880047825624268,0.11768609113160185,0.17392032401234453
0.13032699134158487,0.0924284256459378,0.07583469501468111,0.0572829605143712,0.04080974650814817,0.02731031935340482,0.017695596917278646,0.011879495896174144,0.007863318495702099,0.005654890470734809,0.004801883189652478,0.005581328374935048,0.008231128974700902,0.013655942252189645,0.022899723907368098,0.03820377013566729,0.06038508974575688,0.08722899410877173,0.11723606859117627,0.17468963056176404
0.1304802454448688,0.09286206248825996,0.07571379375117397,0.05658850416379686,0.04072224657191159,0.027537411558449687,0.017901195917600653,0.01179951161480183,0.007908083401164613,0.0054379813411808905,0.0048791559701959804,0.005412935946402854,0.008192974766764761,0.013743660384446807,0.022750610481497704,0.03825370984910149,0.060180952977271295,0.08815822428151021,0.11681485191910339,0.17466188717049666
0.13139456851767553,0.09291179198871218,0.07502428539919563,0.05697878684067683,0.04016280994191839,0.027341996298920816,0.01830047569661162,0.011697662813852608,0.007768199188765988,0.00551720469971358,0.0047100378085731765,0.005507819038188694,0.008062283249879159,0.013302610934608529,0.02279620756703318,0.03830757751383214,0.05978822819046009,0.08812354033409825,0.11739272579946282,0.1749111881778207
0.13070400500625778,0.09307884856070088,0.07546933667083851,0.05646589486858573,0.040513141426783486,0.0276971214017522,0.018110137672090118,0.011678660826032545,0.007731539424280349,0.005566332916145183,0.0048623279098873595,0.005386420525657073,0.00817740926157697,0.013515331664580724,0.023202440550688364,0.037995932415519414,0.059438360450563194,0.08745306633291614,0.11730913642052565,0.1756445556946183
0.13020444511220766,0.0933235672956683,0.0757806961118962,0.056478686092317223,0.04052123095896542,0.02764539892855298,0.01811568685450638,0.011595604657022704,0.007872302797249863,0.005721896426788373,0.0048532824998552306,0.005576344903896873,0.008118018809012929,0.013503425155998366,0.02323503127792672,0.03781522468929444,0.05934589458626589,0.08737943090919623,0.11738652067692414,0.17552731125645407
0.12959925886049797,0.09264400265408065,0.07571641398650426,0.05737258534997559,0.0403730110044193,0.02756581994817031,0.01831253051566784,0.011918324423801597,0.007750979631182945,0.005851183694930958,0.00491067516306321,0.005372322445760356,0.007984150631596076,0.013617812386544309,0.0231793883095259,0.038144584799128654,0.05973402856892473,0.08779592373273908,0.11690630594539103,0.17525069794809517
0.12894087744778887,0.09228195272199127,0.07602387689687987,0.057399396504231974,0.040798567636600405,0.027647180347573495,0.0183662417989683,0.011954099263785243,0.007786284870035557,0.005491874092252218,0.004942530174788401,0.005510655080883459,0.007981920168277657,0.013339197175339308,0.022897155306255315,0.03841338208043272,0.05991135373366057,0.08703423148194524,0.1175627285020283,0.1757164947162819
0.13014263342256072,0.09287364809579612,0.07508084437984892,0.05677958544472624,0.04052779216228013,0.027178104823127984,0.017863205207833032,0.011938528546240482,0.007931901419137629,0.005685311589180699,0.004851445029732897,0.0054459465167688535,0.00804141485096004,0.013330913607982591,0.02311672098011392,0.03833126561544201,0.06009158451855547,0.0881692639602247,0.11761116786688171,0.17500872196260586
0.13047393194526735,0.09284326338810456,0.07478610766760826,0.056567936706941324,0.04019596961658052,0.027643033902305953,0.017869565149423706,0.01178694088239478,0.007830343087521943,0.005780916098553835,0.00478199630759226,0.00542605726827484,0.007836596106557694,0.013472129512530266,0.023100215572831255,0.03843574475801596,0.06051828148277839,0.08799717363539585,0.11697991686611188,0.1756738800452093
0.13022121859449723,0.09241732842500996,0.0757829286677155,0.05626483678365115,0.039996371927476085,0.02738881990685861,0.018198224121052507,0.011822512190010915,0.007834760062427868,0.005664171845531681,0.004930738218929158,0.005489023516790783,0.007908259807524501,0.01311110346574756,0.022955377835604522,0.03845444110481063,0.060651364123992496,0.08812306672213033,0.11722896578039528,0.17555648689984327
0.13015030033481742,0.09197392146099868,0.075237742257836,0.056498288380850505,0.040090514861921035,0.02759233282195878,0.018293760448383226,0.01199306282087972,0.007886427931372597,0.005745535637490167,0.004854148780285651,0.005467172724187706,0.007856715036132444,0.013004865095636427,0.022996217079284956,0.03859861475354717,0.06093176511799926,0.08780473310782808,0.11788512994700161,0.17513875140158858
0.12989617873328993,0.09245736386844829,0.0744414584691483,0.05630830273099488,0.040096489212187156,0.02752412621139142,0.01823633603634448,0.011981421292974203,0.007949572974265897,0.005617072900007348,0.005088664706241001,0.005523272628924566,0.007602511971259596,0.013232091574077983,0.02336877420242411,0.039056869541019654,0.060693465404115014,0.08875068982282697,0.11709244173048995,0.17508289598956947
0.13028943308999008,0.09161239503185967,0.07464869959067702,0.05669100098931447,0.040061765730959605,0.027460118748993886,0.01807179015905613,0.0119296008202089,0.007861377194504224,0.005634247472403127,0.00495438682039332,0.0054451368082808595,0.008017666999563952,0.01321274011974925,0.02326998907534262,0.03930844887057171,0.06093583209473664,0.08845690386770379,0.11764715075870881,0.17449131575698187
0.13024932741037354,0.09141900769567667,0.07476693987361574,0.05690421072389415,0.0399815428893199,0.02715072264280799,0.01814114997184508,0.011887630607520492,0.007941250078208097,0.005566852280548083,0.004878621034849527,0.005480823374835763,0.007961584183194644,0.013293812175436405,0.022991616092097863,0.03884752549583933,0.060753613214039895,0.08910248388913221,0.11753112682224863,0.17515015954451607
0.1301281650515786,0.09220537668021257,0.07454829634260707,0.05654110659581119,0.03992810253204127,0.027008440137542982,0.017799312285089092,0.011863082213191623,0.008016567677399184,0.0057142857142857125,0.004762425758049391,0.005300093779306035,0.008171303532353862,0.013463582369490459,0.02291809940606439,0.03825726789621757,0.0610206314473273,0.08902000625195373,0.11826351984995313,0.1750703344795248
0.1298868855766209,0.09273099472820791,0.07499988271005457,0.056294482211806884,0.03971593939081165,0.027150276569691344,0.017890626343947287,0.011768091192150646,0.007659815369987223,0.005522010631160656,0.004815143226662037,0.005404720685723937,0.00811802809016,0.013447683210804438,0.02352054372490972,0.038802641682344416,0.06101892121399784,0.08869465673924568,0.11714450590437586,0.17541415079733713
0.13012852972249833,0.09197751980145408,0.07477666710426786,0.05609891037302376,0.03996236629720623,0.027357889011833985,0.017922894669392307,0.01156204872376737,0.007648643748866928,0.005413751930133845,0.004552615292286341,0.005235585729199877,0.008064364884379512,0.01376880903708983,0.023925845351737578,0.038908997705719456,0.06080468608365685,0.0884532673180673,0.1175521839425367,0.1758844232728819
0.12937077686208645,0.0925750888567746,0.07471311955630197,0.05649962894973244,0.04010155059953912,0.027160879584423706,0.01800257782291137,0.011533023473811665,0.007716283248056868,0.005444674452212631,0.004463539428973168,0.005375932507909231,0.008230285513416395,0.013593719485997737,0.023726907003085572,0.038617349529352044,0.06134437370620632,0.08884427606139908,0.11780806936687109,0.17487794399093853
0.12936402697016694,0.09254322052031742,0.0754190075016048,0.05650178129924737,0.039496269501751634,0.026990471103280993,0.01799416802157863,0.01172330745334339,0.007634362754055754,0.005250967180674192,0.00446535251919914,0.005299384784065297,0.008209126562053403,0.013741228214030801,0.022987428603558218,0.038815299337928336,0.061256077580619225,0.08856672960955109,0.11836385985134235,0.17537793063163107
0.1290807029826442,0.09308769155276903,0.07542092382896132,0.05611796806385976,0.03986860488012226,0.027110401280196025,0.017757406602886078,0.011623654872152297,0.00751365052773706,0.005422705351756987,0.004505377385912217,0.005497716837890802,0.008215320470947115,0.013648964997765281,0.022745670430784713,0.03870280136645923,0.06087025825829581,0.08909176717684895,0.11752268316085897,0.17619572997115188
0.12876179700478368,0.09206781822415518,0.07546644954499777,0.05664750182454092,0.04032587003642831,0.02720636612401877,0.01780314336750083,0.01168175005899479,0.007499761676671036,0.005397828054015787,0.004630505073552049,0.005508785144877143,0.008104555960661803,0.013780558129794791,0.0229290484101099,0.039013138257223516,0.0609388845217984,0.08910010673759584,0.11778017056136478,0.17535596128691475
0.12900365333366695,0.09204805635142069,0.07529057765210759,0.05635767637969648,0.04050258360754189,0.027528244523127344,0.017980469678581707,0.011505811553042148,0.007475571458956299,0.005264178562938684,0.004785616875398801,0.005467489083788957,0.008130856906927572,0.01343256971986938,0.023144556908178716,0.03908410174284035,0.06126840742177235,0.08890456291365871,0.117576038134798,0.17524897719168733
0.12959094320740552,0.09220978233675257,0.07548317488116084,0.05657524393294969,0.03962659494620965,0.027315799349512143,0.017960345258944202,0.01157117838378784,0.007596322241681263,0.0053008506379784845,0.004515886915186389,0.005386852639479613,0.0077949086815111346,0.013300600450337758,0.02305479109332,0.03900425318989241,0.061316299724793605,0.0891105829372029,0.1183559544658494,0.17492963472604445
0.12933852480395325,0.0928139363810577,0.07475467802418004,0.056587654482953574,0.040152682962636715,0.02691786887319785,0.017775008160479545,0.01138406418431907,0.007663822602888421,0.005357022932118865,0.004490216014531119,0.005450731788074301,0.007854363943331128,0.013642447612844987,0.023206998177362756,0.0392874378593149,0.061433964150115365,0.08955911545087233,0.11904773060578092,0.17328173098998723
0.12988951925948047,0.09207405820913954,0.07534014216949965,0.056553569948988414,0.040265203803901785,0.027342693528895862,0.017770405794337293,0.011173140689023376,0.007522758219613888,0.005452905376145728,0.004500835601468907,0.00520902543386398,0.008255961379422472,0.013472803478103177,0.023293661153833523,0.039322514027005005,0.060810525608175584,0.08865504901830504,0.11891804852272855,0.17417717877806768
0.1296975302180763,0.09236725058858267,0.0750355024316627,0.05716008667436342,0.04020015716367987,0.026919357534873626,0.017694193223839513,0.011287351760748758,0.007431686135070149,0.005261702523211325,0.004622736866443679,0.0055429099027178705,0.008080025371154684,0.013576067377288129,0.023546431244014582,0.038534784571713346,0.06106886924950437,0.0883834793789066,0.11835237471820673,0.17523750306594155
0.13002502645676334,0.09204296234463981,0.07525288288837514,0.056375962721365344,0.04007203117599336,0.027208651244366708,0.017651389742122763,0.011414315258322745,0.007683012803979222,0.005366385138567788,0.004655139802695853,0.005477370674495056,0.008126954947688295,0.013502719145630223,0.023438269375964285,0.03886056934016754,0.06140313854590189,0.0885320677855885,0.11839186647971077,0.1745192841276615
0.13022850367352423,0.09272309453993856,0.0747468056820507,0.056440891643923574,0.04002212081778289,0.026774625422381078,0.017887243193083796,0.011594682880267942,0.007472024820307404,0.005327117841783033,0.004569448588626209,0.005606752473360502,0.008014109832359811,0.013558374119892944,0.02367521140534369,0.039622196428487744,0.06128216384089883,0.08822394516036815,0.11781522555891775,0.17441546207670114
0.12979433105229102,0.09248381439463804,0.07502743190479019,0.05609238377781876,0.04008653163813018,0.027406895646220637,0.017743987645482875,0.011687085590669086,0.0073136115392190264,0.005281618591797622,0.004665768421579141,0.005489507101033815,0.007906015636967266,0.013886327188378251,0.023197544102062317,0.039440983109449386,0.061292722651719526,0.08876370422935886,0.11736322342856609,0.1750765123498279
0.12950041559123318,0.09243623955553612,0.07504546505596421,0.05585014967533886,0.040190484523132494,0.02741652240755439,0.017567322655034284,0.01137876297550824,0.007496265928393319,0.005491741296019697,0.004666808321823852,0.005283945679413547,0.007996225306693831,0.013769193753007567,0.02346215619980876,0.03931243086499222,0.06187778492997446,0.08823501840475462,0.11811227837738188,0.17491078849843456
0.12972625180960531,0.09188812695894162,0.07505313641495909,0.05650341306788813,0.04004947425792519,0.02696409524419326,0.017939103560178846,0.011392509834726615,0.007706927489290728,0.005405000210827802,0.004553880559021635,0.00540187683595879,0.008055183787185732,0.013905264916847945,0.023522136138540418,0.03941386747208093,0.06149144273370261,0.088489895101455,0.1171718465236057,0.1753665670830646
0.1295946836795586,0.09265131798882126,0.07513176763905509,0.056615563421865786,0.03969275566983575,0.026900281500042172,0.017713257371020804,0.011416217026847171,0.007512395687206897,0.005242586801053515,0.004641157743125745,0.0054034886009666615,0.008355958521702997,0.013957840604115958,0.024086843231657978,0.03951779448934769,0.06121454302326669,0.08843194166294353,0.11735677396577632,0.1745628313717894
0.12929642481237055,0.09224059041973394,0.07525790261072711,0.05681353243029679,0.03987925504171104,0.02723008067362319,0.0178212812208171,0.011524803313146712,0.007394301312703208,0.005054984867839554,0.0047207968042876,0.005476624013442482,0.008159498280649262,0.014295128662404464,0.0240396778052277,0.039652819204257596,0.06095340418953148,0.08833964750967427,0.11780285402852778,0.174046392799028
0.12993684894511334,0.09214149710017479,0.07511429825479411,0.05682032954760229,0.039960263100758966,0.027103564293646944,0.01769885240959621,0.011380622950870885,0.007369445385974312,0.005210782070286204,0.004629723637988102,0.005532550987096441,0.008337876106471149,0.014337460618452353,0.023801527933759347,0.039452617965014654,0.061036127151829635,0.08833650155964202,0.11733319171335702,0.17446591826757119
0.13061980746818477,0.09255556145739274,0.07492712099009219,0.0558286023165058,0.04029357821097262,0.027151922662325686,0.01784559335855848,0.011271641082202521,0.0074441260924040225,0.00524603891254831,0.004393049857678936,0.005286657438970664,0.008192444329185035,0.01438989411062612,0.024194581488575256,0.039515577204882975,0.06100746443535561,0.088726484216578,0.11731255331181593,0.1737973010551444
0.13142906225841963,0.09191257427984664,0.0746757455314962,0.05617391440150551,0.040047476632594906,0.026855532042822677,0.01763663197020217,0.011484972240225513,0.007305779186806495,0.0051459047500058575,0.004350983500308442,0.005313010002889203,0.008220953749326503,0.01422268727110875,0.024417669428328247,0.039661728992761394,0.06113397312260372,0.08856109883416756,0.11761867205984558,0.173831629744735
0.13015709696848024,0.0927728493274443,0.07531902479421805,0.057071559425818125,0.04011807367998394,0.027041821421401328,0.017722031218630797,0.011347809174864488,0.0073890157598875735,0.005014367094960852,0.004529712909054407,0.00524179381650271,0.008287743425015058,0.014724703874723953,0.02410252710299136,0.03887428478217224,0.061149555812085914,0.0878792536639229,0.11665579200963665,0.1746009837382052
0.13311911902892376,0.09213414084724601,0.0736754540656738,0.05437042233578334,0.03745961357756124,0.024931777517473958,0.01614330582980422,0.010566439687463793,0.0066967446290885245,0.004611453653764465,0.004140010555176541,0.005124731293524013,0.007666984180107353,0.013744255795692977,0.023391944598195324,0.038244815734936356,0.06093040019565694,0.09044305997142378,0.12076344819596589,0.18184187830653784
0.17693305902832726,0.12218388985598987,0.09680803924671624,0.0707960120272195,0.04805032441842064,0.03108403228358918,0.019667668934958065,0.012145909162842222,0.007448963443582847,0.004977053331223294,0.004079759455610066,0.0043725272986231975,0.006605475549928786,0.010822915018199084,0.01792688716569078,0.029392308909637607,0.04545814211109354,0.0661038138946036,0.08932109510998579,0.13582212375375852
0.21194152368054578,0.1465070077040027,0.11422174240778835,0.08255611912458004,0.05543879597807617,0.034850072185100486,0.021586858478874673,0.013073168862030643,0.008042570045099718,0.005008240599966781,0.0037354192485083856,0.0038136730078828698,0.00537715117987505,0.008561600081767193,0.01378064672739584,0.021845574989459687,0.033842355406216856,0.049723077512744164,0.06605575500504657,0.100038647775038
0.23401180102430055,0.16237353171243613,0.12559592597480773,0.09026689114150607,0.060069016355975,0.038053957656662946,0.023330039175795354,0.013573109373541366,0.00813453038940805,0.005227731441392432,0.0037984748157900657,0.0035876272730491787,0.004443893629828971,0.0070126927001683565,0.010956024606391097,0.017479422245542428,0.026215914321859584,0.038383909918204014,0.05124882907185232,0.07623667717148827
0.24986020095403724,0.17141064936454242,0.13336585856064523,0.09529999659619719,0.06369163491134715,0.04041934851213295,0.024700262741163482,0.01436728977870419,0.008431705937366784,0.0052061975145755715,0.0035286089630233537,0.003356797961608344,0.00392085672097083,0.006021489342044908,0.009339386699559289,0.014156578173195216,0.021570384970103267,0.030731477234231884,0.04063816441016149,0.059983110654389195
0.26170904037735115,0.17946522354660455,0.13823159075933425,0.09876108273148965,0.06640015918684228,0.04155820432022653,0.025208932730511037,0.014468713913843384,0.008298592762217916,0.004955016668950083,0.0033549931823667954,0.0028428551856418682,0.003558869773419712,0.005157262247274577,0.007897363631025781,0.012333718252337242,0.017844910261679676,0.025243183997807925,0.033207419150699045,0.04950286732037658
0.2697072238234358,0.1842450414293537,0.14276486423566362,0.10142076287720059,0.06788216816350084,0.04304095062906382,0.025772435298399548,0.014809313489213941,0.00830062594884204,0.004723307003478952,0.0032084386691455416,0.00253953576827105,0.0032445069628201473,0.004508536709325621,0.006952983339727258,0.010594241532968066,0.015565108188486346,0.021381940277463547,0.027531584348983694,0.041806431304655736
0.2737621958358136,0.18875039780231737,0.14667651622456335,0.10464880444944988,0.06898922759569107,0.04397508809363237,0.02556652821222279,0.014968909584686139,0.008460616333886822,0.004714266633908092,0.0030867810908275445,0.0025789132617811314,0.0029053997233109683,0.004186611746587145,0.006039999538301975,0.008777209266279389,0.013451901783638405,0.01868557869725307,0.023831862770155178,0.035943191355693814
0.27963649538670754,0.1921286990300257,0.14829373528618628,0.10453983710784537,0.07092409781470398,0.044207203585414155,0.025871496189091212,0.014990512020038083,0.008419238016772296,0.004923492304561676,0.0030854546868304845,0.0023128502156509485,0.002767810022020055,0.003684347231941818,0.005494260061642918,0.00808670375829888,0.011858734152922741,0.016355391439145408,0.020999290262702062,0.03142035142749843
0.2822174441059945,0.19312050807302558,0.15029498231433375,0.10704805324945095,0.07122047688254461,0.04511835792072308,0.026764087147530986,0.015143973932721476,0.008567427847126828,0.005017022039061101,0.003022822141259698,0.0024172622721269923,0.0026793950373953947,0.0033479994956432894,0.004902546337772998,0.0072716956339963015,0.01069269412756243,0.014559981949338708,0.01882876425969061,0.02776450523270092
0.28433401197584857,0.19589851325683488,0.15181893395970425,0.10744303814326071,0.0721930252418392,0.04521823378707494,0.027409278036453585,0.015471717587051296,0.008469991293621373,0.004839281582263623,0.002978147489050439,0.002463755329119424,0.0023738615535974987,0.0031446174437206693,0.004696117421247226,0.006677109881822977,0.009703533657727784,0.013320925772711914,0.016818459520333475,0.024727447066716163
0.2843340407356985,0.19687808654333844,0.15310589679933798,0.10960398814767357,0.0731393983075732,0.045325471824030315,0.02746523050639331,0.015446063906462724,0.008625637329489335,0.004983516190171109,0.0030748645257734726,0.002392488187715224,0.0025626651717786495,0.0030364912842689735,0.004376217933317317,0.006318237633805825,0.008865887189343584,0.012104255091962307,0.015526147193080804,0.0228354154987854
0.28369856085953227,0.19751424236639306,0.15343407651525046,0.11011752254832022,0.07369022141395469,0.04698222592864247,0.02825531430332138,0.016231776301908026,0.008937273302721871,0.005100793419541097,0.003104685160810635,0.002354469976321333,0.0022623676657255484,0.0027647439053389198,0.00401900991690697,0.006036887812687346,0.008295906303482137,0.011286719516647068,0.01430934989165419,0.021603852890840335
0.28523015101693466,0.19634551439251652,0.1532779084230085,0.11152626640548804,0.07458863537559525,0.046913107773083496,0.028848816891337295,0.016812110896819367,0.009258746376483192,0.005282319587888436,0.0030599518934606336,0.002266009356100852,0.0022777590342435983,0.0029676329937676355,0.00387571526165694,0.0054719929636213175,0.007845427948455837,0.010567996226674793,0.01350541576236108,0.020078521420502527
0.2845066728536411,0.19665331759689855,0.15344200888368828,0.11100407197065221,0.07506582066516705,0.048614823856166285,0.02954112152360969,0.01727309103258585,0.010104270693580008,0.005569958204297927,0.003307005067266535,0.0022679968661629673,0.002262953137031395,0.0026563640092939125,0.003638209946906345,0.005237072081614262,0.007273057407724976,0.010021889784431021,0.012743822272435345,0.018816472146846494
0.2824667945106768,0.19379816248086967,0.152929608908449,0.11175295014925421,0.07681584233095888,0.04959146599141683,0.030903118596926002,0.0179829043712213,0.009918293198283364,0.005675533249263833,0.0033773716102115815,0.0025372377949096983,0.0023722415746700496,0.0027460085225598668,0.0035743568935589173,0.005163708239540838,0.007234579167038469,0.01012201302123232,0.012442061913989827,0.018595747474968557
0.27817528890808935,0.19383673992871805,0.15367311534722974,0.11281253375094508,0.07761198563559782,0.05053191489361703,0.03159932228102387,0.018509018252511073,0.010488106166972672,0.006022856139971918,0.0035894130035640966,0.002558321633005722,0.00236762879360622,0.0027405767361486093,0.0036316016848471724,0.005108205529754832,0.007160262987363645,0.009605518954530724,0.012329220218166112,0.017648369154336332
0.27466203826543106,0.1917733210074547,0.15311073517556772,0.11252828670850029,0.07894928081202077,0.05234329712747313,0.03199714724636603,0.019220596610834043,0.010947949076319609,0.00638489527791533,0.0039140861470756735,0.0027716326775492676,0.0025586901669570677,0.0028595137136666836,0.003892115888046318,0.004995698899290024,0.007241735380060131,0.009641563674035717,0.012185043661664768,0.018022372483771587
0.27107653496016343,0.19010476551192387,0.15099862026052727,0.11302534933109692,0.0798050779823339,0.052697255400597894,0.03310191134497544,0.02032917607910507,0.011617879800343582,0.006974785937478866,0.004286322994305192,0.003024943525369621,0.002622519512492054,0.0029894355242333663,0.0037638481204431396,0.005513885319301473,0.007301121376493027,0.009989584319666702,0.012552923830264991,0.01822405886888416
0.2674517454285589,0.1876229860765368,0.1509921864680601,0.11340967360638354,0.08071950876693863,0.05418161127424582,0.03447335710923025,0.02099188164886861,0.012465411488974013,0.00760693226578879,0.004640025469336882,0.0031938277500618097,0.002738292402889686,0.0030752869533999193,0.003798385813037456,0.005253050732074093,0.007388478511940449,0.00982195172341384,0.012448477089450889,0.017726929420809667
0.2627100418771389,0.18390041606199106,0.14881032009848666,0.11308012876415872,0.0817814971796856,0.056302992022515076,0.035789459424218975,0.022232307205137025,0.013309919615536367,0.00811803494107905,0.005103829226619163,0.0034494028316599972,0.003073473804350955,0.003352880513837406,0.004055630722545752,0.00559998780770722,0.007694691441857157,0.0100061469476087,0.013047446646018796,0.018581392867847404
0.2569372828918801,0.18100711029092487,0.1469075662179766,0.1131828728831958,0.082134715588363,0.057601498046026926,0.03784465914025185,0.023491777029960925,0.014398678354320451,0.008853940512375163,0.005566787885366911,0.0038977692140686063,0.0033600873860182372,0.0034584645028224053,0.004184419778549718,0.005939942466348242,0.007929534845853235,0.010611159357359966,0.013438653386886669,0.019253080221450287
0.25081944985848176,0.17781299255970032,0.14569259190210662,0.11261969730352692,0.08352456654746367,0.0585224480111181,0.03888107384370286,0.024515702591393664,0.015670389641204683,0.009560530820466755,0.006131891598732265,0.004277748589054794,0.0037709946951849905,0.003950646577292679,0.004637052353270174,0.006404759080046778,0.00840804704845516,0.011072318356693728,0.013568801586360014,0.02015829703574394
0.24507018347845275,0.1745523363375597,0.1439397796900725,0.11265848566627629,0.08396218408948182,0.05939542067654498,0.04044333553982723,0.02614695249248944,0.016747288558480573,0.0104231376342991,0.006736595549671575,0.004888232598401141,0.0042245871310487605,0.004275506220615442,0.004986676171563385,0.006544800312303751,0.008459358080010866,0.01125311879423596,0.0145153351324745,0.020776685846190406
0.239630969020124,0.17114413852061933,0.14231338118952952,0.11146072218528216,0.08560344944567327,0.06180200290393933,0.041684759746515976,0.027282102777740083,0.017437205704748077,0.011254461075000343,0.007185214335147165,0.005176882471876568,0.0045051768824718764,0.004501784430000135,0.005282048498500536,0.006959616245776395,0.00911043111286011,0.011571655381108109,0.015072666331944694,0.02102133174114231
0.23233461104541314,0.16812108360858513,0.1405381342685098,0.11219739292364993,0.0853926246109095,0.06239040900379236,0.04381600946050646,0.028911633976267177,0.018589691310198588,0.01189529557286357,0.007982302328426375,0.005644361075996683,0.004752341339422856,0.005010602291726134,0.005707227228859983,0.007340048118093218,0.009625317728934744,0.012529054357134119,0.015244192526743604,0.02197766722396661
0.22549398669135753,0.16397712704259174,0.13825861636244005,0.11226538599811423,0.08628063463638642,0.0640961722390672,0.04495736757493743,0.030132679432652975,0.02023259599926741,0.013108538016456053,0.00872319787278783,0.006113360873133774,0.005331596833601269,0.005287506020091843,0.006126927277290519,0.007709109162071046,0.009937391044816614,0.012894867150987298,0.015906608873784957,0.02316633089816379
0.22014081328240198,0.16003129184053383,0.13650980585143846,0.11158154460190299,0.0870384920183746,0.06373761011113355,0.04550892513206548,0.031480202480608066,0.021035447682045034,0.014609081082181804,0.009411309522799437,0.006887938217281447,0.00575097871849392,0.0058952198489371135,0.006665637180951346,0.008019806852641564,0.010524511658925725,0.0138573302494014,0.016833788399958593,0.024480265267923657
0.21513844361232062,0.15713760697222665,0.13420282933388883,0.10912903056446109,0.08662442819714224,0.0650157420438745,0.04710757938342673,0.03287792337121925,0.022436858230150552,0.015188235553139345,0.010280172815293918,0.007292656366170609,0.006383191324685792,0.0062155245851941805,0.007218137815285448,0.008820286659316428,0.011245526769942601,0.014405790768845145,0.017699849438655147,0.025580186194761007
0.21021061231131163,0.15277104512927245,0.13186574778726562,0.10855703617324922,0.08638901412556739,0.06645321816832035,0.04833947463872514,0.0344393332813554,0.0233951531710492,0.016457794486045618,0.0109916372030902,0.00828483001522049,0.007144140448885914,0.006905154967677631,0.007540754651742213,0.009272975657379563,0.01166452540195324,0.01482048969989525,0.018086624609741787,0.026410438072251585
0.20486913107920648,0.1496521806964526,0.1292103772592992,0.10731183670977529,0.08671231901016498,0.06670634961012353,0.04893381766874578,0.03554675973504004,0.02499516682098922,0.017316347676851952,0.01197610883301621,0.008604754491464774,0.00743461641517177,0.00736678232379247,0.008157049488361365,0.009980090694180172,0.01248316866607651,0.016085158918317577,0.019492126157843143,0.02716585774512698
0.1990046299430056,0.14598873651292193,0.12784802415151555,0.10636346406379028,0.08608546441577428,0.06712402019846483,0.050244019656950994,0.0371021565787158,0.02634972315106881,0.0184402371830452,0.012681576346677137,0.009640637903258562,0.00801948095902094,0.007753800749996614,0.00887744188880014,0.010715204353770966,0.013448156822397011,0.016602474718074373,0.01959772293446329,0.028113027468287616
0.19382380361786836,0.143347585747135,0.12401630426506445,0.1042772469547944,0.08562615585835122,0.06839128205735598,0.051802758324295144,0.03839014840671323,0.027559554729099784,0.019507251134073648,0.013659644236740093,0.010492190500684425,0.008417779026109498,0.008515915947418918,0.009231638666623798,0.011004871313731892,0.014016659588400223,0.0171130486573008,0.020772879015788205,0.03003328195245097
0.1905693456349716,0.13907033730225882,0.12171277524690145,0.10338554534931736,0.08519200438635087,0.06796982353060632,0.05297466340849245,0.03949408045704692,0.0285129729034529,0.020122723057449027,0.014291177884127232,0.010952339048676308,0.009112846998937255,0.008899621609547083,0.009891288896710915,0.012081079800448109,0.015205000981513695,0.018344152547535724,0.02185391014749781,0.03036431080815807
0.1864385865569087,0.13591332054326793,0.11903888574302106,0.10173680073697822,0.08425047117586902,0.06867758048021906,0.0528139552573085,0.040408718655183765,0.03000481740350402,0.02145181328758209,0.015297369021559995,0.011810245011451897,0.009917089950220163,0.009509723548651549,0.01071830021720574,0.012990086290683815,0.015564439110555182,0.01897887948884813,0.022523474277600763,0.03195544324338031
0.18215772891978413,0.1327933239296242,0.11658121679491185,0.0994805436132204,0.08423133124424587,0.06822362808611997,0.05397785342038802,0.04195856173929201,0.030986629277068738,0.022462476666694823,0.016433404001925795,0.012644328634294258,0.01062393891530749,0.010213441673071892,0.011252354446631134,0.013276122743743292,0.01638948248629564,0.020028211127347057,0.022947302627689126,0.03333811965234432
0.1793987576801027,0.13203868746202144,0.11389676591722371,0.09746809803524406,0.08282695294038217,0.06838836000270068,0.05479711025589091,0.04248531496860442,0.0317719937884005,0.023531496860441564,0.016970494902437377,0.013511916818580782,0.011304098305313622,0.010895618121666327,0.011756464789683344,0.014050367969752214,0.01729626628856931,0.020451016136655197,0.023415029370062797,0.033745189386266965
0.17587623636824756,0.12885620086228766,0.11051990869896014,0.09651196212697608,0.08199847831600303,0.06791951982416096,0.05503761940992474,0.04373996111252008,0.03326063065347875,0.024668188350663624,0.018143545523712917,0.014305520331388958,0.012063572575872851,0.011339927297320139,0.012210668695578665,0.0148127483303745,0.01749936596500127,0.021902104996195795,0.024904894750190212,0.0344289458111421
0.17266922828554668,0.12504712172873775,0.10929367275628721,0.09426374306275175,0.08085327941875035,0.06845202374089895,0.055477700222972416,0.04408396204566626,0.03442633204463507,0.02555645901550664,0.01942175933517369,0.015089095989708451,0.012602421084839402,0.01208851954093716,0.012680182502666709,0.015242928359758125,0.018647526088110444,0.022640405846982434,0.026303644812890815,0.03515999411717969
0.16876545397773784,0.1225752550697486,0.10723478231516406,0.09276184207195119,0.07925263930732424,0.0683021511093108,0.05629509607838171,0.04562647155624194,0.035254900967957005,0.026814180949728688,0.019909364794045422,0.015769175590943225,0.013254343991831018,0.012623104382389434,0.013409622184527877,0.01575904875228908,0.01954311079605391,0.023325485033376368,0.02667240520857068,0.03685156586242689
0.16497871988412008,0.1203520968637786,0.105585165201566,0.09196791691216315,0.07901920697170702,0.0677452193599252,0.05669745432076673,0.04565137750976218,0.03581407205695407,0.027906411384060095,0.02085299415704236,0.016568271102429866,0.014343186395582247,0.013337002415854489,0.014101769769573736,0.016618917947047035,0.019814733842390395,0.02358117085375386,0.0276683712143594,0.03739594183716365
0.16204278370684197,0.11834329506051243,0.10321687332190999,0.08954929368430993,0.07792071994279312,0.06751824817518247,0.05647827084204702,0.04648562408084516,0.03640359161865698,0.02821889714910209,0.02200237462390545,0.01755332784651295,0.015273149210032783,0.014170163390315313,0.015037036037616207,0.017109772386901798,0.02026188323866319,0.024415788550534966,0.028829418352064994,0.03916948878125127
0.16052950404491614,0.11702369658663331,0.10126191948586342,0.08763844633429997,0.076224048421042,0.06649973629269654,0.05632215090797879,0.04621365178166722,0.03715998186906974,0.02898084288605318,0.02256930109981953,0.018547132836024608,0.016034752073009015,0.014764238930612121,0.01545510151467409,0.017992757738082198,0.02137966943067868,0.02521311425687619,0.02978460252653501,0.04040535098346816
0.15652818491189052,0.11470063007513731,0.1004279119916439,0.08698406280535062,0.07564102564102564,0.06493648707840559,0.056095218841605184,0.04648404595842177,0.03767647157923112,0.030198119882745365,0.023619394184440173,0.01946662623403754,0.01617642103844469,0.015654166245493446,0.016356683176656898,0.018668081808686277,0.02215371137841572,0.026616462818828134,0.03052158091579905,0.041094713433741034
0.15177378117326237,0.11174088250016431,0.09819377520700713,0.08565115608836123,0.07530122004864018,0.06593891835499893,0.05675526724273053,0.04683173306232377,0.03840144808093886,0.03058632783729989,0.024908273038762117,0.020017292027970607,0.01707629896669178,0.016301022858847505,0.017136972749044802,0.01957235095738173,0.023003790426014227,0.026967810873078864,0.03152677146377186,0.042314907042709286
0.14960404380791908,0.1094928390901432,0.09651390058972201,0.0850497051390059,0.0737051390058972,0.06483235046335299,0.05560404380791913,0.04748946925021064,0.039135636057287274,0.031078348778433018,0.025390058972198818,0.020749789385004214,0.018443133951137315,0.01728727885425442,0.01829823083403538,0.020234203875315927,0.023098567818028642,0.028057287278854252,0.031994945240101096,0.04394102780117944
0.14760345832196617,0.1071278211695918,0.09389808930069012,0.08256289006321844,0.07270458426375936,0.06429117535120427,0.055916499105780594,0.04787862866150008,0.03957131357630505,0.03208243658788779,0.026351685881437624,0.02195805420552564,0.01941517040689509,0.018468746105682925,0.018869545009043243,0.020585570565867427,0.024703021484842047,0.028412937384433512,0.032808253089351196,0.044790119465017646
0.14494371240549295,0.10571327080839656,0.09185475494231511,0.08016289480019466,0.07193398013141349,0.06302493421750394,0.05587345518456977,0.048637801492585044,0.04016478031255735,0.03324899032496469,0.026863500689390456,0.02263456581869114,0.020245688994836742,0.01919350575670494,0.019674984806474043,0.022506620336934322,0.025422430526445147,0.029205239704176586,0.03319511854317234,0.045499770203180794
0.14258070383444263,0.10365019805448525,0.09081202338929159,0.0792521085392471,0.07099478591253268,0.06280482875697231,0.05510495540405811,0.04862102880547547,0.04115861873837946,0.03408861254075613,0.027517110829673133,0.023394343995041894,0.021092129018350354,0.019803764382528094,0.02030900541618388,0.023074358007059897,0.026102435935436943,0.030236991727520136,0.03372483899652395,0.04567715771604106
0.14064304740353112,0.10237876354134044,0.08940736325645454,0.07839076511730494,0.06969096952125028,0.06175726778937299,0.0552042187357936,0.0486848441377824,0.04146840830950863,0.03481938705755975,0.02868390125302649,0.024126063691865266,0.021339502493593437,0.020330952549324655,0.021218274453547768,0.023474462976619828,0.026559043106670576,0.030214405258602972,0.03479413121588357,0.0468142281309667
0.13839916353356557,0.10119930563857173,0.08838123203693381,0.07683435843125505,0.06795279554558052,0.06111525490506408,0.05485691002429593,0.04854300275959841,0.041705462119081986,0.03484434955811067,0.02977975407752132,0.02539200945570752,0.022368068803068387,0.02090492602626249,0.021411722316042197,0.024134279128579773,0.027609453687069293,0.031232794602703715,0.035073333928243695,0.04826182342274386
0.13744429934976643,0.09871804364507746,0.08729015495214122,0.07558123880938596,0.06727830804647218,0.059927841574561484,0.054470524090951926,0.048114591887562105,0.04155672379208682,0.03554744820344367,0.030325722593933842,0.025984100914096468,0.023197385603317137,0.02175690957310754,0.022467050793608057,0.024923937480647806,0.028371992838007034,0.032319839528277765,0.03582847565326263,0.04889541067029256
0.13447205386752412,0.09823860999186067,0.08575382918182979,0.0747943307256106,0.06554678093111174,0.05954991557974184,0.05348578309038684,0.04792615413591998,0.0415811813454773,0.03635116136713731,0.03119513524058091,0.026168598354645807,0.023587221934468345,0.02244536226717162,0.023118033647022418,0.025887758053558092,0.029010634934515434,0.03313915552834975,0.03764269041645085,0.050105609406636574
0.133184033945966,0.09690596664337371,0.0848093486112631,0.07233386935181055,0.06490818929590743,0.05786810577805468,0.05314328531618073,0.04764895560588329,0.042452663394428214,0.03716376066073397,0.031266996135615475,0.027303265783779684,0.024183133098158734,0.02309706424644502,0.02403327243489901,0.02639568266583598,0.029359219377488904,0.03388534817346793,0.03848051390420705,0.051577325576500486
0.13213839450135303,0.09612373637572963,0.08323817436038877,0.07191327555964408,0.06365420546602109,0.0582877439166929,0.05300368807589397,0.04802739233021481,0.04247089312652304,0.03683366996345559,0.03181196699062761,0.027330105496124413,0.024630898104500525,0.02389597372435122,0.024615762362117592,0.027084570119690076,0.030545609877921837,0.03429086524312207,0.03864995904940812,0.05145311535621971
0.13123885730800966,0.09426318345344897,0.08149267123828596,0.07043777651939692,0.06334678157887219,0.05716316513784592,0.05304635527901048,0.0479566340290462,0.04227711675440793,0.03678075551022398,0.032000215082311,0.028333733812115524,0.025803155996847713,0.024709260805785713,0.02555278674420832,0.027352420768213526,0.030415663369298008,0.035707024285817505,0.039292849689390896,0.052829592637463646
0.12956462681097292,0.0928979937664539,0.08036197604085762,0.06992061810956113,0.061731944066195275,0.05607837995044097,0.0515494766712729,0.04750977563940921,0.04281612383709397,0.03761982092844198,0.032833708220278875,0.028287993867320275,0.026497614508629124,0.02546205236313264,0.025924356892372144,0.028103072055624494,0.032035182215228816,0.036140446434875594,0.04012130870847244,0.054543528913365814
0.12793017708077475,0.09182931876221784,0.07937343754731516,0.06880343462008212,0.06206238707441564,0.05599594897866485,0.05060412033282975,0.04739594023061214,0.04172989377845219,0.037643543768862996,0.03279510378218695,0.02958355904430888,0.027559730694561742,0.027029800578044414,0.027177844547103213,0.02893250204401617,0.03240144140991693,0.03616310407827488,0.0406649865919269,0.05432372505543238
0.12787329738312536,0.09070587325028678,0.07796799467138527,0.06780023077207727,0.060133619051143276,0.05501861987532924,0.050386358208051464,0.04662874289770338,0.042568365386879636,0.03793105768292724,0.03356959998385269,0.02957482094979866,0.027867578541560845,0.02732765261737922,0.02751603798656408,0.029993641993789993,0.03289343106945701,0.03690671223798454,0.04155747603973586,0.05577888940096816
0.12674066633295147,0.08942951498190878,0.07760894177565604,0.0669272556851968,0.058882815570837736,0.054149211009914,0.05038483633956977,0.04666749535542349,0.042362233293802634,0.037707578134711206,0.03386425406253464,0.030642446557974053,0.028640155345546415,0.02760877379820533,0.028515852032023233,0.030215783833178234,0.03349974299450043,0.03819135319274741,0.041213267530966644,0.05674782217235158
0.12554199757265666,0.08924431731387433,0.07638745503287656,0.065309973091069,0.057974225843652895,0.05295838767997342,0.04976725369431252,0.046049020249684,0.04221663787763571,0.03869145041320233,0.03478856429186537,0.030795030492871564,0.029109655152732943,0.028231715608019296,0.0290979045278515,0.031120690668157317,0.03442261625984325,0.03819120952539226,0.04257419260617108,0.057527702098158
0.12397194568921571,0.08846801459736492,0.0755108406901548,0.0646131295784474,0.057411718142055965,0.05205677945635548,0.04884515791450881,0.045529556980706785,0.04265502991923148,0.03863505245928033,0.03531274317761022,0.0317355166769528,0.029982960796415062,0.029043792094882864,0.03001482544878847,0.032169882201411426,0.034251147127485455,0.03856461480666542,0.04248732122252931,0.058739971019937214
0.12387942842676529,0.08840171746926442,0.07479474699853637,0.06259105822864605,0.05539358111789745,0.05097919555241851,0.04797312137129292,0.04556893265086117,0.04192911834677657,0.03888951294221397,0.03498647853414904,0.03155455781537372,0.030503353960624292,0.030057388688912397,0.03030049005883054,0.032982987933789246,0.036012533971320745,0.03955007804392255,0.044249479008615845,0.059402238879788904
0.12305370646724455,0.0876557286339476,0.07361625781787087,0.06148158084474927,0.05464880363520514,0.050052817787018554,0.04743707976324216,0.04522711648417979,0.04195241368902898,0.03869112493502573,0.03542145240530525,0.03331209443484968,0.03085900165998759,0.03066617481849126,0.03170408625228458,0.03265648317376214,0.03630845587618842,0.04052381830681266,0.044680494307416295,0.06005130870738944
0.12363926827999486,0.08625952533180291,0.0721567482392505,0.06102589145023334,0.053108601787850866,0.04909961386851391,0.04722517288655521,0.0444747621708611,0.04146760170562382,0.03909476415102254,0.03600705474475216,0.03341102949937155,0.03163727469370427,0.03122278326797122,0.03193429891376397,0.033842301954486495,0.03756265616845469,0.04060841300127031,0.045354088110472875,0.060868149774043444
0.12132617868957403,0.08606352706955668,0.07203689490248393,0.06009666142692909,0.052416368091003834,0.048210054263124205,0.04673030322327651,0.04377750443254984,0.042217313925077306,0.039021520909234095,0.03626646914308505,0.03385496093658353,0.03254111629871196,0.03155908446479265,0.03215735300525202,0.0344934492108553,0.03766578071530796,0.04191566592148438,0.04603148534828614,0.061618308022831386
0.12090358942740725,0.08510984076774605,0.07095251179498178,0.05986288333690755,0.05242567821145185,0.047908736328543845,0.045682098434484224,0.04313880549002787,0.04167448530988633,0.03907255254128244,0.03640862910143683,0.03371789888483809,0.03315328114947458,0.03237923547072699,0.03333757773965258,0.03499792247480163,0.03801033401243835,0.04263282757881193,0.04695877117735364,0.061672340767746095
0.11981391386304825,0.08386957199853089,0.07009087966619876,0.0589921228678329,0.051737178487396084,0.04790342840563961,0.045290575112823944,0.04388520216071899,0.041047623360048836,0.03907205135816383,0.03650447857812482,0.03456580180887262,0.03301620203829388,0.03315036652059509,0.03384466771650374,0.0356173159389082,0.03910223836668159,0.04315065162011998,0.046417556764153954,0.06292817336734403
0.11751509922346846,0.08372131985223286,0.06952763095068565,0.05827588228888312,0.0506747530931419,0.046665605602419225,0.044318419796108136,0.04325121254513013,0.04203824857384589,0.03955870896403832,0.03717466513650033,0.03448905568074253,0.03345703108639017,0.03359106025448787,0.0343298960436265,0.036442530805766614,0.039548656776430956,0.04361309129899395,0.04763899243572882,0.06416813959137858
0.11586236448271185,0.08257494982700987,0.06943372729661738,0.056957014426722304,0.05026002915808131,0.046227777842871076,0.044157252779809614,0.042727803787202916,0.041470759064196325,0.03991577298207498,0.03701502930035671,0.03534622292374208,0.03454445937870857,0.034822314803500995,0.03498634993380011,0.03752052531413564,0.040106589358137254,0.04388944032217839,0.04811920332489167,0.06406241369325096
0.11585291294741938,0.08180808600234166,0.06879818829594964,0.05702278197743074,0.04884197337719659,0.045656081084476406,0.04353717795603734,0.04204305812159656,0.041396499538531396,0.03993420512657307,0.037547298440386796,0.03594430216061119,0.03485721272949899,0.03486726286291451,0.0357131490920542,0.03748364759542184,0.04001125614942538,0.04414856107214823,0.049083176579169094,0.06545316889081702
0.1155200605804735,0.08213211100165524,0.068583596362491,0.05663001011908354,0.04842752122662056,0.04465799508118721,0.04339310964127514,0.04183503883449602,0.0414195532860216,0.039926820932429975,0.03775724921761391,0.035890914939386016,0.03538998679828177,0.035540767844099104,0.03545700059642281,0.03800184958082868,0.041273798275064846,0.04464794301146607,0.04872908331825524,0.06478558935284773
0.11495380946319834,0.08095904818687905,0.06773495541725562,0.05616554902762053,0.04863404634461689,0.04463633744883537,0.0422497705546214,0.041437500418695955,0.041120966283252826,0.04024003001212543,0.03859539233484957,0.03651866044093707,0.035445124034487144,0.035570732818393146,0.03628586549476462,0.03802596584780905,0.0410305279588405,0.044957895935634706,0.04940779645347784,0.06603002552370489
0.11462319582969235,0.08020878322502452,0.06660071045221856,0.054939517816547975,0.048064335767352015,0.044222469976530294,0.04207470796797944,0.04108034270447263,0.04017302625191256,0.04035214592059141,0.0382144280056113,0.03642323131882295,0.03590763451552316,0.03643494942798888,0.03671283601678033,0.039356106641489474,0.04205964182762325,0.04564873126358045,0.05026399225935189,0.06663921281090655
0.1145944606482334,0.08082825732435442,0.06570069015862597,0.05473383183704086,0.04678411530102768,0.043189329832868405,0.041655643997361255,0.04055895816520274,0.03963975126160728,0.03993778191523205,0.038877931332397926,0.03670632595177262,0.03632290449289581,0.03650540641000312,0.037913517531904334,0.03967156352238746,0.04199888154788416,0.04608591989337868,0.05031527624762663,0.06797945262819503
0.11397901984432993,0.08026389964586994,0.06481901228331073,0.053566141354258835,0.04563041670918347,0.04210082585734765,0.04143003631631157,0.040448107486914596,0.04008009327487483,0.040056674188654134,0.03897103226313685,0.038255077341532245,0.036990446685613826,0.037151034705412984,0.03811121724046215,0.04028417388336959,0.04282012636269809,0.04673445934530269,0.050643773952288626,0.06766443125912716
0.11419013289397757,0.0796310080372003,0.064720788833226,0.05257382766436117,0.04543318084118792,0.041079209494099655,0.040359959521280596,0.03997691709389557,0.03984477581981953,0.03939817176692954,0.038754192140103214,0.038023233446796395,0.03750637707097995,0.037830875895926215,0.03869397586330905,0.04071623915897936,0.043459425101824066,0.04729319472438509,0.05181443350701269,0.06870008112470623
0.11445212947417005,0.07916714047773535,0.06491100155855972,0.05246928032000642,0.04473166685619109,0.0411446383539469,0.03956935590680751,0.039642935978648396,0.039131220024482084,0.039378716629765144,0.03873823554987726,0.03778503916466551,0.03759941671070323,0.03765627403894392,0.03900747172184056,0.04146069820799081,0.044340354655946254,0.04781868532478911,0.052434162558446,0.0685615764864847
0.1140155747191801,0.07876338870565253,0.06437450241849701,0.051860536685555264,0.04400627538083801,0.04021294815786128,0.03893345286439691,0.03896021355027329,0.03914252072280612,0.039219457694700706,0.03908398172245153,0.038338027603647476,0.03796337800137819,0.038272798431823796,0.04007078201414305,0.041880473396533155,0.04479571561419119,0.04833314377847505,0.05245930703203923,0.06931352150555618
0.11352802897847528,0.0781950358466416,0.06381287802103112,0.05126446204940729,0.0440081313735496,0.03987719283569102,0.03847177024686918,0.03876289349741084,0.0390674017249889,0.03913767285443001,0.03924977203710986,0.03884320335962922,0.038756201008892634,0.03894693693166133,0.03967809130227464,0.04222291006131993,0.045324878489505345,0.04865439152730954,0.052286739670562236,0.06991140818324033
0.1124217794720564,0.07770951225183123,0.0625596951636672,0.05156993053197486,0.04387542257066819,0.039698642922976306,0.03769974357215859,0.03787705179909306,0.038485921559509494,0.03915835464656282,0.03887231967669684,0.03977558800258938,0.03921857253495565,0.03955980723584838,0.04054671151784206,0.042274630370892026,0.04587097648324187,0.04919132394045789,0.053523666466497956,0.07011034928047989
0.11153885406157822,0.07696528924513689,0.06268413999407738,0.04992546565146032,0.04254397191953972,0.03852698043034175,0.03732238489838736,0.03805685356300954,0.038443327962844935,0.03908243281452072,0.03990557309468958,0.039351793759860546,0.03904060658077232,0.04024687516207668,0.04157862244462624,0.04316132712966634,0.04613433582450382,0.049977330181308365,0.05416831880289971,0.07134551647869959
0.11113729619508446,0.07659638478702332,0.06210043372527389,0.05015334988007789,0.042028731165542656,0.038555586197675094,0.03630255471707573,0.03714994860480858,0.0381862093748172,0.03908207352437301,0.039725558034781595,0.039638645841167955,0.039210770426454745,0.040527824437368895,0.04197357535036478,0.043663348960814294,0.04662672048537118,0.05041408646091877,0.054908449703746406,0.07201845212725952
0.11071324137585321,0.07694852664733945,0.06128010827700869,0.049899325775108,0.04189885791149022,0.03755608097382469,0.036401460402863996,0.03740736718103818,0.03787188891580962,0.03865221859256597,0.039487689338557806,0.0398268904614305,0.04026133524934625,0.04045182257943238,0.04184204590076278,0.04402262454780148,0.046579165030536426,0.05077824099989139,0.05474505610186059,0.0733760537374784
0.10976252327178262,0.07650039225394638,0.061514451505201344,0.04919483395698088,0.04117411893407289,0.03742219739155308,0.035968599611593315,0.036965543543533486,0.03820168711015059,0.03889419514341107,0.03971048480580501,0.039769030170935735,0.03993462991801976,0.040687356041128935,0.04154546382147345,0.04480560429689526,0.0476425454186579,0.05117868547255309,0.055221661116008465,0.07390599621629666
0.10983403169549845,0.07621566850481383,0.0611838827152856,0.04874211207458709,0.04057077312537412,0.036504332297773154,0.03529877973334046,0.03629365320884319,0.037810208237886785,0.03895891088943361,0.03977654640123332,0.040134366441162,0.040313276461126375,0.04102390037219973,0.0422495176117686,0.04443823925787454,0.0475883932542562,0.05149097256824497,0.05633826366989596,0.07523417147940191
0.10977026966017832,0.07634658698534738,0.06054353405824608,0.04818167073266573,0.04029770135891877,0.035881675247345965,0.03495867395480973,0.035829840029830334,0.037486894886539404,0.038642318606000495,0.039404797934617396,0.039896396449120373,0.04137119199262939,0.04153338606033953,0.042999821084894384,0.045161851286433054,0.04797265775881241,0.05222147349130258,0.056542189686798236,0.0749570687351705
0.10974058216458497,0.07466726406719416,0.06029454298023732,0.047958110631667474,0.039470230562052476,0.03570526977482125,0.034650345149269325,0.035150222269776495,0.03683208308325545,0.03860923819729933,0.03977784725159534,0.04048168761190812,0.041611844580011284,0.04148645734242586,0.042810546571327796,0.045321634982704945,0.04904814368374331,0.05319762533290312,0.05746915055997941,0.07571717320324269
0.10892629981227671,0.07479008593813992,0.060312158884425655,0.047883641664201025,0.03955728735701355,0.03528796214108164,0.03399746916273417,0.035120799838186896,0.03693451082459492,0.038636223068063476,0.03966761447692408,0.04023262306070833,0.04173541216373213,0.04186747038301899,0.042893846922792744,0.04592784272033243,0.04907049401475375,0.05314089609024089,0.05810561648621496,0.07591174499056366
0.10822443502470594,0.07416455558621153,0.059603534910164103,0.04764938506943574,0.03960804969608801,0.03533070806892573,0.0341367980134942,0.03507654234283946,0.037012883861312455,0.03909470181511116,0.03945086826021888,0.04018661115152124,0.04121497905640973,0.04214970695695069,0.043356994155860445,0.046532393589004,0.04922788799986622,0.053446704624311295,0.05774411196669089,0.07678814785087829
0.10962420717491034,0.07400870749663649,0.059331311054843856,0.04766560538828582,0.03854195392213391,0.03456592042919101,0.033255617672374164,0.034514109988551575,0.03624056757502068,0.038160896487753504,0.03962328795741517,0.04066283937927748,0.041986512572388376,0.042581496987473585,0.04370795624524722,0.04676310093843748,0.05035974830153677,0.053510157353322145,0.05767337695438175,0.07722262612081862
0.10984815574729159,0.07428472134039983,0.05874775274515963,0.04676462135844466,0.03845896796701131,0.034443984040313576,0.033316179566522074,0.03448241293349463,0.036195004912215036,0.03793934249834589,0.039316099367092835,0.0406778188428559,0.041516571207068254,0.04263769239508912,0.044032828299705284,0.046752925608346076,0.049863995134567976,0.053792096346247674,0.05898166774713119,0.07794716194269753
0.10880146404425527,0.07437438323295299,0.058406482670411375,0.046557876334345764,0.037596282449669324,0.03433691385214956,0.0328524985431357,0.034612424005116146,0.03576622713057011,0.03801539183387906,0.03920926916340089,0.04096251559137003,0.04146344314221834,0.043437097692560725,0.04442058545072626,0.04727754224906452,0.050283107554154424,0.05415694728071478,0.05874210412947976,0.07872744364982492
0.10990430174355272,0.07390217660070704,0.05918155269084519,0.04552015878425791,0.03721673115606434,0.03363807079799781,0.032755936031863775,0.033848580230825265,0.03544744949444322,0.03771961480115212,0.039784612094602254,0.040790379384777815,0.041874670034817575,0.043597171822477056,0.04517098043932984,0.047242660571917366,0.050460447616565436,0.05435320141408875,0.0588691299611727,0.07872217432854177
0.10879652829281003,0.07449705011792848,0.05847481408727376,0.04528052276052839,0.03712909325368986,0.033295582860617234,0.03260404765245511,0.0336530430889909,0.036008271696499554,0.03751829060514341,0.03932229549600112,0.040428083679100946,0.04216193282420307,0.043204246761143074,0.0452571375119432,0.04775601836076088,0.05080278217643166,0.055033841795452586,0.05997481074652396,0.0788016062325028
0.10914194534715668,0.07470113031637161,0.05866617655658683,0.046149990392728546,0.03654104811154461,0.03325786751990376,0.03216013232972156,0.03371567488993409,0.035419921303915594,0.03667137283731963,0.038955397198018396,0.04083675157266856,0.04293531382361049,0.04334132546929434,0.044693026791756116,0.0476838121653119,0.05088010960643604,0.05583579084552343,0.060052965305218864,0.07836024761697896
0.10844402910353111,0.07394699953274148,0.058869568119618194,0.04585808691008611,0.03777117682397705,0.033235431546625734,0.03189873840197584,0.032713103264134576,0.03438689006074361,0.03621754222014552,0.03929977972097991,0.04051465189239704,0.042473800146852675,0.043957345971563984,0.04599993324878177,0.048125959548761754,0.05129997997463453,0.056126093051198186,0.059989319805086434,0.07887157065616449
0.10820031293677979,0.07319113690900622,0.057748024106485336,0.0453441052162253,0.03723012542519492,0.03291012836419562,0.03215032988613042,0.03353800578782752,0.03489228395422506,0.0368276827148351,0.03850090925334354,0.040324425600700015,0.041636956597973084,0.044023224785127324,0.04616902927812467,0.0484517644858502,0.0522307182349965,0.05602136119149758,0.060919139073179446,0.07969033619830239
