0.04997528015820697,0.04651450230718519,0.049604482531311785,0.05009887936717204,0.04589650626235991,0.04639090309822016,0.045814106789716535,0.047297297297297286,0.0465557020435069,0.04775049439683585,0.04346572181938033,0.0439601186552406,0.046761700725115346,0.04527851021753461,0.051499670402109406,0.047915293342122585,0.04931608437705999,0.04960448253131177,0.04643210283454182,0.04972808174027682
0.05047685861094782,0.039961320414857525,0.03860374281867995,0.034788873931097246,0.029100699645437142,0.025676418725469746,0.024823192582620737,0.024235414573102524,0.023628675982632113,0.021175176807417376,0.019017462695056987,0.017868451489353634,0.016833203769363494,0.015725905841754994,0.01532394152556834,0.014015661439866517,0.01309038508939914,0.0112891298989401,0.010348685083710965,0.010542083009423407
0.050774859036745244,0.038414096091414864,0.035347896610562264,0.032700666371749766,0.029400405861824415,0.025404984095553064,0.02404977073722202,0.023778259943497665,0.021381475005793005,0.019855397096238892,0.017760550886038035,0.016197023211832248,0.015183538955947377,0.01428474460430813,0.014752866662453566,0.014214526295586316,0.012913146973941985,0.012304588298352915,0.01134961929973622,0.013362544149761612
0.048587464481130965,0.036788937682486735,0.03319008367971571,0.03072626791599152,0.027172424050286116,0.024673382961901847,0.023158694001518616,0.021379815106184776,0.020103875568497603,0.018092118137911055,0.01662635323955569,0.015176244041049244,0.014211461537859398,0.014463909697923267,0.014463909697923275,0.014456081847998806,0.014285826112141783,0.013947271602908835,0.013861165253739755,0.016914026724279642
0.04586968874077536,0.0345316819292564,0.031368195017203095,0.02836680412874259,0.02561640063165161,0.023455120317080743,0.021747011681371504,0.019341715847413617,0.01847023184960278,0.01700439576528496,0.015366005849400594,0.013924571317021473,0.013738073741489958,0.014006490812815693,0.014822199834766629,0.015198680921820912,0.015313716809531946,0.01608585163159234,0.01668543262208619,0.02171040935346345
0.04356407949983633,0.033103742010126586,0.029405594739000115,0.026546562963857642,0.0237812959884558,0.021093901473855522,0.019646109396504324,0.01768340553752658,0.016154562531586023,0.01507547271762174,0.014101272340655462,0.013127071963689185,0.012790154378180457,0.01359589596239237,0.015137452839484204,0.015940015955908292,0.017076318190053306,0.01831274215951458,0.019839995931561237,0.0260872743685179
0.041800865851914844,0.03170515634420046,0.02822199653010656,0.02486265619311122,0.02193668402596083,0.019168434287971686,0.017775465170612927,0.015868055606737548,0.01475810243703264,0.013104227992930501,0.012666437698903465,0.012322986054094372,0.012297927350395853,0.0137439619579397,0.015082391543719332,0.016752480443155807,0.018344445148708685,0.020481805170052794,0.02221380380803854,0.030710178403229937
0.040449207704505406,0.030271065967332367,0.026528592497310967,0.02353599982257904,0.020286978410086382,0.017582694802674624,0.015933234273294815,0.014314267972189267,0.013080637828367395,0.0120133398387687,0.011368802741153903,0.011382663754005831,0.011999478825916766,0.013087568334793362,0.014843758663133035,0.017123895277275702,0.019505217285237467,0.022389694059724335,0.0250135837925949,0.03438501458178553
0.03926989400411328,0.029605020302694737,0.025686863892843963,0.022132573959816482,0.01909244317882191,0.016202605073036964,0.014196066023308546,0.012886937720824767,0.011622633549543846,0.01067473501028318,0.010177714496651374,0.01034778252386226,0.011303591203923427,0.012603491008806627,0.014391182829721034,0.01696329694668565,0.02014185519168907,0.023619680430311672,0.02768944787217211,0.03857116490006855
0.03828019387385012,0.02835823545375459,0.024451083882651038,0.021117133385919046,0.018017789523609034,0.01493493153290707,0.01281713110325989,0.011472898495220362,0.010435556727884194,0.009650575610547912,0.008955632715070877,0.009578291404266543,0.01049389135049724,0.011967474643461325,0.014116978672354718,0.016947476013056816,0.02039555946707517,0.024534781384661045,0.028682880310035838,0.041799293390179994
0.03763660032834573,0.027574391987674095,0.02401136031942893,0.019942139223030016,0.016746125680307502,0.013732389595898268,0.011559839349515788,0.010472332621876494,0.009155747466897547,0.008458659349294108,0.00829239274880565,0.008675421732153127,0.009966143193722752,0.011610335131886362,0.013871560898529343,0.01667469262231987,0.02035718992202712,0.02505206607804184,0.030662024338967107,0.04420844166320793
0.03689840604289956,0.027228994723801754,0.02313493509094023,0.019466686610229607,0.015536678866015436,0.012622345314750436,0.010779174095241775,0.009434189861110776,0.008238782348981795,0.007616350183231484,0.007498136322294412,0.007845540321782956,0.00902647266726658,0.011016808081003025,0.013470348827390875,0.01632919423984869,0.02059816213634159,0.025608982323408993,0.03210471335551251,0.046032236196119215
0.0366125683553385,0.026488139071935233,0.022555480067084435,0.018451784246559078,0.014844570293755728,0.011851426019450695,0.009714653579182924,0.008433065217288021,0.007455542305481257,0.007055268646576175,0.006923427767827022,0.00727262793316261,0.008126624255871075,0.010066229255847318,0.012529634503826947,0.016135660700965875,0.020177593226942094,0.02615913075289455,0.03248392966586057,0.047511414331934926
0.03617232913821323,0.02591732979664014,0.021712803581842466,0.017164954756664217,0.013708213405572168,0.011059220798765918,0.009092170363263537,0.007778843802321424,0.006657166506762986,0.006250352728709295,0.0062115525706868315,0.006704197001335668,0.007373205786632052,0.00941903230054367,0.011938691047275055,0.015482438813326558,0.020231343002803024,0.026331198148879745,0.032944861448162985,0.04899989653291192
0.03538472852408574,0.02530148750567604,0.02117620691305511,0.0169505374888084,0.013084400159221361,0.010487130968903975,0.008185191713485602,0.007089085749571887,0.006050178073444935,0.005642786186963689,0.005391814107899317,0.005948621929823534,0.006992198853933083,0.008795695887209645,0.011363782277635822,0.014992955272106262,0.02000889491740684,0.026608876940802103,0.03336060952363163,0.049292083640239105
0.034779618325754526,0.024826485302079388,0.02083221994251419,0.016159463899416082,0.0126578013648816,0.0098404385094582,0.007756170896002716,0.006314378193495321,0.005473235633773036,0.005014324983095821,0.0049597204246608125,0.005231581417720227,0.006286495014719993,0.007998986911171166,0.010616520318704734,0.014593358691535364,0.019251011346130165,0.026418150090504147,0.03369101255440124,0.050171133009733526
0.03401999488734225,0.024214565059726724,0.020089737554090655,0.01564565811588151,0.011989298119999395,0.008964501729859652,0.007037423035414986,0.005819407510054698,0.004958815343988172,0.004453333117414153,0.004438295888705999,0.0046384067015144805,0.005756945175420841,0.0074121970432181545,0.00999975709092087,0.013867794998617722,0.019112317688060793,0.02590451822454284,0.03420159834174067,0.0502104633664191
0.03328297447843987,0.02357832339610891,0.01950848219949026,0.015017702482960643,0.011479512403270642,0.008434915985284456,0.006625456977776752,0.005376480492671058,0.004271661034932133,0.0040167914105476805,0.0037665348110389675,0.004347775945381786,0.005250775564807233,0.006871100552409729,0.00943363587088143,0.013283205129683662,0.018705815871112086,0.026030146117562936,0.03434051043120251,0.05100390953858221
0.03205110509946816,0.023131406540422166,0.018636476563793955,0.014400338614991083,0.010766898544323597,0.00801450155505254,0.006265067446953387,0.004782476674211892,0.0038416238797180638,0.003419505327665213,0.0035701797971990647,0.003962393492703215,0.004904396473987376,0.0065135077936656904,0.008827683615819213,0.012701512725666652,0.018037229246029556,0.025745781114853056,0.034223807946410514,0.05180096247630614
0.03128479819629111,0.022356944256303,0.018097932025705605,0.013620803265778431,0.010250328896766595,0.007527316225344221,0.005665289853907844,0.004438097380994473,0.0035036402500763413,0.003156949766615315,0.0032522322504804323,0.0036861693456733723,0.004519604084059815,0.005915549871770441,0.008478993082262076,0.012329323815799443,0.017464246108915914,0.025477158607452234,0.034597873478637214,0.05158341120476089
0.030280980826017857,0.02136260976082081,0.017219113708944613,0.01323947825867746,0.009674650764931085,0.007214449984129587,0.005210308779834375,0.004003698895258698,0.0032577321005210305,0.0028899051556503835,0.0029128227223089893,0.003255440343855169,0.003936092073615808,0.005488757214736452,0.008139173798804389,0.01170973068421541,0.017096504727321073,0.02542245669439312,0.034285825599609486,0.051502647551888235
0.02942264204952054,0.02055703449262917,0.016652640618291123,0.012573064262201231,0.009282381565764988,0.006495491627307858,0.004860455130957493,0.003752111063403463,0.0029643623872906825,0.0024846142836696724,0.0025613281809073996,0.002910548160870186,0.00364219264348075,0.005136396164305138,0.0077423787033061384,0.011294117647058823,0.01687705739229999,0.024769428939458993,0.03405868040646915,0.051104050379275796
0.02812621078485716,0.01980801166696573,0.015763204483918495,0.012088704598782335,0.00872850874736699,0.006095212406665991,0.004599125206154875,0.003497346702493516,0.0027510174878764347,0.0022195579399485,0.0024012828176270848,0.002719015622624861,0.0033133359772969636,0.004801422711495183,0.0072781384972152655,0.011230368855784736,0.016606682218049285,0.024423137805746405,0.033027067863384045,0.050772102145382206
0.026768849755479596,0.018889415148281505,0.015151705365753452,0.011584047112262538,0.00821839637984262,0.005979194366615117,0.004290091930541368,0.0031488065007618084,0.0024491985323069386,0.0020885523364965975,0.0021319211828282193,0.0023122442807333907,0.0029776136862948743,0.0044955233079016915,0.007025753105722973,0.01061053064066057,0.01613435212079365,0.023881397618137307,0.03267386056915905,0.050368349872461374
0.025803154555420323,0.018291493514419315,0.014603536013195886,0.010774128858352997,0.007769464441952599,0.005659126867791345,0.003912679934796272,0.0029487689887604546,0.002259772288872133,0.0018981630937320694,0.0019095703238626708,0.00207041226870415,0.0028016157200756965,0.004136261645356061,0.006461055145972622,0.010273351455619598,0.015598246480584315,0.023214854038786866,0.03204975377493763,0.04993857206574673
0.024609072258946884,0.017368361066788233,0.014072258946888535,0.010322543879644406,0.007450421700478687,0.005157282881240026,0.00380898108046501,0.0026008661955778433,0.0020743104627307953,0.001788237975837702,0.0016571689081376793,0.0018942329610211989,0.002615682698883064,0.003929792568953727,0.00616708456804194,0.00991907909733303,0.01543309778892182,0.022761568269888323,0.03162297697743333,0.049661499886026896
0.023524172781660822,0.01677613483775667,0.013223876551336907,0.009655673533910458,0.007079460566971856,0.004974756074088333,0.003392810976352825,0.0024053765632954566,0.0018541444342069144,0.0015398054515035316,0.001605862194245546,0.0018028935131139724,0.002487378037044165,0.003644509944387057,0.005774270443138243,0.009500781861274005,0.014961852231066485,0.02236817978367556,0.031342785521728686,0.049172411515284724
0.022378357948995842,0.015535530111402289,0.012597360314558338,0.00917993074070111,0.006709636878186052,0.004649161352309441,0.003166985034800407,0.0022881523795646374,0.0016677329532647745,0.0014286722568923492,0.001378583349080984,0.0016893622543651366,0.0022483089301692334,0.003436782106420715,0.005505226322176407,0.009103658994715623,0.01447910951028986,0.021861531491124023,0.030920793499370477,0.048105842415742485
0.02126159162229822,0.015020626917245513,0.01175285006329683,0.008896815367764226,0.006288735894703197,0.004419972451947302,0.0030857913695658853,0.002114443846672679,0.0015423269801442463,0.0013421429473231643,0.0013000588040596403,0.0016060218996782267,0.0020973827075117923,0.0032780135374452205,0.005331037283138703,0.008961647696575599,0.014304059072488235,0.021191072247099894,0.03013907103234677,0.046647429284421706
0.02013787459436112,0.014095489238848126,0.011563052336650437,0.008356587120716996,0.006062844899606154,0.004183976767051039,0.002830236932887012,0.0019982154730985415,0.001429894803844121,0.001157100882601999,0.0011502810345709463,0.0014242115971515772,0.0020345879959308244,0.0031655461277471206,0.005129662360690394,0.008691896315577095,0.014027290758537599,0.021072193774615385,0.0294310541780094,0.04550429934586293
0.018937779762655576,0.013488835630526361,0.010683112364159924,0.008027391313735316,0.005694402303670393,0.003843238593297401,0.0026659484742388227,0.0018523000907967977,0.0013659292694096626,0.0010750158809164235,0.0010806977830354315,0.0012966100635577575,0.0019318467204629162,0.0029148157870514,0.0048296168011572925,0.008495580048341623,0.013752475888848361,0.020778716049214364,0.028935654731263073,0.044092696823930355
0.018039404547447423,0.012521495764454127,0.010148726837390931,0.0075533333484778566,0.005413411539676013,0.003548362914382682,0.002582899253299045,0.0016708200534753285,0.0012039899773513582,0.0010199839619448306,0.0010143047639384558,0.0011596922329016387,0.0017003518831084754,0.002818018050762945,0.004708055147284321,0.008429065681060778,0.013364288748600078,0.020086187508944742,0.028117709329559315,0.04369234194224031
0.016706955597476713,0.011746369175167796,0.009597878280163664,0.007324607026949154,0.005051335773734641,0.003629974057029162,0.002291421123499657,0.0016244133905205494,0.0011547854968924024,0.0009347183196850092,0.0009324495858993659,0.001075379814394889,0.0016845348358400952,0.002582953414954812,0.004734847410637414,0.008259325346634165,0.012949932448451535,0.01980264284798689,0.02747550051103228,0.04207253368786078
0.01582519604330414,0.011392961943334523,0.008952908788273229,0.006787248227786675,0.004923192750593004,0.0033426006975467927,0.0022042115861706114,0.001500088440588334,0.0010941688172091783,0.0009445001292593226,0.0007948314413094659,0.0010136652047513016,0.001500088440588334,0.0024944781324976067,0.004512737712427491,0.00762629996326314,0.012427036514624446,0.01903967127313628,0.026535578061291577,0.040928716885802796
0.014771521106061019,0.010587050594671105,0.008379147048417383,0.006470620254198082,0.0047072458246015135,0.003064075696958151,0.0020548131616906617,0.0014129675493744843,0.0010342105979370222,0.0008040080196681456,0.0007348338459026206,0.0009639024213228828,0.0013857514810077204,0.0023938800134265937,0.004261582705095756,0.007335864427691446,0.012198468642553226,0.018458164366908888,0.02607752950675412,0.039802365983543336
0.01408040572235304,0.010231436684062761,0.007964204701248853,0.0059179173644363,0.004171888136292254,0.0029617913058848327,0.0019341154396118633,0.0013551271621416452,0.0009449632552057958,0.0007160872629377258,0.0007534778953379549,0.0008214608633383715,0.0012894102930745756,0.002232107449347024,0.004182085581492318,0.007105353205510249,0.011579765549404366,0.017601923464774627,0.025170693902154383,0.039231837783573954
0.013526125742453146,0.009481426778602848,0.007570643482042945,0.005642870411061929,0.004010719415008086,0.0028225678571590367,0.0018960588253949552,0.0013070799787967605,0.0008823356182692177,0.0006705297638194821,0.0006501420345141606,0.0008098459140725167,0.0011926821643613427,0.0022573746947503856,0.003999392898727352,0.006960144254511353,0.011264220441190461,0.017336365819292217,0.024570611767797363,0.03800839068326079
0.012828437899084316,0.008821744604153647,0.007143892255160357,0.005351692343921241,0.0038278129500312476,0.002567725457163819,0.0017740854459328502,0.0012351801030713074,0.0008423226367415701,0.0006600458295972247,0.000681556757148421,0.0007891113949044011,0.0012000833265404087,0.0021341104438949723,0.003862909726562146,0.006488375041889704,0.01090830457661966,0.01732875037361084,0.0238261826481537,0.03639988587886857
0.011886120593513468,0.008492835832724765,0.0067333548456491345,0.005036146351681075,0.0034782017968444825,0.002490899724302688,0.0017141919011792145,0.0011786484604541366,0.0007721789145338337,0.0006329149754023654,0.0006114026596015696,0.0007506665987330377,0.0012126152748764456,0.002034612183896333,0.0036367135974819265,0.006296315166748752,0.010776537989051361,0.016709408241481413,0.023244623336333734,0.0355349490214727
0.011269643748818179,0.007898827970637555,0.006323817978212551,0.0047578662747446996,0.003293820322044819,0.002323451117509786,0.001631624298407213,0.0010586875218672755,0.0007110756831365225,0.0005299099039934601,0.0005276453317541714,0.0007133402553758108,0.0011990910007031493,0.0020188661513255105,0.003502160968059341,0.006185679071615963,0.010466852889990476,0.01601618716236643,0.022697807554386534,0.034644558402751914
0.010582933236706225,0.007512002898813296,0.005811214783947819,0.0046596159072379755,0.003219268049642178,0.0020948455476039484,0.0014528036959869537,0.0010270404927982602,0.0007541443971374216,0.0005027629314249476,0.0005061599782588999,0.0007258356735211515,0.001107437267868465,0.0018128906603859035,0.003331370595162605,0.00596181719358638,0.009987317691819915,0.015844958782498416,0.02206721623335447,0.033390705679862305
0.009811309653124777,0.007153396335723082,0.005590783184879429,0.004230710044174092,0.0030516782533130593,0.002093290607574773,0.0013216018538634243,0.000984412339778407,0.0007162448403215305,0.000488811644579622,0.00044581432399159966,0.0006245926569628508,0.0010059110000724177,0.00176515316098197,0.0032214045187920937,0.0057978492287638515,0.009804520602505615,0.015337596857122169,0.02103247881816207,0.032749248678398145
0.009402310760397176,0.00657324685137969,0.005359498121121489,0.003970417561236053,0.002829063909017485,0.001964847664919381,0.0012363721921455862,0.000844986301493828,0.0006470310099792093,0.0004864044305787761,0.0004343704682377908,0.0005757671050339466,0.0009128566871559826,0.0016549062370622074,0.0030338062390983197,0.005641160221619435,0.009587823147873733,0.014692807322762146,0.02040636262242121,0.03187419545313662
0.009068319191275426,0.006277197895019938,0.004948307755588174,0.003975370332075628,0.002667950356461216,0.0018543441486458517,0.0012158892772351838,0.0007627558198269044,0.0005051138540187056,0.00043053328496896393,0.00042149321599323767,0.0005152839316163977,0.0008610665699379275,0.00154924182071509,0.0028815219860127495,0.005559642420071665,0.00919375014831363,0.014295739076489155,0.019828261289633636,0.030887655672812774
0.008444246495129011,0.006091839941398965,0.004877767553745876,0.003513349144158096,0.002587534166981301,0.0017985001571285489,0.0011078127932030032,0.0007053828397537488,0.0005267762873802035,0.00036625647448752346,0.00039564742614392966,0.0004815594386780399,0.0007788602188947644,0.0014017223097670649,0.0028384876772783053,0.005246284870668508,0.008949544779375691,0.013795660539030054,0.019301942289736,0.02981825087664166
0.00788992297636413,0.005752197890973759,0.004458490056527687,0.003463069443298874,0.002395336776441635,0.0016789954951850342,0.0010394857709086344,0.000660977365197338,0.00045985946604327604,0.0003943266674425148,0.0003649498956559664,0.00046776859690888546,0.0007660558181261455,0.0014236435558096516,0.0027828841888564854,0.005057324250638094,0.008727160972280755,0.013492977256729256,0.01848476870876659,0.02872596330389254
0.0077993931418700495,0.005334879871935751,0.004415774693744659,0.0032841335087885892,0.002342418117111862,0.0016415014990571544,0.0009812832652765905,0.0006376080202949274,0.00046011784443268763,0.0003368921809359726,0.0003188040101474641,0.00040698384274144345,0.0007303098955860341,0.0014628808125206328,0.002808188514915959,0.004982160541559838,0.008286643242485497,0.012964696412663526,0.01808025721378862,0.027965442549708553
0.0073029639980254305,0.005155564994120352,0.004224761848819042,0.0031053129204287556,0.0021473990039050806,0.0014933516481654475,0.0008811000647269655,0.0006393623546608488,0.00043603157049308764,0.0003321069474740101,0.0003004777143812473,0.0004055319528679236,0.0006653435104156186,0.0014097601035631452,0.002632004039504911,0.004657404572909334,0.007937807890815884,0.012474343608692165,0.017440133204255946,0.02697408775078875
0.007237682000273165,0.005108819203561499,0.003987949236894118,0.002745171962673786,0.002150309452670051,0.0013635558104070453,0.000893986922054951,0.0005689007685804234,0.0003815247217860775,0.00027542021336036357,0.0002596174142331296,0.00033637386713683754,0.0006998382470632189,0.0013895175518303588,0.002469751749313424,0.004536532120882382,0.007376520878319577,0.012151223757476695,0.016846912640997653,0.02611976941458532
0.006953510749312218,0.004892416528507472,0.003853399167882618,0.0027861476398494773,0.0019131471835853336,0.0014004147034508935,0.0008074971878769262,0.0005511309478097066,0.00036817354300402517,0.00025523687337088835,0.0002642718069415393,0.000364785442915031,0.0006166342161969257,0.001286348667121425,0.002419103463541784,0.004455351617027236,0.007240369890180384,0.011503729168831286,0.01646842516590397,0.024888983253750625
0.0065233611734148485,0.004709372350836953,0.003637008081111377,0.0026820394788083894,0.0018625274158391588,0.0011999191775981977,0.0008262848899359174,0.0005034468045237974,0.0003239668899065691,0.0002720418831619622,0.0002517234022618987,0.0003533158067622163,0.0006592218247576174,0.0012371697259149815,0.0022914731237293896,0.004327836431713537,0.007228863982444838,0.011108565029862521,0.015483811250342875,0.024031118882302943
0.006306051123251251,0.004459827136558506,0.003569441607523927,0.0025063957667754164,0.0016859771614419039,0.0011826667103019524,0.0006849987530088597,0.0004976679572930923,0.000331778638195395,0.0002685827071105579,0.0002290852501825347,0.0003216221492710461,0.0006556577850051852,0.0011984656930731613,0.0021994441015062067,0.004134819490979345,0.007079072780271133,0.010666570368105015,0.014959379686796451,0.02308682782381425
0.00603514270938953,0.004216131501751262,0.0033444513948010803,0.0024005076520415614,0.001602220300210242,0.001038789764759283,0.0006616639153792826,0.0004380982920941327,0.00029244190116592866,0.00021792002673754537,0.00024050241292796447,0.00030599133288018016,0.0006289194554031747,0.001155089053639942,0.00214081021085174,0.003899978095085395,0.006832300941911329,0.010237724779426548,0.014469663951511096,0.02222671360792011
0.005987976648471016,0.004042392075918425,0.0032050233097734027,0.002295428666225035,0.0015889693028735728,0.0010134193423156743,0.0006861458353317704,0.0004040135017249569,0.0002629473349215503,0.0002053923388657603,0.00022570586688545086,0.00031598821363963117,0.0006015061352497262,0.001075488455709173,0.002064080152667449,0.003915996790462573,0.006402146914205817,0.009964914022992662,0.01400504904024223,0.021682434102350833
0.005591669282058112,0.003894863521724307,0.0031983038716072343,0.0021856393559589156,0.0014360192462705263,0.0009618619479736548,0.0006683360014089246,0.0004075494873456451,0.00028562332492644945,0.00018514713552544537,0.0002449812707867174,0.00030481540604798945,0.0005746334876978762,0.001083788110392851,0.002036618490779898,0.003634077007661026,0.0061313054453578835,0.009494435425420698,0.013774269515524129,0.020652937178673763
0.005574174981505874,0.0038826389765981633,0.0029703372246179392,0.0021414845822131613,0.001473891705609584,0.0009686862854771483,0.0006078252710968371,0.00045445933998520426,0.0002819226674846181,0.0002063673925987404,0.000205239701928802,0.00030785955289320296,0.0005480576655900978,0.0010126662216047486,0.0019497771683236213,0.003503734911498837,0.005936163686556123,0.009306831099002218,0.012890632048066694,0.02034353968569004
0.005407399968178491,0.003624492633094597,0.002823312754670822,0.0020841961062657913,0.0013586205262284858,0.0008937105122699006,0.0005924217410880028,0.00039946151684791054,0.0002471244977109955,0.0002144002491556581,0.0001974739136960009,0.00031482983954962435,0.0005134321756096024,0.0009659295435644384,0.0018348147638268407,0.0035071367072409725,0.005741412987915725,0.008912279830691509,0.012695880017106888,0.01937162672239568
0.0049100869922164845,0.0035444197098154365,0.002892598331427488,0.0019069722333114548,0.0013464960653896381,0.0008852591384680621,0.0005480712627967876,0.00039582924535323523,0.0002447149465574134,0.00020411707523913274,0.00016464692256858227,0.00027516335004612363,0.00044995974044427587,0.0009371341962636428,0.0017953280871861835,0.0032726395157125047,0.005593484492740876,0.008684561306168846,0.011952689947290424,0.018534055975442793
0.0046885533462449865,0.003451875534071207,0.002654855285022107,0.0019175833714745666,0.0012998081289301439,0.0007801103427750735,0.0005377350195140319,0.00035398070466961427,0.00025364859411039254,0.00013753390436207949,0.0001668444085703915,0.0002547759211953275,0.000481368665267278,0.0009007343408631269,0.0016504068523449527,0.003181317033686788,0.005284909374175642,0.00815733878659022,0.011723074356239871,0.017984248985969287
0.004653255249147035,0.0031942505744689967,0.0026395130938340707,0.0018513799658588406,0.0012323741185649886,0.0007892606431797738,0.0004848315379532896,0.0003111941964537392,0.00021084534324945382,0.0001364293397496466,0.0001420669157723593,0.00022099298009033676,0.0004397309297715881,0.0007926431887934008,0.0016901452916092575,0.0030521836586966384,0.005139214302304865,0.0080560961364564,0.011171420646607417,0.01713935862425105
0.004604487487291166,0.0031707278584455416,0.0023704374995773127,0.001792199536057026,0.0012286147762906655,0.0007811284770361759,0.0004373417735786959,0.0003099716178714984,0.0001871101402424319,0.00011271695195327204,0.00012398864714859925,0.00017471127552757184,0.0004204342307857052,0.0007822556465557082,0.0016163610910099214,0.002970091683968719,0.004876135341498549,0.007657989715705306,0.010541289346670004,0.016430750086228466
0.004397843681565461,0.0029664593977140677,0.0024378615795043815,0.0016680698740945364,0.0011958257678475017,0.0007697917054098433,0.0004643545865722627,0.00027726026285625384,0.0001645528389309475,0.00011496157240381263,0.00012285109207858414,0.00018145895251974332,0.00035502838536471536,0.0007641563342135781,0.001568887341040267,0.00276809433160553,0.00476977818051897,0.007253849803832726,0.009961082126518592,0.015863569917486896
0.004167258606809678,0.002937150614377494,0.002341827956261825,0.00158076205810259,0.0011613301853392777,0.0007813609887768146,0.0004137943475917622,0.00028413126864611465,0.00015672319976908693,0.00010373046315651794,0.00011387800846530776,0.0001882933407297664,0.00037433167139091307,0.0007689584333994054,0.0015074742308724411,0.002893177918039402,0.004616005610465052,0.006974746142241524,0.009657080618864963,0.014839093756553625
0.004072483899482259,0.0028378853751375535,0.002207620009741488,0.0015942669528980912,0.001159056879476123,0.0007339941911857549,0.0004340825861851239,0.00024804719210578516,0.00016799559828982723,0.00010034636407915854,0.00009583641513178067,0.00018378041960564996,0.00036981581368498865,0.0007069344975014873,0.0014443111503977752,0.002700331932242525,0.004417494993956668,0.0065811430014612255,0.009298387242256418,0.014196191799108837
0.004044745774936776,0.0027813966488002126,0.0022922855687437732,0.0016093332311534446,0.0009906189847226038,0.0006547777362045877,0.00035838092962660735,0.0002569523646379451,0.00017130157642529671,0.00009917459687780338,0.00012396824609725425,0.00015552379964928268,0.00035049204123860047,0.0007528253490269619,0.001413238005508697,0.002612349040485775,0.004314094964184447,0.006560174186655608,0.009022634347769249,0.01379315785440267
0.004119481871238311,0.0026764804282368693,0.00213465084659464,0.001579303687032024,0.001065635726057272,0.0006465908105252372,0.00039876854865145286,0.0002241665005131051,0.00015094628677766867,0.00012841699024368833,0.00010588769370970784,0.0001802343722718432,0.0003356865183563077,0.0007502255745815465,0.001392310525799987,0.0024680844352975503,0.004099205504357729,0.006271029690233438,0.008548741569818852,0.013229202924753278
0.003942068825660063,0.002579976453490009,0.0020538415173416103,0.0015592521448166685,0.0010488899904799993,0.000673723108815295,0.0003864331543873682,0.00021518580900287867,0.0001577278181172933,0.00009125680905357681,0.0001351952726719656,0.00018251361810715366,0.00034587457258577846,0.0006906225178992908,0.0013801184085263146,0.0024335149080953796,0.0038091268075326292,0.005928312706665692,0.008112842987590196,0.012816511849302336
0.0036374331080784145,0.0026052494875704133,0.001989995932114771,0.0015302460225435212,0.001050213028726481,0.0006603270760018436,0.00043045212121621844,0.0002467775249904502,0.0001600109979390134,0.00009578123116067705,0.00009916174520164209,0.0001971966523896292,0.000343685594164782,0.0006535660479199131,0.0012541707091980408,0.002349457258470723,0.0038075856481403214,0.005708561377176348,0.007852934117161859,0.01188926788207414
0.003552193693729229,0.002501862309669697,0.0019902201976922016,0.001382786060344468,0.0009928561688373888,0.0006209577174000017,0.00039218382151579094,0.00025131319597132567,0.00015326724059237795,0.00011156953543121625,0.0000969189903745919,0.0001701717156577137,0.0003121693062065346,0.0006468779125001831,0.0011697896745212371,0.002222374988589479,0.0037020800393085403,0.005624682336739396,0.007764788880010911,0.011391362264027616
0.003357488630041019,0.0024068947341152835,0.001973270741305557,0.0014484167655930062,0.0009517201920109568,0.0006374835842345579,0.00039645622199746387,0.00021512255227703264,0.0001779547814647704,0.00010699812809590633,0.00010925072026634642,0.00017007070886823,0.0003232469764581592,0.0006228417351266971,0.0011657164482027703,0.002136583673662468,0.003610905249215536,0.005354411589136197,0.007356966028657478,0.011060227556861058
0.003223578431206853,0.0023740229830663535,0.001889528496726282,0.001414047861294862,0.0009768760922252162,0.0006163220558791157,0.00041013021634368963,0.0002726689899867386,0.00017915028680946872,0.00010591274817666706,0.00010929294226741176,0.00014534834590202182,0.0003075976622577672,0.000575759726790179,0.0011616600358525919,0.002112621306715431,0.0034308970021058594,0.005073671330207779,0.007060098724202075,0.010734369700841557
0.0032903957142680247,0.002277273530606983,0.0019057953965979355,0.0013969829221370574,0.0009816028268360307,0.0006303871365002033,0.00038948919505191133,0.0002330181022420396,0.0001587224754402298,0.00010468929231164093,0.00011594620546343029,0.00016547662333130342,0.00028592559405544944,0.000535829066025173,0.0010907948844083872,0.0019136752358041883,0.0032768874184858766,0.005058856770414132,0.00679242139578969,0.010334971964657795
0.0032325365898146405,0.0023295430875397045,0.0018240018375129635,0.0014074088252414843,0.0010426084577388915,0.0006170080289858668,0.0003377781180579563,0.00026571878620559235,0.00014862237194550077,0.00009232601893584135,0.00010020750835719363,0.00017677054845033048,0.0002612150779648195,0.0004942819794248092,0.0010302232600767666,0.0018983130234857136,0.0030861660719895263,0.004750286266955056,0.0064121546078002,0.009945313722686418
0.003234897711701142,0.0023273698468800064,0.0018251894154777428,0.001408582331130571,0.0009052759346354748,0.0006170288708709458,0.00036143479479849145,0.00020942950726641563,0.000158761078089057,0.00012160423002566076,0.00008782527724075496,0.00014524949697509472,0.00022969687893735914,0.0004774091993600016,0.0009390548874203807,0.0018274413456634026,0.003089648214726047,0.004593937578747183,0.006136509755924546,0.009443469233566822
0.003277957258140828,0.00216052303131069,0.0018000603774945166,0.0013078035658768046,0.0009135475382653646,0.0005812460292785798,0.00036834777436840223,0.00022528915863510838,0.00014305861573329378,0.0001115181335243786,0.000095747892419921,0.0001408057241469427,0.00024556518291226807,0.00042129072664765264,0.0009315706709561733,0.0017606347747333724,0.002900597917427021,0.004309781604689624,0.005885679269342209,0.009147866286378578
0.003266862843544063,0.002114117305367246,0.0018090449998536555,0.0012945872743196664,0.0008184043029829543,0.0005820014094115367,0.0003579815245510033,0.00024315726195917235,0.00013621309581972145,0.00010131552581632179,0.00008893251710543796,0.00013508736775509568,0.0002161397884081531,0.0004671771468197055,0.0009298513813809081,0.0017077294740373344,0.002794057056401226,0.004282269557836531,0.005825642734438494,0.008654597360843124
0.003302790311664941,0.0022735539172354293,0.0016958752844757593,0.0013400342553294507,0.0008625766719179488,0.0005731743159350339,0.0003243108113738504,0.0002083246531394526,0.0001508946136253332,0.00010922968299744265,0.00009121241569889542,0.00012161655426519388,0.000249989583767343,0.00038174085088796966,0.0008659549095364267,0.0017330358982790125,0.0027543897382654075,0.004139467161841231,0.005674313119836222,0.008564958442046895
0.003250957720658615,0.0022577659265398415,0.0017611700294804546,0.0013039865052035587,0.0008580636588645184,0.0005224954563164517,0.00033331606696049493,0.00020494433846895296,0.00012274138952261484,0.00011598498275990211,0.00010472430482204755,0.00013062386407911304,0.00021057467743788034,0.000424527558257117,0.0008456769131328781,0.0015866295214437098,0.0026316204340766126,0.00393673300707396,0.005483950155735175,0.008447760588978495
0.00320903079160223,0.002227961707893722,0.0017898034144808504,0.0013617824594759906,0.000843651829733264,0.0005215097425453957,0.0003300266837274318,0.00019598854255485702,0.00011601620622500167,0.00013178539930412808,0.00008109870726407881,0.00011826894809344827,0.00022189507404199335,0.0004156308747284039,0.0008087343307723418,0.0015588973729650708,0.002612054196463872,0.0039051280289522407,0.005299575245520706,0.008150420080039918
0.003270037563219788,0.0021984107955140258,0.0017864198322994152,0.0013946907197347044,0.0009084063041371322,0.0005549495761333407,0.00032644092713725927,0.00021162377345449907,0.000129450712485465,0.00009793227814117788,0.00009455530303286138,0.00012044544552995439,0.0002093724567156215,0.00044463505592833583,0.0008296102182764142,0.0015117591901563417,0.0025180977724346522,0.0037101699856703675,0.00510823768051339,0.007885236877918972
0.0032854514624650077,0.0023385478709869166,0.0017969775648026569,0.0013049479934876436,0.0009255110014209173,0.00062826659220544,0.0003873184726141067,0.0002195555295341593,0.00013736294668291,0.00009119998919111236,0.00007431110230386936,0.00010245924711594105,0.0002510814517236797,0.0003985777305389354,0.0007239702845664841,0.0013725035410366163,0.0023081478745898792,0.003596206981190282,0.004931554971074962,0.007472769484708795
0.0031504284582703265,0.002177171095268957,0.0018036202923597602,0.0012095394973716434,0.0008303629293583927,0.0005895801829048754,0.0003814268740548717,0.0002239054511413551,0.00015752142291351618,0.00009788831281054225,0.00007763555843594728,0.00011476560812270468,0.0001946514726002736,0.0004028047814502772,0.0007223482393605533,0.0013074278101821847,0.002260432418808959,0.0034395927846187085,0.004796527327716568,0.007214481169439046
0.003105439753455774,0.0021858513958720946,0.0017536336121363157,0.0012043568453054293,0.000858807731745834,0.0005537790354114685,0.0003635581878819193,0.00022286229473876147,0.00015870496746548166,0.0000844175358858945,0.00005740392440240826,0.00010467774449850918,0.0002026020861261468,0.00040070190367171287,0.0006899726599740452,0.0014013310957058495,0.0021126895314376544,0.0033418088539362784,0.0045540446692577214,0.006762407408032721
0.0031180255432616192,0.002174397733491581,0.0017476257288342489,0.0012228875911816973,0.0008152583941211309,0.0005675279428688536,0.00041213338708333394,0.0002319657861725873,0.00012499127313183098,0.000092335895466758,0.00006418470782445372,0.00010134427551229539,0.00017678945839367082,0.00038623429445241433,0.0007330569262056023,0.0013377444367622974,0.002073053457979285,0.00315518511094946,0.004159619486026875,0.006442117780064906
0.0030029387589654666,0.002094287998378616,0.0017215948115703783,0.0012543208764482677,0.0008028103993784691,0.0005517210318309255,0.0003299066578091044,0.00022406629660072275,0.00014187112247080944,0.00008782498057716774,0.00006643171607760123,0.00009795863218222555,0.0001677682321281793,0.0003591816513348272,0.0007059777284856945,0.001292603560289597,0.0020773985790368526,0.0030750002814903224,0.004173938499994372,0.006377444743449718
0.0030207197750829443,0.0020846904071615247,0.0016898030175696765,0.001253289321952476,0.0008235258381231713,0.0005546424019053601,0.00032851030701088276,0.00018900593006105585,0.0001406294122478093,0.00009450296503052779,0.0000900028238385979,0.00006637708258096596,0.00015187976522763403,0.0003487609423745671,0.0006840214611733442,0.0011959125217553704,0.002036313889348278,0.0028947158217089075,0.0039499989312164665,0.006201194562479397
0.003112684583546211,0.0022022862364424922,0.0016925081755797184,0.0012918878893387743,0.0008192459786050763,0.0005885517126517236,0.0003274733238654908,0.00019243277794157702,0.00011816047768342434,0.0000990297336775366,0.00006301892143115967,0.00007539763814085175,0.00019355811582427626,0.0003522307572848748,0.0007010855009216518,0.001154596667649462,0.001942333185538958,0.0027897126112115173,0.003793514002579275,0.0061049580136435955
0.0029954803454644856,0.0021225953480628937,0.0016591564061434905,0.0012294630182473458,0.0009572488824597361,0.0005354294571690181,0.00031270880061551906,0.00019909876873721886,0.00011923429088217627,0.00008548873685891886,0.00008211418145659313,0.00008548873685891883,0.00019459936153411796,0.00032508217042404676,0.0005770489737977024,0.0010618600999318332,0.0018571303230799335,0.002772759688910987,0.003810997901026538,0.005952715729702611
0.0029254280366089345,0.0021014906288375846,0.0016005997183754933,0.0012966883794434368,0.0008464493588033547,0.0005526683978357006,0.0003264232899640595,0.00019472837642683542,0.00012719252333082327,0.00006978704819921277,0.00009342459678281706,0.00009455019433441727,0.00013169491353722405,0.00029828335117405424,0.0006314602264477153,0.001135727929564608,0.001820091240937533,0.0026834245630148893,0.003664945628010271,0.005820464939324665
0.002914747294894189,0.002130137340464515,0.0016344167245569427,0.0012668415739860207,0.0008610476004199573,0.0005047132801417241,0.00034958982210261946,0.00018884594891717063,0.00010903605383908075,0.00007643764599028343,0.0000775617290195523,0.0000831821441658967,0.00013826221260007142,0.0002990060857855203,0.0006103770848929985,0.0010701270438639682,0.0018064014280350798,0.0026045003788159812,0.003671255173592143,0.005561962828822386
0.00291727818170572,0.002179523946085461,0.0016723179090965322,0.0012269662668623518,0.0008828309069541221,0.000529698544172473,0.00031152122449209135,0.00019231093641930544,0.00012595804022784906,0.00007984840050158286,0.00006522827083227897,0.00006972677226898786,0.00014170279525633025,0.0002856548412310151,0.0005443186738417766,0.0010728925926550717,0.0017926528225284948,0.0025191608045569817,0.0034908371148861016,0.005391453971895611
0.0028928573438616835,0.002124055178158363,0.0017064481452507042,0.001217926710528538,0.0008937465879479294,0.0005267926991934899,0.00033656200226250756,0.0001992357003359994,0.00010018066288081313,0.00006190939840949126,0.00006190939840949126,0.00008217065607077931,0.00016321568671593157,0.00026114509874549074,0.0005560589602597952,0.0010547110238126062,0.001679433135035654,0.002537159709363514,0.003511951327956595,0.005482921448229675
0.003092264949041771,0.0020142482746669456,0.0016991703322609434,0.0012456831508694474,0.0008023234747695714,0.0005142522131412255,0.00031732849913747383,0.00020592594092963732,0.00011702895003651526,0.00006639142357840771,0.0000708925370413506,0.00008327059906444357,0.00014516090917990833,0.00024418540536465185,0.0005648897395993333,0.0010048735806020017,0.001579890825492957,0.002419348486331807,0.0033915889943274707,0.005273054421837601
0.002927910194256661,0.0021135394756082466,0.001666985366073136,0.0011720639348503426,0.0007851253613488859,0.0004994207169611822,0.00031832446599102396,0.00023171321552703527,0.0001181062506327121,0.00007423821468341905,0.00006523964320664097,0.00008773607189858617,0.00013272892928247647,0.0002643330371303556,0.0005522873243872533,0.0009133550048929735,0.00154213018683284,0.0023756228698694074,0.0033215976963657037,0.005179802706320372
0.002896868119938213,0.00213299493413703,0.0017313708879941397,0.0011958721598036197,0.0007908731216763366,0.00048262385376834764,0.00031049926256425164,0.0001867495564698035,0.00012937469273510485,0.00007537482098480016,0.00006299985037535538,0.00005512486907843595,0.00012374970609444809,0.0002632493747827351,0.0004904988350652671,0.0009629977128804326,0.0015952462112902466,0.0023838693383103193,0.003273742224862214,0.004928613294543425
0.002903562573404672,0.0020722054475828763,0.0017155881148555306,0.001212723926435582,0.000794232923992134,0.0005051141400459893,0.0003138682518325857,0.00016762139613998305,0.00011137260548898206,0.00009562294410670173,0.00006074869390308106,0.00008324821016348148,0.00013049719431032237,0.000275619074189905,0.000449990325208008,0.0009033555778550765,0.0015130924685119267,0.002371449013846201,0.003170181841090417,0.004749647882570528
0.0028344256744977066,0.002068455879127492,0.0016028002326028688,0.001221502493057344,0.0008503277023493112,0.0004791529116412788,0.00032168481861362836,0.00018108830698179782,0.00011585152558462846,0.000057363376745786857,0.00005623860465273221,0.00007760927442077053,0.00012597447442212024,0.00029131597210115304,0.00046565564652462316,0.0008705736000242944,0.0015668075256251193,0.0022889112093662026,0.0031066205210169293,0.004580071962918513
0.0028093808106684423,0.0020057358191551155,0.0015690211739069753,0.0011818308698725427,0.0008115238639791458,0.0005031222846028827,0.00032866153714550733,0.00020935289694885056,0.00012381085303426646,0.000043896575166694425,0.000057403213679523476,0.00007316095861115741,0.0001283130658718761,0.0002600027913719595,0.00053913998730376,0.0008936892482655225,0.0014936091088770132,0.0021621877152620517,0.0029838415581258195,0.00468005024469527
0.002788109315479235,0.001967084789339726,0.00159031326022091,0.0011606812479122912,0.0007591665138961206,0.0005274801407663423,0.0003430307951678772,0.00021594069728600795,0.00010122220185281621,0.00005510986545319993,0.00005286048318980402,0.00007310492356036726,0.00010009751072111826,0.00028342216518788537,0.0004667468196546526,0.0008592640246172384,0.0014159861348077276,0.00207505513798273,0.0028364710341422465,0.00449314107113334
0.002660008027243159,0.0018910116237628874,0.00149639504829275,0.001123139484030396,0.0007757419859669404,0.0005025458952568442,0.00031591811312566703,0.0001787579358967295,0.00011242637477781731,0.00007420140735335942,0.0000505918686500178,0.00006408303362335588,0.0001349116497333808,0.00025633213449342346,0.0004991731040135095,0.0008319551733558491,0.0013434951785949183,0.0020675210321640623,0.0027926711494809828,0.004471196924913796
0.0027272696473521767,0.001964989311135729,0.0015719914489085826,0.0011383386354165599,0.0007927715496651036,0.00047204915635329624,0.0003207223933118089,0.00019424032270996878,0.00010954250757480798,0.00008018059832795223,0.00005081868908109648,0.00008356851093335865,0.00012761137480364227,0.00025296414120368026,0.0004686612437478898,0.000818745546306553,0.0013190273077049023,0.002021454521225836,0.002885372235604476,0.004204399543309378
0.005705183125828213,0.003919777311202031,0.0029146170246559903,0.00205205733239503,0.0013993407910738993,0.0008463287303098143,0.0005205501368617897,0.00030143215052130367,0.0001553534929609795,0.00010550125268245628,0.00006608320222967041,0.00005912707567917877,0.00013796317658475057,0.0002643328089186816,0.0005808365669660512,0.0009587861095427627,0.0015975903977629104,0.002251466293509122,0.003286769795107293,0.0047510344339857765
0.007713689667521216,0.005236441357200108,0.004056366209832823,0.0027614667947544634,0.0018258195439998632,0.0011050414674768781,0.0007480630510285867,0.00040700086970856246,0.00023646977904855017,0.00012846675496387588,0.0000841286713922727,0.00009208678895640662,0.00012391925921294224,0.0002398804008617504,0.00047862392778576744,0.0008878985453697964,0.001374480590719697,0.0021157223981218853,0.0028569642055240713,0.004263277266500305
0.009773898900048702,0.006762127491431041,0.005100024810931511,0.0035711660218887544,0.0023340654089668536,0.001532304751752846,0.0009039908842799775,0.0005559486505610028,0.00033310972864192305,0.00015851428466408756,0.00011716273214302123,0.0000872977219889178,0.00016655486432096147,0.00023087950157595356,0.0004376372641812851,0.0007362873657223197,0.0012187221451347599,0.0018677117888681617,0.002502917581761209,0.0038020455234647086
0.01192677610902501,0.008192584053971951,0.006115851200589525,0.004188116421782362,0.002851753845940611,0.0017510161322178894,0.0010603118795356342,0.0006237128703150793,0.0003407320310054601,0.0002113693616067769,0.00011896745489343172,0.00012127750256126535,0.00013282774090043347,0.00024833012429211507,0.0003938631273656335,0.0007057195625231727,0.0011030477613905567,0.0016343587249922913,0.002233816094795116,0.003385374857210178
0.014294295410791084,0.00949816020346395,0.007086150346290723,0.004872817601630315,0.0032682965935589116,0.0021680204207539734,0.0012722306327575574,0.0007273208914212152,0.0003834119715159762,0.00016963075103434093,0.00013709882617843992,0.00014058438955585794,0.00013709882617843992,0.00021029565710421728,0.0003776026992202795,0.000671551877382528,0.0010723916657855938,0.001511572651340258,0.0020065226509336084,0.0030940184246880118
0.01684898721615785,0.011607028194501198,0.008461852781507209,0.005950615842624478,0.003933220477496935,0.0024446909112135905,0.0013764520459984822,0.0009293094390286616,0.00043430039110384716,0.00027085400735508736,0.00013776195201681168,0.00012375226198120372,0.00013776195201681168,0.00019613566049851147,0.0003584145700776372,0.0005895744556651686,0.0009036250072967139,0.0013624423559628746,0.0018901406806374414,0.0027797559978985477
0.019718187689671207,0.013309952515528278,0.010026713678364493,0.006970875174799354,0.004472988005218488,0.0029104898367289037,0.001740667502030778,0.0010092355011774416,0.0005462296673039347,0.00029655816701265126,0.00016058683352068465,0.00014066000016410338,0.00013011050015179564,0.00021216216691418913,0.00035047783374222443,0.0005579513339842765,0.000836927000976415,0.0013022771681859902,0.0017512170020430866,0.002694811169810613
0.02350210528914949,0.015885203244767342,0.011827480343383776,0.007984930809416363,0.005212369058775251,0.0031499970016825854,0.0019683071970200247,0.0011381848068789623,0.0006008392937139975,0.0003127656597415331,0.0001646135051271228,0.00013639404710533032,0.00013639404710533032,0.0002057668814089035,0.000308062416737901,0.0005808505109485612,0.000751343069830224,0.0011687558864025708,0.001567355730960389,0.0024386314973832333
0.027196135038001536,0.018815766216932775,0.014025805691392213,0.009334825899958758,0.006084958463441939,0.0038897071819949344,0.0023272255935898193,0.0013032463324102988,0.0006716549814411123,0.0003806044894832969,0.00018264302126907444,0.0001225475755611854,0.00010251576032522244,0.00021917162552288923,0.0003252224120662226,0.000520827196135038,0.0007835974783479646,0.0011099982324868911,0.0014917810640428914,0.002306015436281153
0.031878499654828564,0.021447831910361637,0.01601949481062774,0.01110448958880347,0.007211427829668222,0.004402853417197206,0.0025796401956561512,0.0015600568795322194,0.000771767926788254,0.0004354470412612623,0.0002371947297927202,0.0001392486473409999,0.0001286279877980422,0.00020179253131619485,0.00033160059239678797,0.000485010119128398,0.0007564269741150931,0.0011623721833125837,0.001484532189448965,0.0021229518353089727
0.0367264331725978,0.024669495202168577,0.01821130791591944,0.012411588562754828,0.008297641691777899,0.005171987804748299,0.002971971963688508,0.0017507917574473666,0.0009256380459698098,0.0005095146843077752,0.00028253830521939277,0.00014540674285349502,0.00014540674285349502,0.00019623999442016401,0.0003156390271697819,0.00049059998605041,0.000788506483603912,0.0011017811734915235,0.00138077297278766,0.0020380587372311
0.04125787175443558,0.02797452645252576,0.021060751074509998,0.014433275087575671,0.009162763569940457,0.005666835054876024,0.0034142976969461793,0.001954407413497951,0.0010363564735013351,0.0005773310035030264,0.0002756518930659945,0.00015143108288603985,0.00016799385757670048,0.00022241440298887102,0.00030641133177722107,0.0005146290707455258,0.0007465079164147739,0.0009996817581148722,0.0013628797459743576,0.0019851668522091765
0.04652837150699722,0.03091391801286954,0.023667987409914333,0.015986282585372664,0.010419503738421789,0.006486878222420111,0.003756184323022378,0.00219900198229904,0.0011214081191368828,0.0006039262310029675,0.0003327515115918309,0.00019420372918526815,0.0001705203475773086,0.00020604541998924786,0.00036235573860178035,0.0005080085354907313,0.000734184829846745,0.0009769394913283298,0.0012540350561414562,0.0018721713161091989
0.051452604090283315,0.03460490398762414,0.025951016893825778,0.017972457055809705,0.011523140898575548,0.0069945453427256235,0.00410755089199968,0.0023086493927968244,0.0012382970872224766,0.0006256534471257782,0.00034653395086550666,0.00022471484868411706,0.00019159897624645771,0.00025191717247219445,0.0003370722730261754,0.0005061997644042215,0.0006445768028044407,0.0009733701077212014,0.0012856054764191333,0.001854488856508925
0.056084595990965914,0.037726518235627476,0.0286817605866256,0.01976477714639967,0.0123929151567423,0.007770564844819421,0.004448435416644491,0.0025720474988790215,0.0013652910826616332,0.0007382509840388725,0.0003927873825335027,0.000254365323026214,0.0001904782186382346,0.0002863088752202037,0.00030760457668286347,0.00045075901429296537,0.000692110297536443,0.0009417432424598435,0.0012753758987081804,0.0019095145644851597
0.06104808275809758,0.04087058143063035,0.030939467496017597,0.021273846999924143,0.01369424637791094,0.008374895699006292,0.004827476674505043,0.0026158215125540473,0.0015550329970416442,0.0007727755442615481,0.0004243154062049605,0.00023704771296366548,0.00020030531745429732,0.00025245581430630366,0.0002583820071303952,0.0004349825532883253,0.0006732155048168088,0.0008687798680118331,0.0012136842903739658,0.001897566942274141
0.06550446957879238,0.04388561384307969,0.033088030625527814,0.023256970872820436,0.014410201560414221,0.008762672295244491,0.005097937491042483,0.002874696628894079,0.0015528336549155896,0.0008125430108864183,0.00040864043550410234,0.00026887356191139533,0.00022267942572397486,0.0002665046318505017,0.0002890094674289884,0.00038732006495606236,0.0005874946551015502,0.0009380963041137656,0.0012650086525170475,0.0018584256327708304
0.06937836727104335,0.04694904073117381,0.0352558977948483,0.02431008324835582,0.015543483024038867,0.00929837589315218,0.005493041318614161,0.003150385922275479,0.001701919011394685,0.0009237973757048399,0.0005021667785882718,0.00028424534637071995,0.0002380554775854779,0.00023213369953608778,0.00030082632490901194,0.00039557477369925195,0.000576781182010586,0.0009439314210727657,0.0011701433425594637,0.0019162873767826028
0.07382685389813697,0.049080197584993386,0.03692585591162889,0.025842772439900054,0.016298512904222413,0.009962109419851537,0.005833326428354133,0.003277694983789081,0.0017542592870983817,0.0009469685760315149,0.00048650510593619073,0.0002876417049695727,0.00026515120128882424,0.0002379258547279182,0.00027462088704913927,0.0003598480588919755,0.0005942227814597757,0.0008664762470688359,0.001160036505638606,0.0019010394163832662
0.0770365442054781,0.05187385388710588,0.038754449788860695,0.026740759770001992,0.01699295492025007,0.010497180665867177,0.006083795132727123,0.003429607802979272,0.0018539060474509986,0.001008638539226213,0.0005528570396932414,0.00033739669445947284,0.0002711012036183133,0.00024742424260361346,0.0002628142672631683,0.0004167145138587172,0.0005410185591858909,0.000840532116021844,0.0011767449624305816,0.0019403269551546511
0.07926428416597668,0.05361159576849682,0.04066976294627469,0.02754433282518339,0.01761586470182022,0.010739849734494614,0.0061890057199442345,0.003474134694085443,0.0019674523446559567,0.0010589418399292146,0.0006052788369170351,0.00037311709125022695,0.0002890176833811281,0.0002558517197144415,0.0002854641872739833,0.00042523503415502044,0.0005792198654646383,0.0007983521254052476,0.0012058196790245427,0.0019461313680130864
0.08256612510327425,0.055426010667133825,0.04145528491852876,0.02872503367509511,0.01807092010539298,0.011053006611918497,0.006461593820353724,0.0037143215622403355,0.0019731593512602413,0.0011422308182160359,0.0006640326311079755,0.00030301667301896936,0.0002840781309552838,0.00024738470570689317,0.0002568539767387359,0.00038942377118453476,0.0005468504020889212,0.0008498670751078902,0.001228637916381602,0.0019696083746233
0.0844694647181787,0.057538475378361945,0.042375589766413445,0.029274667209579244,0.01869734122766108,0.011539654319350971,0.0066771145774396174,0.0038351092414296013,0.00215428975907465,0.0011256755829010937,0.0006522053061813908,0.00042257222197233485,0.00030420465279240913,0.00026514335496303365,0.0002497555709696433,0.00035628638323157645,0.0006202460625028108,0.0009102466069936289,0.0011623695293468707,0.0019057178637968044
0.08657919524397804,0.0578243850257255,0.04380079424809128,0.02968963738172661,0.019117807155806108,0.011511390691488103,0.006780455248995358,0.004016206826368281,0.002156019103607249,0.0012046253828058068,0.0006425457591979893,0.0004224472118484021,0.0003467143783517696,0.0002875481021825258,0.0002532316620043643,0.000394047399287165,0.0005869294595989002,0.0009194439316700512,0.001205808708329192,0.001830604584676408
0.08805192041706567,0.05906656736532257,0.044119350758354915,0.030933550850563304,0.019613197621496384,0.0120024588904257,0.006895532621673704,0.003804187206676832,0.0022082727476918354,0.0011975269236680019,0.0007081131562459357,0.0004243950302041584,0.00034400822782565497,0.00027426085517371794,0.000280171649466255,0.00037238004042983267,0.0005816221583856433,0.000894894255890106,0.0012448132780082985,0.0016822120556560388
0.09026320115133504,0.06010451416522889,0.04533322611506019,0.03096282403471034,0.019619761431458542,0.012205144821534784,0.007031468957353539,0.004028963124403549,0.0022444884091922315,0.0011825544832414286,0.0007402791065091335,0.0004623788029473981,0.00029563862081035704,0.00026134454079635583,0.0002932735118438743,0.00037841743463725704,0.0005818168057547821,0.0009188448334785899,0.0012594205246521208,0.001796300260043729
0.08997926009962241,0.06080513356850372,0.04606266877020074,0.03177400008272325,0.020417279705032536,0.012558571014955191,0.007289100030134898,0.004001441748060435,0.0023788842997181496,0.0012774833224020472,0.000672421841301355,0.000444342025183321,0.00032262067254001725,0.0002954401763186971,0.0002812590478553996,0.0003628005365193603,0.0005412464030158535,0.000881593486134993,0.001247939304770178,0.0018671819143341662
0.09204786526813415,0.06180765253360911,0.046864234007977526,0.032206825232678385,0.020884621066627265,0.012593883882405081,0.007404343329886252,0.004066775003693309,0.002292805436548972,0.0013355000738661535,0.000730388535972817,0.0004739252474516176,0.0003061013443640124,0.0002753730240803665,0.00028246417491505397,0.0003699217018762003,0.0005649283498301075,0.0008970305805879743,0.0012704978578815186,0.0018980647067513659
0.09208999328249752,0.06162157439840574,0.04674980313821881,0.03221331671076136,0.021135930846322662,0.012883673871748836,0.00746953217140611,0.004272520456506827,0.0023410909271215923,0.0013139859817883671,0.00075202971284743,0.0004533428724229406,0.00033646541312640124,0.0002620888481195124,0.0003140343855846411,0.00035417411908042235,0.0005595951081470673,0.0008393926622206007,0.0012301647736060006,0.0017661482738143728
0.09287795915282739,0.062275642842298154,0.046722968504978375,0.03274669840730036,0.021024627330952783,0.012986736949498378,0.007618696744695723,0.004256881860605715,0.00241006820457594,0.001354408736231556,0.0008206748663303671,0.0005278297341721927,0.0003790455138015077,0.0002597819720757997,0.0003081958850535623,0.000397938748134293,0.0005762436471499555,0.0008100474220181752,0.0012941865517958014,0.0017865914715940218
0.09346374969883929,0.06227649151317316,0.04744403134905827,0.03295879176685673,0.0214485475786679,0.012908574694941917,0.007704990055791499,0.004425290885814033,0.002510853595740762,0.0014502954918013443,0.0008302587383846459,0.0005054775818330413,0.0003897373878619242,0.00024329061181683752,0.0003047037759647771,0.00041099579083621096,0.0006023214176047925,0.0008645083876209965,0.001158582962098631,0.0017656284692532647
0.09312963218789815,0.062406795390866056,0.04714101687630693,0.03312800276765294,0.021487093928992708,0.013193581028825386,0.007908591885723328,0.004548207814841183,0.0026176990460807115,0.0015219729681542797,0.0008678433914611295,0.000488826073557697,0.00030699222010869854,0.0002703893015572768,0.00028219669463838064,0.00046284980877926875,0.0005643933892767615,0.0008607589556124674,0.0011370519537102963,0.0017722897014736802
0.09402615431470644,0.0631547137025661,0.04729402709868426,0.03295023408560239,0.02141121863807745,0.013282557730491093,0.007964576698153529,0.004695877590818842,0.002560421944315249,0.0014342612551143511,0.0007920899606433988,0.0005182227909425519,0.00031754426142037917,0.0002537993167486298,0.000338792576310962,0.00047808708503811704,0.0006634196093615354,0.0009136775402950683,0.0010942882168650239,0.0018545057051725488
0.09450162487955104,0.06374581971394565,0.04747576851134583,0.032725499272582996,0.021657188202618704,0.013626079316794841,0.007968522682184898,0.004760094091862377,0.002738441627146825,0.0014312165813290003,0.0008455041850095415,0.000507774859712434,0.00032355886409583026,0.00023499348158784734,0.00032001624879551084,0.0004912426549776109,0.0006943525988625843,0.0008608555179775922,0.0012151170480095223,0.0017996485725622073
0.09501619191996646,0.0636422087076547,0.04811684136637393,0.033267464563585,0.021533778881489295,0.01332751328681229,0.008288847335854043,0.004697721333813095,0.0026084032820343434,0.0014970889936235091,0.000826997150929929,0.0005120067952975601,0.0003161700947920415,0.00027369948504385694,0.0003291472255484312,0.00039875183596906744,0.0006358794070630985,0.0009367128927794066,0.0011726607247137654,0.0017330368255578698
0.09459551870664086,0.06358206350778406,0.048028174328065394,0.033482363927050465,0.02189004749171135,0.013369128972773625,0.008083494861745826,0.004706725712965189,0.0026186467456151517,0.0015068124902729244,0.0008123582204992533,0.0005175983436853002,0.00035489089168399873,0.00028532756075590584,0.0003324891410461382,0.00043270749916288215,0.0006131005437730209,0.0008948909860071589,0.001200262218386414,0.0018145418016666903
0.09499115447392427,0.06344230816892298,0.047935788207774874,0.033544548052036965,0.021804015243337537,0.013655981617356348,0.008104366585980995,0.0047750498335341635,0.0027061762897414333,0.0016227616216286413,0.0008745209902740529,0.0005098421967589618,0.0003068494702715973,0.00028442585513636524,0.0002620022400011331,0.00035287689081233694,0.0005664913297321796,0.0008922238443281829,0.0011636676064915195,0.0017986099718996708
0.09497672717404772,0.06392977446891353,0.048058238108441335,0.03380665561526981,0.021858168496439758,0.013478771289178876,0.008283828188141183,0.004803228109090268,0.0027160479260932915,0.0015161257971459073,0.0008966969695182014,0.000556896012648146,0.00035985865224085715,0.00023951248001604622,0.00029024665065983913,0.00038345594091238896,0.0006135295054598222,0.0009108553427211206,0.0012364979263882574,0.0017721563792320268
0.09455033829515294,0.0640016900005547,0.04881882887210167,0.03371503899865106,0.022188338288071922,0.01379026290602205,0.008342607486749655,0.0047997431954464355,0.00276395342112996,0.0014976331731058575,0.0009358732121930224,0.000505111897627508,0.0003528702275481891,0.00029268166030752804,0.00032336602792041414,0.0004225001386697381,0.0006089666803172758,0.0009158103564461361,0.0012793020958603235,0.001883548104237156
0.09452260571816663,0.06389310744908644,0.04914255798817126,0.033195221340778965,0.02218360012451304,0.013853253846226403,0.008309122466112645,0.004851999283106791,0.002787393998849198,0.001437323724448887,0.0008277286747851671,0.000558893720581438,0.00036905851169196263,0.00027473045758539063,0.0003006706724646979,0.0004008942299529306,0.0006673709828039958,0.0008513106883118103,0.0012486676162357434,0.001846471659136142
0.09464467301150388,0.06367853662617581,0.04871039239090859,0.03410988265154024,0.022135838589603246,0.014093833991815415,0.008202255531897594,0.0047474339230017815,0.0026488536755790515,0.0014010173577684588,0.0009473658163547863,0.0005019624847849988,0.00036645618020688894,0.00024744629531654874,0.00030164881714779253,0.00041948038634614926,0.0006362904736711253,0.0009662188674265234,0.0013927691479245735,0.0018181411127306398
0.0946267875951676,0.0634957102428702,0.04853281116350091,0.033981097263556734,0.02226408692148366,0.014321968599119191,0.008264939924549292,0.00463378599048501,0.0025366237573135574,0.0015516644163408976,0.0009095557550608761,0.0005631705322786254,0.00036641430029006833,0.00028629799025879936,0.00032635614527443384,0.00046655968782915454,0.0006279704889215637,0.0009979193323012457,0.0013018900380081186,0.001992304121512878
0.09502698216984275,0.0636868795220773,0.047793450252140074,0.03353734006964208,0.02231775542295642,0.013942555915213038,0.008320975837461015,0.004676202174133425,0.002725328819409246,0.0016208162312663114,0.0009630595352324189,0.0006070693520742911,0.00037838691653562645,0.0002899787584665548,0.0003524538568353653,0.0004880130325412752,0.0006612930223566551,0.0009076570895091341,0.0012117811532667395,0.0020699296742571933
0.09428694942346498,0.06357139575782347,0.04799688085649229,0.033873568674752726,0.022485396683671978,0.014103287468888073,0.008355016956220093,0.004850692207206305,0.0027339622663734423,0.001580774390983696,0.0009717875354407967,0.0005701153541252675,0.0003993163327447638,0.00031097201134105485,0.00034866558847330395,0.00044761122844545797,0.0006231219469674923,0.0008975783054616811,0.0012485997425057509,0.002172092382245855
0.0941335910247949,0.0635712265485057,0.04841260488356747,0.03403177147166965,0.022711416988780996,0.014446827566701232,0.008680588290751395,0.005009663429810502,0.0028141793155463373,0.0016309983972848147,0.00102998020175356,0.0005208824361270863,0.0003417554445177716,0.00033114924106721993,0.00033468464221740385,0.00048552842462524766,0.0006234090694824175,0.0009050626944470639,0.001376449514471577,0.002006929386254361
0.09390483235991905,0.06372113624423079,0.04830475131405039,0.03402984090036307,0.022438396893869967,0.014210120838447781,0.008518062155584512,0.00502767103858867,0.0030027023142836272,0.0015914675663386345,0.0009541737444369316,0.0005783942080475721,0.00039580540509976433,0.00028625212333107953,0.0003569316599560374,0.0004429250961830696,0.000646717760118365,0.0008905621614744694,0.0013558691109221087,0.00206384246944877
0.09411154650717424,0.06366105889632008,0.048807047523643975,0.033948322088329735,0.02233287174803335,0.013858165640375949,0.008587843610971986,0.004972157567543681,0.002905041100733628,0.0017241684098877467,0.000951062137238149,0.0005986859550396274,0.0004148375121534429,0.000325270322029404,0.00031937774373177,0.0004454789193011403,0.0006363984561444857,0.0009015644795380219,0.001290474647181875,0.002077723107745795
0.09443053632963218,0.0628162459870998,0.04791800430006184,0.03424969811209614,0.022107030306600307,0.014070037993697162,0.008846346420051245,0.0051188407504491485,0.0028062321444349545,0.001637557800488911,0.0009189173268930578,0.0006043648573027422,0.0003699231290313084,0.0002792094954790447,0.0003286896592348248,0.00042529378847230034,0.0006267487409065474,0.000940123111359821,0.001421965658410155,0.002062851588961211
0.09425140304499646,0.06371779829137157,0.047848428730968756,0.03393460467351814,0.022347408548796754,0.014110556647205456,0.008563168831903193,0.005083240268216024,0.002941564530645522,0.001620982296423003,0.0009718825541780358,0.0005360079541224317,0.000376972627075117,0.00025681260219492336,0.0002956879043620447,0.000402889495186531,0.0006467436633257472,0.0010095798168855469,0.001386552443960664,0.0022017557500106037
0.0945421915314295,0.06377747186426548,0.047975298726899956,0.033472014997874444,0.02218710366503491,0.014159425426908331,0.008668290965358628,0.005043647630027306,0.0028862900633193863,0.0016286165473564718,0.0009738726570237185,0.000613527997955692,0.0003638774498432027,0.0003073527974403751,0.0003426807051921424,0.0004392436530469729,0.0006724078442086375,0.0009856486262743076,0.0013883867746444544,0.0021597127605580404
0.09415490726552551,0.06369569288499793,0.048418384593368724,0.034032674665532836,0.02231351519427304,0.014362153828396172,0.008504929702710249,0.005143474312662463,0.0029303787703009406,0.0016983947696036794,0.0009728669068603604,0.0005594573616933066,0.00034745246673584295,0.0003085849026603079,0.00034980807667981485,0.0004204763749989695,0.0006525039544801934,0.00097875593172029,0.0014239662111309634,0.0022625633511849314
0.09466849423468233,0.06359041751450749,0.0484258421885598,0.03368047705177482,0.022496043409450602,0.013978775717838574,0.00854199638254578,0.005169473961865999,0.0030015920566734485,0.0017639799532745495,0.0010009232044615268,0.0005805354585876859,0.00038859371467329885,0.00029674429120506445,0.0003202954254276887,0.00044276132338533453,0.0006453010776999026,0.0009608862762830659,0.0014142456100685811,0.0022185168437711955
0.09473421518228893,0.0638726408264597,0.04802925946112022,0.03401753731299361,0.022181204775027285,0.014118843606202684,0.008510858702088162,0.005111223856772723,0.0029723261718910933,0.0017645611610553464,0.0010370769732420012,0.0006156540942174428,0.0003802223182260691,0.0002719237012700369,0.00029664403774913123,0.00046615491646292035,0.0005968195521381325,0.0010041165246032087,0.001373744412909666,0.0022001099466393875
0.09531964679599905,0.06365628759148487,0.04836310049270593,0.03404331951496833,0.022408350341457217,0.014009044319992843,0.00855349731754226,0.0050471166227633426,0.0030202661506554913,0.001831463028222892,0.0010040089736980254,0.0006567842993241472,0.00038135862541402123,0.00027307160832115116,0.0002836649034715406,0.00043079400278250564,0.0006026407907777125,0.000952219530740565,0.0012912049755530292,0.0021433767187621386
0.09414973863639042,0.06437593995580002,0.04835638652159279,0.03394078896271245,0.022303577186404848,0.014116694556435013,0.008557569424341058,0.00501074403311939,0.003059637032905219,0.0017969483650947208,0.0010061498704361405,0.0006189881074262102,0.00038716176300992967,0.00026595306516791537,0.00026359949821952666,0.0003871617630099295,0.0006142809735294325,0.0008566983692134615,0.0012815172033976098,0.0020723156980561883
0.09423350707721993,0.06420444517654808,0.048347472085279626,0.033483545316562925,0.022249414643903474,0.014149733501194245,0.008679742560977042,0.005122895365391629,0.002929721970561587,0.0017637161581814536,0.0010083420597475025,0.0006871315786377383,0.00041533809462178335,0.00025414455648245103,0.0002459083903001494,0.000392982786412679,0.0005482933487075102,0.0008765634008306764,0.001311903613323763,0.002096692590980221
0.09406433838882293,0.06362435433990625,0.04843788782247716,0.033911344443411866,0.02242915236931229,0.014332448338370007,0.008508420783932222,0.0049982413812979425,0.0029784766244872647,0.0017303866961377449,0.001125751236032509,0.000694036812183052,0.00042583275594960116,0.00033172606955189925,0.00027996739203316325,0.0003764267455908079,0.0006363964667644592,0.0009163638587976222,0.0013316096125274822,0.001924481736833003
0.09476219810398011,0.06369559288240165,0.04816346587916637,0.03304867955759535,0.022122582950869003,0.014221324580543223,0.00872653487322248,0.005060990519900685,0.002907277481002182,0.001718738243924461,0.001021602964412008,0.0006571646226769993,0.00041616507411030033,0.000349155443533218,0.00033504815288541126,0.00042792114965013923,0.0006442329395831767,0.0009040422090136179,0.0013613535475133546,0.0018950793770220451
0.0945746868925527,0.06364635449269769,0.04779683433191979,0.034019400659867194,0.0222599274240235,0.01423044519854848,0.008851962893061036,0.005085495629909587,0.00311224801969247,0.0017473301736269642,0.0009825055185040492,0.0006906954962417688,0.00042241854029096234,0.00031769639520490224,0.0003212263551516233,0.000518904112168007,0.0006506892835122627,0.0009166129328319213,0.0012519591277704298,0.0019520678505367903
0.09455520605740976,0.06352534280117535,0.048419488811873725,0.0335879228509003,0.022216153092744655,0.013876855270097172,0.008757204475250507,0.005099638363595269,0.003086623220070819,0.0017610939501243124,0.0011136329390491978,0.0006827770662246673,0.0004461594967226704,0.00037317298274693023,0.00038259059745347713,0.00041084344157311866,0.0006604102312966175,0.0009759003239659462,0.0012772639945754544,0.0018929405560159727
0.0942166341335423,0.06311543787938152,0.0484749436112121,0.033665018243258356,0.022134290619047117,0.01407690054041462,0.008485674247531782,0.0052606003273314725,0.003033287328083323,0.0017249027241932325,0.0010307058570213307,0.0006283069950335507,0.0004824079924414902,0.0003741603453570583,0.0004306373786185012,0.00048711441187994364,0.0006177175512970302,0.0009177517904984454,0.0011942539325075926,0.0019013934531352402
0.09374184217024731,0.0641960936489458,0.04787220281981634,0.0338189814324855,0.02257969685210662,0.014029703319575263,0.00847826342587693,0.005268047177243921,0.0030585247116096943,0.0017779659223198228,0.0010547853388365614,0.0006879034818499318,0.00046330593478439817,0.00038804811796662794,0.0003762890840888512,0.00047153725849884186,0.000667913124257711,0.0009077974153643538,0.0011770792911654383,0.002011970696487577
0.0936997490909989,0.06344127635397342,0.04824322528052283,0.033461591395926873,0.0228547162775597,0.014107602672127928,0.008507144377956239,0.005114638240507979,0.0031325394743497597,0.0018127087232343135,0.001125737993598468,0.0006893233691209015,0.0004952306116039241,0.00041994614808218744,0.00041288822962702457,0.0004811147746935985,0.0006234494635393818,0.0009575242704170882,0.0012586621245040343,0.0019350459764571352
0.09379692666339232,0.0633596612232716,0.04846767920551031,0.034368823892971384,0.02240847317821733,0.013947279986651974,0.008626868547767378,0.0051864611508914745,0.003130206729944468,0.001885879054639967,0.0011174274024689146,0.0007191015460683237,0.0005146511064998787,0.0003912758412430587,0.0003865758311380369,0.00047822602818596045,0.0006168763262841014,0.0009200269780580024,0.0012795777510921644,0.0019740042441091245
0.09383130478148566,0.06313720600896733,0.04847940945382006,0.03459437588509001,0.02233837844449986,0.013936786341031944,0.008433349486471356,0.005117643461037222,0.0031192807305609523,0.001927790768246381,0.0011738469717571013,0.0007421818027842986,0.0004516605582712692,0.0003916743903758662,0.0004057887828218434,0.0005045895299436835,0.0005939806821015388,0.0008703875341685915,0.001249123731468979,0.0019971865311057685
0.09351647318700947,0.0637495887578136,0.048224608732434095,0.03397212952953894,0.022310476100954067,0.014032758377590823,0.008591436762701505,0.005101753066691734,0.003053766978427409,0.0019786624054142976,0.0011843774968275616,0.0007284861587629842,0.0004887907129764536,0.00039596747661794465,0.0003830427221882785,0.000506415378107816,0.0006262631010010814,0.000842458993279128,0.0012701508671335254,0.0019363632090990273
0.09438601974051364,0.06314097631067872,0.04803188183419237,0.03412587544043716,0.022110268192301413,0.013906006393755218,0.008574352370870699,0.005056729597729172,0.0030370924744725614,0.0018739506757383894,0.001196038738496351,0.0006626383580667403,0.0004958038778442633,0.00038301437008822226,0.00040063773067510356,0.0004253104354967378,0.0006238669647756016,0.0008647195594629808,0.0012289356782585296,0.0020313860303145304
0.09373329149965512,0.06293030814734385,0.048683355484030945,0.03398046273218574,0.022311686755057944,0.013693478999141,0.008386712401687918,0.005185730955394252,0.0030164902249030217,0.0019412706862250845,0.001280862619845849,0.000757941642018875,0.00047356663834667687,0.000428912712150216,0.0003548812029297678,0.00047944215495147435,0.0006333806899971684,0.0009306818301999209,0.001251485036821862,0.0019107179998801382
0.09395696433899446,0.06338703197720175,0.0477837268910623,0.03428192845245004,0.02215920704245538,0.013569930012428136,0.008442441741630979,0.005035863050837901,0.0029825183779046936,0.0018583474099429795,0.001114773509504354,0.0007294777127525857,0.0004675235582536702,0.0004064400782808288,0.0004287590421170593,0.00046752355825367025,0.0006155335289570935,0.000970287585722441,0.001235765787142867,0.0019828637345030023
0.09337613038375182,0.06330501475064884,0.04821834954866892,0.03383896356572117,0.02227459586981834,0.014013997549195264,0.00838043632783449,0.005224702137933548,0.003005349239674839,0.0018739374657081192,0.0011055643606466086,0.0007096289838794392,0.00043823114401826284,0.000392410729496246,0.0003971102591908119,0.0005028496773185429,0.0005615937985006156,0.0008846864650020158,0.0012853213714637515,0.0020113987092741704
0.09328430992383271,0.06324278338280326,0.04886007647275863,0.033299961693117226,0.022113411874193616,0.013953810829802293,0.008291207512849254,0.005043347880548327,0.00311037787507256,0.0017954882482474,0.0011139547508760056,0.000742636500584004,0.00043359631125869857,0.0003666180192756475,0.0003630928460133817,0.0004794235636681546,0.0005910540503065727,0.000891868835353258,0.0013137145690710697,0.0019094688503939969
0.09386350714463601,0.06287209198513279,0.04843128133560757,0.033639229948735305,0.0219742783706189,0.01396387506637158,0.008322878341485882,0.004933816377451049,0.0030577914358345436,0.001780872768622807,0.0011817664942180377,0.0007189275292857251,0.0005039541014110716,0.0004381698830450578,0.0003935305920109769,0.0004628389649323129,0.0005979315562196631,0.0008716408933496855,0.0012616473308053402,0.001913615923539943
0.09360175796917448,0.06305575162930437,0.04781915749491744,0.03381577262909647,0.02193115873517357,0.013816641748009529,0.008421057576779025,0.00516655959278255,0.0030313458306369103,0.001839243537689812,0.0011462973772575075,0.0007234827708920328,0.0004909347373910224,0.0004145932112417007,0.0004263380614185194,0.0004733174621257943,0.0005884169938586182,0.0009020044935796779,0.0012191154483537834,0.001890920878467814
0.09348118769076054,0.06303703721108368,0.047643439011839775,0.03356915782226931,0.02188444991647067,0.013981470821125068,0.008345884271344625,0.00505757767287987,0.003048644381213305,0.001771620703996015,0.0011172488657163198,0.0007730281321149712,0.0005357155444444177,0.00043585628725631355,0.00040531110270465825,0.0003982622139619685,0.0006837422080409017,0.000951599980263111,0.00118538812356232,0.0018197881104043939
0.09282303846009247,0.06282308545434037,0.048048093913305015,0.033811186510771085,0.022222404977630745,0.013936144215947965,0.008524756569795856,0.005089477048009324,0.003080472950110905,0.0017329128914620846,0.0010890916951765103,0.0007530828226625056,0.0005580566938606713,0.00044527049889093567,0.00037712883943005385,0.0004828658972141811,0.0006543949020639872,0.0009657317944283621,0.0011819053347870217,0.0017528854468213083
0.09316848257026229,0.06235470323925875,0.047898740125106434,0.033796364277113744,0.022517987724295915,0.014078881677483775,0.008453202549117494,0.005050071950897185,0.003074212211095122,0.0018067017121376763,0.0010114240404099741,0.0007189216175736398,0.0005203958767730756,0.0004064491498047047,0.0004087985668555991,0.00045343749082258966,0.0006613608998267305,0.0009562127397139583,0.0011923291533288305,0.0017855569586796283
0.09363442840964095,0.06345952321652626,0.047260116258852174,0.03310134820795017,0.022275506224124896,0.014035413367418387,0.008492676256220601,0.005178547093293735,0.002980484114266379,0.0017751326356549078,0.0010455777933374374,0.0006555420322272925,0.00046757299072842706,0.0004182311173349749,0.000428804375919286,0.0005298377357249262,0.0007330792618455744,0.0009809634353222026,0.0012464697064393493,0.0017821814747111145
0.09385788726723353,0.06302700050359619,0.04750473368682889,0.03280301171653522,0.022018540322325045,0.013754397662562387,0.008518875466178643,0.004949094524653325,0.0030380115345832064,0.0019016919188658398,0.0010388872519730055,0.0007148952954254918,0.0005094656128319597,0.00037681673207156475,0.0004026421778833229,0.0004942051221250118,0.0006444622613934239,0.000914455558516352,0.0011785794361366074,0.0018406499560380486
0.09328166011364826,0.06268487197267561,0.04830108450401805,0.033410420765969825,0.021853172493983778,0.013915630914289807,0.008281325716109397,0.0051849218389752654,0.0029685114850888043,0.0017728936181696366,0.0011392982814313148,0.0006817016493425271,0.0005010096459023394,0.000417703592368227,0.00038250385143832026,0.0005033562952976666,0.0006511952072032751,0.0008670869515733697,0.0011897512434308484,0.001850333048215432
0.09335837467461702,0.06260960963426893,0.04777601685480906,0.03368146428500207,0.0221442254565333,0.014184879706542383,0.008312442739047247,0.00508881972932359,0.003023026381389327,0.0018264850895705006,0.0010827525611262503,0.0006897708623426168,0.0005337512625270247,0.00040705865515797287,0.00038007782210715626,0.0004833088355189764,0.0006827323841554472,0.0009372906785914132,0.0012106182481931636,0.0018253120098726393
0.09432455817421667,0.06294244130288483,0.047657625759433865,0.033291986052913565,0.022150496284606844,0.013935362242038686,0.00855161805430172,0.005101191411333534,0.0029615282705190774,0.0017703514206190846,0.0011278662692950723,0.000730416513275291,0.0005416571896198783,0.0004068291012945838,0.00034469093884901354,0.00045607066398730014,0.0006495196602801139,0.0008722791105566876,0.00112317659665767,0.0018195929833118008
0.09347187277028804,0.06284267152352699,0.04779094220586581,0.03346680310939202,0.02247197604115814,0.013931005670509594,0.008275751999699574,0.004819698449059296,0.002929137406586805,0.0017086634871756358,0.0011230707123812385,0.0007886139171579858,0.0005456926658905706,0.00038491869766044557,0.0003485391866010743,0.00045298358931991465,0.0006067163618611289,0.0009388260918547449,0.0011641443538998838,0.0019269405535318645
0.09310790032746862,0.06263219051866806,0.04794774586556182,0.03370227350086269,0.022242045094425976,0.01387927088346108,0.008238359605159683,0.004794657214286551,0.0029284381272080655,0.001760584044413666,0.0011209051749433686,0.0007464876348313947,0.0005410861629831337,0.000407281775607695,0.0003450744727050787,0.0004471883472810713,0.000613856970152232,0.0008532964001924907,0.0011608117466167446,0.0018568293055082816
0.09279671307577783,0.06311279326377638,0.047972246045331304,0.03360603134638826,0.022178760528282493,0.013832394552922699,0.008383909370244746,0.004959247818083478,0.0029788337379025214,0.0018372798871820984,0.0010606009054997558,0.0006828204944699754,0.0004951035200452395,0.0003848197975707077,0.0003320243985137507,0.0003742607177593161,0.0006006943181591535,0.0009198131746812039,0.0011568058548924332,0.00178683095030545
0.09286488632372926,0.06280530273934147,0.04838685050310718,0.03385094590261555,0.02208926614588289,0.01374545018903957,0.008395494997116545,0.004985852862725201,0.0030596340889043937,0.0018075918859208678,0.0010629438965291651,0.0007258556111105233,0.0005555496829373423,0.00037232399469585106,0.0003370882854186413,0.0004028616094027665,0.000629544672419483,0.0008832417792153942,0.0011028777003766691,0.0018099409332060148
0.09309435889608365,0.06275720768584994,0.04823909967770147,0.03383605633472073,0.022178127146454982,0.01349309318476683,0.008498347413099756,0.004984178608539442,0.0029024474723932862,0.0018562983227563858,0.0011565172978589752,0.0007033034126066256,0.00048608950387169116,0.00038041787259523655,0.00037806961412242644,0.00042386065434222344,0.000621114366058272,0.000895860607377054,0.0011330347131308742,0.001817552057955019
0.09271286770620381,0.06283018845768595,0.04833037223005715,0.03396324787428796,0.022244089633946577,0.01402658769347473,0.008278563686814304,0.005031722751489259,0.0027806579872874148,0.0017367369777018967,0.001235326099082079,0.000760923300575273,0.0004990623499143379,0.0003393623979417497,0.000356976363232844,0.00042625796004448145,0.0006023976129554241,0.0008607357705581398,0.0010955886411060638,0.0017578737360512081
0.09297627789886609,0.06270836901463304,0.04778439657741061,0.03405462347528428,0.022104418537539864,0.014118063848606494,0.008341799088279249,0.0049339905730983735,0.002824785853547522,0.0017701834937720981,0.00116017990413559,0.000693292541298416,0.000498560626145223,0.0003929830817850581,0.0003577905669983364,0.0004516372730962607,0.0006006189190267159,0.0008387549357501989,0.0011437567305684533,0.0017361640628116009
0.09341378768217795,0.06275063766680823,0.048165842647062265,0.033720665566930964,0.02207019379908626,0.013728315222109851,0.008148290677510717,0.004887801146509664,0.002897952192001651,0.0016496035554470936,0.001098171356969047,0.0006734512381412745,0.0004892494186496718,0.00037778971895730055,0.0003519779990285409,0.00045522487874357964,0.0006605453781768947,0.0009163160574709681,0.00108057245701762,0.0016859746153467111
0.09267851465669644,0.06272575723625631,0.0483488560069169,0.03383586986998026,0.022290942493568233,0.013509946516285025,0.008444303145555712,0.004893190944722547,0.0027909137514972276,0.0018324536695412653,0.001102757009839173,0.0007074068903542784,0.0005044526747136648,0.000425851909118745,0.0003871380991988589,0.0004469685327114097,0.0007027143073336861,0.0009209194177912243,0.0011168347589009492,0.0016787715756168694
0.09246790734786789,0.06331815728333061,0.047363356879678964,0.03368379057050995,0.02177606721269156,0.01391542090070639,0.008212668090399198,0.004821524958344095,0.00265659102109784,0.0017624557039262153,0.0010396376522494187,0.0007040435568280487,0.0004822698364272134,0.00039309098589566054,0.0003625824317664451,0.00041421229260050205,0.0006289455774330569,0.0009246438713008374,0.001173405928046748,0.0015946586562155304
0.09158419031795821,0.06247268526275459,0.04853909361353617,0.03371619856188275,0.02218103124044351,0.013610208593787533,0.00820291583721647,0.004768728389868735,0.0028061681802790243,0.0016239453435769227,0.0011037204283185144,0.0006163024896980242,0.000490932971831696,0.0004382074736636142,0.0003737651981248473,0.00043937915140068257,0.0006245042338575036,0.0008190027382108721,0.0011259823053228152,0.0016368337986846753
0.09219607024685829,0.06296093931371194,0.04787789109345064,0.03366132084541983,0.02169712432493276,0.013827300035878521,0.008358757055522597,0.004678277549661265,0.002896076578361734,0.001660260904842192,0.0010329730629703195,0.0006906028763785675,0.00048776026582934525,0.00042561773196166423,0.0004021677191814073,0.0004408602402688314,0.0006343228457059509,0.0008101979415578781,0.001041180567443409,0.001623913385032794
0.09177909194427396,0.06283827161072346,0.0477211915595522,0.03324140936546688,0.022041836729912227,0.013807339234586524,0.008221610957774331,0.004852367139797845,0.002877212384196888,0.001709223480677223,0.0010203794733857855,0.0007169600892216999,0.000504917971330969,0.0003912821401961567,0.0003947966504374395,0.00045337182112548704,0.0006501843946373261,0.0007708492462547041,0.001057867582626136,0.0016342472621965222
0.09242168006816188,0.06329115407558983,0.047489461045422184,0.0336625401546768,0.021835002806871964,0.013544475736086057,0.008540157020754445,0.004870713953376629,0.0028349992909571836,0.0016700595244373648,0.0009985197998741305,0.000714902673618802,0.000493400041956583,0.000407846115441546,0.0004301135757673775,0.00044417723492053406,0.0006211449459310905,0.0007488898499055976,0.000978596282740492,0.0016794352972061368
0.09208143947389408,0.06314350177541993,0.04792930216849839,0.03356763247634727,0.02209659034940828,0.013652205320161924,0.008200470005488085,0.005041301380465222,0.0028531021769415865,0.001707405166307831,0.0010319481774387993,0.0006672483101848603,0.0005265281041704783,0.00044209598056184926,0.00036587253563739246,0.000472585358531632,0.0005992335439445755,0.0007892058220639904,0.0010729915708596607,0.0016804337934884078
0.09281646319017689,0.061878814451481,0.047799194847398474,0.03376177893238735,0.022118250047479145,0.013521593048583481,0.008274267707378378,0.004947210218919914,0.002897986649566357,0.0017713826163004718,0.0010468859539088827,0.0007045671425523388,0.0005404416850526262,0.00045603430690991644,0.0003552143830172359,0.0004888593984098589,0.0005803007247311279,0.0007631833773736646,0.0010785387207123986,0.0016799412899792033
0.09289735359423025,0.06262324063371183,0.04769603027411299,0.0332916767291203,0.021686834559194196,0.013396154306065843,0.008094902028825122,0.004848734944420087,0.002885091077905666,0.0017608316940326343,0.0010457136292124569,0.0006682250769631168,0.0004443110599456516,0.00044313873524922477,0.0003950734226957373,0.0005169951911240954,0.0006154704656239233,0.0007901468453914746,0.0010855726688909575,0.0016576671207470988
