0.06015132408575032,0.0601513240857503,0.05788146279949561,0.05706179066834805,0.06109709962168979,0.06204287515762927,0.06279949558638082,0.05744010088272382,0.06059268600252204,0.06506935687263556,0.06191677175283734,0.0605296343001261,0.06261034047919295,0.06343001261034045,0.06248423707440102,0.05680958385876418,0.06052963430012609,0.05687263556116014,0.06160151324085748,0.059205548549810846
0.0063945226714894705,0.006300571925168229,0.007492572019118973,0.010387429390142222,0.014685676034338999,0.018126622118354457,0.021532336672499444,0.024896947775128884,0.02987046540850959,0.03383988444058203,0.035683667837136376,0.03859026905144978,0.04011109675752486,0.040886190414675096,0.0427769491843901,0.04466183603245998,0.04844922549353499,0.048713461967563494,0.04830242745240808,0.05423894023558149
0.0016807762130147382,0.0019063349255838155,0.0030013860946691744,0.0046785242639328,0.007156032058441538,0.01028111164064859,0.014413929341914267,0.018717735099482293,0.023363516969655076,0.02794745209605891,0.03228400024738698,0.0385596257180589,0.04209216620039074,0.045562859938953634,0.04952832762766803,0.055018135648099306,0.059049088124333786,0.06193769486271842,0.06143564482506467,0.07293186307858539
0.0007020264145069176,0.0008149610985797699,0.001480360047981979,0.0025303473809836306,0.003812308659648437,0.005988590544619884,0.009022565570793261,0.01217252756979822,0.016689914932712286,0.02189711955509839,0.027458389673496675,0.03341340504177057,0.03962481266577744,0.04531733120080092,0.05164777808639811,0.06017282058951905,0.06696416307768382,0.07269025678905326,0.07605998357868646,0.09585407617902283
0.00035277867480047666,0.0005101722374037664,0.0008303867268380446,0.0014301104739988546,0.0024721644057171853,0.00389413383337449,0.006119353166731343,0.008442265056186789,0.012081312770859397,0.01678955123838884,0.021896700976654193,0.02869990203607569,0.034952225626385676,0.042621091280125256,0.05162780221599281,0.061399771507965994,0.0712965701771763,0.08103054791955563,0.08925300472452052,0.11872087879881571
0.00021278859453133315,0.00024248002632640286,0.0004923829106015733,0.0010169315389811388,0.001620657318814224,0.002637588857795361,0.00425329760464374,0.0062896349685889405,0.009187023854591166,0.012705458522306924,0.017941047662170886,0.024010471178279726,0.030629186182597364,0.03817080985854506,0.04819414237536402,0.060196903678520965,0.07405537946886975,0.08781983239186751,0.1022078053825617,0.1411926553294883
0.00011227562060922122,0.00017185043970799167,0.00029787409549385225,0.0007194805075774588,0.0011158821885038936,0.0019315989423178278,0.003235370944902458,0.005038654892238317,0.007300206678795489,0.010517246910129093,0.014886830757104298,0.019771965923203474,0.02616709361953686,0.033916402780769246,0.043803531411969035,0.057553857927804486,0.07379028747141553,0.09268925316090244,0.11430803847616783,0.16336561066480917
0.00008818797374149306,0.00012260279276256358,0.00024950743790276103,0.0004581472782180008,0.000879728811226114,0.001494893701227749,0.0025337910504263142,0.004103967168262655,0.0060311970334426,0.00895645665023359,0.012376429290452467,0.017125674315360197,0.02266215832537491,0.03010866479105903,0.04046537439021243,0.054394772388990716,0.07265828665823501,0.09568395150951997,0.12363523733319572,0.1828868010565349
0.00009195308349339984,0.00010012669091503536,0.00020434018554088852,0.00040255016551555043,0.0007540152846458787,0.0013854264579672244,0.002161919163022599,0.0033205280150394377,0.0052188483387142935,0.007907965180432384,0.010658384077812739,0.014814663451714415,0.020039641995994933,0.02679921533368753,0.03714495892762271,0.05123830152437781,0.07122685847398748,0.09798520577056685,0.13213862438187096,0.2010217009277044
0.00004130280859098418,0.00007670521595468494,0.00014554323027299185,0.00037369207772795223,0.0006175753284556682,0.0011092754307292895,0.0019176303988671232,0.0031390134529147985,0.004527574541735507,0.006659586185193928,0.009588151994335615,0.013150027535205725,0.017795610101486902,0.02514554323027299,0.03377389662497049,0.0477204783258595,0.06968373849421759,0.09983282196522698,0.13826606875934225,0.217172134371804
0.00003254186415111678,0.0000612552736962198,0.00014739550233152892,0.00026224914051194105,0.0005378978721449301,0.000955199424200427,0.0016596350717069544,0.002540179631090114,0.00396627897183023,0.005922619275503249,0.008782474866195508,0.011657644275311829,0.01691028399476268,0.022337118398787145,0.03222601664612062,0.045640921585592756,0.06772727620768598,0.10027679726801478,0.14517691288734386,0.2308079570600531
0.00003568557626571104,0.00005634564673533323,0.00010705672879713309,0.0002159916458187774,0.00047330343257679893,0.000841428324580976,0.0013522955216479977,0.0024604265741095506,0.003604243202836815,0.00530588173424388,0.007723109979189676,0.01083526786720458,0.015130684336661484,0.021291141713057928,0.030227561285281757,0.04385193866588534,0.06648598495946871,0.10166820678101075,0.14922205443740752,0.2429943579225736
0.000035224976362186914,0.000051910491481117546,0.00008898941396763006,0.00020393407367581888,0.0003726431709894511,0.0007730955338437866,0.0012662452029144034,0.001968890784033816,0.003159124195850869,0.004616325849570812,0.00695785980459408,0.01032277202024509,0.014438532416247986,0.020695600585846973,0.029069875229425838,0.042605535883127224,0.06433378446022356,0.10278091918648842,0.15480264743506558,0.2535104469864106
0.000020206993089208364,0.000044087984921909154,0.00008633897047207214,0.00016349294408541314,0.0003582148774905121,0.0007109187568657852,0.0011334286123674145,0.00181495537928526,0.0027169220708126523,0.004263675541822964,0.006719743701847652,0.009730585672139701,0.013957521226527743,0.019637523283967038,0.02790953145494024,0.041914814665133374,0.06482219683080868,0.10358472057402554,0.15953053644055656,0.2616548425140438
0.000023717087979450053,0.000023717087979450057,0.00007115126393835018,0.00014230252787670033,0.00030284896958374693,0.0006148198960826669,0.0010070640434351101,0.0016072888084535,0.002554147936248467,0.004033729347889544,0.006217525833381982,0.009277030182731039,0.013301637573705415,0.01927104617899469,0.027269178002218456,0.04135895265339484,0.06400147410823749,0.10397753809329202,0.16222123299667224,0.2713818670091657
0.00001634078896960432,0.00003631286437689848,0.0000671787990972622,0.00012164809566260986,0.0002287710455744603,0.0005628493978419264,0.0009641065492066546,0.0015777939571762392,0.0023621518277172457,0.003958102217081934,0.005904471747683694,0.008989249576501218,0.012945536150364308,0.018848192254829154,0.02749973219262522,0.040156581071193194,0.06376720548905258,0.10540535142682325,0.16507101888450515,0.27747930620641326
0.000023510943439904227,0.000043404818658284724,0.00007957550087352202,0.00011936325131028301,0.00022787529795599486,0.0004955383463487507,0.0009205438623777889,0.0013781029924005398,0.002318540729996708,0.003655047437849724,0.005733053131115105,0.008465748172476282,0.012645270502446947,0.0184325796568849,0.02739024910748842,0.04052924942217336,0.06458817869763844,0.10608861093729086,0.168264205131173,0.28327974043918436
0.00001982821555072868,0.000021630780600794925,0.00007030003695258355,0.00010274620785377596,0.0002451488468090093,0.0004019720061647724,0.0007895234919290149,0.0013320955719989546,0.002258614007733004,0.0037601506944381856,0.005710526078609863,0.008459437779960888,0.012545852748461062,0.018198696745468805,0.026503113931123985,0.04056492388669076,0.06548178057375643,0.1070182870224329,0.17002154065234837,0.28914044685587587
0.00001438504818092075,0.000010788786135690562,0.00005034766863322261,0.0001006953372664452,0.00023555516396257732,0.00036681872861347905,0.0006904823126841962,0.0012299216194687247,0.0021847291924773395,0.00355130876966481,0.005611966921581711,0.0082678064419842,0.012261455443212329,0.017896798068088027,0.026748997092422143,0.04057482652530959,0.0650078308606035,0.10867364461378846,0.17362932967473607,0.29265301645469693
0.000014361058553625988,0.000017951323192032484,0.00003051724942645522,0.0001112982037906014,0.00018489862887793458,0.0003859534486286984,0.0007683166326189909,0.0012565926234422748,0.002190061429427964,0.0035705181828952627,0.0056169690267869644,0.008338389622699092,0.01215304580100599,0.017841820120561083,0.026718749439021167,0.040929016877834054,0.06585263399765197,0.10998237180062541,0.1753144174257084,0.2957821571027999
0.000012541453984509512,0.00002508290796901902,0.00004299927080403262,0.0001003316318760761,0.00020245490003565361,0.0004264094354733235,0.0008044446912921101,0.0012953530329714825,0.002198337719856167,0.003430983482905103,0.005446574301844132,0.008243318540389755,0.012122211094170197,0.01791457119873009,0.026962334430411947,0.0409926381665111,0.0662117104930762,0.11057620814513687,0.1767323779134245,0.30159688541948476
0.000012519561815336464,0.00001967359713838587,0.00003398166778448469,0.00010015649452269166,0.00017706237424547277,0.00040599150458305375,0.0007744243237200985,0.0012555331991951706,0.0020889783143304276,0.003349877040017885,0.005288620612564276,0.008026827632461434,0.012097473731276549,0.01820880840599151,0.02692063492063493,0.041513078470824936,0.06729264475743348,0.11208763693270735,0.17873463000223563,0.3048155600268277
0.000016080876086129175,0.000033948516181828266,0.00003930880821053799,0.00007504408840193616,0.00019475727704311996,0.00038236749804796034,0.0006843306156652747,0.0012703892108042046,0.0020208300948235647,0.003335888405867017,0.005149453875580474,0.008015423346930608,0.012071377648654302,0.018010581216464667,0.026513791138007874,0.042097946829476575,0.06767726039047942,0.11358637485236861,0.18058109139119236,0.30763430658368934
0.000007136396155623391,0.000023193287505776022,0.000033897881739211116,0.00007314806059513977,0.00015700071542371457,0.00034433111450882855,0.0006244346636170465,0.0012185396435726937,0.0019500202495240909,0.0032006736757970904,0.005236330679188663,0.008244321658783924,0.012233567109777396,0.017939115836198297,0.027300283493337275,0.0418620998488868,0.06795990059000155,0.1139807352985779,0.18318415291869689,0.3112485660303975
0.000014264851939752398,0.000008915532462345249,0.000041011449326788156,0.0000873722181309835,0.0001800937557393741,0.0003031281037197385,0.0006490507632587342,0.001135838835702785,0.0019988623780578044,0.003286265265620458,0.00515852708271296,0.00816127841603084,0.012415770507061994,0.018250094950420723,0.027409913002234228,0.04222396174166707,0.06819134159149387,0.11575035795862836,0.183180313077838,0.3151462414789798
0.000024960597913294012,0.000017828998509495725,0.00003565799701899145,0.00009271079224937775,0.00016580968613831012,0.00038867216750700675,0.0006614558447022912,0.0011802797013286171,0.0020663809272505546,0.003326891121871902,0.005173975367455659,0.008212036713473729,0.012375107865440983,0.018385263262991985,0.02722488072399997,0.042418753253792234,0.06885737514352343,0.11633421527445964,0.18566762467818657,0.3177822865334009
0.000014232697487573076,0.000017790871859466344,0.00003202356934703942,0.00006760531306597209,0.00021171137512764946,0.0003380265653298604,0.0006635995203580947,0.001224011983931284,0.002133125535950015,0.003317997601790474,0.0053532733425134225,0.008016566859875535,0.01253722739936593,0.018418889636105506,0.02750112972036308,0.04260380084186407,0.06969218233508753,0.11754073220112225,0.187558487491238,0.3197998171098373
0.000005336530508055492,0.00002134612203222197,0.00004269224406444393,0.00009072101863694335,0.00019923047230073837,0.00034331679601823676,0.0007222104620901763,0.0013465845315326695,0.0020830257416443267,0.0034047064641394053,0.005331193977547435,0.008155997459811479,0.012129933844810134,0.01831141501664108,0.027442218715924036,0.04299286861639774,0.06979114598434971,0.11880184217033139,0.18967274616081106,0.3226537498910458
0.000010670650376140426,0.00001600597556421064,0.00003734727631649149,0.00008892208646783689,0.00020452079887602488,0.00038414341354105533,0.000777179035728894,0.001374735456792758,0.002134130075228086,0.0035337637162318374,0.005459816109125186,0.008056341033986024,0.012223230005868856,0.01855981788756692,0.028037133863308968,0.04273061943125433,0.0708833520069715,0.11979939177292857,0.19233313770474314,0.32472034003805866
0.000015979688040979023,0.000007102083573768454,0.00004971458501637917,0.00009410260735243198,0.00022549115346714844,0.00040659428459824404,0.0007084328364834033,0.0012517422298766899,0.0022424828884173896,0.0035439397033104588,0.00554317622932628,0.008071517981587844,0.012336319167635803,0.018758378239215934,0.02795735198813952,0.04368314054135632,0.07106522376002058,0.12051525616327685,0.19306836643200193,0.3284536100778566
0.000005325163349385742,0.000019525598947747722,0.00006922712354201465,0.00010295315808812435,0.00022543191512399644,0.0004189128501516782,0.0007117968343678942,0.0012709389860533975,0.002076813706260439,0.0033708284001611757,0.00525948633474332,0.008218502102551995,0.012418280930767548,0.01848541704016771,0.028447022612418642,0.04389532148898666,0.07172462515287657,0.1218539378695442,0.1946524709645468,0.33090742558527986
0.000012411853674883904,0.00003191619516398719,0.00006737863423508407,0.00007624424400285827,0.00020213590270525212,0.00043618800057449125,0.0007376187326788144,0.0012305466357670613,0.0021685281491975734,0.003434537224035732,0.00525730659229011,0.008193596547376931,0.012500509772561648,0.018626646122093624,0.028623507696235836,0.04432627571691755,0.07302248141324912,0.12296600747902844,0.1959016059165534,0.3319355221932811
0.000017728107559974186,0.00001418248604797935,0.000046093079655932865,0.00009927740233585542,0.0002109644799636929,0.0003917911770754298,0.0007747183003708726,0.0012303306646622096,0.002134464150220894,0.0035509399442628293,0.005364525347648189,0.008098199533396208,0.012250122323942167,0.018715563151064745,0.028831221324786018,0.04529708762649004,0.07388366106694841,0.12400633957126347,0.19705146115062513,0.3334462022847984
0.000008865169635020966,0.000008865169635020966,0.00005673708566413419,0.00009397079813122227,0.00022162924087552402,0.00037765622645189313,0.0007233978422177107,0.0013084990381290946,0.002074449694594906,0.003420182445191089,0.005310236611377558,0.008203827980248402,0.012794212817262257,0.01900869673141196,0.028932367620854424,0.04539676066701535,0.07377594170264448,0.12580916835843653,0.19901951223836672,0.3361193606439659
0.0000106360160320215,0.0000177266933867025,0.00006913410420813972,0.00009926948296553397,0.00015067689378697117,0.000455576020038254,0.0007161584128227805,0.0012249145130211424,0.0021431572304523314,0.003382253098182837,0.005527182997973839,0.008351045254475544,0.01298125756708224,0.0188523384167581,0.02896187165519454,0.04574905029240181,0.0750069577271543,0.1257017554744461,0.2005917170252481,0.3389645129325092
0.000010619732170354663,0.000012389687532080441,0.00004778879476659597,0.00009911750025664349,0.00021770450949227068,0.00043009915289936394,0.0007221417875841171,0.0012053396013352547,0.002076157639304337,0.003373534919449331,0.00538597416573154,0.008364809039516023,0.012892354854810564,0.01925357442485301,0.029506925835330444,0.046266633155511806,0.07564612220479797,0.12678898238186428,0.20175898163848316,0.3400172747643304
0.000015913374660956714,0.000015913374660956714,0.00005658088768340167,0.00011492992810690961,0.0002722955219763703,0.0004066751302244492,0.0007532330672852843,0.0012978241112380248,0.002086420233325435,0.003439057079506755,0.005467128272408686,0.008557859262114498,0.012773135394527917,0.01961942280421952,0.02941675713714853,0.046359196692847125,0.07651857798084027,0.12784451572064606,0.20134308882138477,0.3427564086696065
0.000010613382768111738,0.00003007125117631659,0.00007429367937678217,0.00010613382768111745,0.00020342316972214177,0.0003484727342196688,0.0006792564971591515,0.001324903948885949,0.0021439033191585706,0.003513029696244986,0.005623323969971201,0.008522546362793725,0.013149981249690449,0.01976388761135207,0.029422065930333755,0.046774946756196444,0.07639866695912435,0.12764361675782382,0.20520091133580037,0.3445740849495156
0.00001237490298959978,0.000030053335831885184,0.000047731768674170574,0.0001096062836221694,0.0001944627612651393,0.0004066039553725639,0.0007566369256498145,0.0013135075601818048,0.002227482538127961,0.0033783485161607394,0.005547492225909156,0.008574039928508418,0.013142146974954964,0.02022412717157449,0.030265477025992606,0.04713246980081709,0.07620642045323964,0.12890582875609247,0.20568679827670633,0.3462957495743918
0.000012381206743158943,0.00003006864494767172,0.00004244985169083066,0.00010081839776572282,0.00019279307642918925,0.0004121173101651477,0.0007764785371781108,0.001363701485567935,0.002170248667693717,0.003309319688064337,0.005440655991708126,0.008640313562904485,0.013560958871399941,0.019834693202540617,0.030065107460030806,0.047218385030767314,0.07754349783240443,0.1300964142256528,0.20665649049388637,0.3482232083951657
0.000007072248320783039,0.000014144496641566079,0.00005480992448606855,0.00011846015937311597,0.00022454388418486143,0.00040135009220443747,0.000691312273356542,0.0012783088839815348,0.0021817886069615674,0.0032938996554047004,0.0055039772556493985,0.008575101088949433,0.013387766071242297,0.019614880717691765,0.030746599574604263,0.047721763606563765,0.07807408533728437,0.1306739322231082,0.20734948045495774,0.3501045808720436
0.00001591151781736406,0.000019447410665667185,0.000038894821331334376,0.00012375624969060935,0.0002528163386536735,0.0003977879454341015,0.0007336977660228986,0.001246402229026851,0.0022117009766136043,0.0034616390984887595,0.005632677307346878,0.008664705424766809,0.013123466306477049,0.02038972610973997,0.030693317869695272,0.04789190068384167,0.07836599319694215,0.1317014009207465,0.20801834421209703,0.35064565403410014
0.000012360284639697702,0.000021189059382338917,0.00005650415835290374,0.00010241378701463807,0.00022778238836014325,0.000393763353521798,0.0007186622640509947,0.00128546960252856,0.0021030141436971374,0.0035014920629315048,0.005625695266010981,0.008634541698303107,0.013052460579520775,0.02033973125209683,0.03072766761428849,0.04811682234739464,0.07894337223880069,0.13126269136369254,0.20915367365317042,0.35357123938339835
0.000007061872596756482,0.00003177842668540417,0.00006355685337080834,0.00008297700301188873,0.00024010366828972055,0.0004007612698659304,0.0007079527278248375,0.0012358277044323845,0.0022050697183372122,0.0035856658110031032,0.005788970061191127,0.008721412656994252,0.013334580930825426,0.020135164241501927,0.03061145223879016,0.04800131350830297,0.07918477742743045,0.13209938879492678,0.20984354421261886,0.35529516861986293
0.00001942172690933231,0.000026484173058180422,0.00006003079226520899,0.0001059366922327218,0.00021363899600265548,0.00044140288430300704,0.0007062446148848115,0.0013136149836857492,0.0021928895292173405,0.003587722643614841,0.005522832888399228,0.008768026893794934,0.013162634009915674,0.01984194245518878,0.03114009068180856,0.048231210362020986,0.079825063208893,0.1331994999788126,0.21081931437772783,0.35628451770555264
0.000003529839498198017,0.00003882823448017819,0.00004941775297477223,0.00009707058620044545,0.00021355528964097997,0.0004112263015400687,0.0007695050106071675,0.0011807313121472368,0.0021973250876282666,0.0035916116894164816,0.00576952265980466,0.008803419708505856,0.012970395236128612,0.02037776342309716,0.030951397639949307,0.048810620581082174,0.07940903427121167,0.1329514046996283,0.211735657379659,0.35873229344261715
0.000012352323560292576,0.00001764617651470368,0.00007411394136175542,0.00010234782378528128,0.00019234332401027015,0.00043586055991318097,0.0007252578547543212,0.0012687600914071944,0.002175773564262963,0.0035962907736966096,0.0058002982203831,0.008775443580762135,0.013239926238982166,0.020074290403126905,0.030951393606790254,0.048382286768014524,0.07983836102312532,0.13339980059820541,0.2132699247390571,0.3592532138098979
0.000014110069121701109,0.000022928862322764303,0.00005467651784659179,0.00010758927705297094,0.00022752486458743035,0.0004039007286086946,0.0007513611807305846,0.0012663787036726745,0.002430459406213017,0.0037603334209333444,0.005670484028283635,0.008458986438459814,0.013296976388563088,0.02008039211882089,0.03090634265244607,0.04848396126080522,0.08016283019766443,0.1349927950459547,0.21290683297734803,0.3601083653308546
0.000012349033070710565,0.000029990508886011373,0.000044103689538252005,0.00011290544521792513,0.00021875430010972986,0.0004622066663608807,0.0007568193124764049,0.0013301672764736805,0.0023657219068318382,0.0036165025421366647,0.005661149589130028,0.008667257068057285,0.0134128140623732,0.02015362197139964,0.030886695857428648,0.04880690699061121,0.080522752211359,0.1343592439569124,0.2137211870596247,0.36181431993874885
0.00001940172146183152,0.00001940172146183152,0.000049386200084662046,0.00012170170735148868,0.00022929307182164533,0.00041272752927896164,0.0007672498941724285,0.0012593481021588827,0.002192394525186961,0.0036104839847608317,0.005771130238464797,0.008856003950896005,0.013701142937773388,0.020174262734584447,0.031113306053337113,0.049098701848454926,0.07969521659376322,0.13468322280231407,0.21463242556794124,0.36286510512205444
0.000021149063889559588,0.00002996117384354275,0.00006344719166867876,0.00013923133727293394,0.00022030274884957905,0.0003648213520949029,0.0007419796581253823,0.0013112419611526942,0.0022100771764589767,0.003623539613077876,0.005696147874254716,0.008524835169483309,0.013595323237005219,0.02044938235921332,0.03110322329357898,0.04933195394438855,0.0797513575055384,0.13525002599572436,0.21506659311492227,0.3641516317384003
0.000017627668388302278,0.00001586490154947205,0.000045831937809585945,0.00010929154400747418,0.0001798022175606831,0.0004424544765463872,0.0007103950360485817,0.0013203123622838413,0.002118845740273933,0.003566077314953552,0.005762484796136014,0.00883675016305593,0.013277159830069277,0.02066139011792911,0.03161346048758132,0.04927814697949902,0.08065715947751592,0.13519716547092317,0.21630030495866312,0.3637998201977824
0.00001233991168148925,0.000019391289785197392,0.00004583395767410293,0.00010400782702969508,0.00018509867522233862,0.0003719601949706046,0.0007051378103708143,0.0013150820163415698,0.0021612473887865453,0.0035292147409059257,0.005768027288833262,0.008620309731783205,0.01364970516425304,0.02084916220813905,0.032226560778472135,0.048985923686460466,0.08095158347509543,0.1360510519774708,0.21660423258970674,0.3650815756304373
0.000017620120768307746,0.000024668169075630844,0.000047574326074430913,0.0001039587125330157,0.00019029730429772376,0.000375308572364955,0.000673088613349356,0.0012140263209364037,0.002110890468043268,0.0034711637913566263,0.00573006327385368,0.009111364449291936,0.013687309812821456,0.021103618644202196,0.031638688851573386,0.049390960525643436,0.08115651424674862,0.13621410561147987,0.2176208255731385,0.36570736855830394
0.000008808430725215719,0.000015855175305388295,0.00004580383977112175,0.00012507971629806315,0.00020611727897004776,0.00039109432419957797,0.0007064361441623008,0.0012349419876752444,0.0021932992505787146,0.003662545495544696,0.005921027133490006,0.008887706601742661,0.013774623968092342,0.020546545509638182,0.03173149084451711,0.04969540446552206,0.08118554430816823,0.13703275679218097,0.21769331862912633,0.36648180706718003
0.00000880808934925836,0.000012331325088961705,0.000045802064616143456,0.0001215516330197654,0.00020258605503294217,0.00035760842757988934,0.0006976006764612622,0.0011432899975337353,0.0022108304266638488,0.0038755593136736775,0.005816862206250219,0.00913398865518092,0.014004862065320789,0.02077299792129092,0.0317778247542543,0.04998238382130148,0.08182010358313073,0.1376686749110383,0.21683049712856298,0.3678205263714196
0.000008811038468993955,0.000017622076937987914,0.000038768569263573406,0.00008987259238373836,0.0002044160924806597,0.0003876856926357338,0.0007242673621513032,0.0011771547394575923,0.0021252224787213425,0.0036883007031208704,0.006076092128218233,0.009392567007947555,0.013755793257793362,0.020832819356089306,0.032008740550161244,0.05008370486545544,0.0824766066928648,0.13707156325444514,0.21784587731510038,0.36780270322660236
0.000014091453533431974,0.00001761431691678997,0.00005460438244204892,0.00009159444796730785,0.00016557457901782567,0.0003540477700274783,0.000736278447121821,0.0012224335940252233,0.0021577538223067714,0.003681392235609103,0.0060822236313675775,0.009212287747481151,0.013945254703022615,0.021035017262030577,0.032221869935883884,0.050287113365743666,0.081996406679349,0.13727717889100258,0.21812865497076023,0.36942330726414435
0.000007042972697916337,0.00001760743174479084,0.000049300808885414364,0.0000897979018984333,0.00014966316983072207,0.0003644738371171706,0.0007359906469322571,0.0012589313697525452,0.0023805247718957224,0.003764468907036281,0.0059618763887861765,0.009059023632694887,0.01399438675075976,0.021326121329290664,0.031735634976811006,0.05034492958788046,0.08182525680439202,0.13816199541502477,0.21921780745216954,0.369558863405066
0.000012327720111442589,0.00001232772011144259,0.00004402757182658069,0.00006692190917640267,0.00018139359592551248,0.0004226646895351748,0.0006727412975101534,0.00134724369789337,0.002396861010239054,0.0037300158851479174,0.006146249026990665,0.009013324504337594,0.013962023577645265,0.0213833110847337,0.032164782873626785,0.05059824664597959,0.08220299880597225,0.1389809554335307,0.21889452050452088,0.3695709601180644
0.000010575258829459851,0.00002467560393540632,0.00004406357845608272,0.00008283952749743551,0.0001850670295155474,0.00040891000807244767,0.0007543684631681362,0.0013360076987884281,0.002398821211149143,0.003731303823661084,0.006190051501510498,0.00941903053077224,0.014248398729558904,0.021545327321886205,0.03240083051032674,0.050911058548157986,0.08264212266595226,0.13819043221082836,0.21983143037425845,0.3698978782505702
0.0000035229068208760412,0.000014091627283504165,0.000044036335260950515,0.00009335703075321506,0.0001867140615064301,0.00042803317873643876,0.0007010584573543323,0.0013774565669625323,0.0022528989119502277,0.003781840472210429,0.006210884725204461,0.009399115398097273,0.013867922700378538,0.02146859416641859,0.032940940228601424,0.051175505933455816,0.08284643825313139,0.13852069619684598,0.21966733190890467,0.37096737259847845
0.000003520742454168735,0.00001408296981667494,0.00006161299294795287,0.00011266375853339944,0.00021124454725012404,0.00036263647277937956,0.0008203329918213155,0.001373089557125807,0.0023043259362534384,0.003987240829346092,0.006094405188166082,0.009310603420049222,0.014128739468579132,0.021328657787354193,0.03248413025338783,0.05022339110871701,0.08228679263883167,0.13907284768211922,0.21940210751643313,0.3742249965672761
0.000008803064875066904,0.00001936674272514719,0.00004577593735034791,0.00007922758387560217,0.00016901884560128447,0.0003873348545029437,0.0007940364517310342,0.0013644750556353698,0.0023697850643680106,0.003947294289980001,0.006200878897997125,0.00944568861094679,0.014287374292233588,0.02120130144511113,0.031992098368968144,0.050395785796783006,0.08268542775852841,0.13958843911096083,0.22020338601087353,0.37379574072509075
0.00000528063959106727,0.000014081705576179386,0.000035204263940448474,0.00010033215223027816,0.00020770515724864589,0.0003925275429360003,0.0008519431873588526,0.0014926607910750148,0.0024519769834522366,0.003934076495345117,0.006430058808722913,0.009404819111690808,0.0141063485609377,0.021624219125420476,0.03257098499770292,0.05025056634859616,0.08211218542789905,0.13914661343781953,0.22038749333319252,0.37528449445796874
0.00001583993917463357,0.000021119918899511422,0.0000510398040071526,0.0001003196147726793,0.00023935908086112956,0.0004329583374399842,0.0008571167086718391,0.0013868746744012505,0.0024886304436590964,0.004000464638215789,0.006066696703884656,0.009180124748320966,0.014366824831392644,0.021711276628697745,0.032406755558058664,0.05031116680511947,0.08251904312687443,0.13905354603438322,0.22109035101305208,0.37571631724934174
0.00001055821270575317,0.000015837319058629757,0.00005631046776401692,0.00009326421223415299,0.00026395531764382933,0.0004628016569355139,0.0007320360809322196,0.0014218393110414268,0.002366799348206335,0.003837910318541278,0.0060111424338088046,0.009240195819651648,0.014234230429472897,0.021556350940912725,0.032802607174657473,0.05059143588173394,0.08299459067569046,0.139363128609589,0.2213423711634095,0.37592692309045933
0.000010565277567450493,0.000007043518378300328,0.00005282638783725248,0.00011445717364738038,0.00021482731053816014,0.0004701548517515472,0.0008223307706665638,0.0013277032143096128,0.0023542960179468862,0.0036573469179324476,0.005985229741960708,0.00937316208192316,0.014234950642544963,0.02173277595624566,0.03271186022842132,0.05131027050632332,0.08331601801732004,0.13929438032886185,0.22221596131699708,0.3754494645165154
0.000008797581720736604,0.000015835647097325888,0.000049266457636124985,0.00009501388258395536,0.0002586489025896561,0.00043284102066024077,0.0007653896097040845,0.0014040940426295612,0.0023102449598654314,0.003812871917767244,0.005906696367302556,0.009204029996234634,0.01428023464909965,0.021450263751499977,0.0325686475301669,0.051038290594681325,0.08365620458248435,0.1399976774384257,0.2226104888288307,0.3757869436849199
0.00000880030695470658,0.000015840552518471846,0.00005280184172823949,0.00013728478849342268,0.0002358482263861363,0.00045585590025380083,0.0007568263981047658,0.001459090893090351,0.0023690426322070103,0.003720769780449943,0.006019409957019302,0.009439209239618279,0.014230096345760545,0.021305543137344642,0.032541775057113996,0.050358876517612935,0.08347267152678287,0.14062890513621115,0.222959296820273,0.37656865471467643
0.000012324247428633804,0.000019366674530710263,0.00004401516938797788,0.00013204550816393353,0.00024296373502163767,0.00044191230065529773,0.0008556548929022897,0.0014172884542928866,0.0024225949231143013,0.0036321317778959315,0.005852256921825538,0.009118182490413497,0.014255633061378269,0.02131918744476096,0.03213987668710143,0.050680826640093254,0.08364994911846417,0.13979569918976872,0.22413932737778747,0.3778860746567697
0.000012309272223072148,0.00001934314206482766,0.000042203219050533086,0.00012485118969116042,0.00024970237938232084,0.00045016766987235313,0.0008299966413271513,0.0013680876842214473,0.002402066550959508,0.0036998155367634015,0.0059805478329526245,0.009156340066505238,0.013819795771589146,0.021171948223684095,0.03208499728316777,0.05040295281855958,0.08341993785575992,0.14054375330811694,0.22499063616077317,0.37843626522612994
0.000005277351191889767,0.00002990499008737534,0.000058050863110787406,0.00012313819447742783,0.00022164875005937007,0.0004432975001187405,0.0008162303176789505,0.0013562792563156702,0.002346662163326983,0.0038876487113587944,0.006035530646457929,0.009124540210777408,0.013819623654495333,0.021170973864797785,0.03210740465145733,0.05000290254315555,0.08377091370299417,0.14073816070238024,0.2245231473418861,0.379548856837776
0.00001583105102347745,0.000029903096377679625,0.00005277017007825816,0.00012664840818781968,0.00022691173133651015,0.000425679371964616,0.0007845165284967718,0.0013913734843967408,0.0023570675968288654,0.003665767814769667,0.006014040383252155,0.009335043086843872,0.01396650501404566,0.021173151241066446,0.03179402747215054,0.050219611857809016,0.08322559423609026,0.14141701978705482,0.22506829339510956,0.379563520333226
0.000012317828120545784,0.00003167441516711773,0.0000510310022136897,0.00014605424771504293,0.0002586743905314615,0.0004434418123396482,0.0007707441023998651,0.0013795967495011286,0.002262960994717412,0.0037551778870349587,0.00601285981255785,0.009384425338124381,0.013919145776216741,0.021528044175251015,0.03214777170489299,0.05013532014035286,0.0837489133915908,0.14164446524788746,0.2242443012448046,0.3794330983560979
0.000014055850923645104,0.000033382645943657103,0.00005270944096366913,0.00012650265831280598,0.0002266505961437773,0.00040586269542025263,0.0007713148194350252,0.001368688483689941,0.002319215402401442,0.0038741439108296812,0.006066856654918318,0.009345383882858537,0.014076934700030571,0.021482611155426087,0.03197530386992716,0.05059579238102601,0.08314562915745714,0.14163905277620625,0.2240854033502121,0.38013521728588545
0.00001230857960749698,0.00002637552773035067,0.000058026161006771476,0.00011077721646747288,0.00024441322363458304,0.0004431088658698915,0.0007895074633951637,0.0013768025475243053,0.002275328858871585,0.0039018197355765428,0.006101538748287786,0.009236709811168803,0.014105632230191534,0.021313184774638682,0.03175086028179614,0.050044926315567353,0.08364559027551878,0.1424946677474772,0.22328115081702596,0.3810753830166219
0.000014069966425542617,0.00002110494963831392,0.00005627986570217048,0.00009848976497879834,0.00023567193762783886,0.00046079140043652053,0.0008107818152718933,0.0014368953212085401,0.0022775758151347123,0.003714471136343251,0.005995564443084347,0.009147236922405893,0.014263428463893828,0.02105218726421814,0.03185792147903487,0.05099131707196963,0.0837286114526009,0.14164938698915033,0.22478354236027204,0.38042023472221503
0.000017582974054563484,0.000022857866270932525,0.000029891055892757916,0.00013187230540922612,0.0002250620678984127,0.00045012413579682543,0.0008053002116990075,0.0014259791958250987,0.0022717202478496007,0.0037697896372984128,0.0059817277733625,0.009208203512374896,0.014194734954249104,0.02096066337044513,0.031851557499841754,0.04999718672415128,0.08449322352179936,0.14158514027696703,0.22531702102220377,0.38079974399189775
0.000012308557964516185,0.00001582528881152081,0.000049234231858064727,0.00009846846371612945,0.00024265442844331893,0.0004167326053700476,0.0007789558826115249,0.0013451495489792693,0.0023034587047880296,0.0038156529690000175,0.005922174746355785,0.00924724376219866,0.013762726169752595,0.02117951152608535,0.03209896080603472,0.049636897540046764,0.08411844349492709,0.14133917110653932,0.22584093826378995,0.3819169699847022
0.000014065167437027608,0.00002285589708516986,0.00005098623195922508,0.00011603763135547781,0.0002021867819072718,0.00044481092019599787,0.000752486457880977,0.001360804949532421,0.002355915545702125,0.0038397907103085377,0.005965389139229335,0.009094888893967971,0.013713538251101921,0.020932485438156328,0.032068581756422944,0.05041483453209582,0.0833941358800663,0.14205643296804918,0.22544881070218592,0.3824002559860473
0.000015825678394080493,0.000031651356788160986,0.00006154430486586857,0.00011429656617947021,0.00019870018428123286,0.00040970922953563964,0.0008088680068085586,0.0013064976718668677,0.002198010888066735,0.0037788203187643318,0.006128054355930058,0.009219336868907113,0.013909012899686294,0.020858244123398085,0.03204524033930254,0.05027993866670416,0.08370904666113355,0.142014362682347,0.2265920632464445,0.38181031693558604
0.000022872947812730374,0.000029910777908955103,0.00005630264076979787,0.00010908636649148337,0.0002392862232716408,0.00038532119776830395,0.0008005531734455633,0.0013389471758067555,0.002216916480310791,0.003719493205854772,0.006050774425229214,0.00923715200129496,0.013917309015284405,0.021113490288674198,0.032071391748496096,0.049931645075190406,0.08346338656865317,0.14302102375795492,0.2260304702854016,0.3826028358936372
0.000008792182694522647,0.000022859675005758878,0.00004923622308932682,0.00012133212118441254,0.00024266424236882517,0.0004149910231814689,0.0008774598329133604,0.0013575130080342966,0.0021347419582300985,0.003894936933673531,0.005864385857246606,0.009036605373430377,0.01418530755934284,0.021201469349571917,0.03164306551758701,0.05022973973380789,0.08402864844809181,0.14285538442060397,0.2272445123591712,0.3815332511557325
0.000010556299383688054,0.000021112598767376112,0.00006157841307151367,0.00012139744291241267,0.000221682287057449,0.00038530492750461374,0.0008040381363909069,0.0013899127521855936,0.0023012732656439955,0.0036436826706029942,0.005985421750551128,0.009161108481810615,0.014196463287829818,0.0209912013244637,0.03193456501888699,0.05011779070728966,0.08462633339256591,0.14303081911605062,0.2258309127152386,0.3827960470177575
0.000012311437149233964,0.000028140427769677636,0.00005100452533254071,0.00011256171107871049,0.00021984709195060635,0.000448488067579237,0.0008055197449070221,0.0013859160676566239,0.0023462081652968728,0.0037303654562178923,0.006027327872917826,0.009189608443535353,0.013971722387644943,0.02100507055332875,0.03223134245669452,0.05070201573401667,0.08432982691878145,0.14275639007557467,0.22582341529819178,0.38280303283460293
0.000022851116189136934,0.000026366672525927232,0.00005976445772543507,0.00011777113728247499,0.00022323782738618375,0.0004605378801195288,0.0008261557391457197,0.0014132536473896993,0.0022376516083670245,0.0038442608542801904,0.005978203550711902,0.009194937598875021,0.014165934259096501,0.020912286869397084,0.03209702935489542,0.050304095623132365,0.08442960098435578,0.14189136930919313,0.22614519247670947,0.3840200386711197
0.000015828795745219705,0.00003693385673884597,0.00004396887707005474,0.000130147876127362,0.00023039691584708676,0.0004854164028534042,0.0008600312354902707,0.0013894165154137298,0.0023426617702925153,0.003802428489018333,0.006057152505170739,0.009076934982342098,0.014052453111589492,0.021161341156275933,0.03223270440251573,0.050247632715658574,0.08392955130640328,0.14193681144738507,0.22636233168713857,0.3847030517918196
0.000012297983657736574,0.00004216451539795397,0.00006500362790517906,0.00013352096542685425,0.0002758262048949489,0.00047610765303523003,0.0008362628887260873,0.0013879152985159851,0.002304993508421484,0.003926570496434463,0.006141964409635294,0.009082939358642586,0.01391956064574955,0.021444169789476084,0.032002867187047056,0.05049200718904987,0.08361574774375923,0.14114922900426743,0.22808016177119078,0.38405373164745554
0.00002988390979981296,0.00003867329503505207,0.000059767819599625946,0.0001265671473874432,0.0002584079259160299,0.00044650076995014635,0.0008209285809713326,0.001404543760591209,0.0023731340135145587,0.0037460359872589074,0.005955687435398018,0.009249949021565635,0.014156183859876107,0.02146895237559504,0.0323150537558801,0.050538965102624865,0.08410211156190893,0.14310525464606902,0.22714759838837836,0.3825843605194878
0.000024603315472497885,0.000038662352885353815,0.00004744925126838877,0.00013531823509873843,0.0002460331547249789,0.0004657056143008531,0.0008312405870351073,0.0013180347574552442,0.0023496166276235483,0.003748490850202713,0.006008481114319303,0.009440643622732758,0.014015102920940766,0.021260779327591395,0.032107326691609726,0.05125222088856632,0.08413279463788313,0.14329146669150433,0.226826752239341,0.3826993000356746
0.00003163161122641029,0.00003514623469601143,0.00007029246939202289,0.0001440995622536469,0.00023547977246327656,0.00042351212808693767,0.0008259365153562684,0.00138300433528805,0.002295049125649546,0.0037905214119648327,0.006222640852928823,0.00941391896332666,0.014197321505453817,0.021006904477806027,0.0322800592565517,0.050652753443891696,0.08436853638777543,0.14256191448569638,0.2264331316525233,0.38385838879116285
0.000029887534964020687,0.000019338993212013387,0.00004922652817603408,0.00010196923693607059,0.00025492309234017625,0.0004817167400083334,0.0007964149022765513,0.001330874351044921,0.0024472616864656934,0.0038677986424026757,0.006213091091932302,0.009532365563230595,0.013888913306809608,0.020982807635034517,0.032375232727202406,0.05085803596701121,0.08425120297328231,0.14316129247765905,0.22732459093634133,0.38227739500245256
0.000014066082455375354,0.000021099123683063027,0.00004043998705920414,0.00011956170087069056,0.00022154079867216177,0.0004641807210273868,0.000770118014431801,0.0014488064929036623,0.002368376633423826,0.004107296076969604,0.006141603252078265,0.009213284008270855,0.013939487713276974,0.021355829687873626,0.03218671317851265,0.05082603069219192,0.08451253991250901,0.1429113977466136,0.22667843528898776,0.3833271208135822
0.000010546353861811124,0.000024608159010892617,0.00005273176930905564,0.00011425216683628725,0.00021092707723622246,0.0005062249853669342,0.0007927342652794694,0.0014184845944135958,0.002323713300885718,0.003824811000550168,0.006101065709057736,0.009356373601070101,0.013979192043830645,0.021264964836698493,0.03200818397059675,0.05091428099353685,0.0848436590926269,0.1418941603080942,0.22722822485529529,0.3838169715441796
0.00001581333239624697,0.0000175703693291633,0.00005973925571915523,0.00012650665916997568,0.0002213866535474574,0.0004656147872228273,0.0007643110658186035,0.0014091436201988962,0.002205081350809994,0.0037776294057701096,0.006051235196963838,0.009363249815511123,0.013922760656428996,0.02106862986259971,0.03224162771901466,0.0513564325122114,0.08403907650138806,0.14249745229644728,0.22705836876691152,0.38416558316055804
0.000021087333190408067,0.00002987372201974477,0.00005623288850775485,0.00013003855467418315,0.00023547522062622358,0.00040593116391535557,0.0008171341611283131,0.0013495893241861165,0.0023881404838137156,0.0037096133637459553,0.006138171236174618,0.009113242493788027,0.014047678460343509,0.02132983752209777,0.03288745338820726,0.05052876487974946,0.0844776140385406,0.14226920792461983,0.22672573462997006,0.3847981415030349
0.000012305528698250857,0.000026368990067680413,0.00004570624945064606,0.0001353608156807595,0.0002039201898567286,0.0003814713896457768,0.000784037971345698,0.0013817350795464532,0.0022624593478069786,0.0037215434648852942,0.006050804254197064,0.009399665992792476,0.014260349828601557,0.021253405994550414,0.032403972927836866,0.051106618616506984,0.0848765052298497,0.14169113122967394,0.22662740617034374,0.38485365210512434
0.000022862167509342706,0.00002813805231919102,0.00006155198944823035,0.00011079358100681472,0.0002163112772037811,0.00045900197845680403,0.0008300725434161359,0.001327764343811828,0.0022826994943943722,0.003610463838206199,0.006069026159595514,0.009563420531985056,0.01419213013849198,0.021291712464277864,0.0326190371510222,0.051311497032314815,0.08396218949219608,0.1417665420971642,0.22579028357880854,0.3862651132116947
0.00003163094420125715,0.000029873669523409536,0.00006326188840251434,0.00009840738195946678,0.00019681476391893355,0.00041647409864988596,0.0007995599784206667,0.0013917615448553148,0.0022950007292689917,0.0036568886046008968,0.006048539441151507,0.009596477015725847,0.014279614032189759,0.021456323816519438,0.03254472703373791,0.05074306359752787,0.08403111781999534,0.14078581809043988,0.22686416091012762,0.3868341466586301
0.000012339846421797106,0.00003349386885916357,0.00005817356170275777,0.00009695593617126301,0.0002415084228266005,0.0004988823624812259,0.0007333394444953706,0.0014226080089128948,0.002311076951282286,0.0037460248066169773,0.00605005041708681,0.009436456842268555,0.014130886988160805,0.02130562626483425,0.032712932864184106,0.05146949942531573,0.08381047406164284,0.14096335418179767,0.2259760818519642,0.38724377190322734
0,0.000003623733278735752,0.00000905933319683938,0.00001630679975431088,0.00004529666598419689,0.00008878146532902595,0.0002282951965603524,0.00047833279279311933,0.0008606366536997412,0.001746639440350632,0.0031236580862702185,0.005531628849990124,0.009657249187830782,0.015779546562254824,0.027004060393138834,0.04595618544092681,0.07993774426227129,0.14252142985267716,0.2345008398001874,0.40611722414783386
0,0.000010651877127046713,0.000007101251418031143,0.000024854379963108997,0.0000372815699446635,0.0001260472126700528,0.0002627463024671525,0.0005876285548420773,0.0010243555170509923,0.002025631966993383,0.0037157298044847953,0.006655647891549691,0.011433014783030139,0.019230188840028323,0.03196273263255817,0.05277472522595296,0.08761523999566824,0.14654675020105423,0.22880409600181795,0.3845984508620032
0,0,0.0000035781887923970644,0.000012523660773389727,0.00002862551033917652,0.00010555656937571341,0.00017533125082745611,0.00039181167276747844,0.0009750564459281998,0.0019322219478944158,0.0035352505268882997,0.006760987723234254,0.012019136153661741,0.020608578349810898,0.03406435730362006,0.05713472954260011,0.09303469769671986,0.14959512793814025,0.22734201401934365,0.3702799217092292
0,0.0000017995450750050388,0.000007198180300020155,0.00001799545075005039,0.00001619590567504535,0.00005218680717514614,0.00012596815525035276,0.0003059226627508565,0.0008169934640522875,0.001536811494054303,0.003217586594109011,0.005810731047191269,0.011027612219630875,0.01966362903458006,0.034421698194696364,0.05818649045521292,0.09618028562379428,0.1531340877026288,0.22681106216348504,0.36555958653652354
0,0.0000018064823813773345,0.0000018064823813773345,0.000005419447144132003,0.00001625834143239601,0.000054194471441320013,0.00010296949573850803,0.00025290753339282673,0.0005582030558455961,0.0013223451031682083,0.002745853219693549,0.005377898049360323,0.010342111633385236,0.01887232143824901,0.03409916143087856,0.05843428559041264,0.09661609720320397,0.15452288993825447,0.22769084583118065,0.36364670985363884
0,0,0.0000018130196567591185,0.000009065098283795592,0.00001087811794055471,0.000059829648673050935,0.00009246400249471507,0.00019218008361646658,0.00047319813041412994,0.0010624295188608431,0.002190127745365015,0.004577874633316775,0.00933342519299594,0.018108440331710083,0.03190733293930372,0.05746003198166672,0.09688777045720727,0.15618439135117104,0.22786212348114282,0.3644350812051504
0,0,0,0.0000018173656557873101,0.00001272155959051117,0.00003089521614838427,0.00005633833532940661,0.0001671976403324325,0.00032712581804171585,0.0007542067471517338,0.0018464435062799068,0.004045455949782554,0.008494367075149886,0.01659436580299392,0.030984267065517837,0.05582765558013038,0.09493554712701753,0.15625709908459295,0.22884631810804967,0.3665408443844309
0,0,0.000001818757206825432,0,0.000001818757206825432,0.000014550057654603454,0.00003637514413650864,0.00011821921844365306,0.0002582635233692112,0.0006402025368025523,0.001642337757763365,0.00363933317085769,0.007524198564636812,0.015104778602685208,0.02934019126050787,0.05481370469930486,0.09470996278822756,0.15452524980630233,0.22951988447254218,0.36765085681652004
0,0,0,0,0.0000036459691077037503,0.0000036459691077037503,0.000027344768307778127,0.00010208713501570506,0.00023334202289304013,0.0005705941653556371,0.0013690613999427581,0.003055322112255742,0.006785148509436679,0.013949477806074551,0.028008334685380217,0.052753527019365545,0.09410063968527996,0.1549117584326708,0.2304999899735849,0.366124571826503
0,0,0.0000018233302397496933,0.0000018233302397496933,0.0000036466604794993865,0.00000546999071924908,0.00002370329311674601,0.00006746321887073867,0.00018780301469421842,0.000444892578498925,0.0011559913720013055,0.002662062150034552,0.0061665028708334626,0.01287453482287258,0.02626507210359433,0.05082715376326246,0.0913670783138571,0.1533566598048672,0.2303704824714148,0.3678441125578224
0,0,0,0,0,0.0000018235663121653755,0.0000218827957459845,0.00003282419361897676,0.00014770887128539534,0.0003683603950574057,0.0009482544823259953,0.0023031642522648695,0.005514464527988096,0.012090244649656438,0.02516339154157001,0.049515296074226445,0.09019906049863596,0.15148365355157772,0.22934628794841488,0.3663599428129603
0,0,0,0.0000018278361162138204,0,0,0.000010967016697282922,0.00002924537785942112,0.00010784233085661545,0.0002979372869428527,0.0008682221552015646,0.002237271406245715,0.004862044069128761,0.011199151884042084,0.023558979701879944,0.047649859713578116,0.0884197442857274,0.15010921320794388,0.22742668092378815,0.3656421645235286
0,0,0.0000018281168020387158,0.0000036562336040774317,0.0000018281168020387158,0.000007312467208154863,0.000012796817614271011,0.00003656233604077431,0.0000731246720815486,0.00023399895066095552,0.0006471533479217055,0.0017751014147795927,0.0045136203842335906,0.010508015378118542,0.022335931087309014,0.04611790256503069,0.08567286581074236,0.14846867796077232,0.22767549464270376,0.3636782441303739
0,0,0,0,0,0.0000018261804887224225,0.00000730472195488969,0.000032871248797003606,0.00006026395612783996,0.0001899227708271319,0.0005661159515039509,0.0016435624398501805,0.0041618653337984,0.009766413253687515,0.02135718081560873,0.04454784684189478,0.08495209015487837,0.14742389849358373,0.22433166359563986,0.3618266187720398
0,0,0,0,0,0.000003661595357097087,0.000003661595357097087,0.00002746196517822816,0.00007140110946339317,0.00021969572142582506,0.00047966899177971845,0.0015122388824810966,0.0037769356108456457,0.009106387653100454,0.02077223046081177,0.043192178832317255,0.08231998681825672,0.14392999029677228,0.22307903553578295,0.3609472547188809
0,0,0,0,0,0.0000054971332450127255,0.000007329510993350301,0.00002015615523171333,0.00005863608794680239,0.00013926070887365573,0.00044526779284603086,0.0012258607136378372,0.0033202684799876862,0.008544377440498118,0.019379227066418193,0.041371424801965775,0.08028929579890753,0.14192865087523526,0.22136222626566904,0.35956015604528896
0,0,0,0,0,0,0.0000054991586287298045,0.000012831370133702877,0.00004216021615359517,0.00011181622545083935,0.000408770791402249,0.0012428098500929362,0.003132687365499744,0.00800860801630684,0.018827286091894612,0.041089713273869094,0.07849499026648923,0.14006723637950064,0.2183697560939842,0.35673042024570234
0,0,0,0,0,0,0.000001833052876243268,0.000016497475886189414,0.000053158533411054775,0.0001209814898320557,0.00035927836374368083,0.001174986893671935,0.0029530481836279048,0.007673159339954324,0.01810139715290228,0.038996366889199295,0.07785525481268035,0.13748446487687385,0.21566600310152553,0.3554472832323321
0,0,0,0,0,0,0.0000018340614557312586,0.000007336245822925034,0.00004951965930474399,0.0000843668269636379,0.0003558079224118641,0.001008733800652192,0.0029455026979044014,0.007314237085456259,0.017324544510837467,0.038366731592442214,0.07682333219621522,0.13725015497819298,0.2133068494859125,0.35079726651480636
0,0,0,0,0,0.0000018328983254640898,0.000005498694976392269,0.000007331593301856359,0.00002199477990556908,0.00008064752632041995,0.0002694360538432212,0.0008871227895246197,0.0024285902812399185,0.00700533739992375,0.016761855186369107,0.03711985688729874,0.07546408985600751,0.1357206223056395,0.21197285844159647,0.3489765095750608
0,0,0,0,0,0,0,0.000005504637657226213,0.00001834879219075404,0.00005688125579133751,0.00023669941926072707,0.000855053716089138,0.0025835099404581696,0.006711988183377831,0.016543271039183835,0.03612510206515655,0.0739548069248342,0.13366728135120512,0.2103450490371471,0.34585638400352303
0,0,0,0,0,0,0.0000018330461561022106,0.0000018330461561022106,0.000014664369248817685,0.00006415661546357735,0.00021446640026395855,0.0007442167393774977,0.0021739927411372215,0.0061278732998496935,0.015615720203834732,0.03567841038237342,0.07346665689042049,0.13222678447043298,0.20909557502657922,0.34431205777761487
0,0,0,0,0,0,0,0.0000018334191984657947,0.000011000515190794768,0.00006233625274783702,0.0002383444958005533,0.000731534260187852,0.0023119416092653674,0.0059402782030291736,0.01510920761455661,0.035038474301879806,0.07198920482775943,0.13188701004163692,0.20788040239884573,0.342917226623447
0,0,0,0,0,0,0,0,0.000010993339868263144,0.00004580558278442976,0.0001997123409401138,0.0007493793343532711,0.002114385701329278,0.00602618247111958,0.014465403043322922,0.03394560128988521,0.07089604881042902,0.13067599879073263,0.20714567091437094,0.3425341480619659
0,0,0,0,0,0,0,0.000007320979180965454,0.000012811713566689545,0.000058567833447723634,0.00018485472431937778,0.0006186227407915811,0.0020883093113703956,0.005829329672843743,0.014231983527796843,0.03398215511324639,0.06988423701670099,0.12949530999771214,0.20527842598947613,0.3417341569434911
0,0,0,0,0,0,0.0000018299735019836913,0.0000018299735019836913,0.00002744960252975538,0.0000603891255654618,0.00017384748268845066,0.0005801016001288305,0.001989181196656272,0.0054588109564173495,0.014088965991772442,0.033245128610537716,0.06954448299588621,0.12854282869984043,0.20420857305986212,0.3403750713689666
0,0,0,0,0,0,0,0.000012814926826767819,0.000020137742156349428,0.00006590533796623449,0.00019405460623391277,0.0006700376026567173,0.0018398573515573796,0.005332840263767808,0.01439665493795745,0.033091802474379296,0.06899739673915034,0.12645403651888004,0.20321361750738695,0.33973103299294444
0,0,0,0,0,0,0,0.000012815959164692396,0.000009154256546208855,0.00005492553927725312,0.00015745321259479227,0.0006115043372867517,0.0018180353500770793,0.005190463461700418,0.013647165659088158,0.03263309373592532,0.06786050377704626,0.12732472344990972,0.20394585074167784,0.3382809038546743
0,0,0,0,0,0,0.000005485002175717529,0.000007313336234290039,0.000009141670292862548,0.00005119335364003026,0.00019197507615011355,0.0005430152153960356,0.0018374757288653724,0.004912733615384332,0.013516873695026566,0.032240842788867644,0.06894099234659361,0.12685895865405364,0.20197240678238795,0.3371557704051222
0,0,0,0,0,0,0,0.0000036608782080733345,0.000012813073728256672,0.00003294790387266001,0.00017755259309155662,0.0005729274395634771,0.001651056071841074,0.00484883318659313,0.013138891888775197,0.0318587926057582,0.06840900063516236,0.1259433625532429,0.20120918807212662,0.337256574479652
0,0,0,0,0,0,0,0.0000018297357678577637,0.0000036594715357155273,0.000040254186892870806,0.00017565463371434524,0.0005928343887859156,0.0017309300363934443,0.0049768812885731175,0.013212521979700914,0.0314604767925464,0.06728670312720139,0.12585288558479263,0.20214554816139002,0.33590106252756036
0,0,0,0,0,0,0.0000036575575196639435,0,0.00001645900883848774,0.00005120580527529521,0.00012252817690874205,0.00052851706159144,0.0016788189015257493,0.004833462262235902,0.013083083247837923,0.03140378886383462,0.06784403443224649,0.12455080621711627,0.2012223557230717,0.33581132855290574
0,0,0,0,0,0,0.0000036510608157200076,0,0.000010953182447160022,0.000040161668972920086,0.0001569956150759602,0.0005184506358322411,0.0017488581307298823,0.00491797891877485,0.013043414764159725,0.031320625207654086,0.06704990635029005,0.12435513138342345,0.20155863786223085,0.33552153578222155
0,0,0,0,0,0,0,0.0000036557457355725993,0.000010967237206717798,0.000054836186033588994,0.0001407462108195451,0.0004606239626821476,0.001619495360858662,0.004754297329112166,0.013120471444970059,0.030790518457860218,0.06609953864488816,0.12511789779997218,0.20035862865665965,0.33617323847891734
0,0,0,0,0,0,0.0000018280065223272716,0,0.000007312026089309086,0.000038388136968872705,0.00013892849569687265,0.0004953897675506906,0.0016177857722596363,0.0047418489189169424,0.012934974151987771,0.03063556130768275,0.06550478572107545,0.12389131404420854,0.20271861130000515,0.33592727458851596
0,0,0,0,0,0,0.000003655732371144573,0.000003655732371144573,0.000007311464742289146,0.000032901591340301164,0.0001571964919592166,0.0005136303981458125,0.0015938993138190339,0.004820083131354117,0.012564752159623903,0.030660627396789538,0.06590371532080878,0.12350709029293377,0.20097205923748734,0.33674961523416785
0,0,0,0,0,0,0,0.000005482937099745592,0.000010965874199491184,0.000021931748398982368,0.00012245226189431827,0.0005099131502763398,0.0015626370734274934,0.004644047723484516,0.012784381670906807,0.030011770038307444,0.06514094803637746,0.12365850805626222,0.20015461882621274,0.33599073018100994
0,0,0,0,0,0,0.0000018237392490571268,0.0000018237392490571268,0.0000054712177471713805,0.00003647478498114254,0.0001276617474339988,0.00047781968325296694,0.0016121854961664989,0.004645063867348501,0.01272240500142251,0.030230301792370937,0.06505460275311677,0.12332124802124293,0.19878393066872876,0.3365528410210021
0,0,0,0,0,0,0.000003648882620919409,0.0000018244413104597045,0.000003648882620919409,0.00002006885441505675,0.00014230642221585706,0.0004305681492684903,0.0016109816771359194,0.004743547407195231,0.01281487576466897,0.03065973622227533,0.06482422420194374,0.12372266302751445,0.2002488537947467,0.33321960982498133
0,0,0,0,0,0,0,0.0000036503544494170384,0.000005475531674125557,0.00002372730392121075,0.0001186365196060537,0.0004690705467500895,0.0015733027676987428,0.00480934198710695,0.01258642214158995,0.030438480576463978,0.06497448402239854,0.12382914881034948,0.20001022099245838,0.3335401867521337
0,0,0,0,0,0,0,0.000003647857704366668,0.000005471786556550002,0.000027358932782750005,0.00014226645047030003,0.00047969328812421687,0.0015977616745126001,0.0047805175215725184,0.012845930905927226,0.03079521474026342,0.06593867586413191,0.12430987092055515,0.19965454787539635,0.33252411689924793
0,0,0,0,0,0,0,0.0000018248707991474203,0.000005474612397442261,0.000036497415982948404,0.00010219276475225553,0.00045986744138515,0.0015620894040701907,0.004662544891821658,0.013007679056322809,0.030840316505591398,0.0659088586528074,0.12368609302461386,0.1992758912668983,0.33314293847995563
0,0,0,0,0,0,0,0.0000018246244010670403,0.0000036492488021340806,0.0000364924880213408,0.00013137295687682687,0.0005254918275073078,0.0016093187217411293,0.004862624028843663,0.012839881910308763,0.031038685686551416,0.06574304179484652,0.12318769181364016,0.19905739903440872,0.3338734221560492
0,0,0,0,0,0,0,0.0000036479708162334703,0.0000036479708162334703,0.000023711810305517557,0.00012220702234382123,0.0004760601915184675,0.0015066119471044232,0.00469311445508436,0.012904696762425899,0.030602827177382583,0.06603739170086638,0.12360054719562244,0.1991828545371636,0.33357045143638847
0,0,0,0,0,0,0,0,0.000007286067399766481,0.000025501235899182687,0.00013114921319579668,0.0004244134260363975,0.0015847196594492097,0.004792410832196405,0.012703258511492862,0.030803671449362736,0.06595894665323603,0.12354802338099029,0.19900071585612203,0.33260351224879003
0,0,0,0,0,0,0,0,0.00000911535481518618,0.00003463834829770749,0.00013126110933868102,0.000495875301946128,0.0015441411056925393,0.0046433617428558414,0.012734150676815095,0.030536438630873707,0.06534797867006974,0.12387584886741718,0.1991303951506311,0.3326448201996263
0,0,0,0,0,0,0,0,0.0000036475649768106055,0.00004194699723332194,0.00017508311888690903,0.0005343682691027538,0.0015064443354227796,0.004707182602574087,0.012460081960785031,0.030885756441143813,0.06543549190149385,0.12441114622905618,0.1999886925485719,0.3316657882114348
0,0,0,0,0,0,0,0,0,0.00002189073966985116,0.00014776249277149541,0.00047247513120762076,0.0016472781601563004,0.0049491313936921855,0.012888172980624875,0.030335092497496243,0.0659367321138975,0.12389246538982841,0.19998650071053692,0.3317194993587838
0,0,0,0,0,0,0,0,0.0000036456501014402143,0.000025519550710081494,0.00014218035395616844,0.00044476931237570605,0.0014382089650181642,0.004810435308850363,0.0125373906988529,0.030472166372888024,0.06532093569255508,0.12327401253009937,0.1993678442724103,0.3327366619333977
0,0,0,0,0,0,0,0,0.000007288457088297835,0.00003279805689734026,0.0001293701133172865,0.0004281968539374977,0.0014959558173731308,0.004588083737083486,0.012672804762277863,0.030345491087128036,0.06598057990608823,0.12315305942096853,0.19894025833936146,0.3316156869461911
0,0,0,0,0,0,0,0,0.000009114789840290653,0.00002187549561669757,0.00012396114182795285,0.00041381145874919584,0.0016242555495397943,0.004708700431494152,0.012518252366655182,0.030388709327529035,0.06583794997438744,0.12375697053553035,0.19856205075479574,0.33181663230390884
0,0,0,0,0,0,0,0,0.0000036469796626179115,0.000032822816963561205,0.00011670334920377314,0.0004321670900202225,0.0014715562938663266,0.004728309132584122,0.012591197285188328,0.03062551171683387,0.06547240239314803,0.1238076655865528,0.19979248685719697,0.33093969901476844
0,0,0,0,0,0,0,0,0.000003648556448641095,0.000016418504018884928,0.00012222664102947672,0.00045606955608013677,0.0016309047325425699,0.004785081782392796,0.012587519747811776,0.030722669575782343,0.06569043457955859,0.12326830389556376,0.1979633757903685,0.3325385561202711
0,0,0,0,0,0,0,0,0.000003644666850114898,0.000029157334800919175,0.00010205067180321711,0.0004246036880383856,0.0014615114068960745,0.004703442570073276,0.012366354622439851,0.030068501513447903,0.06534523195571,0.12299657219082745,0.19971863171917117,0.3318833633714627
0,0,0,0,0,0,0,0,0,0.00003279638365209596,0.0001330075559223892,0.0004463952219313061,0.0016452852465468147,0.004833822546056144,0.01248813408619254,0.030630000309743628,0.06507531325101443,0.12274410986059718,0.19862583152497723,0.33221096820390594
0,0,0,0,0,0,0,0.0000018212514547245995,0.000005463754364173799,0.00003824628054921658,0.00011656009310237442,0.00047716788113784516,0.0015808462627009538,0.004560413642630395,0.012663161364700139,0.030505961866637035,0.06490940184638473,0.12314755961411322,0.1990864602703101,0.33305953853130627
0,0,0,0,0,0,0,0,0.000010924027033325566,0.000045516779305523205,0.00017114309018876714,0.0004569884642274529,0.0016112939874155215,0.0045425745746912145,0.012588120484735496,0.03012300454439525,0.06477401829410394,0.12244195700302958,0.1991832469121418,0.33280594558377996
0,0,0,0,0,0,0.0000018225792047357899,0,0.000005467737614207369,0.000025516108866301056,0.00012211280671729798,0.00044106416754606114,0.0016166277546006455,0.004729593036289375,0.012725248007465287,0.030482637199206086,0.06468698113448268,0.12230782269220464,0.1990493426868098,0.33359760731802
0,0,0,0,0,0,0,0.0000036463280564889145,0,0.000023701132367177944,0.00014767628628780107,0.0004393825308069143,0.0016536097736177227,0.004594373351176033,0.012931702452337934,0.030784124616907653,0.06434310488480338,0.1225549091426206,0.19851339205136945,0.33346581658605234
0,0,0,0,0,0,0,0,0.000007284223101185143,0.000023673725078851715,0.00013840023892251768,0.0005153587844088489,0.0015588237436536213,0.004776629298602157,0.012568926961094965,0.030619231805831752,0.06574921876707243,0.12268999074903672,0.19997013468528507,0.331346561482485
0,0,0,0,0,0,0,0,0.000005462898723320568,0.000020030628652175417,0.00012018377191305245,0.00045888349275892746,0.001511401980118691,0.004638001016099162,0.012828707168597797,0.03022257670365048,0.06519787529658985,0.12356712718902904,0.1990880601064537,0.33324046405503693
0,0,0,0,0,0,0,0.000003644759837662397,0.000010934279512987189,0.000043737118051948776,0.00010934279512987194,0.00047746353873377387,0.0016984580843506767,0.00471267447009748,0.01251610528253267,0.030171321936169313,0.06572959891240365,0.12321839583185264,0.19897108429782795,0.33180435658143387
0,0,0,0,0,0,0,0,0.000007281677115873328,0.00003276754702142998,0.0001601968965492133,0.0004951540438793863,0.001642018189629435,0.004773139349454967,0.012611864764692608,0.03023898464294297,0.06487064100603648,0.12326058937894577,0.1993049639192898,0.332656137361557
0,0,0,0,0,0,0,0,0.000007278377940692137,0.00003639188970346069,0.00014010877535832367,0.00046217699923395097,0.0016303566587150395,0.0047109301221129884,0.012582495864971541,0.030600120457154913,0.06416254073617156,0.122393203450679,0.19858690292281458,0.33380642789947823
0,0,0,0,0,0,0,0.0000018200051324144735,0.00001092003079448684,0.00002548007185380262,0.00016198045678488817,0.0004841213652222503,0.0015288043112281578,0.004693793236496926,0.01237239489015359,0.030408645752381027,0.06554748484390724,0.122604645745101,0.1999166437649354,0.33098067336549886
0,0,0,0,0,0,0.0000018190152578999834,0,0.000007276061031599933,0.000018190152578999836,0.00013460712908459877,0.0004947721501487956,0.0016425707778836853,0.004782191113019057,0.012869532949642385,0.030133806762371127,0.06532811397222,0.12261436148926418,0.1994604800745069,0.3311408136091446
0,0,0,0,0,0,0,0,0.000009098353198071149,0.00005095077790919841,0.00013647529797106717,0.0005368028386861977,0.0015667364207078514,0.004612865071422072,0.012675825675552727,0.030705122372850505,0.06494586479847148,0.12246565371667727,0.19930852515694664,0.3321972522973343
0,0,0,0,0,0,0.0000018206612277446924,0,0.000009103306138723462,0.00003277190209940447,0.00014929422067506477,0.0005097851437685137,0.0015930785742766062,0.004775594400374328,0.012740987271757355,0.03072183755696394,0.06542546121900557,0.12350273372283342,0.19862503664080716,0.33071218805245683
0,0,0,0,0,0,0,0,0.000010919772431942517,0.00004367908972777007,0.0001364971553992815,0.0005041294939413461,0.0016543455234392913,0.004750101007894995,0.012768853897084787,0.031230549155355593,0.06522926062220863,0.12311133435979195,0.19857606167487463,0.3306907484048033
0,0,0,0,0,0,0,0.000003639857899947586,0.000003639857899947586,0.00003457865004950206,0.0001219352396482441,0.0004895608875429506,0.0016270164812765711,0.0047336351988818345,0.012673985207617497,0.03068218216760818,0.06555930056490596,0.12276148739153227,0.19931497874322987,0.32965283035350307
0,0,0,0,0,0,0,0.0000018214504938863013,0.000005464351481658904,0.000023678856420521915,0.00013114443555981372,0.0005045417868065054,0.0015555187217789017,0.004897880378060264,0.01290133384819668,0.03101565900989594,0.06595836528461076,0.12320837575795109,0.19673304639416553,0.3304839776107305
0,0,0,0,0,0,0,0.0000018184264791990195,0.000007273705916796078,0.00003091325014638334,0.00013092670650232936,0.0004491513403621575,0.0015329335219647737,0.004817011743398202,0.012716256369038743,0.03099507933794729,0.06618163171044832,0.12358026352636538,0.1976302266123078,0.33031171466706427
0,0,0,0,0,0,0,0,0.000009098485648048738,0.000030934851203365706,0.00010736213064697518,0.00047130155656892455,0.001528545588872189,0.004629309497727198,0.012848881432174431,0.0305235996520739,0.06578387093252198,0.12364478056272316,0.1983651840987586,0.33106295788129025
0,0,0,0,0,0,0,0.000001817801732365051,0.000003635603464730102,0.00003090262945020586,0.00013815293165974393,0.0005180734937240399,0.001639657162593277,0.00482989920289394,0.013409923379656978,0.030991701735091748,0.06511002244985141,0.1233123983167156,0.19761140852367232,0.3304672659353045
0,0,0,0,0,0,0,0.000005453950478129659,0.000010907900956259317,0.00003090571937606806,0.00014543867941679093,0.0005108533614514781,0.0014962004145002371,0.004701305312147765,0.012962222303021489,0.030996618550703566,0.06582009235356143,0.12276297131222047,0.19866014616587283,0.32914591135512494
0,0,0,0,0,0,0,0,0.000007275716930957084,0.0000381975138875247,0.00013641969245544534,0.0005038433974687781,0.001737077417266004,0.004796516386733457,0.01312539334344658,0.031185541695314806,0.06631815982567382,0.12356168170921142,0.19742475999228776,0.3294972115814863
0,0,0,0,0,0,0,0.0000018186282087421458,0.000010911769252452876,0.000027279423131132184,0.00012730397461195025,0.000460112936811763,0.0015458339774308246,0.00486664908659398,0.012948632846244082,0.03140952779318561,0.06596164513107763,0.12366489956625716,0.1991161466905514,0.32930446564156646
0,0,0,0,0,0,0,0,0.000007267204197537145,0.00002906881679014858,0.00011990886925936289,0.0005105210948769844,0.001606052127655709,0.004632842675929927,0.013093685162912549,0.031098183562310828,0.06612610779443988,0.123658746625292,0.19872351558270257,0.32987111613355663
0,0,0,0,0,0,0,0,0.000010911471593802284,0.00004000872917727503,0.00015457918091219913,0.00048192332872626744,0.0016603622608569143,0.005012002618753181,0.012775514657743505,0.030777624208918317,0.06575070924565361,0.1234760311340656,0.1989197643122136,0.3309740306976068
0,0,0,0,0,0,0,0,0.000007269343723648629,0.0000254427030327702,0.0001090401558547294,0.0005288447558954378,0.001657410368991888,0.004930432380564682,0.013188406850629523,0.031229100636794516,0.06552222965310693,0.1225066151027885,0.19905462184873948,0.33044255764589586
0,0,0,0,0,0,0.0000018178215590001255,0.000003635643118000251,0,0.000039992074298002754,0.00012361186601200848,0.0005144435011970354,0.0017741938415841226,0.004751785555226328,0.012593867760752863,0.03052122397561211,0.06566880381887952,0.12234666220694441,0.19955317946079776,0.33128525437685974
0,0,0,0,0,0,0,0,0.000009085375271425587,0.00004542687635712795,0.00015445137961423504,0.0005233176156341137,0.001709867626082295,0.005006041774555498,0.01287942798477291,0.03040693395840715,0.06514032362106718,0.12331398148400517,0.19830466897435203,0.33059681830158005
0,0,0,0,0,0,0,0.0000018175968824578271,0.000009087984412289136,0.000014540775059662617,0.00013631976618433712,0.0005180151115004811,0.001764886572866551,0.004832990110455364,0.012828598796387355,0.03051745165646695,0.06498635893539716,0.12293680033880014,0.19855973623034034,0.3301773792797591
0,0,0,0,0,0,0.00000363181396396151,0.000001815906981980755,0.000009079534909903774,0.0000363181396396151,0.00016161572139628723,0.0005938015831077069,0.0016506594466205063,0.004735885409005808,0.012335456128595271,0.030423705576105565,0.06546344670040621,0.12334911356500672,0.19834244010684793,0.33023358011509224
0,0,0,0,0,0,0.0000018178546043530347,0.0000018178546043530347,0.000007271418417412139,0.000038174946691413735,0.00014361051374388978,0.00047082434252743627,0.0015851692149958458,0.004700972006856948,0.012565011025288179,0.030567225172196278,0.06524825531404348,0.12346868472765811,0.19826431242376377,0.3303459922668465
0,0,0,0,0,0,0,0,0.000007268643616586318,0.00003089173537049185,0.00015991015956489895,0.000523342340394215,0.0016608850663899736,0.00467555500636915,0.012660160019189218,0.030535571833279124,0.06523244213705391,0.12321622942746711,0.19901182790032515,0.33038710978741037
0,0,0,0,0,0,0,0.0000018174581393954043,0.0000018174581393954043,0.0000399840790666989,0.0001726585232425634,0.0004907136976367591,0.0016447996161528414,0.004754470492658378,0.012756738680416345,0.030367908051157806,0.06499230306477964,0.12318367777194172,0.198713603128936,0.33045750873742996
0,0,0,0,0,0,0,0.0000018185091498287873,0.000007274036599315149,0.00006546632939383633,0.00011274756728938476,0.0005110010711018893,0.0015839214695008738,0.004793590118948684,0.012740475103700482,0.030654608738663866,0.0655827139794254,0.12343494556292858,0.19805201299870345,0.330439479106239
0,0,0,0,0,0,0,0,0.00000907963383652664,0.0000381344621134119,0.00011440338634023564,0.0005030117145435759,0.0016397818708767107,0.0045452646985652346,0.012497208012595268,0.0311540396198902,0.06566028005222604,0.1241894156892441,0.19814666514128818,0.33080374734647694
0,0,0,0,0,0,0,0,0.000005454366947990793,0.000034544324003941705,0.00015454039685973918,0.000499983636899156,0.001554494580177376,0.004536215178412342,0.01250868153405889,0.030909897494263833,0.06582148220603688,0.12288325109360054,0.19861713616645274,0.33145460694013656
0,0,0,0,0,0,0,0,0.000005454267782731061,0.000027271338913655316,0.00010363108787189015,0.0004981564574894368,0.0015944642818183795,0.004621582901234119,0.01245572952649683,0.03020937115928643,0.06551484651690459,0.12364825063451314,0.19868079443228356,0.3310486011621227
0,0,0,0,0,0,0,0.0000018168637661042261,0.000019985501427146487,0.000030886684023771844,0.00012172987232898315,0.0004414978951633271,0.0015843052040428853,0.004656621832525132,0.012632653765722686,0.03075586983261234,0.065910366842963,0.12423351059867478,0.1977692546679772,0.32938286588456717
0,0,0,0,0,0,0,0,0.0000036349294914551896,0.000047254083388917453,0.00011631774372656601,0.00047435829863490226,0.0014812337677679898,0.004716321015163108,0.012578673505180682,0.030208081538738347,0.06502707113738762,0.12375117453659187,0.19800551418803852,0.3316782287715574
0,0,0,0,0,0,0,0.0000018172566693319763,0.000005451770007995929,0.000023624336701315693,0.00010721814349058658,0.0004961110707276296,0.0015791960456494876,0.0048484407937777136,0.012762593588718474,0.030662571781638445,0.0650668750454314,0.12230864287271936,0.19807189067383885,0.33089154612197436
0,0,0,0,0,0,0,0.000001818968935648517,0.000014551751485188136,0.000034560409777321824,0.0001346037012379902,0.0004074490415852675,0.0014879165893604857,0.004696577791844468,0.012876481095455845,0.030145772170502856,0.06494446687839465,0.12260942007632392,0.19793838060833593,0.3320964344570924
0,0,0,0,0,0,0,0.0000018155278465661107,0.00002178633415879333,0.000018155278465661108,0.00010530061510083445,0.00045751301733465964,0.0016938874808461815,0.004640489175822978,0.012616103005787903,0.03071146905251233,0.06524099316635319,0.12350491281835285,0.19861148430294615,0.3299612929463112
0,0,0,0,0,0,0,0.000005449868476507433,0.000001816622825502478,0.00002361609673153221,0.00013443008908718335,0.0004795884259326542,0.0015659288755831362,0.004781351276722522,0.012792657937188453,0.03061917772384426,0.06594704181139097,0.12169919632606199,0.1982080832449244,0.3308596985859409
0,0,0,0,0,0,0,0.0000036336813188809717,0.000010901043956642914,0.00003270313186992874,0.00012354516484195302,0.0004923638187083715,0.0016478744781125206,0.004711067829929181,0.012712434094105081,0.030975316402800834,0.0653045206629288,0.1222915447869391,0.19805016660428848,0.33085213460609075
