0.04444801026957637,0.04472881899871631,0.04432766367137355,0.04545089858793325,0.04709563543003854,0.044809050064184855,0.04484916559691912,0.04380616174582798,0.04577182284980744,0.04777759948652119,0.04621309370988448,0.04914152759948652,0.046694480102695786,0.04733632862644416,0.04597240051347884,0.05006418485237485,0.045491014120667535,0.04597240051347884,0.04673459563543003,0.049582798459563544
0.004598485466560851,0.005725856097072548,0.007683920876382329,0.009289682333657208,0.010346592299761915,0.011781764780051471,0.01363970124678292,0.016510046207362027,0.02065980849533107,0.023871331409880805,0.026241034807568214,0.027946924577421445,0.029033502191697515,0.03060959600080101,0.03140691404540632,0.03359490309804417,0.03442188879082082,0.03512649543489065,0.03472969064059868,0.041909261498067875
0.0011031016897195569,0.0016860038457608387,0.002463980826931475,0.003583338752078476,0.005048722259895402,0.006648800289825459,0.008462531699659085,0.011077463284131128,0.014593454775153045,0.018188405123965412,0.02203881060092336,0.025364371905509466,0.027863187522642607,0.031198038104615848,0.03481156700820245,0.037391663802472795,0.03996014900000927,0.04292575080584482,0.04460014305487176,0.05501574532517116
0.0004442933417813459,0.0005640593730441435,0.0009639233806473545,0.0016825195682241391,0.0025517891499702515,0.0035311662120708714,0.005072670937033975,0.007390723155023609,0.010114434511161428,0.013228351323994162,0.017047342353132083,0.020584303695747923,0.024874632009210414,0.028958267333235463,0.03362914255248457,0.038885325956776046,0.043759030745099264,0.04855160370579282,0.052096291889135296,0.06704772869516838
0.0001852814476657112,0.0002641976198196252,0.0005198173948399113,0.0007908772904990071,0.001399904271252039,0.00217362587215237,0.0033882486957386992,0.004959709862977508,0.006884578235949063,0.009653506537175524,0.01272780611325843,0.01657754285920154,0.02104145329277728,0.025694076311938468,0.031358885017421595,0.037979265633551036,0.04487413728325927,0.05335762578980505,0.058746227892749504,0.07828827391460241
0.00010487168088956227,0.000133046162322579,0.0002895710591726721,0.0005462718900068253,0.0009297578872895528,0.001440029051020856,0.0023337862120348858,0.003252587356544933,0.005043232176509993,0.007269016209718319,0.009862633750524355,0.012996262185463223,0.01743374301116335,0.022116967924918143,0.028653447617378022,0.03591150708431683,0.04493829788566169,0.0548823245825481,0.06454304121613583,0.0889593598757818
0.00005961719941662391,0.00010033138438407443,0.0001773975202153199,0.0003504328063269843,0.0006863248323084513,0.001057114731119161,0.0016474704131471925,0.0025853507454331043,0.0038198629967675845,0.005401899898359946,0.007994521033965809,0.010674386851644783,0.014372107293510017,0.018881203278655164,0.02551761542834958,0.03292032670225279,0.04289966425338182,0.055397464960354574,0.06907597703138338,0.09864465386399428
0.00003561819486988399,0.00006986645916784937,0.00014932243233912898,0.0002123392386473853,0.00048358549188727096,0.0008329177877265179,0.001258966195593207,0.002045306343874492,0.0029686395493476393,0.004408436580434102,0.0062551029913803955,0.008908658509186753,0.012138954797770853,0.016339161931273317,0.02232986832227343,0.029932982996421748,0.04037596374615735,0.05484517044676175,0.07282550920319356,0.10780805628770732
0.000035246247253729895,0.000049605829468212435,0.000095295409241566,0.00019059081848313216,0.00035768413879711083,0.0006265999511774202,0.00110307699738525,0.0016696277865748338,0.0024476560592867993,0.003591200970185592,0.005382232497301051,0.0075022289987846545,0.010173111290678416,0.014180740145084001,0.019454623067493945,0.02704170414300057,0.0377878933056933,0.054213949942496405,0.07519068872472551,0.11556330682902564
0.000023874325550303206,0.00003141358625039896,0.000050261738000638294,0.00012188471465154791,0.0002776961024535268,0.0004724603372060001,0.0008217794163104363,0.0013156009921667078,0.002012982606925565,0.003119997386389623,0.004446907269606474,0.00645235061583194,0.008830987366712154,0.012321665070856485,0.017188257852768292,0.024767727943264546,0.035687090523903224,0.053139222501174886,0.07724098241593096,0.12128659996934033
0.000006113642838539916,0.000023231842786451682,0.00004524095700519538,0.00010515465682288652,0.0002457684421093044,0.000358259470338439,0.0006345961266404432,0.0010601056682028216,0.0017497245803901242,0.0025860709207023848,0.00384303588830619,0.005491273997576554,0.007896381090258158,0.011018007123616638,0.015444284538719526,0.022412614646087337,0.03375097665444345,0.052244746241026714,0.07762247766380588,0.1252758781330891
0.000005995671125447428,0.000019186147601431764,0.00004556710055340043,0.00008513852998135344,0.00018466667066378094,0.0003117748985232666,0.0005276190590393739,0.0008369956891124612,0.001410181848705236,0.0022339870613417114,0.0034091386019294077,0.005087926517054687,0.007029324827474562,0.009765749129128773,0.013635355273492545,0.020316931175691156,0.03150005695887568,0.05053391451372112,0.07762235665849254,0.12853879499001722
0.000011822147611335074,0.00001891543617813612,0.000035466442834005246,0.00006265738234007592,0.0001312258384858194,0.0002470828850769032,0.00040668187782992625,0.0006797734876517662,0.0012295033515788473,0.0019494721411091535,0.002975634553773038,0.004326906025748639,0.00630238689160273,0.008837055339472974,0.012591769420832986,0.01872273517207136,0.029726790168702055,0.04915530755317011,0.07711823329826102,0.12961447976639434
0.0000058621663987656626,0.000009379466238025058,0.000016414065916543852,0.00003751786495210024,0.00009496709566000376,0.00019462392443902012,0.00036931648312223705,0.0006319415377869388,0.001139605147920045,0.001681269323165991,0.002567628882659359,0.0039042028215779314,0.005581954844904667,0.008205860524992175,0.011308118983218965,0.01762518949452885,0.028206399844300862,0.04743547806553198,0.07689755395244845,0.13014009405259774
0.000006993471594266752,0.000006993471594266752,0.000019814836183755802,0.00004429198676368942,0.00008741839492833436,0.00018532699724806883,0.0002855667567658921,0.0005408284699566282,0.0009324628792355657,0.0015292391219463306,0.002314839097702295,0.0034710930679543975,0.005197314973139239,0.007443384933497914,0.010717495218213796,0.01642649919633355,0.02737944129155433,0.045818894728437684,0.07538496147179943,0.12960068442775338
0.0000069589422407794,0.000008118765947575967,0.000013917884481558799,0.00004407330085826954,0.00008234748318255628,0.00016469496636511258,0.0002644398051496174,0.00046508930642542325,0.0008373927163071215,0.0013941080955694731,0.002077244258872651,0.0032451867316167934,0.0046334957086522875,0.006826722338204592,0.009979123173277659,0.015254001391788449,0.02587914636975179,0.04425423335652982,0.07348411041521687,0.1278137323126885
0.0000046244859594825665,0.000010405093408835774,0.000021966308307542188,0.000057806074493532066,0.00006821116790236783,0.00015029579368318335,0.00023469266244374013,0.0004277649512521376,0.0007595718188450123,0.0012682652743880943,0.0019191616731852647,0.002950422042149878,0.0044371942781235236,0.00631704782065319,0.009146077106366647,0.014574067501309317,0.02477568352792785,0.043045871432353604,0.07152114372786754,0.1253501602962446
0.0000011527603422776008,0.000008069322395943204,0.00001729140513416401,0.00004265213266427124,0.00005879077745615766,0.0001302619186773689,0.00022478826674413198,0.00040000783877032736,0.0006674482381787307,0.0012046345576800929,0.0017233767117050135,0.002711292325036917,0.003986245263595941,0.005816828687132775,0.008682590898034888,0.0139161228519752,0.023632739777033094,0.041509747165074135,0.0702434514566856,0.1231908867378381
0.0000023004582512836558,0.000005751145628209139,0.000005751145628209139,0.00002875572814104569,0.000055210998030807725,0.00013457680770009384,0.00021394261736937994,0.0003876272153412965,0.0006245744152235135,0.0010593610247161245,0.0016758838360601438,0.0024683917036273624,0.0036646299942948626,0.005457837201170475,0.008262095809485248,0.0131252645526989,0.022667565379023497,0.04025456871008704,0.06877104919299927,0.12043934151683017
0.000002295713100142449,0,0.000002295713100142449,0.000025252844101566945,0.0000711671061044159,0.0000860892412553418,0.00015266492115947276,0.0003409133953711534,0.0005716325619354693,0.0009504252234589743,0.001511727076443803,0.0022555381208899565,0.0034584917853646,0.0051986423152725735,0.007482876849914311,0.012582803501880761,0.02189306797950847,0.03930949541373914,0.06681558192309592,0.11690689391165406
0,0,0.000010311085447965108,0.000013748113930620144,0.00004468137027451545,0.00008821706438814592,0.00016039466252390174,0.0002669425454862079,0.0005247196816853359,0.0007996819602977394,0.0013301300227875005,0.0021504341539811678,0.0031723772894905974,0.004761430124638111,0.007371280419134171,0.011953985062674213,0.021077004331801572,0.03750256345041,0.06519355625900075,0.11451835201358314
0.00000228847614950157,0.00000228847614950157,0.000008009666523255495,0.00001830780919601256,0.00003775985646677591,0.00006751004641029631,0.0001292989024468386,0.0002666074714169327,0.0004473970872275569,0.0007540528912607675,0.0011980172642640716,0.00190973334675906,0.002993326803548053,0.004587250441675898,0.007075968254258851,0.01165406479133674,0.0200344644508115,0.036327270397187916,0.06345143395915528,0.11152774090788428
0,0.000005715265474081271,0.000009144424758530035,0.000014859690232611302,0.000038863805223752656,0.00006629707949934277,0.00014173858375721545,0.00025490084014402457,0.0004217865919871975,0.0006492541578556321,0.0011544836257644164,0.001803737783620049,0.002760473223981255,0.004292164371035034,0.006651425958735783,0.010820140595530665,0.019148425444361895,0.03553180545236326,0.06098188260844714,0.10799908555752415
0.0000034246223497703793,0,0.000004566163133027172,0.000011415407832567928,0.00003424622349770379,0.000059360120729353226,0.0001118709967591657,0.00021346812646902026,0.0003481699388933218,0.0006301305123577497,0.0010536421429460199,0.0016506679725893224,0.002590156037209663,0.004111829901290969,0.006237378839715126,0.010504458287529028,0.01843474210881397,0.03443571926772442,0.05902907390220874,0.10389847592890024
0.00000228043410343593,0.00000456086820687186,0.00000228043410343593,0.0000057010852585898255,0.000025084775137795224,0.000044468465017000656,0.00009349779824087317,0.00016533147249910512,0.00037855206117036477,0.0005837911304795983,0.0010056714396152447,0.001489123469543662,0.0024890938239003173,0.0038915607975134156,0.006142349257604675,0.0097807818696367,0.017408833945629896,0.03271396743084014,0.05732099162396554,0.10076782216262692
0,0.000003419723139214649,0.000003419723139214649,0.000004559630852286199,0.00001709861569607324,0.00004217658538364732,0.00008435317076729475,0.00021202283463130837,0.00035565120647832333,0.0005220777325867694,0.000976900910102318,0.0013986667639387916,0.0023561892429188923,0.0035907092961753794,0.005620884933155811,0.00930620656951613,0.016739544766455706,0.03158456291378651,0.054879716938116684,0.09797506793849968
0,0.0000011383570547970936,0.0000022767141095941872,0.000010245213493173843,0.000022767141095941873,0.00004325756808228956,0.00010131377787694134,0.00016620013000037548,0.0003050796906856206,0.0005145373887682861,0.000817340365344313,0.0014366066031539315,0.002156048261785695,0.0034014108797337165,0.005274008234874935,0.008971391948855895,0.016084985184282925,0.030661647270959696,0.05316924295840785,0.09492873315658439
0,0,0.0000034132954685089364,0.000012515416717866099,0.000025030833435732198,0.00005575049265231262,0.00007509250030719665,0.00013994511420886647,0.0002764769329492241,0.0004881012519967783,0.0007566138288528143,0.001277710270378511,0.002008155500639424,0.003107236641499299,0.0050596416494864144,0.00834095635987967,0.015416717866098693,0.02980375826586385,0.051623818430885315,0.0920508899599051
0,0.0000034099627745730443,0.0000022733085163820295,0.000010229888323719134,0.00001704981387286522,0.000042056207553067545,0.00007956579807337102,0.00014890170782302293,0.00026484044215850666,0.0004739848256656532,0.000766104970020744,0.0011821204285186549,0.0018584297121423082,0.0029712142309113133,0.004706885283168992,0.008015685828763034,0.014792418516097866,0.028676650279901097,0.0499025318973601,0.0880895683555454
0,0.0000034085680037721484,0.000004544757338362865,0.000006817136007544298,0.00002158759735722361,0.0000420390053798565,0.00007157992807921508,0.00012952558414334163,0.0002522340322791391,0.0004169814857947927,0.0007078459554500165,0.0010736989211882265,0.0018190391246797372,0.0027120839416680392,0.004564072557050908,0.007634056139115021,0.014575036784129716,0.027153788907383524,0.04743931328716614,0.08507558499548366
0.0000011356009770710807,0.0000011356009770710807,0.000003406802931213242,0.0000056780048853554035,0.000017034014656066213,0.000030661226380919195,0.00008403447230326001,0.0001158312996612503,0.00025210341690977975,0.0003770195243875986,0.0005916481090540326,0.0011038041497130906,0.0016579774265237783,0.0026436790746214764,0.0042766732796496905,0.0074007115675722305,0.013947451200387014,0.026299383027989162,0.04572724454372119,0.08157930299083226
0,0,0.0000011347092818084542,0.000006808255690850726,0.000023828894917977535,0.00003858011558148744,0.00006808255690850727,0.0001441080787896737,0.00023942365846158392,0.0003937441207875336,0.0005979917915130556,0.0009588293431281443,0.0016112871801680043,0.0024691273972151954,0.004112186437273838,0.006837758132177746,0.01341453312953955,0.025220048497474702,0.04410841920245823,0.07866258625208929
0.000001134754348378663,0.000001134754348378663,0,0.000006808526090271978,0.000017021315225679945,0.00003858164784487454,0.00006468099785758379,0.00010326264570245834,0.00025418497403682024,0.00040851156541631817,0.0006286539090017786,0.0009929100548313296,0.0013968826028541337,0.0024487998838011527,0.0037049729474563347,0.006552071607538399,0.012491375866952323,0.0242508351792004,0.042608891027270425,0.07584811539997817
0,0,0.000005667642634728366,0.00000680117116167404,0.00000340058558083702,0.00002833821317364183,0.000046474669604772626,0.00009408286773649088,0.00019950102074243862,0.0003559279574609417,0.0005973695337003702,0.0008762175513290057,0.001377237160238994,0.002256855297148837,0.0034992025626812942,0.006333023880045478,0.01216616167970791,0.023189726604254588,0.04057692067907426,0.07334723039307364
0,0,0.000006799783766876214,0.000009066378355834951,0.00001359956753375243,0.000019266054006149275,0.000048731783662612875,0.00009973016191418441,0.0002017269184173275,0.0003093901613928676,0.0005655153499452047,0.0008635725383932788,0.001397355564093061,0.0020671342651303686,0.0033896922077877936,0.005841014255746671,0.01126157521524149,0.022331623187715966,0.039346948767029204,0.07109400587727976
0,0.0000011328274126108614,0.000004531309650443446,0.0000011328274126108614,0.000012461101538719473,0.000022656548252217223,0.00006910247216926255,0.00010082163972236672,0.00019031500531862473,0.00031266036588059777,0.0005131708179127203,0.0008722771077103635,0.0012936889052016043,0.002002838865496003,0.0032308237807661764,0.005531596255778836,0.010825298754909389,0.021527119321844205,0.03809245457645281,0.06872977195051357
0,0.0000011330456152834257,0,0.000009064364922267405,0.00001812872984453481,0.000027193094766802216,0.0000441887789960536,0.000106506287836642,0.00015182811244797897,0.0002628665827457547,0.0004928748426482899,0.0008271232991569002,0.0012214231732755319,0.0017664181142268596,0.0030614892524958165,0.005345709212907203,0.010392294383379578,0.02064409111046401,0.03642061825767042,0.06577329796720284
0.000001132360484695582,0.000001132360484695582,0.000001132360484695582,0.000006794162908173491,0.000013588325816346982,0.00001811776775512931,0.0000690739895664305,0.00007360343150521283,0.00015173630494920787,0.00023439862033198532,0.0004257675422455385,0.0008152995489808187,0.0011493458919660153,0.0018095120545435393,0.0028501513399787795,0.005257549730441587,0.009987419475015032,0.019843485133805384,0.03520961691112441,0.0634857905744578
0.0000011322938121275462,0,0.0000011322938121275462,0.000005661469060637731,0.000019248994806168285,0.00004189487104871919,0.0000600115720427599,0.00010190644309147903,0.00015738883988572884,0.00024797234485593266,0.0004517852310388911,0.0007291972150101402,0.0010813405905818068,0.0017765689912281205,0.002641641463693564,0.004927742670379082,0.009420684516901182,0.0189206296006513,0.03392125802371702,0.06103176876748684
0,0.00000452567528732381,0.00000452567528732381,0.000012445607040140477,0.000021496957614788097,0.000020365538792957145,0.00006562229166619525,0.00008372499281549049,0.00016066147269999523,0.00027267193606125964,0.0004084421946809741,0.0007252394647936406,0.0010601394360556023,0.001649608642229529,0.0026791997700956953,0.00476214182108648,0.009181463739158178,0.018046130208203684,0.03244117187835892,0.05894013210446164
0,0.000002262663562292259,0.000004525327124584518,0.000007919322468022907,0.00002036397206063033,0.000033939953434383874,0.00004977859837042969,0.00010521385564659012,0.00018101308498338076,0.00023757967404068728,0.00041746142724292213,0.0005905551897582799,0.0009548440232873335,0.001486569960426014,0.002452727301524809,0.00458302504542297,0.008740669341134995,0.01748473267761343,0.03134467832843467,0.05635503001423218
0.000002260660994668231,0.0000011303304973341155,0.000002260660994668231,0.000006781982984004693,0.00001808528795734585,0.000022606609946682307,0.000046343550390698715,0.00008025346531072216,0.00014355197316143269,0.00025658502289484437,0.00039561567406694076,0.0006318547480097708,0.0008793971269259421,0.0014411713841009975,0.002404212967829663,0.0042421303564949345,0.008402876917181817,0.01683514242729432,0.029804554553705963,0.05421630230463088
0.0000033919883496506817,0,0.000004522651132867575,0.000011306627832168939,0.00001469861618181962,0.000019221267314687195,0.000047487836895109516,0.00007914639482518255,0.00012889555728672587,0.00026909774240562053,0.00038555600907696076,0.0006116885657203392,0.0008740023314266587,0.0014495096880840577,0.0023811758214547776,0.004140487112140267,0.007868282308406364,0.015684554128784747,0.028628381671051754,0.052237751247403715
0,0.00000677857338144614,0.00000338928669072307,0.000005648811151205117,0.000010167860072169211,0.00002485476906530252,0.00004857977590036402,0.00007004525827494349,0.0001321821809381998,0.0002078762503643484,0.0003592643892166453,0.0006236287510930443,0.0008868633507392024,0.0014347980324060999,0.0023092339986126535,0.0039021987432524942,0.007838290353412217,0.015357987757896473,0.02746903886608025,0.05018968707845747
0.0000022591109946413886,0,0.000004518221989282777,0.0000022591109946413886,0.000009036443978565554,0.00002146155444909319,0.0000372753314115829,0.00006551421884460023,0.00014232399266240735,0.00021461554449093176,0.0003558099816560188,0.0005026521963077092,0.0008381301790119549,0.0013170617098759295,0.00213034166794683,0.0037659380280671974,0.007447159393835335,0.014561099915961065,0.025972999105392035,0.048142784851305326
0.000002258904318460331,0.0000011294521592301655,0.000002258904318460331,0.000003388356477690496,0.000018071234547682644,0.000022589043184603303,0.000047436990687666937,0.00006550822523534957,0.00011746302455993716,0.00017506508468067558,0.00034109455208751027,0.0005387486799527894,0.0008775843277218391,0.0012017370974208973,0.002045437860365831,0.003718156508185705,0.006999215030749334,0.014103469112307084,0.025477052355754835,0.045907712464069314
0.0000011291256841090238,0.0000011291256841090238,0.0000022582513682180477,0.000007903879788763167,0.000013549508209308285,0.000015807759577526334,0.00005419803283723314,0.00006887666673065046,0.00010839606567446643,0.00018178923514155308,0.0003376085795485982,0.00046519978185291804,0.000797162732980971,0.0011471916950547686,0.00196580781603381,0.0035048061234744096,0.006924927820640642,0.01362854700719592,0.02453928849274142,0.04455529949494211
0,0.0000011294853274208542,0.0000022589706548417084,0.000003388455982262563,0.000009035882619366834,0.00002146022122099623,0.00004066147178715076,0.00007793448759203893,0.00012537287134371477,0.00018862404967928255,0.00029818412643910577,0.0004653479548973923,0.0007398128894606597,0.001159981431261217,0.001782327846670108,0.0034155636301206643,0.006604100709429733,0.013426192087051694,0.023465057677168232,0.04268212103790669
0.0000011286490635034396,0,0,0.000005643245317517199,0.000015801086889048155,0.00003611677003211007,0.00004401731347663415,0.0000711048910007167,0.00011512220447735092,0.0001896130426685779,0.00034875256062256315,0.0004559742216553901,0.0006896045778006026,0.0010620587687567378,0.001796809309097478,0.0031557027815556217,0.006469416432001717,0.012806780923573529,0.022736635384276786,0.04100269182801644
0,0,0.0000033857943355660765,0.00000902878489484287,0.000013543177342264304,0.0000191861679015411,0.00003724373769122684,0.0000688444848231769,0.00008915925083657343,0.00019637607146283262,0.00030359289208909177,0.00045482503907771004,0.0006218575596323029,0.0010924829722759877,0.0016003521226108993,0.003109287798161514,0.006107972981361204,0.012120015123214702,0.022068607479219692,0.03943434662633809
0,0,0,0.000003385782872001607,0.000012414537197339228,0.00002595766868534565,0.000036115017301350466,0.0000598154974053617,0.00010383067474138265,0.00017154633218141482,0.0002584480925627894,0.0004740096020802251,0.0006636134429123146,0.0009705910899737941,0.0016229185899794367,0.002989646275977419,0.005875461877213458,0.011757695320170914,0.021224344230287413,0.03782935202887395
0,0,0,0.000003384266544833071,0.000005640444241388451,0.000016921332724165354,0.000030458398903497635,0.00006317297550355068,0.00011055270713121365,0.00016695714954509828,0.00029217501170392184,0.0003914468303523586,0.000653163443152783,0.0009701564095188134,0.0015962457203129317,0.0028619614080805022,0.005565990377402123,0.011030452758459257,0.0202661161593087,0.03641696420010041
0,0.0000011281079373674473,0.0000011281079373674473,0.0000022562158747348946,0.000003384323812102342,0.00001128107937367447,0.000025946482559451293,0.0000688145841794143,0.00009137674292676328,0.00016470375885564733,0.00022449347953612203,0.0003745318352059925,0.0005843599115563376,0.000982582013447046,0.0014981273408239697,0.0027785298497360225,0.005272776499255449,0.010890754027345333,0.019450837056089524,0.03481453905509679
0.000001127864917874516,0,0,0.000002255729835749032,0.000006767189507247096,0.0000214294334396158,0.000036091677371984496,0.00005639324589372578,0.00008458986884058876,0.00016354041309180482,0.00023797949767152292,0.0003631725035555944,0.0006034077310628666,0.0008583052025025072,0.001516978314541225,0.002620030204222502,0.005338184656300086,0.01052974687327648,0.018798124586214555,0.03324381845435137
0,0,0.0000011271669785161974,0.000003381500935548592,0.0000045086679140647895,0.000006763001871097184,0.00003268784237696971,0.00004621384611916407,0.00009355485921684434,0.0001420230392930409,0.00021979756081065866,0.0003888726075880887,0.0005782366599788098,0.0009073694177055392,0.0013571090421335013,0.002541761536554025,0.004951644536621657,0.010180572149958293,0.017883631281137985,0.03259316035077436
0,0,0,0.0000011271555440836168,0.000004508622176334467,0.000005635777720418084,0.00002367026642575595,0.00003606897741067574,0.00008115519917402043,0.0001623103983480409,0.00023332119762530882,0.0003719613295475937,0.0006413515045835783,0.0009242675461485658,0.0013706211416056788,0.0023963326867217707,0.0049053809278519,0.00957067772481399,0.017364958312152203,0.031543447901180015
0,0,0.0000011280468545541507,0.0000022560937091083015,0.000006768281127324905,0.000010152421690987356,0.00002932921821840792,0.00004512187418216604,0.00008347546723700719,0.0001297253882737274,0.00021545694921984294,0.00040384077393038574,0.0005549990524406415,0.0008606997500248168,0.001349144038046764,0.0023328008952179843,0.004605815307144595,0.009359404752235786,0.017010946566676597,0.030189917968432744
0,0.0000011276766815632757,0.0000011276766815632757,0.0000056383834078163785,0.000013532120178759309,0.00001578747354188586,0.000036085653810024815,0.000039468683854714625,0.00008232039775411907,0.00014321493855853605,0.0002424504865361043,0.0003653672448265014,0.0005593276340553848,0.000792756707138983,0.0012810407102558806,0.0023004604303890823,0.004448684508767121,0.009074414256539686,0.01612239351631016,0.028977907686131496
0.0000011276105593963224,0,0.0000022552211187926447,0.000003382831678188967,0.000005638052796981612,0.000018041768950341158,0.000029317874544304386,0.00004397681181645657,0.00010712300314265063,0.00015222742551850358,0.00021537361684469778,0.0003585801578880306,0.0005626776691387647,0.0007633923487113103,0.0013023901961027522,0.002300325541168497,0.0042623679145181,0.008729960950846329,0.015538473508481324,0.027998570189810695
0,0,0.0000022551295741075043,0.000006765388722322513,0.00001014808308348377,0.000014658342231698778,0.000029316684463397556,0.00006878145201027889,0.00011952186742769777,0.0001556039406134179,0.00025144694751298686,0.0003754790740888993,0.0005040214598130272,0.0007881677861505729,0.0012831687276671701,0.002149138484124452,0.004236260904960948,0.008382316626957594,0.015062010425464019,0.026788684210823036
0,0.0000011274414745130581,0.0000045097658980522325,0.00000563720737256529,0.000010146973270617524,0.000019166505066721992,0.00004171533455698317,0.000077793461741401,0.0001082343815532535,0.00015896924790634111,0.0002288706193261506,0.0003449970912009954,0.0004757803022445102,0.0008128853031239139,0.0011860684311877359,0.0020767471960530517,0.003938153070474112,0.008083755372258628,0.014302722545672657,0.025570372641956152
0.0000011272838771350758,0.0000011272838771350758,0.0000022545677542701515,0.000005636419385675379,0.000005636419385675379,0.0000236729614198366,0.00003494580019118736,0.00006425518099669933,0.00010596468445069708,0.00016345616218458608,0.00020967480114712414,0.00030211207907220055,0.0004238587378027887,0.0007338618040149341,0.001102483631838104,0.00207871146943708,0.003973675666901139,0.007564074815576358,0.01390053748895262,0.02480024529697167
0,0,0.0000022552414630653467,0.0000022552414630653467,0.00000676572438919604,0.000019169552436055447,0.00002706289755678416,0.000055253415845101,0.00009359252071721182,0.00012629352193165933,0.00021763080118580584,0.0002954366316615601,0.0004600692584653305,0.0006991248535502569,0.0011648322156732507,0.001969953417987581,0.0037786570713659873,0.007473870208598558,0.013074762382121349,0.023478191251241787
0,0,0.000003381363726533336,0.0000056356062108888935,0.0000045084849687111145,0.000012398333663955568,0.000021415303601377793,0.00005297469838235562,0.00008340697192115557,0.0001104578817334223,0.00019386485365457777,0.00030995834159888887,0.00046437395177724444,0.0007202304737516009,0.0011496636670213349,0.0018473517159293784,0.0035571946403130687,0.007103118068204359,0.012516681394384234,0.02291662909595859
0,0.00000337916608939246,0.0000011263886964641533,0.000004505554785856613,0.00000675833217878492,0.000018022219143426456,0.000027033328715139683,0.00004618193655503028,0.0000743416539666341,0.0001239027566110568,0.00019486524448829833,0.0003052513367417856,0.00044154436901394834,0.0006904762709325263,0.0011297678625535456,0.0018168649673966785,0.0034456230224838447,0.006881108546699509,0.012145849313972964,0.021842929601832848
0.0000011264622888587247,0.000003379386866576174,0.000003379386866576174,0.0000022529245777174494,0.000011264622888587244,0.000014644009755163419,0.000022529245777174492,0.000041679104687772826,0.0000675877373315235,0.00011715207804130744,0.0002252924577717451,0.00029400665739212736,0.0004314350566328919,0.0006826361470483877,0.0010464834663497559,0.0018473981537283069,0.0033534782339324216,0.0067069564678648485,0.011940500261902479,0.02111553560465679
0.0000011268443625103388,0,0,0.0000022536887250206775,0.00000901475490008271,0.0000202831985251861,0.000030424797787779156,0.000034932175237820515,0.00007549857228819272,0.00010479652571346142,0.0002050856739768814,0.0002828379349900948,0.00044172299010405264,0.0006524428858934862,0.0010321894360594702,0.0018175999567291768,0.0034132115740438166,0.006487242994972022,0.011484797742705373,0.020123186625709628
0,0,0.0000011252846970283482,0.0000022505693940566964,0.000010127562273255133,0.000012378131667311828,0.00002700683272868036,0.000054013665457360724,0.00008327106758009782,0.00014291115652260023,0.0001699179892512805,0.0002599407650135483,0.0004152300532034601,0.0006537904089734702,0.001054391761115562,0.0017081821700890333,0.0032644509060792354,0.006420874481243755,0.011104309390275739,0.01942241387070929
0,0.0000022526835092303708,0.0000022526835092303708,0.0000045053670184607416,0.0000022526835092303708,0.000007884392282306296,0.000027032202110764456,0.00004505367018460739,0.00007659123931383258,0.0001216449094984399,0.0001768356554745841,0.000265816654089184,0.0004370206007906919,0.0006104772310014306,0.0009044524289559948,0.0017007760494689294,0.0031391144701125215,0.006141941587916607,0.010664203732696572,0.01896646880596509
0,0.0000011265917332951795,0.0000011265917332951795,0.000006759550399771078,0.000007886142133066257,0.000013519100799542155,0.00002365842639919877,0.00003943071066533127,0.00007548164613077698,0.00010139325599656609,0.0002050396954597225,0.0002737617911907284,0.0004078262074528546,0.0005914606599799691,0.0009790082162335115,0.001700026925542426,0.00303391153776392,0.0057580103488716625,0.010531379522843339,0.018404002555110058
0.0000033778686549552205,0.000002251912436636814,0.000005629781091592035,0.00000788169352822885,0.0000033778686549552205,0.000010133605964865663,0.00003940846764114425,0.00004166038007778107,0.00006980928553574125,0.00013624070241652727,0.0001846568198042188,0.00028374096701623845,0.00037832128935498435,0.0006294095260399887,0.0009683223477538292,0.0016878083712592916,0.002962390810395728,0.005714227807965914,0.010365552945839253,0.01786104349118488
0.0000011259308633412674,0.0000022518617266825348,0.0000022518617266825348,0.000006755585180047604,0.000009007446906730139,0.000012385239496753942,0.00002702234072019041,0.00003940758021694436,0.00007656329870720619,0.0001204746023775157,0.00020379348626476927,0.00027697899238195167,0.0004233500046163163,0.0005989952192975541,0.0009446559943433231,0.0016753851246518057,0.002951064792817462,0.005586868943899371,0.010018532822010604,0.01758253636193723
0.0000011262136359694615,0.000002252427271938923,0.0000011262136359694615,0.000002252427271938923,0.000009009709087755692,0.000015766990903572464,0.000033786409079083845,0.000054058254526534136,0.00006982524543010658,0.00012163107268470176,0.000158796122671694,0.0002894369044441516,0.00038066020895767815,0.0005811262361602424,0.0008784466360561802,0.0015339029721904058,0.002821165158103501,0.005527456525338117,0.009621243092087112,0.017138719112183266
0.0000033782185977690247,0.0000011260728659230082,0.0000011260728659230082,0,0.000009008582927384064,0.000024773603050306175,0.000032656113111767234,0.000041664696039151296,0.00004954720610061235,0.0001002204850671478,0.00014188518110629913,0.0002466099576371389,0.00037047797288867,0.0006170879305258086,0.0008760846896881007,0.001495424765945755,0.002806173581880136,0.005312811781424753,0.009194384950261359,0.016444042061073687
0,0.000001125602619502416,0.000003376807858507248,0.00000562801309751208,0.000010130423575521744,0.000015758436673033823,0.000028140065487560397,0.00004277289954109179,0.00005177772049711111,0.00009905303051621267,0.0001699659955448649,0.0002892798732121209,0.0003759512749138069,0.000585313362141256,0.0009274965584699903,0.0014418969555825946,0.0027228327365763447,0.005116989508257985,0.00889451189930809,0.015759562275653328
0,0.0000011265143168704532,0.000005632571584352266,0,0.000012391657485574986,0.00001802422906992725,0.00002478331497114997,0.00005181965857604085,0.00004844011562542949,0.0001250430891726203,0.00016785063321369753,0.0002771225219501315,0.0003920269822709177,0.0005080579569085743,0.0008448857376528382,0.0014937579841702193,0.002604501100604485,0.004814722190304314,0.008514195206906886,0.015210196306384864
0.0000011251960654143984,0.0000033755881962431953,0,0.000006751176392486391,0.000011251960654143986,0.000014627548850387184,0.00001575274491580158,0.00003600627409326076,0.00009564166556022382,0.00011364480260685417,0.00016877940981215966,0.0002407919579986814,0.0003915682307642106,0.0004894602884552633,0.000852898617584114,0.0013941179250484396,0.0025384423235748845,0.004732574651132959,0.008183550983758921,0.014936977768376141
0.0000011259498794670655,0.0000033778496384011962,0.0000011259498794670655,0.000004503799517868262,0.000010133548915203589,0.000015763298312538915,0.000022518997589341304,0.00004166014554028144,0.000055171544093886235,0.0001002095392725688,0.00017339628143792795,0.00025559062263902377,0.00034791851275532286,0.0005348261927468554,0.000861351657792305,0.0014457196452357121,0.0025863068731358497,0.004510555217145064,0.00798523654518043,0.014484219249464336
0.000002250376938137138,0.000002250376938137138,0.000003375565407205707,0.000002250376938137138,0.000002250376938137138,0.00002025339244323424,0.000023628957850439947,0.000032630465602988494,0.00006188536579877131,0.00009789139680896557,0.00016877827036028547,0.0002362895785043997,0.0003611854985710111,0.0005704705538177649,0.0009417827486103919,0.0014503679366293853,0.0024304070931881095,0.004376983144676735,0.007682786866800192,0.014028849832346924
0.0000022518870813741917,0.0000011259435406870958,0.0000022518870813741917,0.0000011259435406870958,0.000006755661244122575,0.000016889153110306437,0.000021392927273054823,0.00003377830622061288,0.00005629717703435482,0.00010133491866183867,0.00016776558756237717,0.00023194436938154148,0.00040308778756598,0.0005618458268028609,0.0008906213406834927,0.0013691473454755093,0.0024387937091282503,0.004411446792412043,0.007575348141742776,0.013607027689203558
0.0000022505314067284137,0.0000011252657033642068,0.0000011252657033642068,0.0000022505314067284137,0.000014628454143734688,0.000018004251253827306,0.00002250531406728414,0.000047261159541296685,0.00007989386493885866,0.00011702763314987747,0.00016091299558108164,0.00023180473489302667,0.00040734618461784277,0.0005862634314527515,0.0008630787944803465,0.0014043315977985298,0.002159384884755913,0.00430414131536809,0.00743350523642395,0.013284886893917823
0.0000011254354028214665,0.000002250870805642933,0,0.000002250870805642933,0.000007878047819750265,0.000016881531042321997,0.000024759578862072264,0.000048393722321323016,0.00007990591360032404,0.00010241462165675332,0.00015531008558936226,0.0002475957886207227,0.0004411706779060148,0.0005514633473825185,0.0007900556527806698,0.0012548604741459352,0.0023228986714235074,0.004272152789110287,0.00721179006127996,0.012771440951218
0.0000022507162904594386,0,0.0000067521488713783155,0.000003376074435689158,0.000010128223307067474,0.000014629655887986352,0.000025883237340283558,0.00004051289322826992,0.00007539899573039118,0.00012266403783003937,0.0001789319450915252,0.000291467759614497,0.00039274999268517166,0.0005367958352745759,0.000797878924967871,0.0012705293459643534,0.002161812996986291,0.003970263536370451,0.006999727663328854,0.012638897329074977
0,0,0.000001124477399128755,0.000007871341793901285,0.000007871341793901285,0.000012369251390416304,0.000030360889776476383,0.00004610357336427897,0.00006634416654859661,0.00011244773991287561,0.00018553877085624454,0.0002721235305891588,0.0003643306773177164,0.0005408736289809312,0.0008242419335613772,0.0012324272294451143,0.002124137806954217,0.004016633269687912,0.006805337219527228,0.012256803650503426
0,0.000004499559043213765,0,0.0000067493385648206475,0.000005624448804017206,0.000013498677129641295,0.00002587246449847915,0.00005174492899695827,0.00006411871636579612,0.00010798941703713035,0.00015186011770846464,0.00023397707024711578,0.00035096560537067363,0.0005410719749464552,0.0008819135724698977,0.0012475027447310166,0.002151914112416983,0.004006857327981859,0.006799958604056801,0.011854088299346666
0,0.0000011253467474665632,0.0000022506934949331264,0.000004501386989866253,0.000007877427232265942,0.00001012812072719907,0.00002925901543413063,0.00004388852315119596,0.00007877427232265946,0.00009227843329225825,0.00015754854464531897,0.00024307489745277767,0.0003274759035127696,0.0005480438660162162,0.000812500351670859,0.0012693911311422832,0.0021561643681459347,0.003987103526274034,0.0067115680018905825,0.011497667718865876
0,0.000003376142824346041,0.0000011253809414486804,0.000003376142824346041,0.000003376142824346041,0.000010128428473038124,0.000020256856946076248,0.00005401828518953666,0.00006189595177967743,0.00009340661814024043,0.00015417718897846897,0.00022957771205553052,0.0003578711393806799,0.0005165498521249436,0.0007607575164193071,0.001226665226179061,0.002206872026180863,0.0039782216280210845,0.006477692698978604,0.011238054081306523
0.000002250541536557234,0,0.000002250541536557234,0.000004501083073114468,0.000004501083073114468,0.000014628519987622025,0.000013503249219343407,0.000037133935353194365,0.00004726137226770191,0.00007764368301122457,0.00015191155371761328,0.00024418375671645987,0.00034770866739809275,0.0005356288857006215,0.0008236982023799475,0.0012332967620333646,0.0021650209581680594,0.0037088924522463208,0.006093341210228711,0.010727206234000062
0.0000011248037217505545,0,0.000002249607443501109,0.0000033744111652516636,0.000008998429774004438,0.0000067488223305033264,0.00002362087815676165,0.00004049293398301997,0.00004949136375702442,0.00010123233495754995,0.0001698453619843338,0.00024070799645461877,0.0003801836579516872,0.0005579026459882746,0.0008031098573298954,0.0012440329162561126,0.0019897777837767313,0.003672484151515562,0.006003077462982709,0.010521414013254689
0.0000022507998780066466,0.0000011253999390033233,0.0000022507998780066466,0.00000337619981700997,0.000007877799573023262,0.000018006399024053176,0.000027009598536079757,0.00002475879865807312,0.0000540191970721595,0.00007990339566923598,0.00016993539078950182,0.0002689705854217943,0.00035450098078604694,0.0005975873676107649,0.0008395483544964799,0.001230062133330633,0.002077488287400136,0.003522501809080404,0.0058880924808653885,0.010325544440355501
0.000004499068130513467,0,0.0000022495340652567336,0.000007873369228398568,0.000008998136261026934,0.000007873369228398568,0.000017996272522053862,0.000030368709880965898,0.00006298695382718856,0.00010797763513232327,0.00015409308347008626,0.00025757165047189586,0.0003689235867021041,0.0005702568855425819,0.0008188303997534513,0.0011753815490966439,0.0021100629532108165,0.00359588020331289,0.005932021330082005,0.010063290640925999
0.0000011256431643630378,0.0000022512863287260757,0,0.000005628215821815189,0.000006753858986178227,0.000011256431643630378,0.000027015435944712913,0.00003151800860216507,0.00007204116251923442,0.0001148156027650298,0.00016997211781881862,0.0002588979278034986,0.0003590801694318093,0.0005222984282644499,0.0007609347791094141,0.0011414021686641208,0.0019293523837182473,0.0034253321491567253,0.005757664785716941,0.009982203581571421
0,0.000002249979468937346,0.000004499958937874692,0.000006749938406812038,0.0000033749692034060185,0.000010124907610218057,0.000023624784423842128,0.00004274960990980957,0.00006974936353705772,0.00010124907610218054,0.00018337332671839352,0.00023287287503501517,0.0003611217047644437,0.0005264951957313385,0.0007694929783765713,0.001145239549689109,0.0019248574356758997,0.0034559684642877634,0.0055090747296930925,0.009524163092011782
0.0000011255076039293722,0.000004502030415717489,0,0.0000011255076039293722,0.00000562753801964686,0.00001012956843536435,0.00003151421291002242,0.000043894796553245507,0.000049522334572892345,0.00009229162352220849,0.0001530690341343946,0.00027462385535876666,0.0003477818496141761,0.0005650048171725449,0.0008126164900370068,0.0011941635677690644,0.00198989744374713,0.0034159155779256447,0.005414817082504211,0.00929106527043697
0,0,0.000002249463221838689,0.000002249463221838689,0.000006748389665516067,0.000013496779331032133,0.000025868827051144912,0.00003936560638217705,0.00006860862826608002,0.00009335272370630564,0.00016308608358330483,0.00025756353890052976,0.00034754206777407737,0.0005466195629068011,0.000812056223083767,0.0011775939966325532,0.001877177058624386,0.0032144829440074875,0.005221004137887596,0.009050715273067958
0.0000011248619231989272,0.0000011248619231989272,0,0.0000022497238463978545,0.0000056243096159946356,0.000014623205001586055,0.00001574806692478498,0.0000416198911583603,0.00007311602500793027,0.00009336353962551091,0.00016310497886384438,0.00025984310425895216,0.0003419580246524739,0.0005849282000634422,0.0007232862166169105,0.001107988994350943,0.0018256509013518595,0.003183359242652964,0.005092249926321543,0.008798669963262009
0,0,0.0000022495188841486527,0,0.0000056237972103716316,0.000013497113304891915,0.000028118986051858157,0.0000416160993567501,0.00007535888261897993,0.00009897883090254082,0.00015296728412210852,0.00022382712897279112,0.00032505547875948034,0.0005443835699639738,0.0007918306472203252,0.0010988899749066166,0.001720881946373719,0.0031302055272928527,0.004979310050063044,0.008547047000322801
0,0,0,0.000003374722429080208,0.000006749444858160416,0.000008999259810880554,0.00002699777943264167,0.00003712194671988228,0.0000663695411052441,0.00009336732053788576,0.00014511306445044888,0.00022273168031929368,0.0003340975204789407,0.000503958549409311,0.0007435638418740057,0.0011024093268328682,0.001790852702365231,0.0029405081432052217,0.004990089565133266,0.00845255477736956
0,0.0000011246898667692384,0,0.000003374069600307715,0.000007872829067384667,0.000010122208800923145,0.000019119727735077048,0.000030366626402769428,0.00005848387307200038,0.00010459615760953923,0.0001450849928132318,0.00022831204295415552,0.00037452172563415655,0.0005252301677812346,0.0006826867491289281,0.0011044454491673922,0.001804002546297859,0.003128887209352022,0.004927266306316034,0.008130383046874827
0,0,0.000003373307021538565,0.000003373307021538565,0.000010119921064615695,0.000011244356738461884,0.00002473758482461614,0.00005172404099692465,0.00006746614043077128,0.00010682138901538783,0.00015742099433846643,0.00023500705583385349,0.00035532167293539585,0.00047788516138463016,0.0007151410885661761,0.0011176890598031109,0.0018328301483692866,0.0031922728780493276,0.00475523846469553,0.007999235383741784
0,0.000002258185074074116,0.000001129092537037058,0.000003387277611111174,0.000006774555222222348,0.000018065480592592927,0.00002596912835185232,0.000035001868648148785,0.00007226192237037168,0.00010839288355555748,0.0001795257133888921,0.00020210756412963315,0.0002890476894814866,0.0005329316774814909,0.0006876173550555675,0.0010726379101852043,0.0018788099816296653,0.0029729006500185734,0.004675572195870457,0.007808803986148292
0,0,0.0000011601910602638043,0.0000023203821205276086,0.000008121337421846629,0.000015082483783429455,0.000017402865903957065,0.000051048406651607376,0.0000742522278568835,0.00012530063450849095,0.00020883439084748486,0.00029816910248779764,0.0005128044486366013,0.0008747840594389082,0.0013063751338570427,0.0018261407288552268,0.0030594238259156513,0.004706895131490253,0.0068033603773869486,0.011325785130295259
0,0,0,0,0.0000022754500555778677,0.000006826350166733604,0.000014790425361256142,0.000054610801333868816,0.00009443117730648146,0.0001467665285847724,0.00025598813125251007,0.00042778461044863924,0.0006519164409230591,0.0011798208538171243,0.0018032941690454597,0.0025507795123027883,0.003953594471566545,0.00571934371469497,0.008135871673718665,0.012545693881428566
0,0,0,0.000001152420255399377,0.000002304840510798754,0.00001152420255399377,0.00003111534689578318,0.000054163752003770706,0.0000921936204319501,0.00015672915473431524,0.0002950195853822406,0.00044483421858415985,0.0008965829587007154,0.0014197817546520337,0.0023198219741189462,0.003473394649773722,0.005155928222656815,0.00736050817123582,0.009899289993880652,0.014942281031508322
0,0,0,0,0,0.000005806492820271628,0.000026709866973249493,0.00005341973394649897,0.00008477479517596573,0.00015909790327544248,0.00036000255485684125,0.000645682001614205,0.0011113627257999894,0.0018743358823836806,0.0028695687517782398,0.004398998960637787,0.006353464443941217,0.008766642860046102,0.011909116774377117,0.01771793219177684
0,0,0.0000011691202603864645,0.0000011691202603864645,0.000002338240520772929,0.000011691202603864645,0.000021044164686956357,0.00005144129145700443,0.00007950017770627952,0.00021161076712995024,0.0002887727043154569,0.0006523691052956477,0.001226407153145401,0.002111431190257954,0.0035085299014197798,0.005369769355955029,0.00788103967526516,0.01082722273143905,0.014039965206981052,0.020838399521128342
0,0,0,0,0.000005875889462767426,0.000010576601032981368,0.000024678735743623195,0.00003995604834681851,0.00007756174090853004,0.000166875260742595,0.000373706569832008,0.0008002961448289225,0.0014372425625929122,0.0026676538160964125,0.004177757408027641,0.006563368529911215,0.009581225357988563,0.01350044362965444,0.01759593858520334,0.025711717111177708
0,0,0,0.0000023588187978987643,0.0000011794093989493821,0.000008255865792645674,0.000016511731585291352,0.00004717637595797529,0.00009553216131489993,0.00020521723541719244,0.00042458738362177777,0.0008739423646214921,0.0018174698837809971,0.0029485234973734573,0.005006592898540129,0.007918554704546147,0.01200520827190576,0.016445684658950185,0.02169169766547703,0.03157278960987495
0,0,0,0.0000011811325880386703,0.0000011811325880386703,0.000009449060704309362,0.000023622651760773405,0.00003661511022919879,0.00010393966774740298,0.00020433593773068988,0.00048072096333173894,0.0010287664841816817,0.0019713102894365416,0.0034453637593088,0.005700145869874622,0.009439611643605052,0.01461533464439051,0.020627299517507337,0.026969981515275004,0.039552586975650936
0,0,0,0,0.000005914276116260474,0.000005914276116260474,0.000021291394018537717,0.00003193709102780658,0.00010645697009268859,0.00023420533420391495,0.0005074448907751491,0.0011556495531172969,0.00225333920029524,0.004041816297852406,0.007161005521568181,0.011343581590987594,0.017800788254720777,0.025559135664031264,0.03350082563294583,0.04832555014596435
0,0,0,0,0.0000023687056089764468,0.000005921764022441117,0.000024871408894252695,0.00004145234815708782,0.00012080398605779878,0.0002581889113784328,0.0005815172270037176,0.0013264751410268095,0.0024989844174701514,0.004743332981975334,0.008259676458500866,0.013609398076374178,0.021648784913240227,0.03070553080916168,0.04054394955604536,0.05967953781816157
0,0,0,0,0.000001185200636689782,0.000002370401273379564,0.00001540760827696717,0.00004977842674097083,0.00011140885984883947,0.0002714109458019599,0.0006115635285319271,0.0014589819837651226,0.0029250751713503845,0.0055135533618808664,0.00960486595973399,0.015891170136736594,0.024959140208050134,0.03681470217685802,0.049136047995885,0.07166789729999443
0,0,0.0000011856713982859934,0.0000011856713982859934,0.0000011856713982859934,0.000009485371186287947,0.00001422805677943192,0.00003912715614343779,0.00011856713982859936,0.0003414733627063659,0.0007410446239287461,0.0016243698156518107,0.0032878667874470576,0.006046924131258567,0.010995916547704303,0.01843126188635576,0.02932165367961262,0.04336237437811537,0.05878795926981611,0.08617341155602769
0,0,0,0,0.0000011878022214277146,0.000004751208885710858,0.00002019263776427115,0.000059390111071385744,0.0001306582443570486,0.00035990407309259705,0.0007400007839494658,0.0017603228921558734,0.003437499628811807,0.006699204528852309,0.012316321233983973,0.02124146712579181,0.034164755294925346,0.05095671529924896,0.06862289773854334,0.10167230674754811
0,0,0,0,0,0.000005934746277727134,0.000016617289577635976,0.00005103881798845337,0.00016617289577635977,0.00038575850805226377,0.0008724077028258891,0.0018172193102400478,0.0040000189911880875,0.007630896763901551,0.014095022409601945,0.023752041552719535,0.03924766408386505,0.059097016484351284,0.07913271991795807,0.11746643307505317
0,0,0,0,0.0000011874989609384093,0.000007124993765630455,0.000022562480257829773,0.00006531244285161252,0.00015674986284387006,0.000420374632172197,0.0009250616905710216,0.0019225608177592844,0.0042417462884719965,0.008445492610193969,0.015332986583636743,0.02707616380835666,0.04387452410979138,0.06663412919513693,0.09077123307517104,0.13475975708521257
0,0,0,0,0.0000011869295319936856,0.00001068236578794317,0.000015430083915917912,0.00007833734911158324,0.00013530996664728006,0.00039287367508990966,0.0009376743302750112,0.0021210430736727155,0.004558996332387746,0.008872298251652797,0.016748762625962896,0.029516563601618973,0.049021376600871205,0.07461513809925108,0.10189908725118986,0.15091927692252913
0,0,0,0,0.0000011881070484450648,0.000005940535242225324,0.000022574033920456238,0.00003445510440490689,0.0001592063444916386,0.0004170255740042178,0.0009528618528529424,0.002265720141384739,0.00471203255413313,0.009238720408708823,0.017850120295838667,0.0320931475925981,0.05358125167077554,0.08221463153830164,0.11256957851902463,0.16930406629637326
0,0,0,0,0,0.0000011877641290481971,0.000015440933677626565,0.00004869832929097609,0.00012827852593720517,0.00041215415277972434,0.0009715910575614255,0.0021890492898358265,0.0046976071303856184,0.009723037160388541,0.018846253435607748,0.03437983271530007,0.05811017224955399,0.08959067272584743,0.12318895664423375,0.1857615587266219
0,0,0,0,0.00000118800401070154,0.00000356401203210462,0.00002257207620332926,0.00004395614839595698,0.00015800453342330477,0.0004027333596278223,0.0009717872807538598,0.0020825710307598,0.004857748399758598,0.010404539125724088,0.020091523828984447,0.036592899537628856,0.06275868787333024,0.09691142717297814,0.1338132077533894,0.20226362284199068
0,0,0,0,0.0000011880294156083306,0.000004752117662433322,0.000010692264740474975,0.00004752117662433323,0.00012355505922326634,0.0003504686776044576,0.0009492355030710564,0.002166965654069595,0.005068133486985138,0.010547325151770757,0.02109821439178832,0.03934515818611669,0.0667304242453043,0.10321955971629852,0.14296151972722848,0.2175828353510033
0,0,0,0,0.0000011863493893859693,0.000008304445725701786,0.00002254063839833341,0.000060503818858684445,0.00012931208344307067,0.0003642092625414927,0.0009123026804378102,0.002175764780133868,0.005191464927953002,0.010940514068917415,0.022133720557774038,0.04145816576148208,0.07035170513997738,0.109192784148474,0.15157155703611963,0.23167861320501776
0,0,0,0.000001186408504176158,0.000001186408504176158,0.000008304859529233106,0.000008304859529233106,0.00003084662110858009,0.00010559035687167815,0.0003250759301442672,0.0008577733485193619,0.0022363800303720587,0.0051383352315869405,0.010958855353075177,0.022776670463173887,0.04282341495823844,0.07408646545178434,0.1148941723614275,0.16003345671981778,0.24461726461655273
0,0,0,0,0.000003554220221854426,0.000005923700369757377,0.000005923700369757377,0.000045020122810156067,0.00011491978717329308,0.0003163255997450439,0.0008494586330232076,0.002188214916588375,0.0052282579463478595,0.011610452724724456,0.023449560283721554,0.0444798813364342,0.0764737870334938,0.11990872762470278,0.16801983728779818,0.2568646801734934
0,0,0,0,0,0.000004736390278558953,0.000009472780557117907,0.00003315473194991267,0.00010656878126757651,0.00030194488025813327,0.0008347887865960149,0.002209526064947752,0.0052573932092004364,0.01166928154879962,0.02371036973446613,0.045607886089813796,0.07957017258222081,0.1250099168171457,0.1749527841094106,0.26743080429827404
0,0,0,0,0,0.000004742668723404003,0.000016599340531914012,0.00003675568260638103,0.00009366770728722903,0.000290488459308495,0.0007908400096276175,0.002194669951755202,0.005273847620425254,0.011837701133616391,0.024296691869998707,0.04616395168643373,0.08119330287749571,0.12917251101781224,0.18297690201764988,0.27868277118876167
0,0,0,0,0,0.000004739482495906272,0.000015403318111695383,0.00003080663622339077,0.00009597452054210198,0.000266595890394728,0.0008199304717917844,0.002128027640661917,0.005276228888567655,0.011920983347828248,0.024667821520568164,0.04765786623758553,0.08365423579399363,0.13198510854599793,0.18870605018638015,0.2893217089625984
0,0,0,0,0,0.0000023691321039906846,0.000013030226571948764,0.00002961415129988356,0.0000746276612757066,0.0002914032487908541,0.0007889209906288976,0.0021251114972796435,0.005176553647219644,0.011952271464633,0.025442109664755963,0.04887519530532783,0.08535035317836837,0.1366515397581827,0.19329511923249604,0.2977963517734731
0,0,0,0,0.000002368340965312094,0.000001184170482656047,0.000009473363861248376,0.00002486758013577698,0.00009828615006045194,0.0002581491652190182,0.0007768158366223668,0.002101902606714483,0.005222191828513166,0.012031172103785437,0.025660974359156534,0.049672399235973184,0.08792939501914214,0.1405716938256167,0.19951496377030406,0.3059032082730884
0,0,0,0,0.000001183601438785909,0.000005918007193929545,0.000014203217265430908,0.000016570420143002727,0.00008640290503137136,0.0002864315481861898,0.0008012981740580594,0.0022074166833357203,0.005367632524894099,0.01231892377488374,0.025865242241788485,0.05004503603474582,0.08915477837654857,0.14314712520964534,0.2032634258870205,0.31368752211855194
0,0,0,0,0.0000011833479279577781,0.000003550043783873334,0.0000023666958559155563,0.000024850306487113342,0.00006745083189359334,0.00029702032991740204,0.0008567438998414304,0.0021785435353702683,0.005170047097247535,0.012207417224812438,0.026484509975623037,0.05112418053155988,0.09077935294535301,0.14572219724043264,0.2082834354957044,0.3196352921686035
0,0,0,0,0,0.0000035485656697562845,0.000009462841786016759,0.0000224742492417898,0.00006150847160910896,0.00026614242523172155,0.0007901472891324003,0.0020274138526540897,0.00544823115829915,0.01222599158753366,0.026352831518833424,0.051341830965257164,0.09193150795115278,0.14819165093469222,0.2116766736218554,0.3263722303444947
0,0,0,0.0000011832359135764488,0.0000011832359135764488,0.0000059161795678822436,0.0000035497077407293464,0.00003431384149371702,0.00009584210899969236,0.0002626783728139717,0.0008176160162813265,0.002061196961450173,0.005148259459971127,0.012283172018837113,0.026409825591026337,0.05152755756442721,0.09255981257543128,0.15036088695364083,0.21606124429088666,0.33186099344487296
0,0,0,0,0,0.0000011810851574209352,0.000007086510944525612,0.000036613639880048995,0.00009684898290851674,0.0003059010557720225,0.0007535323304345564,0.0020751666215885825,0.005409370020987882,0.012658870717237584,0.026857876479752067,0.05254884082397224,0.09426358749892223,0.1526871458959063,0.21811690144671114,0.3352427543378305
0,0,0,0,0,0.0000023620336164624296,0.000007086100849387289,0.000022439319356393076,0.00008621422700087862,0.00028698708440018513,0.0008054534632136888,0.0020148146748424525,0.005416143082548351,0.012365245982180818,0.02694607949660339,0.05330046957228295,0.09505295679368103,0.15334912746478208,0.2205749662229193,0.3404481722583877
0,0,0,0,0,0.0000011825083366837736,0.0000011825083366837736,0.00002483267507035925,0.00008868812525128297,0.00025423929238701116,0.0008159307523118036,0.0020705720975332876,0.005489203698886078,0.012662299269209847,0.02735378284416905,0.05365986330203627,0.09585412577158672,0.1551805690230116,0.22363479412529852,0.34584939573824014
0,0,0,0,0,0,0.00001182174231202543,0.000026007833086455933,0.00010757785503943145,0.0002872683381822182,0.0008263397876105773,0.002120820570777363,0.005458098425462142,0.012704826462733736,0.027063514674919804,0.05394142799554082,0.0971593535398434,0.1575566350119814,0.22521128408947164,0.34952281537157526
0,0,0,0,0.0000023637532619795016,0.0000011818766309897508,0.000004727506523959003,0.000021273779357815515,0.00009927763700313907,0.00028955977459248894,0.0008225861351688666,0.0020824666238039367,0.005560729548806774,0.012936821602813816,0.027625184372754436,0.05378365984645056,0.09823994932113007,0.15859011572935963,0.22810928104080785,0.35256679966718374
0,0,0,0,0,0,0.00001298482074454962,0.00002833051798810827,0.0001026981277068925,0.00032107920386522694,0.0008381111571482031,0.002094097454621003,0.005369813596996022,0.013091060187005028,0.028090889023458847,0.05527520147129826,0.0990836257869097,0.16017956826651464,0.23033183299631813,0.355700277284945
0,0,0,0,0,0.0000011825363038645286,0.000007095217823187172,0.00002365072607729057,0.00007922993235892345,0.00027553095880043533,0.0007970294688046925,0.002305945792535831,0.005446762215600019,0.013259779575232953,0.028274443025400883,0.05564661085095315,0.10042571306939121,0.1620394021096448,0.23152878293363602,0.35836999195875313
0,0,0,0,0,0.0000011804257087275956,0.000007082554252365574,0.00003777362267928305,0.00009443405669820765,0.00028448259580335036,0.0008203958675656794,0.002161359472680229,0.005481896991330954,0.012957533004702813,0.028574565131168912,0.05609264925302664,0.10108221428976141,0.16335675297939445,0.2332237898275634,0.3606153323134455
0,0,0,0,0,0.000002363887365494809,0.000002363887365494809,0.00002954859206868511,0.00010046521303352934,0.0003167609069763041,0.000750534238544602,0.0021523194462830224,0.0055409519847198305,0.013220040091529713,0.028553395487811793,0.055917755630779706,0.10175116776035859,0.16532910039902418,0.23556255791524053,0.36187806123413824
0,0,0,0,0,0.00000118103773061238,0.0000059051886530618995,0.000024801792342859986,0.00008621575433470367,0.0002468368856979875,0.0008208212227756042,0.0022262561222043363,0.0057138605407026895,0.01315085513036884,0.02850080251513794,0.05664020748470851,0.10229085888606887,0.16533583398388835,0.23720788508030466,0.3662953090362379
0,0,0,0,0.000002361171944082726,0.0000035417579161240894,0.00000826410180428954,0.000027153477356951346,0.00007791867415473,0.00025146481204481037,0.0007532138501623897,0.0021309576795346618,0.0054696548084676375,0.013287495115325546,0.028433232550644196,0.0569526478772474,0.10345356814401253,0.16630560412355072,0.2384582963908306,0.36775843322074503
0,0,0,0,0,0.0000023600128856703557,0.000005900032214175889,0.000016520090199692487,0.00007080038657011068,0.00023010125635285978,0.0008189244713276136,0.00222431214474431,0.005640430796752152,0.013094531496141974,0.028127813577862145,0.05741085346325995,0.1036682860288417,0.16746887438005423,0.23937846700642978,0.370084240659954
0,0,0,0,0.0000011813293262642587,0.000004725317305057035,0.00000945063461011407,0.000031895891809134975,0.0000791490648597053,0.00026343643975692963,0.0007761333673556188,0.0021641953257161214,0.005578237078619827,0.01324506440607487,0.02877600105847108,0.05733463752090951,0.1035990379253967,0.1679023371419391,0.2403272754765482,0.37217544158090204
0,0,0,0,0,0.0000011802627028724054,0.000008261838920106839,0.000016523677840213678,0.00008379865190394081,0.0002313314897629917,0.0007541878671354678,0.0021917478392340594,0.005525989974848609,0.012928597647264322,0.02881257310252115,0.05764166988288255,0.10456065311016931,0.16874215862966777,0.24114891492548415,0.3741916675813702
0,0,0,0,0,0.000002361146856251018,0.000007083440568753054,0.00002243089513438467,0.00008736243368128772,0.00024910099333448236,0.0008193179591191034,0.0021710745343228102,0.005721058832696219,0.013318048842683871,0.028562793520068578,0.057852820271862476,0.10485735131267955,0.1692670764043511,0.24253700507410456,0.37533498771023066
0,0,0,0,0,0.0000011791437765381046,0.0000047165751061524185,0.000022403731754223983,0.00006956948281574814,0.0002546950557322308,0.000766443454749768,0.002210894581008946,0.0055113180115391,0.013086137632019884,0.028641402332110558,0.0578629434022779,0.10425517614639307,0.17053248953804687,0.2426536394862234,0.3769215621768408
0,0,0,0,0,0,0.000008257073362917247,0.000010616237180893604,0.00009672571653703062,0.0002453530370695409,0.0007903198790220796,0.0020678070864562754,0.005698560202321886,0.013556934880001136,0.028818365618490178,0.05748456517072087,0.10437412563490996,0.17070909386876915,0.24452615015134044,0.379765216016835
0,0,0,0,0,0.000002360547694276026,0.000007081643082828078,0.00001652383385993218,0.0000849797169939369,0.0002478575078989826,0.0007860623821939174,0.0021776052479696335,0.00547056928148469,0.013407910903487832,0.02914686265507323,0.05770594893427171,0.10490628035516798,0.17156460641998159,0.24553708951550945,0.3816698750444079
0,0,0,0,0,0,0.0000070667632457643585,0.000021200289737293077,0.00007655660182911386,0.0002638258278418692,0.0008456560017431345,0.002213074689798536,0.005592165315148198,0.013486917654541275,0.02905264149721158,0.05810528299442314,0.10481541025505128,0.1712264956509961,0.24686677384590922,0.3829255222043593
0,0,0,0,0,0,0.00000707254426528642,0.000023575147550954735,0.0000872280459385325,0.00024989656404012,0.0007921249577120785,0.002291504341952799,0.0056757167728923525,0.013271629313809971,0.029042224268021125,0.058159889008205366,0.10534554683144123,0.1709728638264115,0.24789031898353403,0.3850128071989071
0,0,0,0,0,0,0.000005891002318698513,0.000018851207419835234,0.00006008822365072485,0.0002580259015589947,0.0007717213037495055,0.0020818802194280555,0.005688351838935286,0.013424416083850173,0.02874455671385751,0.05806996625633872,0.10556793975154112,0.17140460346485192,0.2478674571606312,0.3869952589213338
0,0,0,0,0,0,0.00000707793395107968,0.000027132080145805445,0.00010145038663214203,0.00027957839106764745,0.0007467220318389062,0.002236627128541178,0.0056753233731073865,0.013343085153443698,0.029112721996449233,0.057921092833002036,0.10556030694640232,0.17309559339628772,0.24953492075663108,0.38657197963914347
0,0,0,0,0.0000011792550174352854,0,0.000012971805191788138,0.000027122865401011566,0.00008490636125534057,0.0002181621782255276,0.0007747705464549829,0.0021533196618368318,0.005594385802712994,0.013738320953121072,0.029298590908179652,0.05871864508315518,0.1057685617687882,0.17258161329161908,0.2501860274790004,0.3872803195309397
0,0,0,0,0.000001179161851755772,0.000001179161851755772,0.000002358323703511544,0.000027120722590382763,0.00008489965332641558,0.00029361130108718724,0.0007794259840105647,0.0022168242813008507,0.005616347899912741,0.013789118694431996,0.029541541872037367,0.05873758932151027,0.10573426408508835,0.1731799636818149,0.2503454944225645,0.38796783246468397
0,0,0,0,0,0.000004719964505866916,0.000003539973379400187,0.000024779813655801316,0.00009557928124380507,0.0002902778171108154,0.0008330737352855109,0.0021995034597339816,0.005470438862299748,0.013637157448575984,0.029603617380797302,0.0584520404406559,0.10564460555256626,0.1735613548186117,0.2510655319871995,0.390207725637903
0,0,0,0,0,0.000002359804041872363,0.000002359804041872363,0.000018878432334978908,0.00009675196571676682,0.0002772769749200027,0.0007645765095666455,0.0021155643235385734,0.0056175135216771565,0.013469761471007447,0.02926982943336385,0.05895144467203445,0.10637760640356425,0.17455942458538232,0.25135098781397197,0.390397721373217
0,0,0,0,0,0.0000011775345253122821,0.000007065207151873693,0.000024728225031557923,0.00008831508939842121,0.0002873184241761966,0.0007230061985417411,0.0022573336850236444,0.005815843020517361,0.013584038284002488,0.029839902405938538,0.05934302993763775,0.10697665655557025,0.1743857979915971,0.2527248148915725,0.38961438099365053
0,0,0,0,0.0000011800718899795376,0.000003540215669938613,0.000003540215669938613,0.000024781509689570286,0.00008732531985848575,0.0002548955282355803,0.0007635065128167609,0.0022303358720613263,0.005823654777049018,0.013680573420532789,0.030072952044238536,0.05948978411764849,0.10634689865306593,0.1752843383218906,0.2530392751526424,0.39136022166470363
0,0,0,0,0.0000011788880021031362,0,0.00000589444001051568,0.00003300886405888781,0.00008252216014721952,0.00029943755253419667,0.0007992860654259264,0.00216915392386977,0.005731753466225451,0.013383915487876904,0.02978932092514415,0.05909058221741759,0.10715502495116452,0.17434928329503904,0.2542224821015329,0.39243413258010235
0,0,0,0,0.0000011779756253283608,0.0000011779756253283608,0.0000070678537519701655,0.000030627366258537384,0.00008010234252232855,0.0002709343938255225,0.0007880656933446728,0.0022687810543824227,0.005874564443512535,0.013831789792605608,0.029922936834591005,0.05941120066343587,0.10731711339428963,0.17487048157999516,0.253686474719465,0.3921245261593047
0,0,0,0,0,0.0000011788004526593738,0.000008251603168615617,0.00002829121086382497,0.00006719162580158437,0.00029116371180686545,0.0007685778951339113,0.002224396454168238,0.005548613730667669,0.013855620520558285,0.029765890230101837,0.059205252734817054,0.1072790927951716,0.17628960769520938,0.25308609958506223,0.3934706242927197
0,0,0,0,0,0.0000058930436155944076,0.00000825026106183217,0.000016500522123664343,0.00006953791466401398,0.00026518696270174817,0.000754309582796084,0.002145067876076363,0.0057351100466964755,0.013800329538998983,0.02947936138264946,0.05955509877919708,0.10773780198902004,0.17567163018086937,0.25398075096233413,0.39409964901032235
0,0,0,0,0,0,0.000007071560658079435,0.000017678901645198583,0.00007660857379586055,0.0002475046230327803,0.0008155866625651614,0.002163897561372308,0.0056619629002356,0.013606861299587845,0.029331655016270476,0.05987018971818652,0.10837873864572542,0.17532402480232037,0.2539421004185185,0.3946225495569076
0,0,0,0,0,0.0000011768610291885073,0.000004707444116754029,0.000021183498525393127,0.00006943480072212196,0.00027185489774254526,0.0008096803880816933,0.002254865731925181,0.005683061909951302,0.013423276898924108,0.02971456412598061,0.05915256591010194,0.1078581364640975,0.1763573326680146,0.2550799206324922,0.3959466552432687
0,0,0,0,0,0.0000011772434139117208,0.000007063460483470325,0.00002472211169214613,0.00006357114435123292,0.000244866630093638,0.0007546130283174128,0.0021708368552532144,0.0056955036365049045,0.013441765300044027,0.029685369925197953,0.05930363697580294,0.10816983384386455,0.17738586036480428,0.25437287066097514,0.3961883212744368
0,0,0,0,0,0.0000011784962152594046,0,0.000021212931874669284,0.00007778075020712066,0.00023687773926714007,0.0007672010361338727,0.0022037879225350874,0.005623783939217876,0.013569205422496787,0.02990198446977687,0.05975329360229759,0.10806103196199585,0.1766224062771423,0.25580320998799116,0.3968609574810353
0,0,0,0,0,0.0000011777453243510624,0.000009421962594808499,0.000025910397135723376,0.00007655344608281905,0.00021670513968059525,0.0007996890752343703,0.0022235831723748023,0.005757996890752346,0.01372779950063599,0.03035403024449993,0.059237056578885366,0.10819475196683467,0.17675837376925627,0.25594408065199986,0.39790361332265495
0,0,0,0,0,0.0000011789074593011673,0.0000023578149186023347,0.00001296798205231284,0.00006955554009876883,0.00023813930677883585,0.000781615645516674,0.002308300805311685,0.005625746395785174,0.01388870877802705,0.02994542837370896,0.05944876645018,0.10778868791136505,0.17675005865064608,0.2563333855982305,0.39913326723592163
0,0,0,0,0,0,0.000005897046994746911,0.00001061468459054444,0.00007784102033065922,0.0002936729403383962,0.0008432777202488081,0.0022503131331954207,0.005740185544686645,0.01360448741688112,0.029452211510563975,0.0597229331439988,0.10841367077022504,0.17746573225991338,0.25621371841836477,0.3998020951028564
0,0,0,0,0,0.000001178468438847505,0.000010606215949627548,0.00003771099004312016,0.0000671727010143078,0.0002828324253234015,0.0008001800699774569,0.0022119852597167686,0.005766246071280839,0.013491106687926245,0.02956423772536736,0.05909783527132468,0.10858879582916449,0.17778021327921803,0.25741286109746053,0.40008649958341147
0,0,0,0,0,0,0.0000047220595735035796,0.00002951287233439736,0.00008381655742968855,0.0002927676935572221,0.0007944865232419767,0.0022075628506129244,0.005687720756285063,0.013660918346145847,0.029720642955631527,0.059666764255897876,0.10844327862040307,0.1774679844360917,0.25745731258145566,0.4003090587990858
0,0,0,0,0.0000011788546484007068,0.0000035365639452021204,0.000015325110429209186,0.0000506907498812304,0.00010491806370766295,0.00026288458659335756,0.0007509304110312497,0.0023317744945365987,0.005752810684195447,0.013804387932772283,0.029833274587076693,0.05928460026807155,0.1077119492243726,0.17892420082496255,0.25768583759391034,0.40051468793949185
0,0,0,0,0,0.000004714784976337673,0.000009429569952675346,0.00002475262112577278,0.00008250873708590932,0.00024045403379322158,0.000727255582600087,0.0021570141266744874,0.005885230346713499,0.013681127305087842,0.030128654695041814,0.05920473364411624,0.10865104108345756,0.17888129939473946,0.2585234472150354,0.40049151633378327
0,0,0,0,0,0.00000235800116956858,0.00000471600233913716,0.000024759012280470086,0.00009549904736752756,0.00026409613099168084,0.0007804983871272,0.002261323121616269,0.006021155986493369,0.013934607911565523,0.029642432702646628,0.05978240365207224,0.1084845598083416,0.17840401048838925,0.2580419629888136,0.40252376865178935
0,0,0,0,0,0.0000023571507704347295,0.000008250027696521553,0.00003771441232695567,0.00011785753852173647,0.0003028938740008626,0.0008155741665704165,0.0022923291242477745,0.0059105555568650875,0.013716260333159692,0.0300595651999689,0.05962530731353171,0.10898640159720534,0.17796370459243693,0.25888115481530544,0.4020379925561178
0,0,0,0,0,0.0000011781393880272763,0.000008246975716190933,0.000020028369596463693,0.0001013199873703458,0.0002662595016941646,0.0008459040806035854,0.002292659249101083,0.0058942313583004715,0.013965664305675337,0.029724456759928186,0.05983063068157719,0.10877996597533444,0.17885216235703286,0.2588843491251136,0.4029825776747299
0,0,0,0,0,0.0000023574341686508406,0.000005893585421627102,0.00002475305877083382,0.00010490582050496245,0.0002593177585515925,0.0008663570569791837,0.0022560644993988546,0.0058240411136519,0.013996086659280036,0.02995945213229919,0.05982814304910535,0.1098917937716589,0.17891393007850254,0.26021947712110133,0.4015523704000567
0,0,0,0,0,0,0.000005893613209237413,0.000028289343404339585,0.00008958292078040872,0.00022985091516025926,0.0008180335134421536,0.0022643261949890137,0.005806387733740698,0.013877101662470415,0.030209482587909137,0.06006888455118956,0.10956462700500717,0.17899374805510765,0.2593272322649391,0.40304534781747714
0,0,0,0,0,0.0000011793634975203882,0.000008255544482642717,0.0000200491794578466,0.00008019671783138638,0.0002594599694544853,0.0008043259053089049,0.002388211082478787,0.005757652594894538,0.013957766993153804,0.03001715973888892,0.06004729247625061,0.11071392769322397,0.1798517540083616,0.25862851818873345,0.40229975882016483
0,0,0,0,0,0.0000035383200056613118,0.0000035383200056613118,0.000024768240039629186,0.00008727856013964573,0.00024768240039629207,0.0007973014412756822,0.0022197060835515304,0.005785153209256243,0.014114358502582967,0.030414219328662753,0.06017620833628194,0.10967848465548555,0.17969240204750783,0.2594225461750763,0.4034427853655085
0,0,0,0,0,0.0000011785962211847957,0.0000023571924423695914,0.000020036135760141528,0.00008368033170412047,0.0002522195913335461,0.0008450534905894986,0.002181581605413056,0.005795157619565636,0.013766003863438417,0.03049264143449302,0.0605798457688985,0.1095021963140582,0.17956149148994593,0.25909434309171714,0.4042172529986436
0,0,0,0,0,0.0000023555183907098354,0.000004711036781419671,0.000025910702297808183,0.00009304297643303848,0.00027795117010376085,0.0007313884603154043,0.0022118317688765363,0.005670910525633929,0.013838670545420276,0.03018596817694655,0.060793574145830157,0.10928074245939673,0.17971663113759767,0.2592283321752033,0.40489476721589496
0,0,0,0,0,0.0000011780519497348795,0.000008246363648144156,0.00002120493509522783,0.00008128558453170661,0.00023207623409777112,0.0007445288322324445,0.0022382987044962713,0.005766564293952235,0.01372077105856214,0.030458533160395283,0.06065082658015052,0.11088178366489604,0.17957634895783628,0.2599548334882472,0.4037125129143944
0,0,0,0,0,0,0.0000070693443772202165,0.000022386257194530683,0.00006598054752072201,0.00025920929383140803,0.0008318261883862457,0.00232934897229406,0.0057933277171319675,0.013820568257465523,0.03024854636606243,0.060651440084360846,0.10986939386263092,0.17933277171319684,0.26005290226042294,0.40558478205800336
0,0,0,0,0,0,0.000003534538925288094,0.000023563592835253962,0.00009071983241572772,0.00023681410799430242,0.0008023403360403979,0.0022998066607207873,0.005839058304575932,0.013833007173935838,0.030044759044590565,0.06046889193382871,0.11010206570236593,0.18075278610030784,0.2606910966142652,0.40413211163959006
0,0,0,0,0,0,0.000007063086309737523,0.000028252345238950106,0.00007063086309737522,0.0002625113745119114,0.0007581045972451606,0.002264896343322499,0.0057587697045393274,0.01391898875438941,0.030001636281661758,0.06032464299041662,0.1091152660370318,0.18013106733828774,0.26126356259719097,0.40455239456283615
0,0,0,0,0.000004713618232275322,0.0000011784045580688306,0.000007070427348412984,0.000027103304835583094,0.00008366672362288695,0.00027221145291389976,0.000804850313161012,0.002361522734369936,0.005908520454157114,0.01408782649171287,0.030275569905904385,0.06066544505394146,0.1100535584871642,0.1799270567578555,0.26100129035299113,0.4045474631895875
0,0,0,0,0,0,0.000005894224602965031,0.000022398053491267122,0.00006837300539439435,0.0003112150590365538,0.0008652721717152665,0.0023400071673771172,0.00584117658153835,0.013911548907918066,0.03047785657701158,0.06099815157116452,0.11073243992606283,0.18035030555660334,0.2607628541250141,0.4042235655815006
0,0,0,0,0,0.0000023583320460770914,0.000003537498069115637,0.000012970826253424,0.00009197494979700661,0.0002688498532527887,0.0009020620076244885,0.002341823721754552,0.006014925883519619,0.013795063303527947,0.03044135005076309,0.06089920842584872,0.11007161075257914,0.18062583057506748,0.2609612325586605,0.4060234158788855
0,0,0,0,0,0,0.000009440263194537864,0.00003068085538224807,0.00008496236875084083,0.0002725875997422809,0.000892104871883828,0.0023305649761515353,0.005937925549364318,0.014188715581390407,0.030595893013497213,0.060707972538274355,0.11038499753373121,0.1802901464892841,0.26114836081629944,0.4062192453925616
0,0,0,0,0,0.0000011788449205930062,0.00000943075936474405,0.000020040363650081105,0.00008723452412388252,0.00028645931570410053,0.0008192972198121391,0.0024036647930891384,0.005848249651061906,0.014135529442830743,0.030440133539552598,0.060694009581651547,0.11113088950922329,0.18119907389943038,0.2607439926062847,0.4047045343091026
0,0,0,0,0,0.00000117801448015399,0.0000117801448015399,0.0000341624199244657,0.00013547166521770887,0.0003051057503598836,0.0008894009325162629,0.002334824699665206,0.005931302907575341,0.013494155870163956,0.03039630763141341,0.06129209340241211,0.1115414790678607,0.18150375904420613,0.2602010163908935,0.4043994128775832
0,0,0,0,0,0.000002357248007241466,0.000009428992028965864,0.00002003660806155246,0.00008486092826069278,0.0002663690248182856,0.0008132505624983054,0.0021722040386730106,0.005781150737759695,0.013953729578865863,0.030606508126023207,0.06077928261871395,0.11103581013310204,0.1804720860584101,0.2613858025309772,0.4047618766994286
0,0,0,0,0,0.000004707072965514807,0.000005883841206893508,0.00003412627899998234,0.0000894343863447813,0.00027183346375848,0.0007625458204133987,0.0021005313108609825,0.005850891696134903,0.014048259265578943,0.03033943879922568,0.06126961525562348,0.11142700800790784,0.18162947098383686,0.261952140835623,0.4039739463511358
0,0,0,0.0000011772711326054658,0.0000011772711326054658,0.0000035318133978163975,0.000008240897928238261,0.000022368151519503853,0.00008947260607801545,0.00028960869862094447,0.0008146716237629824,0.0023039196065088945,0.005779223989960233,0.014305021532289009,0.030942217178269463,0.06197272969148432,0.11190668478094518,0.1810654774658533,0.26036410641589214,0.40411597533381505
0,0,0,0,0.0000011776759742324496,0.0000011776759742324496,0.000003533027922697349,0.00002708654740734634,0.00008479267014473632,0.00026733244615076597,0.0008208401540400178,0.002294112797804812,0.005989660004946239,0.014407687868759787,0.03129909436717582,0.06216715932778256,0.11147056398902411,0.1810017311836821,0.26044421937748036,0.40425729864685034
