0.04659690177982858,0.045525708635464734,0.04589650626235991,0.04733849703361896,0.04812129202373101,0.04610250494396835,0.04985168094924188,0.046761700725115325,0.04639090309822016,0.04709129861568882,0.04985168094924188,0.04684410019775871,0.048904087013843085,0.046844100197758726,0.047832893869479205,0.04663810151615026,0.049769281476598516,0.05005767963085035,0.0469264996704021,0.0465145023071852
0.00404618797519956,0.004895622001858138,0.006875106653267857,0.009025236533247381,0.011755560190364233,0.014531389241766371,0.016127870157941638,0.017470279289357432,0.018532071822680653,0.020758044026468966,0.02423541457310253,0.027011243624504664,0.029741567281621504,0.03149731707779528,0.03279042869873531,0.03511878803966554,0.03718169924726494,0.037314423313930326,0.03583929011584913,0.0417777440700783
0.00098773754268688,0.001479265703739594,0.0022984793054941157,0.003574111913940443,0.0054887311317552935,0.007850406915099042,0.010013130823730976,0.011866894173986927,0.014598386383265577,0.017151992210448958,0.020737807175843025,0.025004739735838735,0.02926699107525297,0.03318985392251176,0.03600794871254731,0.0385264453853698,0.04155519510157077,0.04446223308265395,0.04490694903789216,0.05446366085493132
0.0003737798338930246,0.0005029393576466353,0.0008904179289074672,0.001634063671731286,0.0027064791113824765,0.004252479471463575,0.005788695019139095,0.007651723301160869,0.01022317200134639,0.012818104251305291,0.016007953095523244,0.020626384550955383,0.02575558321395862,0.030802589452755005,0.03613335525131312,0.04028798659872094,0.04476551675551278,0.050299806652106864,0.054080658165621645,0.0666776256565609
0.00016209602359281482,0.00027190300731697953,0.0005054607187302825,0.0008958855497495352,0.0015756430680419855,0.0024628137778134104,0.0037752686785165255,0.005195787594948181,0.007215887501873691,0.009480002928186232,0.012716694496055666,0.01681789818975344,0.021750497617362752,0.027017746900131426,0.033173909860667136,0.04002900298744717,0.04671328525065623,0.05440848895132587,0.060472274608093665,0.0779821310921089
0.00010171096921018253,0.000173226494436092,0.00028606210090363827,0.0006277473880940948,0.0010457159021921888,0.0016130724023177398,0.002410867817060108,0.0037188073117472996,0.005263542656626948,0.007381991437207781,0.009896159457371984,0.013405187895123278,0.018258708207121672,0.023314061223646525,0.029759993897341845,0.03788256832911126,0.04673301188429105,0.05661327900272396,0.06571641074703526,0.0878607958247647
0.00006190973854927796,0.00010907906315825157,0.00022258025049859444,0.0003478737689911807,0.0006073050543405355,0.001101108921340729,0.0018425517425380337,0.0027358208273204716,0.004044769585219489,0.005652948746106684,0.0077932568502388656,0.010816515749395276,0.014905506576435686,0.01997326088911229,0.026523900844183518,0.03479032498190617,0.04525454483812811,0.05725029370274776,0.07048423733835295,0.09930027255025373
0.000059602355263303824,0.00006237455783369004,0.00014138233108969736,0.00026890364932746346,0.00041721648684312645,0.0007762167197081423,0.0012779853849480488,0.0020542021046561906,0.003131202803251239,0.004355130238076758,0.006488340115988956,0.008871048225235914,0.012716093190361611,0.017115578669564552,0.023529069316153076,0.031336977855645876,0.04271964160965171,0.05778933478227121,0.07356871181290962,0.10841668422394962
0.00003032220640194062,0.00005932605600379686,0.00007382798080472502,0.00019248009281231887,0.00035991140642303436,0.0005985339872383062,0.0009637188208616779,0.0016268522913041187,0.0024442335073564317,0.0036320729842324547,0.005157411801930077,0.007639877656488954,0.010653641301481828,0.01501212888256078,0.020658651057322147,0.028505510731424353,0.03988556662975268,0.05642435268681117,0.07680483045931549,0.11645572957865319
0.000029167311306518006,0.00003423988718591244,0.00007608863819091653,0.00015217727638183314,0.00024982436206017595,0.00048316285251231994,0.0007735678216076514,0.0012389766585420906,0.0019947904645718634,0.0029192674185914984,0.0044600623419575585,0.006628588530398677,0.009116686999241654,0.012850102846475956,0.018130654336925553,0.02586886884094178,0.03754847480324746,0.054842154120072956,0.07763957826604134,0.12197135516400906
0.000017242462272876745,0.000024632088961252496,0.0000455693645783171,0.00011946563146207456,0.00022415200954739755,0.0003694813344187876,0.0006786140508825063,0.0010751906831586715,0.001608475409169788,0.0025124730740477552,0.0037859520733445067,0.005549609642970184,0.007961091152276806,0.011227306148538889,0.01615741875413358,0.02343004301994336,0.035351974077189555,0.053536613752834215,0.07858498501753196,0.12639956450466713
0.000019300222193808005,0.000020506486080921007,0.00004221923604895502,0.00008685099987213598,0.00018214584695406302,0.00032931004118184914,0.0005367874297652851,0.0008938415403507336,0.0013811721507443861,0.0020916615802539424,0.0032774189812860227,0.004875718631710746,0.007125400781176496,0.010061447082409533,0.014623537103470903,0.021604186218193835,0.03297442961812098,0.05206717442334552,0.07909592934188656,0.129198099893125
0.000013065312308474396,0.000017816334966101453,0.000040383692589829965,0.00008314289650847345,0.0001484694580508455,0.0002529919565186406,0.00045134715247457013,0.0007554126025627011,0.0011972577097220179,0.001969298891586414,0.0028244829699592845,0.004368565333688076,0.0061870192558948316,0.009095832878026991,0.013353936934925243,0.019649041956281085,0.0312415372408911,0.050974909849345044,0.07850708615029385,0.12971717162119142
0.000012933386007487255,0.000019987960193389395,0.00004350320747972984,0.0000576123558515341,0.00014109148371804282,0.00022339484922023455,0.0003750681942171304,0.0006349116767311925,0.001007628346219689,0.0016002125778354693,0.0026689805669996435,0.003857676317324155,0.005591925804691761,0.008109233026694508,0.011908121225802815,0.01867816091954023,0.02980675169780084,0.049579547378520245,0.07716763549485486,0.1296654250616099
0.000007003871973889565,0.00001634236793907565,0.00002918279989120652,0.000050194415812875215,0.00010856001559528822,0.00019961035125585247,0.00034435703871623686,0.0005112826540939385,0.0008696474367579546,0.0015058324743862568,0.002342795175266059,0.003582480514644514,0.005209713436578189,0.0075373335559008265,0.011082460086684592,0.017362598623272236,0.028474241509848026,0.04759247737457526,0.07641924710710903,0.1288619058236028
0.000009294392925108106,0.000026721379659685808,0.0000174269867345777,0.000049957361972456074,0.00007203154516958783,0.000181240662039608,0.0002555958054404727,0.00048330843210562136,0.0008237155729877057,0.0013174801971340738,0.0020714878231834688,0.0032088891573935742,0.004851673106906431,0.006954529506212137,0.010356277316801702,0.01638369112873432,0.027174481314784813,0.04646499383084669,0.07514400500038339,0.12702530630833683
0.000010410389105643473,0.00000925367920501642,0.000019664068310659894,0.000033544587118184523,0.00008675324254702894,0.00013996189797587324,0.0002463792088335619,0.00040484846521946785,0.0007287272373950426,0.0011821575184408472,0.001872713329115198,0.0028489764852444297,0.004343445676854584,0.006468321764306477,0.009686288707850942,0.015142489309108746,0.026112726006655703,0.04479706103148447,0.07329492285323319,0.1253063835349286
0.000005766281094670803,0.000011532562189341604,0.000016145587065078247,0.00003575094278695899,0.00006688886069818133,0.000164915639307585,0.00018798076368626828,0.0003586626840885239,0.0006273713831001828,0.001150949706496292,0.0017794743458154096,0.0028001060995721428,0.004151722388162979,0.0061376295971676065,0.009183379271372723,0.014399557149611927,0.025008361107587276,0.043654207655314775,0.07125047571819028,0.1236348329508367
0.0000057509339516737515,0.000008051307532343253,0.000011501867903347503,0.000029904856548703507,0.00006786102062975032,0.00010926774508180133,0.00016907745817920826,0.00037841145402013295,0.0006061484385064136,0.0010202156830269237,0.0016390161762270194,0.0024982057086070765,0.0037565100572332956,0.005632464712269274,0.008605697565284605,0.014066784445794,0.023919284491801467,0.04176098198347412,0.0696668138905758,0.1216449051325935
0.000009183853866517277,0.000005739908666573298,0.000014923762533090572,0.00002640357986623716,0.00004936321453253034,0.00010102239253168998,0.00018482505906366008,0.00030880708626164325,0.0005372554511912605,0.0009092015327852113,0.0014774524907759682,0.0022684119050297683,0.0033957299671447633,0.005208393124048612,0.00821380930186639,0.013548480416579616,0.023080172748291234,0.041077082381465145,0.06847481442875282,0.11831558936234206
0.000002291756665860732,0.000004583513331721464,0.000010312904996373294,0.000026355201657398422,0.00005729391664651831,0.00009167026663442932,0.0001650064799419728,0.0003311588382168758,0.0005041864664893608,0.0008215947647110721,0.0013739081211835095,0.0020877903225991258,0.0032634614921856816,0.0049685284515860705,0.007880205295562128,0.012956446310443653,0.02196305000727632,0.039346024317829985,0.06617905724006039,0.1160694539775156
0.0000011449835408616,0.0000045799341634464,0.0000091598683268928,0.000025189637898955198,0.000042364391011879216,0.00009503363389151284,0.00016373264634320878,0.0002770860168885072,0.00042936882782310007,0.0007694289394589954,0.0012755116645198226,0.0019396021182195502,0.0030742808072133955,0.004845570344926292,0.007441248032059539,0.012532989838271079,0.021099756690997562,0.03800887362244165,0.06431830542435954,0.11278774867611276
0.0000011429237589848093,0.000006857542553908856,0.000004571695035939237,0.000025144322697665805,0.00003543063652852909,0.00008686220568284553,0.00013257915604223796,0.0002308705993149317,0.00039888039188569886,0.0007954749362534275,0.0012435010497754727,0.0018503935657964055,0.002923598975483142,0.004467688973871619,0.006970692006048357,0.011517242719289923,0.02013603078579437,0.036900436482583544,0.06231220333985183,0.11020985223138721
0.000005706427148897804,0.000006847712578677365,0.000009130283438236486,0.00001369542515735473,0.00002967342117426859,0.0000661945549272145,0.00013923682243310645,0.00023053965681547122,0.00043597103417579225,0.0007441181002162737,0.0011435680006391202,0.0017598621327200826,0.0027516391711985217,0.0042627010802266585,0.006707334470814478,0.010926666704709511,0.01936875502878893,0.03558642098595649,0.060239327554624765,0.10675241524529079
0.000003422169039180413,0.000003422169039180413,0.000015970122182841926,0.000014829399169781787,0.000025095906287323026,0.00007642844187502929,0.00011749447034519427,0.00022928532562508763,0.0003718757022576048,0.0006251162111569555,0.0011042198766422128,0.0017179288576685678,0.0025791747325289724,0.003985686207632121,0.006255725003621795,0.01047754087495737,0.01851849739401828,0.034254771359182874,0.05812440040746624,0.1038730968462431
0.0000034191930704353773,0.000007978117164349214,0.000015956234328698428,0.00001367677228174151,0.00002735354456348302,0.00005584682015044454,0.00012764987462958745,0.0002005926601322088,0.00029860952815135617,0.0006405288351948935,0.0010474128105767034,0.0016434921358559377,0.0024572600866195576,0.003736038294962388,0.006098700706633234,0.010047868702986094,0.01799863232277183,0.03297469797127877,0.05697857305675859,0.1005402325051287
0.000001138909357620955,0.000003416728072862865,0.00000911127486096764,0.000013666912291451456,0.000025056005867660997,0.000060362195953910625,0.00010477966090112786,0.0001708364036431433,0.0003268669856372138,0.0006047608688967269,0.0009316278545339411,0.0015101938082053852,0.002308569267897675,0.0036410932163141924,0.005740103162409612,0.009561144057227912,0.017345589516567145,0.032222023545812065,0.055001349607588776,0.09750544683400286
0.0000034151528053203527,0.000002276768536880235,0.00000455353707376047,0.000011383842684401177,0.00003073637524788318,0.000046673755006044804,0.00008082528305924834,0.0001741727930713381,0.00031647082662635294,0.0005270719162877749,0.0009346134843893375,0.0013524005109068619,0.002169760415646866,0.0034447507962997977,0.005477905099733845,0.009077476156541496,0.016639762851789197,0.031148470353058497,0.05297698870039773,0.09391101022496749
0.0000011374092773925119,0,0.000006824455664355071,0.000007961864941747583,0.00001819854843828019,0.00005914528242441062,0.00010009201641054102,0.00017402361944105426,0.00029458900284466075,0.0005573305459223312,0.0008746677343148414,0.0013648911328710143,0.00207804674979612,0.0032325171663495187,0.005210471899735102,0.008967334742962565,0.016152349148251068,0.029928650316029162,0.05117090598061172,0.09038195340944116
0.0000011366413385088403,0.0000011366413385088403,0.000004546565354035361,0.000006819848031053043,0.00002841603346272101,0.000052285501571406667,0.00008752138306518072,0.00015571986337571103,0.00027393056258063017,0.0005126252436674865,0.0008092886330182942,0.0012946344845615684,0.0020834635734867037,0.0031496331490079963,0.005110339457935745,0.008339537500639356,0.015311695471052588,0.029013906806776645,0.04989400819518404,0.08731565098291061
0.0000011363804238017153,0,0.000009091043390413722,0.000012500184661818869,0.00002045484762843087,0.00006591006458049947,0.00009772871644694746,0.00016250240060364533,0.0002511400736601791,0.0005068256690155655,0.000805693720475417,0.0012420638032152758,0.0019170737749534942,0.00310004579613108,0.004671659922248849,0.008058073585177962,0.014474077457962451,0.02777313755771393,0.04752002018211632,0.08505352919986317
0.0000022716792025497328,0,0.000003407518803824599,0.000011358396012748663,0.00002839599003187165,0.000039754386044620315,0.00007269373448159142,0.00014879498776700756,0.00024988471228047095,0.0004997694245609417,0.0007405674200312132,0.0011619639121041884,0.001930927322167273,0.0028077954943514683,0.004369574946104409,0.00749654136841412,0.013969691256079577,0.02638668977721642,0.04662280811352941,0.0822495530471169
0,0.0000034031006784648388,0.000002268733785643226,0.000009074935142572903,0.00002155297096361064,0.0000453746757128645,0.0000873462507472642,0.00013272092646012874,0.00024729198263511164,0.00044013435441478583,0.0007180542431560812,0.0011366356266072559,0.001791165323765327,0.0026861808022015793,0.004231188510224615,0.00718848299981056,0.013282301948048261,0.025703619424444938,0.044876688646915845,0.07902907268909616
0.0000011338536965898217,0.0000022677073931796433,0.000006803122179538931,0.000005669268482949109,0.000024944781324976076,0.00004081873307723358,0.00007370049027833841,0.00011792078444534155,0.00020409366538616812,0.0003877779642337194,0.0006916507549197919,0.0010794287191535107,0.0016633633728972681,0.0024683994974760413,0.003959417108491658,0.006990208039476251,0.012940672239179638,0.02458534970315711,0.04234263244545029,0.0762539288030587
0.0000011340028486151558,0.0000011340028486151558,0.0000034020085458454674,0.000014742037031997025,0.000018144045577842493,0.00005216413103629717,0.00006577216521967904,0.00013494633898520348,0.00020298650990211296,0.0003889629770749983,0.0006838037177149386,0.0010602926634551708,0.0015921399994556784,0.002384807990637671,0.0037410753975813983,0.006613504613123589,0.012294858884685523,0.023299222527646993,0.04100781101162126,0.07333709822279073
0.000001133049466673616,0.0000033991484000208476,0.0000033991484000208476,0.000012463544133409775,0.000033991484000208476,0.000048721127066965473,0.00006005162173370163,0.00010763969933399348,0.00021754549760133427,0.00035351143360216815,0.0006061814646703844,0.000976688640272657,0.0014344406248087982,0.002147128739346503,0.003549843979088439,0.0063552744585723105,0.01180410934380573,0.022318808394536885,0.03954002723850917,0.07067169438483348
0.0000045306065122938,0.0000045306065122938,0.0000045306065122938,0.000014724471164954847,0.000027183639073762795,0.00005663258140367248,0.00006456114280018665,0.00010080599489853712,0.0001800916088636787,0.00037264238563616516,0.0005368768717068154,0.0008744070568727032,0.001393161502530343,0.00210106877007625,0.003501026182375034,0.0059815332478558945,0.010976526927659805,0.021682350116210072,0.03832100253260903,0.06866134169381255
0.0000033964622449256853,0.0000033964622449256853,0.00000226430816328379,0.00000452861632656758,0.000027171697959405476,0.00003056816020433116,0.0000701935530617975,0.00009736525102120305,0.0001856732693892708,0.0003181352969413724,0.0005162622612287042,0.0007800541622512662,0.0012770698040920582,0.002086559972466014,0.0032141854377813394,0.005652845329637984,0.010743010080699942,0.020677662147107572,0.03664895977682978,0.06633290764339865
0.0000011322271474103134,0.0000011322271474103134,0.0000033966814422309404,0.00000679336288446188,0.000013586725768923762,0.00002264454294820627,0.00004528908589641252,0.0001324705762470066,0.00016304070922708517,0.00028305678685257854,0.0004970477177131279,0.000784633413155347,0.0011933674133704699,0.0019383728763664565,0.0030989057024620272,0.005367888905872296,0.01037912626031034,0.019999660331855778,0.03543191635105835,0.06385987556823651
0.0000011322861196441451,0.0000033968583589324354,0.0000033968583589324354,0.0000045291444785765806,0.000011322861196441451,0.00002604258075181534,0.000054349733742919,0.0000917151756911758,0.00017210749018591005,0.000296658963346766,0.0004936767481648472,0.0007484411250847796,0.0011707838477120456,0.001842229516661024,0.003001690503176629,0.005208516150363065,0.009741057487298577,0.01925565775066833,0.034324121430892626,0.06132008709544833
0.000002264697889301567,0.000002264697889301567,0.000002264697889301567,0.000002264697889301567,0.000009058791557206268,0.000023779327837666455,0.000041896910952079,0.00009398496240601498,0.00015060240963855407,0.00030799891294501286,0.0004959688377570428,0.0006975269499048823,0.0011527312256544972,0.0018389346861128705,0.0027232992118851338,0.004872497508832321,0.009183349941117852,0.018495787661925896,0.03300230999184706,0.05925355557568622
0.0000022630168730538055,0.0000022630168730538055,0.0000033945253095807085,0.000004526033746107611,0.000014709609674849735,0.00003733977840538779,0.00004978637120718372,0.00009844123397784054,0.00014596458831197046,0.00030550727786226374,0.0004741020349047722,0.0007060612643927883,0.001063617930335291,0.001698394163226883,0.0026194420305597826,0.004593924252299228,0.009152771743066116,0.017594956187993335,0.031216054746904195,0.05744328879716129
0.000002262346188738493,0.0000011311730943692465,0.000002262346188738493,0.000006787038566215479,0.000019229942604277193,0.000035066365925446654,0.00006334569328467782,0.00007691977041710873,0.00015497071392858662,0.000262432157893665,0.00045246923774769896,0.0006639986063947481,0.0010112687463661074,0.0015564941778520825,0.0025711564435012975,0.004451166126342985,0.008531307477732857,0.01681715039398759,0.030595969856499382,0.0548528456921535
0.000002260017243931571,0.0000067800517317947134,0.0000067800517317947134,0.000011300086219657855,0.000013560103463589427,0.00003503026728093935,0.000042940327634699846,0.00011413087081854423,0.000172891319160765,0.0002508619140764042,0.00041245314701751125,0.0006418448972765655,0.0009401671734755325,0.001481441303397143,0.0024001383130553256,0.004140351590882634,0.008206122612715534,0.016163643328598598,0.02944689467980641,0.05320984599112488
0,0.000001130421217554085,0.00000452168487021634,0.000010173790957986762,0.000010173790957986762,0.00002713010922129804,0.000056521060877704275,0.00010965085810274616,0.00017408486750332904,0.00023060592838103336,0.00032103962578536007,0.0005414717632084067,0.000893032761867727,0.0013757226217633212,0.002281190017024143,0.004074038068064921,0.007977382532279177,0.015539900477716008,0.02801748987707799,0.051382166022703395
0,0.0000022597516758883365,0.0000011298758379441682,0.000004519503351776673,0.00001242863421738585,0.000031636523462436706,0.000041805406003934225,0.00009151994287347771,0.00011976683882208194,0.00022032578839911273,0.00033105362051764106,0.0005333013955096471,0.000806731348292136,0.001280149324390742,0.0021377250853903654,0.003946656301938983,0.007508024943138999,0.014887244040752362,0.027146396882446588,0.04938348324902575
0,0,0.00000339153202284536,0.00001017459606853608,0.000018088170788508587,0.000024871234834199307,0.00004408991629698969,0.00008139676854828868,0.00014583587698235054,0.00020123090002215825,0.00032558707419315494,0.0005098603141010862,0.0007585726624430784,0.0012627804231727553,0.0021671889625981856,0.003731815735804176,0.007226224230009184,0.014531584207218088,0.02649577867314224,0.04770189790131999
0.0000022592309351973494,0.000003388846402796024,0,0.000012425770143585422,0.000012425770143585422,0.000029370002157565544,0.00003840692589835494,0.00006438808165312446,0.00011748000863026217,0.00023157117085772832,0.0003106442535896353,0.0004631423417154558,0.0007410277467447296,0.0011646335470942325,0.001991512069376462,0.0036418802675381246,0.0069222835854446775,0.013790345628444622,0.025208498774932035,0.045869165677311786
0.0000011287713662309986,0.0000011287713662309986,0.000002257542732461997,0.000009030170929847989,0.000020317884592157976,0.00002144665595838897,0.000036120683719391955,0.00007224136743878394,0.00014899782034249185,0.0002167241023163517,0.0003002531834174454,0.0004627962601547092,0.0007585343581072308,0.0011028096248076854,0.0018997222093667687,0.0033772839277631467,0.006581865836492951,0.013459469770938424,0.024398393081083047,0.04402885591120635
0,0.0000033881000889940958,0.0000033881000889940958,0.000013552400355976383,0.000011293666963313654,0.000018069867141301844,0.000041786567764260515,0.00007792630204686416,0.00012761843668544423,0.00023039080605159827,0.0002925059743498235,0.000450617311836215,0.0007081129185997663,0.001055957861069827,0.0018702312491247406,0.0033553484548004865,0.006436260802392453,0.01288268590505188,0.023671525955105417,0.04203841653754243
0,0.00000225760898889595,0.0000067728269666878504,0.00000225760898889595,0.000005644022472239875,0.000020318480900063546,0.00003725054831678316,0.00008014511910580623,0.00011965327641148546,0.0002122152449562195,0.0002720418831619622,0.0004549082112625344,0.0006896995461077129,0.0010881675326478483,0.0017823822967333533,0.00317758465187105,0.006211811132947206,0.012248657569254973,0.02247901270243697,0.040622287341699266
0.000002256997538744184,0.000001128498769372092,0.000002256997538744184,0.00001128498769372092,0.000004513995077488368,0.00001692748154058138,0.00004513995077488367,0.00006996692370106972,0.00012864885970841856,0.00018281680063827885,0.0002708397046493019,0.0004683269892894178,0.0006804847579313712,0.0010799733222890918,0.0016758206725175568,0.002974722756064834,0.006178530762312205,0.012001584412272195,0.021488873566383376,0.03874023425377454
0.0000022582386190419195,0.0000022582386190419195,0.0000022582386190419195,0.0000056455965476047985,0.000012420312404730557,0.00002484062480946112,0.0000530686075474851,0.00006661803926173663,0.00009484602199976061,0.0001851755667614375,0.00027211775359455145,0.00044035653071317467,0.0006210156202365283,0.0009789464413546723,0.0016801295325671887,0.002884899835826053,0.005831901233675759,0.01157911851913744,0.02039866944580567,0.03724851690178694
0.0000011285293344272544,0.0000011285293344272544,0.000004514117337709018,0.0000033855880032817634,0.000014670881347554307,0.000022570586688545082,0.00004514117337709017,0.00006658323073120801,0.00011172440410829811,0.00018282175217721518,0.00030018880295764954,0.00039837085505282075,0.0006308478979448353,0.0010100337543123927,0.0016149254775654001,0.0027660253986811997,0.00555349285471652,0.01113519894279372,0.019818103641877024,0.03626416163248539
0.0000011289459483258861,0.000003386837844977658,0.000003386837844977658,0.000003386837844977658,0.000014676297328236516,0.00001919208112154006,0.00003386837844977658,0.000058705189312946105,0.00009821829750435213,0.0001986944869053561,0.00028675227087477534,0.0004289994603638371,0.0006130176499409561,0.0009404119749554628,0.0015331085978265528,0.0026406045731342466,0.005303788065235015,0.010356950129941679,0.01920337058102333,0.03500522701974076
0,0.00000338307200981542,0.000004510762679753893,0.00000338307200981542,0,0.000029319957418400303,0.000024809194738646408,0.000041724554787723515,0.00011051368565397037,0.0001815581978600941,0.0002582411634159102,0.00040484095050791137,0.000622485249806037,0.0009461324720783791,0.0014862963029789074,0.002572262418129658,0.005125354094870359,0.010216877469642569,0.018707260523609322,0.03382733702614439
0,0.0000022568447279542943,0.000005642111819885736,0.00000789895654784003,0.000009027378911817175,0.00001128422363977147,0.00004400847219510872,0.00006883376420260595,0.00010381485748589749,0.0001500801744089606,0.00024712449771099545,0.00034642566574098456,0.0005890364739960713,0.0009241779160972835,0.0014477658929826793,0.002594243014783462,0.004846574053281848,0.010009106368477294,0.017840357574478695,0.03245229876561878
0.0000011277186477300151,0.0000033831559431900454,0.0000022554372954600303,0.0000033831559431900454,0.000011277186477300151,0.000019171217011410256,0.00004059787131828053,0.000059769088329690774,0.00010149467829570139,0.000146603424204902,0.00023794863467103335,0.0004116173064214553,0.0005142397033648868,0.0008965363249453624,0.00142092549613982,0.002450532621517323,0.0047296520085796856,0.009513434512250408,0.017174027286280397,0.03080025170680217
0.0000011273270849350771,0,0.0000011273270849350771,0.0000033819812548052314,0.000011273270849350772,0.000011273270849350774,0.000029310504208312,0.00006313031675636432,0.00009695012930441665,0.00012513330642779363,0.0002547759211953274,0.0003348161442257179,0.0005118064965605251,0.0008116755011532555,0.0013584291373467676,0.0023538589533444406,0.004672770767055896,0.00910091155668088,0.01629551301273654,0.02982343803195746
0,0,0.0000011275152045425332,0.000004510060818170133,0.000016912728068137998,0.000024805334499935726,0.000029315395318105853,0.00003382545613627599,0.00007892606431797733,0.00015108703740869956,0.000234523162544847,0.00031119419645373917,0.0005242945701122778,0.0008343612513614744,0.0012492868466331274,0.0022200774377442475,0.004461577664374805,0.008838591688408913,0.015966742811526814,0.02836602751588105
0.0000022543390390654414,0.0000022543390390654414,0.0000022543390390654414,0.000003381508558598162,0.000010144525675794486,0.000018034712312523527,0.00002592489894925257,0.00005184979789850514,0.0000879192225235522,0.00014653203753925366,0.00021303503919168444,0.00029193690555897494,0.0005207523180241172,0.0007168798144228106,0.0012308691153297313,0.0021686741555809554,0.00427084530950948,0.008563106839890073,0.015354303195074718,0.0269077907702851
0.0000011270742392530653,0.0000011270742392530653,0,0.000011270742392530653,0.0000022541484785061306,0.000020287336306555176,0.000020287336306555176,0.00005071834076638791,0.00009129301337949827,0.00013750305718887392,0.00022654192208986589,0.00032572445514413565,0.0004767524032040466,0.0006908965086621286,0.0011000244575109918,0.002107628827403233,0.004140870755015765,0.008139730155885634,0.014507699607665455,0.026014000516200012
0,0.0000022550100686199562,0,0.0000067650302058598695,0.000009020040274479827,0.000014657565446029716,0.000015785070480339693,0.000046227706406709084,0.00008794539267617823,0.00014770315949460717,0.00017025326018080668,0.0003032988542293843,0.0004814446496503609,0.0006742480105173672,0.0011511826400304878,0.002049804152375541,0.003930482549604584,0.00783390497838573,0.0140453302123994,0.024890801137427088
0,0.000001127487236844479,0.000002254974473688958,0.000004509948947377916,0.000011274872368444791,0.000019167283026356147,0.00002818718092111198,0.000041717027763245716,0.00009358144065809172,0.00012740605776342603,0.0002356448325004959,0.00028750924539534177,0.0004487399202641021,0.0007024245485541096,0.0011489094943445226,0.001965210253819924,0.0038109068605343384,0.007453818122778849,0.013397930835422941,0.023769685927155292
0,0.0000011269840554295838,0.0000022539681108591676,0.0000033809521662887517,0.000007888888388007086,0.00001915872894230292,0.000023666665164021258,0.00004507936221718337,0.00009804761282237381,0.00014199999098412754,0.0001791904648133039,0.0002907618863008327,0.00047671425544671385,0.0006491428159274401,0.0011100792945981394,0.0019203808304520096,0.0037235553191393446,0.007255523348855661,0.013084284883537469,0.023325188995226096
0.0000011264648266990188,0.0000033793944800970565,0,0.0000022529296533980377,0.000004505859306796075,0.000020276366880582335,0.000021402831707281353,0.00004505859306796074,0.00008673779165582448,0.00011940527163009609,0.00018924609088543542,0.00030527196803543406,0.0004618505789465977,0.0006905229387664993,0.0010622563315771747,0.0019544164743227977,0.0037105751391465678,0.007119257704737799,0.012535300591506683,0.022172207183916777
0,0.0000011266272722663798,0.0000011266272722663798,0.00000788639090586466,0.00001239289999493018,0.000014646154539462939,0.00002253254544532759,0.00003943195452932329,0.00005745799088558534,0.00012505562722156822,0.00017913373629035458,0.0002715171726161977,0.00040671244528816327,0.0007018887906219543,0.0010432568541186675,0.001933292399209108,0.003476771762214049,0.006667380197272434,0.012102230158685449,0.02147914894575853
0.000001126838013655023,0.000001126838013655023,0.000002253676027310046,0.000003380514040965069,0.000013522056163860275,0.00001126838013655023,0.000012395218150205253,0.000029297788355030597,0.0000709907948602665,0.00012733269554301768,0.00017691356814383878,0.0002862168554683759,0.00043608631128449387,0.0007031469205207342,0.001064861922903997,0.0017905456036978312,0.0033760066889104486,0.0064703038744071415,0.011288663220796025,0.02069663379680181
0,0,0.000004507860017422879,0.0000011269650043557198,0.0000067617900261343185,0.000013523580052268639,0.000012396615047912919,0.000028174125108892997,0.00006761790026134316,0.0001149504304442834,0.0001938379807491839,0.0002603289160061714,0.0004575477917684228,0.0006480048775045391,0.0010075067138940134,0.0017265103866729633,0.003274960302657723,0.006397780329727421,0.010885354977071897,0.01994953450710495
0,0,0.000003378888255660201,0.000004505184340880268,0.000002252592170440134,0.000009010368681760536,0.00002252592170440134,0.000031536290386161885,0.00006645146902798394,0.00013290293805596782,0.00019034403840219116,0.00026580587611193564,0.000388572149400923,0.0006577569137685193,0.0009652357450335975,0.0016534026531030588,0.00318403903291713,0.005967116659495916,0.010681792072227114,0.019355398224506867
0.0000011267313635815636,0,0.0000011267313635815636,0.000003380194090744691,0.000009013850908652509,0.000014647507726560323,0.000016900970453723448,0.00003943559772535471,0.00007323753863280163,0.00012394044999397208,0.00017915028680946888,0.0002918234231676252,0.00039097578316280306,0.0005870270404259949,0.0008878643145022717,0.0016179862381031243,0.0031458339671197252,0.006129418617883705,0.010541698637669104,0.018118967057755116
0,0.0000011256913151789343,0,0.0000022513826303578685,0.000005628456575894671,0.00001575967841250508,0.000024765208933936552,0.000048404726552694194,0.00005741025707412568,0.00011594620546343028,0.00019361890621077675,0.00032757617271707,0.000379357973215301,0.0005369547573403519,0.0009545862352717368,0.0016356294809549909,0.003164318286967985,0.005864851752082245,0.010080565727427361,0.01753039085128154
0,0,0,0.0000022518541203863732,0.0000045037082407727465,0.000011259270601931865,0.000022518541203863727,0.00004391115534753427,0.00007881489421352311,0.00010696307071835279,0.00017564462139013734,0.00031638550391428576,0.0004278522828734114,0.0005843561442402644,0.0009063712834555158,0.0016483572161228271,0.003043380843702186,0.0055339315008495135,0.009628928218772134,0.016917054079402624
0,0,0,0.0000033778952784905764,0.0000033778952784905764,0.00001688947639245288,0.00002251930185660385,0.00003377895278490577,0.00009007720742641536,0.00011259650928301927,0.00018015441485283063,0.00024208249495849126,0.00039070988721207674,0.0005945095690143416,0.0009604482241841545,0.0016045002572830237,0.0029117457300588765,0.005180565392111713,0.009363525711975873,0.01642895666948533
0,0,0,0.0000011264457931755407,0.000006758674759053244,0.000006758674759053245,0.000016896686897633112,0.00005181650648607489,0.00007885120552228789,0.00012390903724930958,0.00015207018207869812,0.0002703469903621301,0.00042804940140670595,0.0006037749451420905,0.0008808806102632741,0.0014801497722326624,0.0027113550241735303,0.005180524202814319,0.008936094477261576,0.015799528695080157
0,0.0000022514561292515933,0,0.0000011257280646257967,0.00000675436838775478,0.000007880096452380577,0.00002701747355101912,0.00003039465774489651,0.00006754368387754781,0.00011144707839795399,0.00014747037646597943,0.00027467764776869445,0.0004097650155237901,0.0006214018916734399,0.000864559153632612,0.0014004057123944915,0.0026420837676767455,0.005069153475009964,0.008578047852448568,0.015563190493451643
0,0.0000022521584123184057,0,0.000003378237618477609,0.00000788255444311442,0.000015765108886228842,0.00001914334650470645,0.00004504316824636813,0.00007094298998802977,0.00010810360379128346,0.00019368562345938292,0.0002725111678905271,0.0003794886924756514,0.0005664178406980789,0.0009031155233396805,0.001459398651182326,0.002673312035421947,0.004923218289328034,0.008391542244298379,0.015382241956134704
0,0,0,0,0.000013512813525425482,0.000012386745731640027,0.000022521355875709137,0.00004279057616384738,0.00007995081335876745,0.00010247216923447657,0.00018129691479945847,0.0002477349146328005,0.0004098886769379059,0.0006204633543757866,0.0008546854554831617,0.0014210975557572467,0.0026034687392319767,0.004676559547591005,0.008435373843246859,0.014810043623866334
0.0000011263709342233166,0,0.0000011263709342233166,0.0000011263709342233166,0.000002252741868446633,0.000015769193079126432,0.000024780160552912955,0.0000349174989609228,0.00007321411072451557,0.0001070052387512151,0.0001903566878837405,0.0002511807183317995,0.00043140006780753066,0.0005485426449667553,0.000791838766758992,0.0013606560885417675,0.0026165596802007664,0.004699219537579677,0.008306985639896956,0.014441201747677143
0,0.0000011256583694388255,0.0000011256583694388255,0.000002251316738877651,0.000006753950216632954,0.00000787960858607178,0.000028141459235970636,0.000036021067822042415,0.00007204213564408486,0.00011819412879107679,0.00022625733225720385,0.0002847915674680225,0.00041761925506180413,0.000515551533202982,0.0008431181187096801,0.0014599789051621566,0.002571003715798277,0.004728890810012507,0.007986546131168464,0.014003190115818989
0,0,0.000004503703169931476,0.000001125925792482869,0.000013511109509794428,0.000016888886887243033,0.000019140738472208774,0.000040533328529383304,0.00006530369596400639,0.00013511109509794426,0.00020266664264691626,0.00027022219019588826,0.00041884439480362683,0.0005438221577692252,0.0009063702629487084,0.0014366813112081389,0.0024387552665178914,0.004578014272235342,0.007643910205166192,0.013611316905325407
0,0,0.000004500612083243321,0.000003375459062432491,0.000011251530208108302,0.000014626989270540793,0.000020252754374594945,0.00003262943760351407,0.0000675091812486498,0.00011701591416432634,0.00019015086051703018,0.00026553611291135575,0.0003679250378051415,0.000589580182904875,0.0008236120112335279,0.001334431482681644,0.0023268164470367967,0.004353217037517103,0.007477766976308776,0.013151913660257789
0,0,0.0000033767014354357803,0.00000225113429029052,0.00000450226858058104,0.00001800907432232416,0.0000168835071771789,0.00003489258149950306,0.00005177608867668196,0.000112556714514526,0.0001857185789489679,0.00025550374194797406,0.0003826928293493889,0.0005796670797498099,0.0009139605218579524,0.0012865232469010332,0.002363691004805047,0.004164598437037462,0.00717436498315589,0.012568082742691973
0.00000112604750569217,0.0000033781425170765102,0,0,0.000005630237528460851,0.000010134427551229533,0.00002026885510245906,0.00004504190022768682,0.000058554470295992846,0.00009458799047814236,0.00019255412347336126,0.0002409741662181247,0.0003547049642930336,0.0006058135580623874,0.0009154766221277342,0.001329862104222453,0.002306145291657565,0.004081922208134117,0.006981494535291452,0.011888809565097932
0.0000011259612894508686,0,0,0.0000011259612894508686,0.000005629806447254343,0.000011259612894508687,0.000016889419341763032,0.00004053460642023127,0.000057424025761994295,0.00011147016765563603,0.00018803553533829499,0.00023982975465303486,0.0003524258835981217,0.0005776181414882956,0.0008501007735354057,0.0012937295215790469,0.002221521624086564,0.003992658732392781,0.006728744665758392,0.011914922364969098
0,0,0.0000022500705959649484,0,0.000005625176489912371,0.00000787524708587732,0.000018000564767719584,0.00004387637662131648,0.00005962687079307112,0.0001192537415861422,0.00017888061237921352,0.00023850748317228476,0.00037913689542009405,0.000573768001971062,0.0008010251321635221,0.0012690398161242311,0.002171318125106175,0.0038914970957213777,0.006499328916444752,0.01153948705140623
0,0,0.0000011253378826992804,0,0.000006752027296195683,0.000006752027296195683,0.000014629392475090649,0.000041637501659873366,0.000059642907783061824,0.00010465642309103299,0.0001755527097010877,0.0002588277130208345,0.0003826148801177552,0.0005356608321648576,0.0008259980059012716,0.0012772584968636837,0.0021606487347826183,0.003894794412022209,0.006574223910729196,0.011293890990769979
0,0.0000011248518007752478,0.0000011248518007752478,0.0000022497036015504957,0.000005624259003876239,0.000011248518007752478,0.000015747925210853467,0.000025871591417830694,0.00006524140444496442,0.00011023547647597432,0.0001743520291201635,0.00025534135877598144,0.00033520583663102394,0.0005376791607705685,0.0008582619239915142,0.001258709165067503,0.0021079722746528157,0.0037840014578079334,0.006437526855836746,0.010948182576945485
0,0,0.0000011255975516002058,0,0.000005627987758001029,0.000007879182861201442,0.00001688396327400308,0.00003151673144480575,0.00005965667023481093,0.00009342459678281706,0.00015420686456922813,0.00018910038866883433,0.0003455584483412627,0.0004952629227040901,0.0008149326273585491,0.0012572924651374291,0.0021330073602823904,0.003770751797860689,0.006240312826071541,0.010798982910052378
0,0.000001124083029268874,0,0.000002248166058537748,0.00000562041514634437,0.000006744498175613244,0.0000258539096731841,0.0000348465739073351,0.00004945965328783046,0.00009329889142931654,0.0001539993750098356,0.00025291868158549636,0.00034958982210261925,0.0005249467746685639,0.0007565078786979518,0.0012747101551909025,0.0021323855065230528,0.003675751505709217,0.006194821574300764,0.01042362193041027
0,0,0,0.000001124625359177224,0.000004498501436708896,0.000010121628232595017,0.000022492507183544482,0.000029240259338607827,0.000048358890444620606,0.00009446853017088678,0.0001574475502848114,0.00023392207470886262,0.0004104882560996873,0.0004925859073196246,0.000783863875346526,0.0012033491343196297,0.0021671530671345113,0.003659530918762688,0.006020119547675684,0.01015311774265198
0,0,0.000001125625425627114,0.000002251250851254228,0.000003376876276881342,0.000012381879681898253,0.000011256254256271138,0.00002363813393816939,0.00005965814755823703,0.00009455253575267756,0.0001519594324596605,0.0002633963495967451,0.00037821014301071067,0.0005121595686603372,0.0008295859386871833,0.0012640773529792502,0.0021274320544352457,0.003680795141800663,0.00574406654697516,0.01029046764108308
0,0.000001125278365735724,0.000003375835097207172,0,0.000003375835097207172,0.000009002226925885792,0.000009002226925885792,0.00004163529953222179,0.000057389196652521926,0.00009902449618474365,0.00016091480630020842,0.0002520623539248019,0.00037359241742425994,0.0005255049967985828,0.0008203279286213429,0.001213050078263111,0.002112147492485952,0.003439975964054109,0.0057265416032290985,0.010003724671390588
0,0.0000011248214345972576,0.000002249642869194515,0,0.00000449928573838903,0.000007873750042180803,0.000013497857215167091,0.000034869464472514996,0.00006973892894502999,0.00009111053620237791,0.00015635017940901892,0.00026433303713035576,0.00034869464472514966,0.0005500376815180591,0.0007693778612645242,0.001260924828183526,0.002024678582275064,0.003359841625142007,0.0056713496732393774,0.009711708266312723
0,0,0,0.0000011249973281313457,0.000006749983968788074,0.000019124954578232874,0.000023624943890758264,0.00003487491717207173,0.00007199982900040615,0.00012824969540697347,0.00014399965800081233,0.00023399944425132004,0.0003836240888927892,0.0005624986640656733,0.0008009980976295188,0.0012149971143818536,0.0019709953188861156,0.00343686683744126,0.0055214868864686415,0.00951747739599119
0,0,0,0.0000033749274390600603,0.0000112497581302002,0.000013499709756240238,0.000025874443699460457,0.00004612400833382081,0.0000787483069114014,0.00010349777479784192,0.00015187173475770285,0.00024636970305138455,0.00039824143780908735,0.0005332385353714894,0.0008111075611874343,0.0011902244101751804,0.0019518330355897348,0.0032838043982054387,0.0054493828382689785,0.009301300022049526
0,0,0.0000011247720930546447,0.0000011247720930546447,0.000011247720930546447,0.000015746809302765026,0.000014622037209710382,0.00003824225116385791,0.00005511383255967756,0.00011697629767768312,0.00019795988837761745,0.00022720396279703813,0.00033968117210250276,0.0005410153767592841,0.0007569716186257762,0.0011855097860795955,0.0019424814047053702,0.003363068558233389,0.005267307711774902,0.009087033739788477
0,0,0.0000011255532094024214,0.0000022511064188048428,0.000009004425675219371,0.000003376659628207264,0.000013506638512829055,0.000028138830235060528,0.000055152107260718634,0.00011255532094024222,0.00018346517313259488,0.0002802627491412032,0.0003781858783592138,0.0005447677533507724,0.0007541206502996223,0.0011874586359195546,0.0019201937752405314,0.003308000882433715,0.0051527825926442885,0.008923385844142394
0,0,0,0.0000022493822633959148,0.000003374073395093872,0.000011246911316979576,0.000025867896029053033,0.000028117278292448946,0.00006523208563848155,0.00009897281958942031,0.0001574567584377141,0.000267676489344114,0.00034752955969466904,0.0005544727279270931,0.0007974060123738511,0.0011460602632002179,0.001875984807672192,0.003081653700852401,0.005061110092640809,0.008639877273703706
0.0000011242637477781737,0.0000011242637477781737,0.0000011242637477781737,0.000003372791243334521,0.000003372791243334521,0.000016863956216672603,0.000023609538703341643,0.00003147938493778885,0.00005846171488446501,0.00008544404483114116,0.00016976382591450415,0.00023384685953786,0.00032940927809900516,0.0005092914777435133,0.0007386412822902606,0.0011467490227337377,0.0017527271827861733,0.0030737370864255265,0.005020961897577323,0.008440972218318528
0.000003387912605406431,0.0000045172168072085745,0,0.0000022586084036042872,0.000006775825210812861,0.000015810258825230013,0.000024844692439647167,0.000035008430255866465,0.000042913559668481475,0.0000846978151351608,0.00017843006388473876,0.000242800403387461,0.00032636891432081963,0.0005262557580397989,0.0007792198992434781,0.0010999422925552867,0.0018475416741483052,0.0030242766524261385,0.004932800753471762,0.008426867953847596
0.0000011593544250819373,0,0,0.0000011593544250819373,0.0000011593544250819373,0.000013912253100983248,0.000023187088501638753,0.00003246192390229425,0.00007419868320524399,0.0001078199615326202,0.0002909979606955662,0.0003941805045278587,0.0005356217443878552,0.0007686519838293249,0.0012741305131650494,0.0018062741942776587,0.002942441530857957,0.004724369282208895,0.007104523916902113,0.011777881604407405
0,0,0,0,0.000007958117564133901,0.000020463730879201457,0.00003865371388293609,0.00005456994901120388,0.00011027677196014122,0.00017848920822414603,0.0003080928371257553,0.0005445626161743057,0.0007480630510285865,0.0010391027790883406,0.0016496040836511837,0.002418130865558973,0.0035413623160395866,0.005532028581010793,0.007989950034390436,0.012554498894390096
0,0,0.0000011486542366962866,0,0.000008040579656874006,0.00001033788813026658,0.000026419047444014597,0.000053986749124725476,0.00010223022706596949,0.00019412256600167237,0.000380204552346471,0.0005570973047976991,0.000945342436801044,0.0013312902603309954,0.0019745366328809163,0.0030025821747240934,0.004469413634985252,0.006369287742480908,0.008804434724277034,0.013961892247043367
0,0,0,0,0.000006930143003500878,0.000018480381342669007,0.000026565548180086695,0.000058906215529757454,0.00012705262173084942,0.00024024495745469734,0.0003984832227013008,0.0006676037760039183,0.0011099779043940575,0.001610103224480038,0.002329683073010212,0.003519357621944528,0.00505553932105389,0.007270875034506335,0.009917034638009758,0.014982969173568901
0,0,0.0000023237089182786428,0.000003485563377417964,0.000010456690132253892,0.000011618544591393214,0.000020913380264507787,0.00007668239430319519,0.00013245140834188264,0.00020332453034938125,0.0004287242954224095,0.0007447487083083051,0.001194386383995223,0.001881042369346562,0.0027082827442537574,0.0041594389637187685,0.005739561028148248,0.008375808795935366,0.010865662901870935,0.01654016008030738
0,0,0,0.0000035024225089019906,0.000008172319187437978,0.000016344638374875956,0.00002801938007121593,0.00007938824353511182,0.00012024983947230168,0.00024283462728387134,0.00044247271029128506,0.0007787052711458758,0.001278384215749227,0.0021493199462961883,0.0031019788687175294,0.004752787344580003,0.006962815947697156,0.009684198237114007,0.012350709240558056,0.018736792948456017
0,0.0000011721666680341945,0,0.000002344333336068389,0.0000035165000041025835,0.00001289383334837614,0.00003047633336888905,0.00007033000008205166,0.00013245483348786402,0.0002649096669757279,0.0004712110005497463,0.0008955353343781247,0.0014980290017477,0.0023208900027077047,0.003544632004135405,0.0054833956730639625,0.008045752009386708,0.011167231846361769,0.01413281351648828,0.021061490691238412
0,0,0,0,0.000004703243003632079,0.000011758107509080199,0.0000235162150181604,0.00007407607730720526,0.00015991026212349072,0.00027866714796520066,0.0005914328077067332,0.0010053181920263565,0.0016508382942748592,0.002563267436979482,0.004278775322554285,0.006264719680837929,0.00918308196459164,0.012701107731308428,0.016176804310992544,0.0240723735033399
0,0.0000011783420727037058,0.0000023566841454074116,0.0000023566841454074116,0.0000035350262181111172,0.000012961762799740765,0.000029458551817592642,0.00009780239203440758,0.00016143286396040773,0.00030990396512107447,0.0005491074058799271,0.0010534378129971132,0.0018052200553820767,0.0029116832616508563,0.004773463736522712,0.007357567901961939,0.010879632357273312,0.014616155069816766,0.0189795557650386,0.027647440051847064
0.0000011800732825508465,0.0000011800732825508465,0.0000011800732825508465,0.0000011800732825508465,0.0000035402198476525395,0.000009440586260406772,0.00005074315114968638,0.00006844425038794906,0.00015930989314436421,0.0003280603725491354,0.0006419598657076608,0.0010750467604038216,0.0019258795971229818,0.0033407874629014464,0.005381134168431858,0.008477646461845281,0.012273942211811356,0.017453283848927026,0.021804214041691992,0.031463113859370666
0,0,0,0,0.000008275180487597278,0.00001300385505193858,0.00002837204738604781,0.00006620144390077822,0.000148953248776751,0.00033337155678606176,0.0006360067289039051,0.0011963546647783502,0.0021515469267752935,0.0037356529058296265,0.005993595010302602,0.009683143339129905,0.013942496952960333,0.01958144137093732,0.02474633616383912,0.036266569571215615
0,0,0,0.0000047322213401887445,0.00001183055335047186,0.00001774583002570779,0.0000248441620359909,0.00007926470744816147,0.0001620785809014645,0.0003359877151534009,0.000713382367033453,0.0013794425206650179,0.0023235206780326733,0.004131229229984774,0.0067836392911605654,0.010720847446197604,0.015734635956127584,0.021751655390177555,0.028038411440618315,0.04105793540281259
0,0,0,0,0.00000828918356278583,0.000005920845401989877,0.00002013087436676558,0.00008170766654746036,0.00017525702389890047,0.000342224864235015,0.0007128697863995811,0.0013712677951008556,0.0024654400253885846,0.004312743790809425,0.007493421940758393,0.011820375760532591,0.017902268157456602,0.024391514718037507,0.03148942418594297,0.04570182148887949
0,0,0.0000011827097299164062,0,0.0000011827097299164062,0.00001774064594874609,0.00002720232378807733,0.00006977987406506796,0.0001561176843489655,0.00038201524276299903,0.0007888673898542418,0.0013790395450825304,0.002787646833412969,0.004927168734831748,0.008174889653182202,0.012804015536075016,0.019481594671183045,0.027241353209164588,0.03479886838333042,0.05035623217065082
0,0,0,0.0000023661890514066403,0.0000023661890514066403,0.000010647850731329881,0.00001419713430843984,0.00006152091533657259,0.0001632670445470582,0.0003916042880077993,0.0007595466855015325,0.0013936853512785128,0.0029920460555037,0.005218629952877353,0.008633040754057141,0.013919107094899585,0.02065328113520288,0.029786770873632493,0.03852983941858005,0.055714287404420734
0,0,0.0000011852385648183266,0,0.000008296669953728287,0.000004740954259273306,0.000024890009861184857,0.00006992907532428129,0.00019319388606538735,0.0003591272851399526,0.0007075874231965408,0.0015680706212546462,0.002907390199499355,0.005303942577562013,0.00895329211863764,0.01496956307365546,0.022761321398771146,0.032358198058105136,0.04187447849503148,0.06036775582189182
0,0,0,0.0000011844650304466735,0.000002368930060893347,0.000007106790182680041,0.000026058230669826817,0.00007935915703992715,0.00018477654474968134,0.000326912348403282,0.000720154738511578,0.001535066679458889,0.0030369683380652712,0.005553956527764453,0.009459137733147136,0.015781812065671478,0.02441774660265818,0.034780631154036123,0.04492675860484231,0.0648980234832037
0,0,0,0.000002368711219755999,0.000004737422439511998,0.000015396622928413994,0.000028424534637071984,0.00005566471366426596,0.00013501653952609192,0.0003541223273535219,0.0007532501678824076,0.001443729488441281,0.003011816315919752,0.005837688801088661,0.009950955834194948,0.016801268681729306,0.025895935409982463,0.036790822665250175,0.048333552439121144,0.06914978663833687
0,0,0.000001183710720039394,0,0.000002367421440078788,0.000009469685760315151,0.000024857925120827264,0.00005918553600196968,0.0001455964185648455,0.0003361738444911878,0.0006972056141032034,0.0014784546893292017,0.0031498542260248257,0.005828591585473973,0.010381143014745483,0.017465651674181258,0.027155507628423742,0.038791384006410974,0.05076225051816935,0.07389314169845916
0,0,0,0,0.0000011838480507349921,0.000010654632456614929,0.000020125416862494862,0.00005090546618160467,0.00013851022193599408,0.00030069740488668803,0.0007020218940858499,0.0015259801373974052,0.0031135203734330287,0.005919240253674962,0.010789591134398712,0.01843251414994382,0.028557966527880216,0.04062019431681905,0.052684789801859366,0.07799072573437052
0,0,0,0,0.000003553496107145015,0.000005922493511908358,0.000027243470154778445,0.00004382645198812185,0.00011134287802387712,0.0003138921561311433,0.0007249132058575836,0.0015351103182866476,0.0031874860081090783,0.006356020036980049,0.010853561609923255,0.018788518417178074,0.02906167566293432,0.041940730053930224,0.05497021578012862,0.08097470029221585
0,0,0,0,0.000005918294394901745,0.0000035509766369410467,0.00001065292991082314,0.000043795378522272916,0.00010652929910823144,0.00027342520104446064,0.0006817875142926808,0.0015861028978336677,0.0032609802115908617,0.006190535937067222,0.011288554728835583,0.018923154498258845,0.029529921712801756,0.04311950930237512,0.05746072028010101,0.08484230112755346
0,0,0,0,0.000001183675691799258,0.000007102054150795548,0.000010653081226193323,0.00003551027075397773,0.00011836756917992574,0.00028171481464822325,0.0006545726575649893,0.001592043805470001,0.0031402916103434354,0.00616695035427414,0.011286347721305929,0.01920158707236756,0.03064654733637459,0.044126246114584544,0.05943235648524075,0.08783465470996393
0,0,0,0.000001183325523384879,0.000003549976570154637,0.000007099953140309273,0.000016566557327388308,0.000049699671982164906,0.00009821601844094491,0.0002745315214252921,0.0006721288972826114,0.0014921734849883321,0.0030849296394643796,0.006192342463873074,0.011320875282223138,0.019152123595984265,0.030910829321859807,0.045427866842745517,0.06083239850616988,0.09003332244673859
0,0,0,0,0.0000023643177170148127,0.0000023643177170148127,0.000004728635434029625,0.000037829083472237,0.00009930134411462214,0.000260074948871629,0.000634819307018477,0.0014694234611247056,0.002934118286815384,0.0060845716447376205,0.011433840479483634,0.019887458476670103,0.0315364518684021,0.04594578619474891,0.061994774857845436,0.09237152888605177
0,0,0,0,0.0000035476634497242875,0.0000035476634497242875,0.000008277881382690004,0.00003311152553076002,0.00008041370486041719,0.00026489220424608003,0.0006267538761179567,0.001458089677836681,0.0030545382302126106,0.005961257150020044,0.01160558969853138,0.019857454882590088,0.03197272556339852,0.047135439147520136,0.0633825551927741,0.09451566707307126
0,0,0,0,0.0000011817607052747888,0.000004727042821099155,0.0000106358463474731,0.000024816974810770557,0.00010281318135890658,0.00022098925188638536,0.0005778809848793721,0.0014783826422987605,0.0031103941762832456,0.006256241173724733,0.01141344489154392,0.019898486755416885,0.03209189371244218,0.04756232310519444,0.06477703129893228,0.095929425250681
0,0,0,0,0,0.0000023637169448958487,0.000010636726252031318,0.00003545575417343774,0.00007682080070911507,0.00027300930713547043,0.0006630226030432855,0.0014950509676466242,0.0031543802629635112,0.006260304328556659,0.011560939577485595,0.020210961737331945,0.03258974737775151,0.04856374649135765,0.06553996158959963,0.09813680011818585
0,0,0,0,0,0,0.000007083482381608447,0.00002833392952643379,0.00009916875334251823,0.0002774363932796641,0.0006977230145884318,0.0014273216998941022,0.0030187440749621344,0.005934777655390944,0.01157204905075433,0.020298899344895933,0.0330066667375015,0.048604494941803286,0.06605111204770486,0.0979350468277214
0,0,0,0,0,0.0000023616542915981786,0.000010627444312191804,0.000023616542915981783,0.000105093615976119,0.00025860114493000047,0.0006175725972529236,0.001414630920667309,0.0028906648529161715,0.006063547393678322,0.011665391373349206,0.02015081524306145,0.032634519828449435,0.04858040960532033,0.06681119990931243,0.10020617241965649
0,0,0,0.0000011810223874603766,0,0.0000011810223874603766,0.000010629201487143389,0.00003661169401127167,0.00010274894770905274,0.00023738549987953564,0.0006342090220662225,0.0013605377903543557,0.0029301165432891957,0.00593109442982601,0.01145119306881581,0.02013761272858688,0.03267062230431639,0.04981906737024104,0.06726631110019318,0.10107662000840882
0,0,0,0,0.0000035422179243311407,0.000005903696540551902,0.000016530350313545322,0.00004132587578386332,0.00010036284118938231,0.00021961751130853058,0.0005655741285848719,0.0012456799700564512,0.002903437958643425,0.005804514438670628,0.011300855917924447,0.020063122323411578,0.03314217163935027,0.04947651922774926,0.06756898764592462,0.10163803964214155
0,0,0,0,0.0000023609238767314425,0.000007082771630194328,0.00000944369550692577,0.00003305293427424019,0.00008735418343906329,0.00023137053991968112,0.0005666217304155463,0.0013386438381067277,0.002807138489433685,0.0057830830360536675,0.011386735857475745,0.020135139282704117,0.03298682840569172,0.05026643025948913,0.0682212563420318,0.10213592783127894
0,0,0,0,0.0000011808717667731025,0.0000011808717667731025,0.000012989589434504127,0.00003424528123641997,0.00010155497194248682,0.00021609953331947778,0.0005727228068849552,0.0013355659682203788,0.002815198291987075,0.005901997090331964,0.011356443781056927,0.019904774500727408,0.03302189808604304,0.050777485971243416,0.06873736467209551,0.10313261662289573
0,0,0,0,0.0000011797391596717966,0.000008258174117702577,0.000012977130756389763,0.00003775165310949748,0.00007196408873997958,0.0001993759179845336,0.0005863303623568827,0.00132012811967274,0.002872664853800824,0.00594352588642651,0.011129659232343728,0.020219549457614925,0.033787729533000264,0.05036896342218736,0.06935214624046625,0.10321891829716447
0,0,0,0.0000011790395072558092,0.0000023580790145116183,0.0000023580790145116183,0.000004716158029023237,0.000025938869159627796,0.00006131005437730204,0.00021104807179878968,0.0005671180029900447,0.001248602838183902,0.0027825332371237094,0.005858647311554112,0.011207949555973722,0.02004485066285602,0.033259525460179136,0.05100053292585727,0.06921197715493053,0.10363049845074208
0,0,0,0.0000011801902702753738,0.0000023603805405507476,0.0000035405708108261216,0.000011801902702753738,0.000023603805405507482,0.00008615388973010228,0.00023131729297397338,0.00048505820108317926,0.0011542260843293171,0.002766365993525476,0.0057864728951601595,0.011085527208696586,0.020273308462790365,0.033496160250955684,0.05123914077427565,0.06929369152894828,0.10365375105774555
0,0,0,0,0,0.000003539593300729746,0.00001651810207007215,0.000034216068573720886,0.00006253281497955886,0.0001463031897634962,0.00048492428219997456,0.0010925544654919147,0.0027018895528903696,0.005587837957418693,0.011318439511300153,0.02047418751585444,0.033668611476541335,0.051722897039130224,0.0694928352732271,0.10387998418981656
0,0,0,0,0.0000011801679851110007,0.000003540503955333002,0.000010621511865999006,0.000043666215449107046,0.00008615226291310302,0.00015106150209420795,0.00046380601814862267,0.0011022768980936736,0.0027250078776212966,0.00598109134854254,0.011376819376470044,0.02038150110286696,0.033624166063797506,0.05140339675949475,0.06987538606245211,0.10475879136636308
0,0.0000011791006763321479,0.0000011791006763321479,0.0000011791006763321479,0.0000011791006763321479,0,0.000008253704734325035,0.00002240291285031081,0.00006838783922726462,0.00022520822917944044,0.0004905058813541739,0.001184996179713808,0.0027201852602982664,0.005837727448520466,0.011361814117136578,0.020201531887598687,0.03312801260222804,0.05133922254817804,0.07009281880524085,0.10483619933404394
0,0,0,0,0.0000011783156919835648,0.0000023566313839671296,0.000007069894151901389,0.000030636207991572685,0.00006952062582703032,0.00016849914395364982,0.0004819311180212783,0.0012466580021186127,0.002723087564174018,0.005756072155339713,0.011402560951324955,0.020243463588277652,0.03327445682592388,0.05115421913608253,0.07012274514563392,0.10528604202580745
0,0,0,0,0.0000011781810298716019,0.000007069086179229611,0.0000047127241194864075,0.000031810887806533255,0.00006715631870268133,0.00019322168889894279,0.00047716331709799897,0.0012795045984405576,0.0028052490321242825,0.005652912581323946,0.011017170810329347,0.019595506888824478,0.03384325008306179,0.050902133214572674,0.0703586147418723,0.10581126011173872
0,0,0,0,0,0.0000011787754409209536,0.000011787754409209537,0.00003418448778670765,0.00007544162821894102,0.000181531417901827,0.0005068734395960103,0.0012636472726672626,0.0026663900473631974,0.005707630684939257,0.011207796892276424,0.02034448533485474,0.03354912782405127,0.050985574146154004,0.06989077466764426,0.1051514844319128
0,0,0,0,0,0.0000011779242853827842,0.000009423394283062274,0.00003180395570533517,0.00007067545712296703,0.0002238056142227291,0.0005053295184292142,0.0011696788153851049,0.002739851887800357,0.005566870172719039,0.011138452042579608,0.02009656623291568,0.03356730836055321,0.051186699821308905,0.07032207983735224,0.10519806207896572
0,0,0,0,0,0.0000023569341001225604,0.000016498538700857922,0.00002121240690110304,0.0000730649571037994,0.0002062317337607242,0.0004890638257754318,0.0012821721504666745,0.002630338455736778,0.005691995851795984,0.011507730743848402,0.020213066842651065,0.03395870651456586,0.051449514471575405,0.07020010370510044,0.10565664184029411
0,0,0,0,0.000002355984554165263,0.000005889961385413158,0.000009423938216661052,0.000034161776035396304,0.00005418764474580102,0.00017316486473114673,0.00048768880271220943,0.0011991961380701187,0.0027011362913504735,0.005662608875936207,0.011144984933478775,0.020246153266219192,0.033491498429736304,0.051587815790279705,0.07030022311173727,0.10561996555550585
0,0,0.0000011785156595268259,0.0000011785156595268259,0.0000011785156595268259,0.0000047140626381073035,0.000016499219233375563,0.000027105860169116994,0.00007306797089066323,0.00019563359948145334,0.0005468312660204474,0.0011466957367196025,0.0026716950001473157,0.005713443917386057,0.011312571815798004,0.02058041896231696,0.034349017412568884,0.05130314369052178,0.07029020948115847,0.10463451283108928
0,0,0,0,0,0.0000035342974111271462,0.000008246693959296674,0.000025918181014932395,0.00008482313786705154,0.00021087974553058656,0.000517185521161606,0.0012370040938945012,0.0027543957824050906,0.005757370482726121,0.011176626513121079,0.020370512178599833,0.03395163903042442,0.051401643448296175,0.07021824286513711,0.10426059552911371
0,0,0,0,0.000002356078919219478,0.0000035341183788292174,0.000011780394596097392,0.00002356078919219478,0.00006832628865736488,0.0001931984713759974,0.0005748832562895535,0.0012192708406960815,0.0028108021506288417,0.00582893924614899,0.011359834509016713,0.020340029309621765,0.033968767817846815,0.05188556995905134,0.06978587954782131,0.10442730789710535
0,0,0,0,0,0.000003532790775176728,0.0000047103877002356375,0.00003179511697659054,0.00007418860627871125,0.00020843465573542678,0.0004910579177495648,0.0012011488635600886,0.0027638199831132603,0.005704279504985359,0.011406203816120593,0.020375959594294297,0.03406434625117907,0.05172358973936247,0.06982560967136801,0.10470838578546304
0,0,0,0,0,0.0000035334149159577265,0.00000824463480390136,0.000025911709383689997,0.00008244634803901361,0.00019551562534966073,0.00045816613410251845,0.0012237393658933583,0.002805531443270435,0.005778311192562871,0.01134579529514026,0.02026531234798954,0.03373351220264842,0.0514394543465126,0.07063767538988291,0.1055277920750214
0,0,0,0,0,0.000002355113422262416,0.000018840907378099333,0.000023551134222624164,0.00006712073253447883,0.0002154928781370109,0.0004521817770743842,0.001156360690330847,0.0026377270329339055,0.005793579018765545,0.011469402366417964,0.020239844750923202,0.0337664386916874,0.05148513452407867,0.0700799325495516,0.10617793352927873
0,0,0,0,0.000001177158879956869,0.000005885794399784344,0.000008240112159698081,0.000012948747679525557,0.00006592089727758469,0.00016127076655409118,0.0004896980940620582,0.0011948162631562208,0.002707465423900799,0.006041179371938648,0.011514968163738095,0.02028244750165685,0.03369381862100547,0.05140299681107659,0.07013865754447014,0.10583364626140229
0,0,0,0.00000117703279448772,0.00000117703279448772,0.00000235406558897544,0.00000823922956141404,0.000027071754273217553,0.00010240185312043168,0.00020244964065188798,0.00046257388823367376,0.00125471695892391,0.002758964870279217,0.0059487237433409395,0.011479600844638733,0.02037796877096589,0.03416808499118403,0.051809452514965985,0.07007347038703189,0.10559278902628785
0,0,0,0,0,0.000005883917370971575,0.00001176783474194315,0.000027066019906469242,0.00007296057540004757,0.0001859317889227019,0.0005283757799132479,0.0011991423602040077,0.002844285657127659,0.005608550038010104,0.011070002141745923,0.020538401975113373,0.03383017131613818,0.05181377636877571,0.07022808417296833,0.10545745103992353
0,0,0,0,0.0000011765951689002365,0.000005882975844501182,0.000007059571013401418,0.000021178713040204256,0.00008118506665411637,0.00015295737195703077,0.0004565189255332915,0.0011612994317045332,0.0027002859126260435,0.005715899330517349,0.011112941370262731,0.020106834841336144,0.034301278958948585,0.0517607746702592,0.0702497911543575,0.10516642938664095
0,0,0,0,0,0,0.000011763335799712737,0.00003058467307925312,0.000055287678258649854,0.00018703703921543264,0.0004987654379078201,0.0011798625807111877,0.0026926275645542466,0.00582755655517769,0.011159876673187475,0.02029528325524439,0.033644316720758384,0.05150811846620215,0.07068000315257401,0.10528656074174893
0,0,0,0,0,0.0000035268226619516964,0.0000035268226619516964,0.00001645850575577458,0.000055253555037243225,0.00017163870288164926,0.0004914039575652698,0.0012496708298848852,0.002754448498984277,0.005887442630351366,0.01119060830637274,0.020413249567376425,0.033561244451132344,0.05121064065909261,0.07029662929802122,0.10513340794522606
0,0,0,0,0,0,0.000007059919893442276,0.000025886372942621673,0.0000717758522499965,0.000236507316430316,0.0005283173386925963,0.0012484291678237088,0.002806318157643305,0.005859733511557089,0.011214682750733056,0.02043729143819981,0.033489906667859004,0.05109381692215731,0.07054389622859077,0.10578583968333899
0,0,0,0,0,0.0000011772018383183908,0.000009417614706547127,0.000024721238604686206,0.00006474610110751146,0.0001471502297897989,0.0004920703684170877,0.0012289987192044003,0.0028217528064491807,0.005948400889022821,0.01107158328938446,0.020125442627891198,0.033896349732539736,0.051481390793339875,0.07025658291267993,0.1055314359978905
0,0,0,0,0,0.0000023532097192267825,0.000005883024298066956,0.000024708702051881217,0.00008000913045371059,0.00019531640669582276,0.0005424148402817735,0.0012377883123132875,0.002802672775599098,0.005747714739211417,0.011061262285225495,0.02029525722347138,0.034141543211401774,0.050996407825363604,0.07007387901913513,0.10504492865656435
0,0,0,0,0,0.0000011759033877776603,0.000008231323714443622,0.00002704577791888619,0.00006820239649110427,0.00021048670641220102,0.000509166166907727,0.0011994214555332134,0.0027198645359297266,0.005429145941369459,0.010966474994414456,0.020385461130513517,0.033720205547912184,0.05160452017262261,0.07030608765183856,0.10587246151856164
0,0,0,0,0.0000023526394850542695,0.000004705278970108539,0.0000070579184551628086,0.000028231673820651234,0.00006234494635393816,0.00019056379828939597,0.0004658226180407458,0.0012269014914558015,0.002747882918543385,0.005598105654686634,0.010818612672022056,0.020182117822538048,0.033925061374482555,0.051902755999524784,0.0702333465473251,0.10537825149480828
0,0,0,0,0,0.0000035250075787662945,0.000007050015157532589,0.000012925027788809745,0.00006345013641779329,0.00018682540167461363,0.0005099510963948572,0.0011820525414129647,0.002603805598182037,0.0056881872296025435,0.011087323837746252,0.02059074427010017,0.03390469789510047,0.05194451168070011,0.07077862717404841,0.10501232577650042
0,0,0,0,0.000002352398740996194,0.000002352398740996194,0.000009409594963984776,0.000024700186780460036,0.00007527675971187821,0.00017642990557471447,0.0005034133305731856,0.0011973709591670625,0.002687615561588151,0.005696333551322286,0.011196241807771385,0.02048939303407684,0.03419093950100919,0.05201624096090785,0.07002267712386322,0.10500519880121763
0,0,0,0,0,0.000001174977675424167,0.000015274709780514172,0.00003054941956102833,0.00008812332565681247,0.0002044461155238051,0.0005158151995112093,0.00120670207266062,0.002705973586501857,0.005713916435587725,0.011147013206749077,0.020065093763218512,0.03415777600225595,0.05166141843304977,0.06973140010339804,0.10564929266343939
0,0,0,0,0,0.0000035246721173762815,0.00001527357917529722,0.000041121174702723284,0.00007871767728807031,0.000189157403632527,0.000494628987138471,0.0011948638477905595,0.0027539438143766685,0.005607753338745666,0.011160286814319095,0.020633430575120744,0.034062431342324395,0.05130160266841176,0.07012805133802429,0.10489071754100075
0,0,0,0,0,0.0000047004132838379815,0.000009400826567675963,0.00002350206641918991,0.00007285640589948875,0.00019271694463735735,0.0005311467010736922,0.001260885863389538,0.0026134297858139153,0.005812061025465664,0.011365599320320248,0.020871010083561597,0.03385120136688019,0.051679868952477635,0.0694803340583721,0.10459594659860465
0,0,0,0.0000011746823071700258,0.0000011746823071700258,0.0000011746823071700258,0.000004698729228680103,0.00003758983382944081,0.00008222776150190183,0.00020087067452607437,0.0004910172043970706,0.001274530303279477,0.0027323110464774754,0.005768864810512,0.011437881624914546,0.020735492086165302,0.033990607240271864,0.051022326011930075,0.07014732865496524,0.10394763736147561
0,0,0,0,0,0.0000035246472709243622,0.000004699529694565816,0.000018798118778263262,0.00006931806299484578,0.00021030395383182023,0.0004911008530821284,0.0011842814830305868,0.0026728575137843075,0.005893210236985533,0.011437480394149558,0.020301968280524316,0.034043393107434775,0.05108858730962497,0.0700030194478287,0.10437772939873044
0,0,0,0,0,0.0000035251732622658404,0.000015275750803151975,0.000028201386098126716,0.00007637875401575988,0.00017743372086738052,0.0005734281839952434,0.001251436508104374,0.002809563090025873,0.005641452277379434,0.010969164134417207,0.020239194756422274,0.03375940927496586,0.05142170237667182,0.06969737562601203,0.10453666297698533
0,0,0,0,0,0.0000011747181851073927,0.000017620772776610888,0.00003641626373832917,0.000065784218366014,0.00020557568239379378,0.0006202512017367037,0.001275743949026629,0.002537391279831969,0.00574437192517515,0.011319584431694833,0.019917346828495844,0.033688568112509795,0.05091228614255438,0.0696431676040918,0.10519836291273725
0,0,0,0,0,0.000001174485017681872,0.000004697940070727488,0.00003053661045972867,0.00008456292127309482,0.00019496451293519074,0.0005473100182397523,0.0010805262162673225,0.0025873904939531633,0.005509509217945655,0.010980260430307805,0.020336208081161603,0.033046484942514845,0.05093506624682743,0.06993001243779631,0.10550516362338025
0,0,0,0,0,0.0000035244443713448574,0.000014097777485379431,0.00003171999934210372,0.00007283851700779372,0.00018797036647172558,0.0005368903592348662,0.0012535273814083202,0.002621011797490127,0.005740145066130329,0.011073804214765554,0.020035291436305065,0.03320496523723035,0.05049001524909598,0.06960190226010869,0.10525870596500463
0,0,0,0,0.0000011748561976014135,0.000002349712395202827,0.000008223993383209895,0.00002702169254483251,0.00009046392721530877,0.00018327756682582055,0.0005439584194894542,0.0011995281777510435,0.002622279033046354,0.00558409150719952,0.01124924809203353,0.02022162487311554,0.033301298921012044,0.05097818527012292,0.06940110530471072,0.10493815556975825
0,0.0000011747085254471233,0,0,0.0000011747085254471233,0.00000352412557634137,0.000004698834101788493,0.00002701829608528384,0.00007165722005227448,0.00018090511291885697,0.0004628351590261664,0.0012334439517194802,0.0026196000117470848,0.005761945317318143,0.011124489735984256,0.020172094798978014,0.03329123961117149,0.05126193063346158,0.06938298434700887,0.1047135179583566
0,0,0,0,0,0.000001174806509367907,0.000002349613018735814,0.000017622097640518607,0.000058740325468395375,0.00017504616989581813,0.0004957683469532572,0.001251168932476821,0.002710278617111761,0.005595603404119345,0.011111319965601668,0.02031827857951794,0.033451440547741775,0.051425980141070755,0.06950507751373353,0.10436158664667926
0,0,0,0,0,0.0000023477678010689385,0.0000035216517016034078,0.000018782142408551508,0.0000645636145293958,0.00023008124450475605,0.000547029897649063,0.0012795334515825713,0.002660020918611107,0.0056945108014927115,0.011030987013322405,0.020046415369427133,0.03337821482779712,0.05040657468895012,0.06956905548127479,0.10455666513670467
0,0,0,0,0,0.000004693298790654234,0.000002346649395327117,0.0000199465198602805,0.000055146260790187246,0.00020298517269579577,0.0004986629965070124,0.0012085244385934652,0.0026822202588588934,0.005689451458970592,0.011161837848873429,0.019941826561489844,0.03331303481606376,0.05088239883887788,0.06922498383745226,0.1049503742319123
0,0,0,0,0,0.000003519239093584779,0.000004692318791446372,0.000022288514259370264,0.00007155786156955717,0.0002181928238022563,0.0005185012264548243,0.001286868428554167,0.0026875255878009113,0.00572228276616885,0.010944833581048667,0.020256740222673993,0.03357706019189239,0.05101371682090713,0.0694674335479678,0.10444280473971122
0,0,0,0,0,0.0000011724181593503865,0.000002344836318700773,0.000022275945027657338,0.000056276071648818546,0.00020400075972696726,0.0005428296077792287,0.0011325559419324738,0.0026555271309286273,0.00567098663677782,0.011384180327292253,0.02011869561445264,0.03307860594791181,0.050881775697647416,0.07018798552767025,0.1048200455367213
0,0,0,0,0,0,0.000007041195688910586,0.000023470652296368616,0.00005867663074092152,0.00020419467497840711,0.000530436741897931,0.001158276690825792,0.0027085132750009396,0.005698674377558306,0.010869259078448308,0.019974698636824516,0.03342925006571782,0.05082452401517142,0.06950129558000674,0.10500065717826426
0,0,0,0,0.0000011737226962757779,0.0000035211680888273336,0.000005868613481378889,0.000018779563140412443,0.00004694890785103113,0.00017018979095998764,0.0004788788600805175,0.001164332914705572,0.002737121327715115,0.005593962370450359,0.010946137865467904,0.019916900433103683,0.033480439911266584,0.05112501320438034,0.06948907851031114,0.10414793600863859
0,0,0,0,0.0000011732310901545966,0.000002346462180309193,0.000008212617631082175,0.00001407877308185516,0.00005866155450772983,0.00021470128949829098,0.00048454444023384824,0.0012260264892115541,0.0027383213644208274,0.0056432415436436095,0.010662324147324972,0.020020015322398037,0.032947848704811544,0.051098906900593315,0.06981428925073943,0.1045172916664222
0,0,0,0,0,0.0000011745236425736632,0.000007047141855441978,0.000021141425566325933,0.00004932999298809387,0.0001726549754583286,0.0004956489771660855,0.001220330064634036,0.0027319419926263404,0.005663553004490203,0.010753938471404463,0.019928142643547347,0.0331661986189951,0.0511035236883801,0.06992996315519334,0.10462891512774708
0,0,0,0.000001174129236405051,0.000001174129236405051,0.000004696516945620204,0.000002348258472810102,0.000028179101673721226,0.00006692536647508791,0.00019138306553402332,0.00046730343608921034,0.001128338196185254,0.002688755951367567,0.005727402415183839,0.011252854601705995,0.020043560194670594,0.03334879270161264,0.05057796511662037,0.06944622194564952,0.10485795971562589
0,0.000002348528705479235,0.0000011742643527396175,0,0.0000011742643527396175,0.000002348528705479235,0.00001526543658561503,0.0000328794018767093,0.00007867571163355437,0.00018435950338012007,0.00046853147674310805,0.001149604801332087,0.0025681161394415443,0.005822002660883025,0.011348090704875665,0.020064654995261843,0.03306493564444214,0.0510405743561802,0.06967614963415791,0.10434865317750061
0,0,0,0,0,0.000003519251478672163,0.000009384670609792434,0.000041057933917841916,0.00007038502957344325,0.00020059733428431318,0.0004856567040567585,0.0011367182276111084,0.0026699387884859473,0.0055698020069118075,0.011156027187390755,0.020019848578339702,0.03347746623278206,0.05058572075443367,0.06968000619388261,0.104384518108895
0,0,0,0.0000011732599967618024,0.0000023465199935236047,0.000005866299983809012,0.000008212819977332617,0.00001994541994495064,0.00005866299983809009,0.00018420181949160304,0.0004575713987371032,0.0011638739167877086,0.0026374884727205323,0.0055999699645440815,0.011019257889586851,0.019909048885051024,0.0334156179677729,0.050585104760385094,0.06935961122856747,0.10479440965076746
0,0,0.0000011731457551480568,0.0000011731457551480568,0,0.0000023462915102961136,0.000004692583020592227,0.000017597186327220852,0.00005161841322651448,0.0001654135514758761,0.00045869999026289053,0.0011743189009032053,0.002606729867938981,0.005602944126587119,0.011175386463540393,0.019866050217677185,0.03304165019374502,0.0505250413827165,0.06965200977465044,0.10499771823150626
0,0,0,0,0,0.000002346811856093497,0.000010560653352420736,0.000018774494848747977,0.000061017108258430895,0.00017483748327896544,0.00046232193565041865,0.0011053483842200366,0.00260613456619183,0.00550092699068316,0.010944357090892027,0.020101616953368852,0.03325667081270093,0.050590223181807524,0.0690995282908169,0.1037607659993898
0,0,0,0,0,0,0.000005858388685342428,0.00001874684379309577,0.0000562405313792873,0.00018278172698268374,0.00046515606161618925,0.0011177805611633357,0.0026233864532963394,0.005593589516764952,0.011037204283185133,0.019950156829065105,0.03322409391231398,0.05076176628075506,0.06879974504292444,0.10333728969849212
0,0,0,0.0000011725006390128483,0,0,0.000004690002556051393,0.000012897507029141332,0.000055107530033603866,0.0001899451035200815,0.00047955276135625523,0.001200640654349157,0.002695578969090537,0.005721803118382699,0.011153998578929228,0.019932510863218428,0.03304927551185515,0.05088183773060155,0.06920802271837238,0.10281658103503671
0,0,0,0,0,0.0000011715034137609476,0.00001054353072384853,0.000017572551206414216,0.0000644326877568521,0.00021907113837329735,0.0005025749645034469,0.0012207065571389081,0.002690943341408897,0.005781369346910274,0.011205430152623463,0.01967774284094265,0.03286769977647713,0.050407448887306035,0.06904489669682894,0.10297280706275974
0,0,0,0,0.000002343943192192794,0.0000058598579804819855,0.000010547744364867573,0.000023439431921927935,0.00009258575609161538,0.0002203306600661227,0.0005367629910121498,0.0012270542611129275,0.0026052928581222897,0.00555866128028521,0.010973170054250558,0.019833275320739318,0.03308827407258958,0.05072996250862867,0.06951783916564996,0.10325186958768866
0,0,0,0.00000117266838345318,0,0,0.000008208678684172259,0.000030489377969782675,0.00007622344492445668,0.0002251523296230105,0.00046906735338127274,0.00120198509303951,0.0027252813231451885,0.0055549301324177135,0.010917542649949109,0.01977705228693788,0.0329308735441322,0.05080703038149248,0.06916515392445201,0.10403093030128192
0,0,0,0,0,0.0000011723246964265198,0.000011723246964265198,0.000017584870446397798,0.00007151180648201771,0.00014888523644616817,0.0005076165935526836,0.0012520427757835245,0.0027209656204059524,0.005545095814097442,0.010935444768266578,0.01963878331453707,0.03342532174451294,0.05021418372203712,0.06921991170050386,0.10377066515358627
0,0,0,0,0,0,0.0000023446493928530397,0.000022274169232103876,0.00004689298785706079,0.00019460589960680258,0.000528718438088361,0.0011641184235515348,0.0026623493855846276,0.005565025333936691,0.01107026210835562,0.019952966333179376,0.032922394449745956,0.05008757265482306,0.068906901006558,0.10371673821755069
