0.04357849752586593,0.04161043634727846,0.03514394961763383,0.04042959964012595,0.040317139001349526,0.0397548358074674,0.03958614484930273,0.03891138101664417,0.03778677462887988,0.042566351776878085,0.040317139001349526,0.041554206027890235,0.040542060278902385,0.041441745389113806,0.03812415654520919,0.042397660818713434,0.04104813315339632,0.03885515069725596,0.035762483130904174,0.04042959964012595
0.003937882742048009,0.004547686106302164,0.00551923722901217,0.006940389137231595,0.007948115035787191,0.009942895532415183,0.012769695873491641,0.015575824914084905,0.018252758326658222,0.019265652050334623,0.01949820418077052,0.020635125707346064,0.022614402728611666,0.025007105759541095,0.027611689620423246,0.03192682359628951,0.03301206687165707,0.03230407483010774,0.030226609131546976,0.033544352859099257
0.0010136029388029156,0.0011459523671179463,0.0018916284144538495,0.002656672670811465,0.0038155371772772176,0.00552962367569871,0.007434164229500367,0.010433008593028736,0.01331241566758988,0.015791546422368987,0.017599245931062085,0.02016876166127584,0.02334191990599963,0.026505394046212546,0.02980444564957746,0.03393955827571289,0.03668338788712206,0.037700218860761955,0.03741937982994712,0.04355264602015584
0.0003002190787872231,0.0004219295161333947,0.0007194439185351474,0.0011386687582830726,0.0019852324669353315,0.0029616206420901747,0.004235523219646769,0.006245097774051334,0.008373678089416598,0.011551672842344412,0.014583615070456822,0.017239607280988826,0.020871987666675692,0.02468287669380358,0.0295648175695778,0.033913937197414326,0.038609255402591074,0.0420604224704514,0.0440023801152192,0.05373651042652747
0.00013759972962860146,0.00017381018479402282,0.0003645185819985755,0.0006131637074678025,0.0011104539584062567,0.0017163755748409754,0.002698885924996078,0.004057985008871563,0.005984381223671983,0.00837909932527852,0.010959697763400883,0.014136561696580518,0.017721396757957242,0.022182524834337167,0.02755857041123007,0.03288874941158011,0.03900831633453633,0.044927518738910543,0.0490096440512257,0.06432425255585461
0.00007926494969978398,0.00014531907444960404,0.00017614433266618668,0.00036549949028233744,0.0006825592890814736,0.0012242031120299976,0.0017438288933952484,0.002809502106025678,0.004280307283788337,0.006147437210049915,0.008360250389168884,0.01110590017460307,0.014928232193459321,0.019488168605355224,0.024580941623566346,0.03081645099994936,0.03859542509131982,0.046491094803081646,0.05334971475627128,0.07349402100080807
0.00005112484892607143,0.00006339481266832857,0.00012269963742257142,0.00022903932318879991,0.00042331374910787125,0.0006891629635234423,0.0013272010781208135,0.0019877341262456555,0.0032065505246432003,0.004766880913866902,0.006666680299959714,0.009218832758349199,0.012179984008147255,0.016257701958490706,0.021333376959871087,0.028568565579888718,0.03705120051370249,0.04657882735956515,0.05779357421998819,0.08203288759281716
0.000025007742781899776,0.000038473450433691955,0.00008656526347580691,0.00013850442156129107,0.00027316149807921303,0.0005020785281596804,0.000963759933363984,0.0016101139006500095,0.0024430641025394396,0.003695374914156113,0.005511321774626372,0.007338810670226743,0.010305113698664395,0.013779266272826782,0.019200175438933976,0.025890708469353013,0.03503007661987654,0.04627009516407965,0.061261275125567706,0.08914683199990765
0.00001462485420848461,0.000042046455849393243,0.00006215563038605961,0.00009506155235515001,0.00022120091990332965,0.0005136980040730219,0.000771461059497563,0.0011937537247675564,0.0018683251251339088,0.002961532977218134,0.0043911124760975025,0.006202766291173535,0.00831605772429956,0.01162310288219315,0.016440164237112757,0.023099957222301445,0.03303388944341461,0.04611582153290411,0.06358155367138683,0.09589699715180963
0.0000175772255404118,0.00002285039320253534,0.00004745850895911186,0.00009315929536418254,0.00019159175839048872,0.0003779103491188539,0.0005220435985502308,0.0009298352310877844,0.0014290284364354797,0.002413353066698539,0.0035347800561768114,0.005160673418664907,0.007363099778878504,0.010361774456072751,0.014819358853121186,0.02093974878629258,0.030724990244639826,0.045725394520827266,0.06415687322250306,0.10139422552986549
0.00000511579604344334,0.000027284245565031144,0.000028989510912845586,0.00005286322578224782,0.0001261896357382691,0.00030524249725878596,0.0004757690320402306,0.0007230325074733254,0.001261896357382691,0.002058255274812037,0.0030933513409354065,0.004363774025057171,0.006389629258260731,0.009172622305893907,0.013069153625649924,0.01908362450739147,0.02912934267136638,0.044087930302394704,0.06542591559959687,0.10542973539397595
0.0000033442411331626656,0.000008360602832906663,0.000031770290765045324,0.00004347513473111464,0.00012708116306018124,0.0002157035530889918,0.000407997418245845,0.0007073069996639034,0.0011086159356434233,0.0018175950558739075,0.0026620159419974802,0.0037973858067062026,0.005720324458274734,0.008108112627352875,0.011569402200176234,0.017869952495054704,0.027300712490573417,0.043488511695647304,0.06594174666370144,0.1066762757861893
0.000004943324781381461,0.000013182199417017228,0.00001812552419839869,0.000052728797668068906,0.00014006086880580804,0.00018619856676536833,0.00032625943557117637,0.0005388224011705792,0.0009573572326608761,0.00155220398135378,0.0022162572769860236,0.0033647564011936495,0.00501582687817506,0.007383679448456777,0.01066934265314832,0.016281664054943402,0.02582557643286387,0.04189962084698928,0.06568525192006974,0.10875314519039217
0.000008159295559058613,0.000008159295559058613,0.000019582309341740672,0.00004732391424253995,0.00009627968759689163,0.00015176289739849018,0.0002855753445670516,0.0005205630566679395,0.0008338800061357905,0.0013479156263564826,0.0020545106217709588,0.0029748791608327696,0.004335849660083748,0.006525804588135078,0.009794418389093956,0.015442282775074331,0.024260849415304875,0.0409971964660459,0.06557299468993048,0.10832443970117393
0.0000016197978168365025,0.000021057371618874536,0.000021057371618874536,0.000046974136688258566,0.00007289090175764263,0.00011986503844590121,0.0002688864375948594,0.00044220480399636506,0.000764544569546829,0.00115329604558759,0.001801215172322191,0.0025819577200373854,0.004204995132507561,0.005910642233636398,0.00888297122753138,0.014207246651472964,0.02333480734934666,0.03939834229891425,0.06464289127431115,0.10898323671239353
0.000008064490114548018,0.000009677388137457622,0.000022580572320734445,0.000027419266389463256,0.00006290302289347456,0.00012258024974112983,0.0002516120915738981,0.00038548262747539535,0.0006661268834616665,0.0010096741623414117,0.0015951561446575983,0.002390314869952032,0.0036499882258444307,0.005653207570298162,0.008490295192596154,0.013209634807629652,0.022109606098044847,0.03860471417834137,0.06308850616610913,0.10829803774826532
0.000004821732512781609,0.000004821732512781609,0.00001607244170927203,0.000025715906734835246,0.000045002836785961696,0.000118936068648613,0.00016876063794735624,0.0003278778108691494,0.0005914658549012108,0.0009514885491889041,0.0014754501489111724,0.0023610416870920616,0.0034877198509120303,0.005173718986214666,0.007824064624073621,0.012774376670529407,0.021305628729811,0.03709037373248706,0.061211894249762526,0.1066068986134304
0.0000016028389483453093,0.0000032056778966906185,0.000014425550535107783,0.000027248262121870258,0.0000352624568635968,0.00011380156533251693,0.0001763122843179839,0.00035262456863596807,0.0005305396919022974,0.0008671358710548125,0.0014008812408538012,0.00214940702973106,0.0033162737841264446,0.004935141121955207,0.007353825095008278,0.011854596861961903,0.020609303197823992,0.03599014574614557,0.05975704167220982,0.10496190853239257
0,0.000004794599363277204,0.000011187398514313474,0.000023972996816386016,0.000039954994693976706,0.00009908838684106223,0.00014064158132279806,0.00028128316264559617,0.0005529771265646376,0.0008502422870878242,0.0014064158132279796,0.0020393029291805704,0.003011008400138084,0.004690716377072864,0.007166327848311663,0.011358405891603699,0.01951082300896271,0.035158797130911745,0.05884251978571336,0.10200989605308582
0.0000015951838210076138,0.0000015951838210076138,0.000007975919105038069,0.00001276147056806091,0.00004147477934619795,0.00007975919105038065,0.00014356654389068512,0.00024565830843517237,0.0005136491903644517,0.0008566137118810887,0.001191602314292687,0.0019126254013881294,0.003022873340809428,0.004230427493312192,0.00672369980554709,0.010682946049287989,0.018644508499936995,0.034103434909321786,0.05712672299792466,0.10025092241504448
0.0000015920828902035955,0.0000015920828902035955,0.000003184165780407191,0.000012736663121628766,0.0000382099893648863,0.00006845956427875458,0.00014487954300852708,0.0002929432517974615,0.0005030981933043362,0.0007259897979328394,0.0011638125927388285,0.0017401465989925298,0.0028163946327701608,0.004039114292446521,0.006318976991218071,0.010296000050946656,0.017812223375597826,0.03296089207588503,0.05526597336763742,0.09749119578161719
0.0000015906672371859823,0.0000015906672371859823,0.0000031813344743719646,0.000009544003423115893,0.000020678674083417768,0.0000843053635708571,0.00016861072714171425,0.00024496275452664135,0.00039448547482212354,0.0006903495809387158,0.0010927883919467697,0.0016129365785065859,0.0025148449019910383,0.003728524003963943,0.00595863947049869,0.00964421545905861,0.01728737153373725,0.03165745935447543,0.053659568579231945,0.09414841243456394
0.000001587687168471073,0.000007938435842355366,0.000007938435842355365,0.000017464558853181804,0.000025402994695537165,0.000065095173907314,0.00011748885046685946,0.00023974076243913215,0.0004032725407916524,0.0006318994930514872,0.0009843660444520648,0.0014178046414446684,0.0023148478916308252,0.00365485586182041,0.0055775450228388816,0.009305434494408956,0.016785028745076182,0.030528048875361813,0.05204438538248177,0.09223827373949549
0,0.0000031723120603373756,0.000006344624120674751,0.00001427540427151819,0.00003965390075421719,0.0000793078015084344,0.00010151398593079602,0.0002093725959822668,0.00034102354648626795,0.0005710161708607277,0.0008707996605626095,0.0012784417603159623,0.002318960116106621,0.003533955635215836,0.005400861282724381,0.008922127669698873,0.01597417737982886,0.02978325177847746,0.05061899739077333,0.08944651085327265
0,0,0.0000015847885654335428,0.000014263097088901885,0.000026941405612370228,0.00006339154261734171,0.00009033294822971192,0.00021394645633352827,0.0003074489816941073,0.0004928692438498318,0.0008811424423810496,0.0012630764866505334,0.002194932163125456,0.0033819387986351794,0.005223463111668958,0.00869098049283755,0.015337583736265831,0.02837088489839129,0.048849522740923544,0.08674181734043951
0,0,0,0.000006336001317888274,0.000007920001647360342,0.00006019201251993862,0.00011246402339251686,0.00019958404151348058,0.00027244805666919576,0.0004973761034542295,0.000809424168360227,0.0012925442688492084,0.0019435684042622286,0.0031030566454357824,0.004969009033553878,0.008070481678660191,0.014645667046298745,0.027216293660989085,0.04735052184890855,0.0845555215875485
0,0.000004745521414165382,0.0000015818404713884605,0.000011072883299719222,0.000030054968956380745,0.00003796417131332305,0.00008541938545497686,0.0001360382805394076,0.00024202159212243442,0.0005140981532012498,0.0007798473523945116,0.0011721437892988496,0.0018064618183256233,0.002828330762842568,0.004617392335982917,0.007980385178154782,0.013962905840945944,0.026538537588484203,0.045971447779491435,0.08224937715031441
0,0.0000031617903954293156,0.000004742685593143974,0.0000031617903954293156,0.000012647161581717263,0.00006323580790858632,0.0000901110262697355,0.00014544235818974855,0.00024029607005262817,0.000491658406489259,0.0007714768564847532,0.0011461490183431273,0.0018069632109878541,0.002692264521708062,0.0044106976016238955,0.007415979372479459,0.013366468896677437,0.0253891768752974,0.044786760951256256,0.07980042779024048
0.0000031579662066036233,0.0000015789831033018117,0.0000031579662066036233,0.0000031579662066036233,0.000012631864826414495,0.000048948476202356166,0.00007263322275188333,0.00014210847929716305,0.00023211051618536626,0.00044053628582120546,0.0006647518864900624,0.0011952902091994708,0.0018174095519003848,0.002647954664237137,0.004177989291336594,0.0070801602352053225,0.012717129913992795,0.02491161642079268,0.04309202787220973,0.0771191137483638
0.0000031576570815985956,0.0000031576570815985956,0.000004736485622397894,0.000004736485622397894,0.000029997742275186657,0.000053680170387176124,0.00006946845579516914,0.00011051799785595092,0.00022419365279350038,0.0003868129924958282,0.0006710021298397017,0.0010293962086011421,0.0016719794247064563,0.002668220233950813,0.004235996974964514,0.006738440212131404,0.012261182447847347,0.023887675822293376,0.04163370862087748,0.07522012816930095
0,0.000003157263284185268,0.00000789315821046317,0.000006314526568370536,0.000012629053136741073,0.00003157263284185269,0.00007103842389416853,0.00009156063524137277,0.00019101442869320866,0.00035361348782874996,0.0006330312884791462,0.0010355823572127676,0.00153442995611404,0.0024879234679379904,0.003910270577463455,0.006303476146875889,0.011746598048811297,0.022910681021690398,0.04064187162567487,0.0725523316389354
0.000003156162169924615,0.000003156162169924615,0.000003156162169924615,0.000007890405424811538,0.000015780810849623076,0.00002840545952932153,0.00004892051363383153,0.00011835608137217301,0.0001862135680255522,0.0003471778386917076,0.0006044050555405639,0.0009705198672518194,0.0015607221930277223,0.0022203600865419665,0.0037747699552298395,0.006069299852765034,0.01127854551422561,0.022225694000609142,0.03934629569136522,0.07052602176805048
0,0.0000031533207620945616,0.0000031533207620945616,0.000006306641524189123,0.00002837988685885105,0.00002837988685885105,0.00004414649066932388,0.00010248292476807326,0.00019708254763091006,0.00035159526497354366,0.000605437586322156,0.0008829298133864771,0.0014473742298014038,0.0021474114389863964,0.0033787831965843233,0.005636560862244029,0.010908913176466133,0.021406317993478932,0.03828289071220903,0.06834665085801855
0,0,0.0000015753092332024776,0.0000047259276996074325,0.000011027164632417345,0.000023629638498037167,0.00005986175086169416,0.00010554571862456602,0.00013705190328861555,0.0003103359189408879,0.00052142735619002,0.0008207361104984909,0.0013642177959533456,0.0020872847339932824,0.0032467123296303067,0.00544269340071456,0.01063018670565032,0.02098469429549021,0.03715366826508044,0.06621654830843295
0.0000015748304301334354,0,0.0000015748304301334354,0.000004724491290400307,0.000011023813010934047,0.00003307143903280215,0.000037795930323202454,0.00009291499537787265,0.00019842863419681294,0.0002551225296816164,0.0004992212463522991,0.00082521114538992,0.0011795479921699432,0.0017653849121795813,0.00297485468252206,0.005269382619226475,0.010280493047911066,0.020063339679899962,0.03565101127736071,0.06385779911148069
0.000003148411390322728,0,0.000006296822780645456,0.000006296822780645456,0.000011019439866129547,0.000014167851256452275,0.00005194878794032501,0.00010389757588065002,0.00018260786063871822,0.0003022474934709818,0.0004643906800726024,0.0007713607906290683,0.0011523185688581178,0.001704864767859757,0.0028319960455952934,0.0050106967276986195,0.009794707835294002,0.019265129297384765,0.034191747698904845,0.061560887914980315
0.000001572834010962653,0,0.000003145668021925306,0.000007864170054813265,0.000011009838076738573,0.00001415550609866388,0.00004403935230695428,0.0000943700406577592,0.00014155506098663878,0.000267381781863651,0.0005127438875738247,0.0007219308110318574,0.0010852554675642304,0.0017128162379383292,0.0026911189927570985,0.004866348429918449,0.009359935199238747,0.01873717157259809,0.03278100645648362,0.05955850549312279
0,0,0.0000015734675606060367,0.0000031469351212120735,0.000006293870242424147,0.000020455078287878475,0.00004091015657575695,0.00007709991046969581,0.00014003861289393736,0.0002910914987121169,0.00046259946281817496,0.0006561359727727173,0.0011439109165605886,0.0015829083659696737,0.0026607336449848084,0.004581937536484778,0.009110377175908952,0.017633850951711855,0.03170537134621164,0.056962672629059734
0,0,0,0,0.0000015718747593066776,0.00002514999614890684,0.000044012493260586996,0.00008645311176186726,0.00014146872833760096,0.00023420933913669494,0.0003882530655487492,0.0005627311638317901,0.0009164029846757928,0.0015200028922495573,0.002397109007942683,0.004394961827021469,0.008716045540355528,0.01740222546028422,0.03090148589320997,0.054690238500557244
0,0,0,0.0000015733660593473679,0.000006293464237389471,0.000015733660593473677,0.00004090751754303156,0.0000912552314421473,0.00014002957928191563,0.00022971144466471578,0.0003713143900059787,0.0005648384153057052,0.0008527644041662736,0.001406589257056547,0.002328581767834104,0.0042811290474841866,0.00829635923093867,0.01679253595141445,0.029617042701154846,0.052534692721608614
0,0,0.0000015718376983266215,0.000004715513094979864,0.000012574701586612972,0.00004715513094979865,0.00005344248174310514,0.00008959474880461739,0.00012260334046947642,0.00021219808927409382,0.0003426606182352035,0.0005422840059226846,0.00082835846701813,0.0013234873419910162,0.0021534176467074718,0.004264395675560124,0.008044665340035652,0.016021741659043253,0.028461265203600136,0.05069176577103356
0,0,0.0000015716697104670058,0.00001571669710467006,0.000018860036525604074,0.000033005063919807124,0.00005343677015587818,0.00009744352204895434,0.00010687354031175636,0.0002027453926502437,0.00028761555701546193,0.0005249376832959798,0.0008675616801777865,0.0013013425202666813,0.002148472494208397,0.004075339559240944,0.007720041617813932,0.015267199567476495,0.026936847167694008,0.04938186230287332
0,0.0000015695310084393683,0.0000015695310084393683,0.00001569531008439368,0.000014125779075954312,0.000023542965126590523,0.00004865546126162041,0.0000627812403375747,0.00010201951554855888,0.0002071780931139967,0.0002950718295866013,0.00045987258547273486,0.0007988912832956384,0.001219525593557389,0.0020529465590386933,0.0037511791101700913,0.007246524665964563,0.014588790723443927,0.02612484363547328,0.04751127315646811
0,0.00000157089693502299,0.00000471269080506897,0.00001256717548018392,0.00000785448467511495,0.000029847041765436806,0.00003927242337557476,0.00008797022836128744,0.00010996278545160929,0.00017279866285252888,0.0002984704176543681,0.000510541503882472,0.0007178998993055068,0.0011027696483861392,0.0018709382496123808,0.0034135590398049575,0.006863248709115444,0.014097229094896312,0.025313433210960457,0.04610268324905472
0.0000015700189187279706,0.0000031400378374559413,0.0000015700189187279706,0.000007850094593639853,0.000007850094593639853,0.000025120302699647527,0.00003454041621201535,0.0000690808324240307,0.00011618139998586984,0.00018212219457244453,0.00026219315942757105,0.0004867058648056707,0.0007190686647774106,0.0010424925620353726,0.0018306420592368133,0.003204408613123788,0.0065893694019012955,0.013381271244318496,0.024599056418629858,0.04478478965671537
0.0000015697133232557738,0,0.0000015697133232557738,0.0000031394266465115476,0.000009418279939534642,0.00001255770658604619,0.00003296397978837125,0.00005337025299069631,0.0001004616526883695,0.00013656505912325222,0.0002511541317209237,0.0004144043173395243,0.0006608493090906805,0.0011097873195418321,0.001613665296306935,0.003137856933188291,0.006520589144804483,0.013173034208762454,0.02355197870212964,0.04294421709763147
0,0.000003138150813251783,0.0000015690754066258916,0.000003138150813251783,0.00001098352784638124,0.000010983527846381241,0.000040795960572273183,0.000056486714638532115,0.00008943729817767583,0.00016161476688246674,0.0002588974420932721,0.00044404834007512746,0.0006448899921232415,0.0010355897683730884,0.0015580918787795096,0.0030706805707668696,0.006248058269184303,0.01273775415098899,0.022605669383259214,0.040799098723086444
0,0.000001568344533927213,0.000001568344533927213,0.000009410067203563279,0.000012546756271417704,0.000023525168008908197,0.000039208613348180325,0.000043913646949961963,0.00007684888216243341,0.00014899273072308523,0.00026505022623369906,0.00042658971322820214,0.0006289061581048126,0.000926891619550983,0.0015605028112575772,0.002968876202724214,0.00607576672443402,0.012237792398234044,0.022124636340111192,0.03925095865059635
0.0000015695876693192698,0,0.0000015695876693192698,0.0000047087630079578095,0.000012556701354554155,0.000026682990378427586,0.00004394845474093956,0.00003139175338638539,0.00007847938346596348,0.00014440206557737284,0.00026839949145359516,0.00036728351462070904,0.0005493556842617443,0.0009464613645995196,0.0015115129255544575,0.0028142706910894493,0.005831018191521087,0.01183626061433661,0.0210309051812089,0.03736874323115317
0.0000015684257083794711,0,0.0000031368514167589423,0.000007842128541897355,0.000007842128541897355,0.000007842128541897355,0.000018821108500553653,0.00004705277125138413,0.00010037924533628615,0.00016782155079660336,0.00020860061921446955,0.0003372115273015863,0.0005316963151406407,0.0009143921879852315,0.0014398148002923543,0.0027008290698294496,0.005660448381541511,0.011393044345668481,0.02019975469821921,0.03603458065001834
0,0,0.000003137097431972042,0.000004705646147958063,0.000003137097431972042,0.000012548389727888168,0.000025096779455776343,0.00004548791276359462,0.000073721789651343,0.00013489518957479778,0.0002290081125339591,0.0003372379739369947,0.0005333065634352471,0.0008328993681885774,0.00147443579302686,0.0025473231147612983,0.00525463819855317,0.010675542561000862,0.019333931473243696,0.03499275330493214
0,0,0,0.0000015681945063010055,0.000007840972531505028,0.00001725013956931106,0.000021954723088214075,0.000045477640682729165,0.00008938708685915733,0.00013956931106078954,0.00020700167483173284,0.0003544119584240275,0.000472026546396603,0.0008154611432765235,0.0013580564424566718,0.002429133290260259,0.005027631587201028,0.01012426373267929,0.01881676588110576,0.03363149938213136
0.000001567692983006208,0,0.000001567692983006208,0.000001567692983006208,0.000003135385966012416,0.000003135385966012416,0.000020380008779080705,0.00005486925440521731,0.00006584310528626075,0.00013168621057252152,0.00019125854392675745,0.00025866934219602434,0.0005549633159841977,0.0008340126669593025,0.0012996174829121466,0.002520850316673982,0.004906879036809432,0.00982629961748291,0.017912460023828933,0.032311720072740954
0,0,0.000001567152483936687,0.000004701457451810061,0.000001567152483936687,0.000007835762419683436,0.000021940134775113626,0.000045447422034163923,0.0000611189468735308,0.00008149192916470771,0.0001645510108133522,0.0002836545995925405,0.0005202946246669801,0.000791412004388027,0.0012662592070208437,0.0024055790628428144,0.004717128976649428,0.009366870396489577,0.01712740949694405,0.031600062686099356
0,0,0,0.0000015672065170715807,0.0000031344130341431613,0.000012537652136572644,0.00003134413034143161,0.000029776923824360033,0.00007679311933650745,0.0001081372496779391,0.00018806478204858964,0.00029933644476067196,0.0004497882703995436,0.0007914392911211482,0.0012318243224182627,0.002372750666846373,0.004430492823761357,0.00915248605969803,0.016452534016217456,0.03053075015907146
0.0000015672433599816945,0.0000015672433599816945,0,0,0.0000015672433599816945,0.000007836216799908473,0.000018806920319780334,0.00005642076095934101,0.0000595552476793044,0.00009246735823892002,0.00019277093327774853,0.00026799861455686994,0.00046233679119460016,0.0006880198350319638,0.0011973739270260146,0.0021236147527751953,0.004305217509869714,0.008862761200696484,0.01596707535149351,0.029338795698857324
0.000003135538348417886,0.000001567769174208943,0,0,0,0.000010974384219462602,0.000034490921832596744,0.000051736382748895126,0.00007995622788465608,0.00010347276549779024,0.00015520914824668536,0.00030571498897074374,0.000440543137952713,0.0006945217441745616,0.00112722603625623,0.0020490743106910884,0.004065225468723788,0.008657221379981784,0.01551621151714591,0.028052093834120613
0.00000313363217738865,0.000001566816088694325,0.000001566816088694325,0.000001566816088694325,0.00000940089653216595,0.000017234976975637575,0.000029769505685192175,0.000034469953951275156,0.00005640537919299573,0.00008304125270079923,0.00016608250540159857,0.00028046007987628425,0.0004214735278587736,0.0007035004238237518,0.0011124394229729707,0.0019773219039322383,0.0038355657851237078,0.008134909132500935,0.01483774835993526,0.026534030462038404
0,0.0000015654229381423126,0.0000015654229381423126,0.000004696268814426938,0.000004696268814426938,0.00001721965231956544,0.00003443930463913087,0.000039135573453557816,0.00004696268814426939,0.00008453283865968491,0.0001346263726802389,0.00023637886365948928,0.0004414492685561321,0.000666870171648625,0.0010848380961326223,0.001840937375255359,0.0037601458974178344,0.007905385837618677,0.01400114275874485,0.025416206823678594
0.000001567339159655436,0,0.000004702017478966308,0.000001567339159655436,0.000009404034957932616,0.000025077426554486974,0.00002507742655448697,0.00003918347899138591,0.00007836695798277182,0.0001018770453776034,0.0001426278635286448,0.00024450490890624805,0.0004090755206700687,0.0006551477687359723,0.0010391458628515543,0.0018087093902423733,0.003568831266535429,0.007570248141135757,0.013278497360600857,0.024315699722894428
0,0.000001565408234986561,0.000007827041174932805,0.000007827041174932805,0.000014088674114879048,0.000010957857644905927,0.000028177348229758104,0.00005478928822452965,0.00008296663645428778,0.00011740561762399213,0.000139321332913804,0.00027551184935763483,0.0003600438940469088,0.000655906050459369,0.0010018612703913989,0.0017501264067149754,0.0034376364840304884,0.007277582884452523,0.012681372111626132,0.02344355372715873
0,0.0000015647493271577892,0.0000031294986543155785,0.0000015647493271577892,0.000012517994617262314,0.000031294986543155784,0.00003755398385178694,0.00004694247981473369,0.00007354321837641611,0.00009388495962946739,0.000156474932715779,0.00025035989234524643,0.00038023408649934313,0.0005930399949928023,0.0009278963510045688,0.001729048006509357,0.003361081554734931,0.006827001314389436,0.012183138261250543,0.022369656381047757
0,0.0000015662344903629592,0,0.0000046987034710888775,0.000020361048374718467,0.00001409611041326663,0.000028192220826533268,0.000042288331239799904,0.00007987795900851093,0.00013782863515194042,0.000156623449036296,0.0002412001115158958,0.0003915586225907399,0.0005058937403872357,0.0009585355081021311,0.0015129825176906182,0.003121505339293378,0.006592280969937693,0.011814106760807798,0.02168138405009444
0,0.0000015649746161117267,0.0000015649746161117267,0.00000469492384833518,0.00001408477154500554,0.00001408477154500554,0.00001408477154500554,0.000054774111563910434,0.00006259898464446907,0.00012206802005671472,0.00017214720777228998,0.0002331812178006473,0.0003427294409284684,0.0004914020294590821,0.0008372614196197736,0.0016072289307467438,0.0031174294352945588,0.006264593388295242,0.011480653783795624,0.020757823308105945
0,0.0000015651509744629968,0,0.00000469545292338899,0.0000031303019489259936,0.00002191211364248195,0.00001408635877016697,0.000037563623387111916,0.00006730149190190884,0.00009234390749331677,0.00017060145621646658,0.0002394680990928384,0.0003224211007393772,0.0004883271040324548,0.0008420512242610919,0.0014775025198930684,0.00298161260635201,0.006157303933537434,0.011109441616738353,0.020325050554376476
0,0,0.0000015653371736271992,0.0000031306743472543985,0.000006261348694508797,0.000010957360215390395,0.000010957360215390395,0.000039133429340679985,0.00007200550998685116,0.00007670152150773275,0.00015653371736272,0.0002394965875649616,0.0003662888986287647,0.0005243879531651119,0.0007779725752927182,0.0015637718364535714,0.002964748606849915,0.006131425709097742,0.010688122221526517,0.019234863189531024
0,0,0.000001564276920814738,0.00000782138460407369,0.000006257107683258952,0.000010949938445703166,0.000023464153812221072,0.00004692830762444214,0.0000625710768325895,0.00008447095372399586,0.0001454777536357707,0.00024559147656791396,0.00033631953797516877,0.0004896186762150132,0.0008415809833983298,0.0014579060901993366,0.003023747287934891,0.005930173806808672,0.010153721493008468,0.01881355852663885
0,0,0.000004693366708385482,0,0.000004693366708385482,0.000010951188986232792,0.000028160200250312895,0.00004067584480600752,0.0000625782227784731,0.0000985607008760951,0.0001642678347934918,0.00027690863579474343,0.000353566958698373,0.0005131414267834794,0.0008369837296620777,0.0014752816020025042,0.002905193992490615,0.005896433041301626,0.010247183979974967,0.018168022528160205
0.0000031301402772365244,0.0000015650701386182622,0,0.000004695210415854786,0.000010955490970327835,0.00002191098194065567,0.000018780841663419142,0.000034431543049601756,0.00006886308609920354,0.00011425012011913319,0.0001533768735845897,0.0002472810819016854,0.00033022979924845325,0.0004836066728330429,0.000798185770695314,0.0015275084552914238,0.0029125955279685873,0.005479310555302536,0.009720650630958028,0.01747087795739566
0,0.0000015649060430411758,0.0000031298120860823516,0,0.000004694718129123527,0.00001095434230128823,0.00002816830877474116,0.000039122651076029396,0.00006885586589381175,0.00010015398675463525,0.00016118532243324105,0.00023004118832705277,0.00031924083278039964,0.0005070295579453407,0.0007542847127458461,0.001453797713985252,0.002747975011580304,0.005140716351390261,0.00918286866056562,0.016793006747874855
0,0,0,0.0000015650823859367958,0.000006260329543747183,0.000012520659087494365,0.000021911153403115142,0.00004382230680623027,0.000059473130665598226,0.00009233986077027088,0.00013459708519056443,0.000222241698803025,0.0003490133720639055,0.0005305629288325736,0.0008310587469324387,0.0014054439825712428,0.0027122877748284664,0.005016089046927432,0.008761331196474181,0.015957580007011564
0,0,0.0000015644775974630432,0.00000469343279238913,0.00000938686558477826,0.000015644775974630432,0.000031289551949260864,0.00004849880552135434,0.00005475671591120651,0.00008135283506807825,0.00015488328214884132,0.0002221558188397521,0.0003426205938444064,0.0004943749207983216,0.0007619005899645021,0.001414287748106591,0.0025375826630850556,0.004809204134601394,0.008251054849020086,0.015122240457077777
0.0000031265095178765996,0.0000015632547589382998,0.0000015632547589382998,0.0000031265095178765996,0.000015632547589383,0.0000109427833125681,0.0000187590571072596,0.00003282834993770429,0.00006096693559859371,0.00007347297367010009,0.00015632547589383,0.0002548105257069428,0.000350169066002179,0.0005143108156907006,0.000808202710371101,0.0013912967354550874,0.0024011593097292287,0.004771053524279692,0.008191454936836692,0.014222491796820653
0.000003127648727516115,0,0,0.000003127648727516115,0.000010946770546306403,0.000021893541092612806,0.000023457365456370863,0.000053170028367773944,0.00006411679891408033,0.00007819121818790283,0.00011103152982682201,0.00023144600583619243,0.0003487328331180468,0.0005082429182213685,0.0008554119269756574,0.0011791235702735753,0.0025068104551041665,0.00466957955018156,0.007961429835892273,0.014071291625095001
0,0.0000015638365915868719,0.0000062553463663474876,0.0000031276731831737438,0.00000781918295793436,0.000004691509774760615,0.00004065975138125866,0.000034404405014911174,0.00005317044411395363,0.00008444717594569107,0.00012979843710171036,0.00018296888121566407,0.00033935254037435124,0.000500427709307799,0.0007490777273701115,0.0012635799660021924,0.002453659612199802,0.004521051586277647,0.007690948357424236,0.013583484634523565
0,0.000001563337851379724,0.0000046900135541391716,0.0000046900135541391716,0.000007816689256898619,0.000017196716365176962,0.00002032339206793641,0.000029703419176214755,0.0000390834462844931,0.000060970176203809235,0.00014382708232693454,0.0002751474618428312,0.0003236109352356026,0.0004783813825221951,0.000706628708823635,0.0011412366315071982,0.002279346587311637,0.004494596322716706,0.007394588037026091,0.013263358331105578
0,0.0000015628980505972616,0,0.000006251592202389046,0.000006251592202389046,0.0000203176746577644,0.000012503184404778093,0.00003125796101194523,0.00005001273761911237,0.00007345620837807129,0.00015003821285733694,0.00024693789199436707,0.0003235198964736327,0.0005313853372030688,0.000723621797426532,0.0012143717853140717,0.0022693279694672237,0.004176063591195884,0.007147132785381279,0.012773565767531421
0,0.0000015641619220421699,0.0000015641619220421699,0,0.00000469248576612651,0.000010949133454295188,0.000012513295376337357,0.00003597572420696991,0.000039104048051054255,0.0000813364199461928,0.00015328786836013255,0.00021741850716386148,0.00030970406056434965,0.0005067884627416632,0.0006788462741663018,0.0012732278045423267,0.002183570043170869,0.004120002502659075,0.0068776199712194215,0.01219420634424075
0,0,0,0.0000031259768677711785,0.0000015629884338855892,0.000007814942169427947,0.00001875586120662707,0.000028133791809940606,0.000043763676148796526,0.00007658643326039391,0.000140668959049703,0.0002110034385745545,0.0003313535479837451,0.0004548296342607067,0.0006502031884964051,0.0012269459206001876,0.0021334792122538293,0.004016880275085964,0.006552047514848391,0.011731791184745233
0,0,0,0.0000031277318783124636,0.0000015638659391562318,0.000010947061574093623,0.000010947061574093623,0.00002502185502649971,0.000039096648478905814,0.00010634288386262383,0.00012980087294996731,0.00019548324239452908,0.0002799320031089656,0.000458212720172776,0.0007271976617076477,0.001190101979697892,0.0021252938113133185,0.0038971539203773295,0.006410286484601391,0.011095628838313464
0,0,0,0.000001562861411701456,0.000006251445646805824,0.000012502891293611649,0.00001562861411701456,0.00002969436682232767,0.000053137287997849496,0.00008439451623187861,0.0001390946656414296,0.00017035189387545863,0.00035008095622112616,0.0005141814044497791,0.0007079762195007594,0.0011768346430111967,0.002141120134030995,0.003730550189731376,0.0062405056169239125,0.010796246632033655
0,0,0.0000031246338319728158,0.0000015623169159864079,0,0.000010936218411904853,0.000024997070655782523,0.000023434753739796112,0.000034370972151700975,0.00009217669804319807,0.00014842010701870883,0.00022966058665000203,0.0003468343553489825,0.0004905675116197321,0.0006936687106979648,0.0011904854899816432,0.0019778932156387925,0.003468343553489825,0.005794633441393586,0.010595633324219816
0,0,0,0.0000015618581739066603,0.000006247432695626641,0.000009371149043439961,0.00002498973078250656,0.00002655158895641322,0.00006872175965189305,0.00008434034139095965,0.00017492811547754593,0.000253021024172879,0.0002858200458249189,0.0004966708993023184,0.000718454759997064,0.001182326637647342,0.001846116361557673,0.0033548713575515064,0.005903823897367179,0.010024005760132943
0,0.0000015627392944544634,0,0.0000015627392944544634,0.0000031254785889089267,0.0000031254785889089267,0.000014064653650090168,0.00005000765742254282,0.000051570396716997275,0.00009688983625617675,0.00014533475438426518,0.00024691280852380526,0.00030785964100752945,0.000478198224103066,0.0007141718575656897,0.0011282977705961226,0.0018221540173339044,0.0034036461833218197,0.005677431856753065,0.00977180880822376
0.0000015627759276247212,0.0000015627759276247212,0,0.000004688327782874163,0.0000015627759276247212,0.000009376655565748328,0.000018753311131496653,0.00003750662226299331,0.0000453205019011169,0.00008751545194698436,0.00016877980018346992,0.0002562952521304544,0.00034224792814981406,0.00038913120597855574,0.0006657425451681312,0.00109238037340968,0.001894084424281163,0.0034099770740771414,0.0054540879874102775,0.0095391842622213
0.000007819635417318303,0.000003127854166927321,0.000003127854166927321,0.000003127854166927321,0.000004691781250390982,0.000010947489584245625,0.000017203197918100265,0.000025022833335418566,0.00004222603125351883,0.00008601598959050134,0.00015795663542982974,0.00020800230210066688,0.00028619865627384976,0.00041287675003440634,0.000663105083388592,0.0011244635730103716,0.0018157193439013104,0.0033421121773618413,0.0051953657712662795,0.009264704042438723
0.000003127345509131849,0.000003127345509131849,0.0000015636727545659245,0.000004691018263697773,0.000004691018263697773,0.000012509382036527396,0.000009382036527395547,0.00003127345509131849,0.000048473855391543637,0.00009538403802852135,0.00015167625719289462,0.00021265949462096558,0.00032368026019514626,0.0004065549161871401,0.0006395421566174627,0.0010288966725043778,0.0017388041030773082,0.0031351638729046776,0.005158556417312983,0.008898861646234676
0.000004685442797771603,0,0,0.0000015618142659238677,0,0.000006247257063695471,0.000017179956925162542,0.000026550842520705744,0.00004841624224363989,0.00009058522742358433,0.00012806876980575718,0.00020928311163379828,0.00032641918157808833,0.0004170044090016726,0.0006622092487517198,0.0010339210440416008,0.0017289283923777213,0.003172044774091376,0.005110256278102897,0.008421302521861495
0,0.000003126665926689064,0.000003126665926689064,0.000001563332963344532,0,0.000006253331853378128,0.00002344999445016798,0.000018759995560134387,0.0000594066526070922,0.00010786997447077268,0.00012037663817752893,0.00019854328634475547,0.0003173565915589399,0.0005190265438303847,0.0006378398490445692,0.001005223095430534,0.0016821462685587163,0.003134482591505787,0.004972962156398956,0.008351324690186492
0,0,0,0,0.000003124526438961595,0.000007811316097403988,0.00001874715863376957,0.00003124526438961595,0.00005936600234027027,0.00010935842536365576,0.00012498105755846375,0.00018434705989873418,0.0003202639599935635,0.0004483695439909889,0.0006905203430105127,0.0009951616708092682,0.0017622329115743387,0.002926119010087534,0.004830517874634627,0.008139391373494955
0,0,0.0000031263531247117894,0.0000015631765623558947,0.000004689529687067684,0.000010942235936491264,0.000023447648435338418,0.00003907941405889737,0.00004533212030832094,0.00009379059374135364,0.00012818047811318336,0.00024072919060280792,0.00031888801872060284,0.0004486316733961419,0.0006768554515001025,0.0010238806483431114,0.0016851043342196543,0.002913761112231387,0.004720793218314801,0.007965947761765636
0,0,0,0.0000015622046456841753,0.000007811023228420876,0.000009373227874105051,0.00001718425110252593,0.000028119683622315145,0.00007029920905578788,0.00007186141370147205,0.000098418892678103,0.00020464880858462697,0.0003061921105540982,0.00046709918905956825,0.0006201952443366172,0.000959193652450083,0.0016793699941104875,0.0029994329197136145,0.004528831267838422,0.007837580707397505
0,0,0.0000015630714980164624,0,0.000009378428988098775,0,0.000020319929474214016,0.00003438757295636217,0.000048455216438510346,0.00008284278939487253,0.0001344241488294158,0.00021101465223222248,0.00035012801555568744,0.0005001828793652677,0.0006377331711907163,0.0009769196862602885,0.001575576070000594,0.0027572581225010404,0.004632943920120795,0.007701253270727111
0,0.0000031247461143782067,0.0000015623730571891033,0.0000015623730571891033,0.0000015623730571891033,0.00000937423834313462,0.00000937423834313462,0.000026560341972214757,0.00005155831088724043,0.00008905526425977892,0.00014998781349015393,0.00021560748189209628,0.00037496953372538497,0.0005046464974720804,0.0006811946529344492,0.000949922818770975,0.0015623730571891032,0.002673220300850555,0.004468386943560833,0.007382212695218512
0,0.0000015616874345067332,0.0000015616874345067332,0.0000015616874345067332,0.0000031233748690134664,0.000007808437172533667,0.000007808437172533667,0.00003904218586266833,0.00005465906020773566,0.00008901618376688379,0.00013742849423659256,0.00022488299056896974,0.0003263926738119076,0.000470067917786527,0.0006715255968378955,0.0009823013963047354,0.0015991679329348943,0.0027782419459874757,0.004222802822906207,0.007214995947421107
0,0,0,0,0.000003124306794429986,0.000004686460191644979,0.00001718368736936492,0.000034367374738729845,0.0000640482892858147,0.00006404828928581471,0.00014215595914656437,0.00020776640182959406,0.00030774421925135377,0.000493640473519938,0.0006982825685551019,0.0009357298849317807,0.001585585698173218,0.0026744066160320676,0.004338099984066033,0.006939085390428999
0,0,0,0.000001561626465196031,0.000004684879395588093,0.000007808132325980155,0.000018739517582352372,0.00003435578223431268,0.00005309529981666505,0.00009682084084215396,0.0001327382495416627,0.0002092579463362683,0.00032481830476077455,0.0004716111924892015,0.0006761842594298811,0.0009525921437695791,0.0015725578504524028,0.0025110953560352174,0.004269486755845949,0.006836800664628223
0,0,0,0.0000031239700661188266,0.000010933895231415893,0.000015619850330594133,0.000017181835363653546,0.000031239700661188266,0.00004373558092566357,0.00010309101218192128,0.00015307453323982253,0.00022336385972749614,0.0003045870814465856,0.00045922359971946764,0.0006419758485874188,0.0009871745408935489,0.0015276213623321062,0.0025210438433578932,0.004148632247805801,0.006785262983610091
0,0,0.000003124502032488572,0.0000046867530487328585,0.0000046867530487328585,0.00000781125508122143,0.000021871514227420002,0.00003436952235737429,0.00005311653455230572,0.00007655029979597001,0.00018278336890058144,0.0002202773932904443,0.00031713695629759003,0.0004093097662560029,0.0006124023983677604,0.0009279771036491067,0.001635676814007769,0.002712067764200081,0.0038868805284157843,0.006588012535502155
0,0,0.0000015617313353583782,0.0000046851940060751345,0.000007808656676791891,0.00002030250735965892,0.000021864238695017293,0.000034358089377884324,0.00007027791009112703,0.00009058041745078595,0.00017959910356621348,0.00021395719294409782,0.00033577223710205134,0.0004372847739003459,0.0006434333101676519,0.000974520353263628,0.001572663454705887,0.0025909122853595493,0.0038918344877130794,0.006453073877700819
0,0,0,0,0.000004705380445693636,0.000010979221039951817,0.000028232282674161815,0.00003136920297129091,0.00007371762698253364,0.00011292913069664731,0.00014272987351937375,0.00022742672154185917,0.0002964389680786992,0.00046112728367797643,0.0006305209797229478,0.000977150672555712,0.0015935555109415785,0.0025111046978518363,0.003886644248142943,0.006255019072475404
0,0,0,0.0000016090208142932537,0.0000032180416285865074,0.00001287216651434603,0.00003378943710015833,0.00004183454117162459,0.0000627518117574369,0.00014320285247209965,0.0002043456434152433,0.00035237555833022264,0.0005020144940594951,0.0006677436379317001,0.001094134153719412,0.001773140937351165,0.002605004698340778,0.00390187547466114,0.005858444784841739,0.009549538532830464
0,0,0,0.000001582528881152081,0.000001582528881152081,0.000006330115524608324,0.000014242759930368734,0.00003165057762304163,0.00005855356860262701,0.00013451495489792686,0.00021047634119322674,0.0003592340560215222,0.0005222345307801867,0.0008118373160310176,0.0013150815002373796,0.0022677638866909324,0.0033612913435670196,0.005193859787941132,0.0072432346890330766,0.011020731128343092
0,0,0,0,0,0,0.000025552247959014194,0.000036731356441082905,0.000057492557907781935,0.00012616422429763267,0.0002475374021029501,0.0003880747658775282,0.0006196420130060948,0.0011562392201453922,0.0018062245276028162,0.002914553282825056,0.004612180756602065,0.00642798737718951,0.008837883762824033,0.013351049558584915
0,0,0,0,0,0.0000032190464540593785,0.000016095232270296893,0.00002253332517841565,0.00004184760390277192,0.00009657139362178134,0.00023820943760039404,0.0004023808067574224,0.0007275044986174195,0.0013519995107049395,0.0023579515275984945,0.0037662843512494726,0.005908559766425989,0.008501501685170814,0.011178138811721194,0.016671441585573522
0,0,0,0,0,0,0.0000032417170078303674,0.000014587726535236655,0.00004214232110179477,0.0001118392367701477,0.00019612387897373723,0.00042142321101794767,0.0008250169784928285,0.001523606993680273,0.002904578439016009,0.0047393902654479965,0.007313313569665311,0.011005629241584098,0.01441429467531773,0.021539588658528883
0,0,0,0,0,0,0.000004893038185269998,0.000022834178197926655,0.00004893038185269999,0.00011417089098963331,0.0002528069729056167,0.0005235550858238901,0.0010568962480183202,0.001870771599501564,0.0034283887551458435,0.006016805955153674,0.009526745346720688,0.014095211999034438,0.019312821717260686,0.028198579061710995
0,0,0,0,0,0,0.0000032789357886004518,0.000019673614731602708,0.00004262616525180587,0.000116402220495316,0.0002934647530797405,0.0006279162035169867,0.0012705876180826756,0.00239362312567833,0.004288848011489391,0.007439905304334425,0.01246323493247032,0.018499755719283743,0.025157634838036968,0.03727822098059855
0,0,0,0,0,0.000006595686091511847,0.00000989352913726777,0.00003627627350331515,0.00005441441025497274,0.00011377558507857939,0.000298454795640911,0.0006348347863080153,0.0014658912338385078,0.0029416759968142834,0.005230379070568896,0.00916635474567859,0.015166780167431488,0.023462504349030522,0.032277638810336094,0.049594612643600454
0,0,0,0,0,0.0000033087985917753194,0.000014889593662988937,0.000026470388734202555,0.00006617597183550639,0.00013400634296690048,0.0003259166612898692,0.000734553287374121,0.0017255384656108287,0.0031681746516248675,0.005992234249705103,0.01093392494652154,0.01877743200832494,0.029145552395652898,0.04019693969218247,0.061884460061973796
0,0,0,0,0,0,0.00001493161321149137,0.000029863226422982738,0.00006470365724979594,0.00017752029040328627,0.00036333592147962335,0.0007581941375168394,0.0017586122226867604,0.0036267229422577924,0.007002926596189454,0.012686894025363835,0.022083855939795727,0.034520230676833435,0.04921957434947939,0.07504628800095561
0,0,0,0,0,0.000008323497733511567,0.000003329399093404627,0.00002996459184064164,0.0000699173809614972,0.00015814645693671984,0.0003412634070739744,0.0007724205896698735,0.0018378282995593544,0.0039753025175251235,0.007953934434143654,0.01487908454842528,0.026055877304984616,0.041239601870456416,0.058146290466765116,0.08914466072590888
0,0,0,0,0,0.0000016684018045433917,0.000011678812631803742,0.00001001041082726035,0.00004171004511358479,0.00016016657323616562,0.0004137636475267611,0.0008241904914444355,0.0020738234430474354,0.004392901951362752,0.008714062625130137,0.016657323616561217,0.02924708363364566,0.04670023491097408,0.06664931528789941,0.10197939190091028
0,0,0,0,0,0,0.000006698349861511617,0.000018420462119156943,0.00006865808608049407,0.00014903828441863347,0.00039687722929456317,0.0008808330067887775,0.0021953841671104326,0.0045783221303431895,0.009216929409439986,0.018115687200458162,0.03189251827812219,0.05126916984000992,0.07364668213985484,0.11449489418281805
0,0,0,0,0,0.000003357050897927189,0.00001510672904067235,0.000011749678142745162,0.0000318919835303083,0.00014435318861086912,0.000397810531404372,0.0009651521331540668,0.0021652978291630378,0.004694835680751175,0.009951977386905154,0.01931814939212201,0.03388103618733013,0.05594357468850762,0.0807135747388634,0.12468926297626064
0,0,0,0,0,0.000001681243043856906,0.000006724972175427624,0.00001681243043856906,0.00004539356218413647,0.00013954317264012326,0.0003261611505082399,0.0008826525980248755,0.0021065975339527036,0.00484197996630789,0.01008577702009758,0.019694081015739794,0.03646279913516858,0.059426897871210055,0.0857080891327812,0.13529635271134063
0,0,0,0,0,0.0000016836349004045775,0.000005050904701213732,0.000016836349004045776,0.00004377450741051902,0.00010775263362589295,0.00034851242438374753,0.0008384501804014795,0.0020456164039915617,0.004965039321293097,0.010435169112707572,0.020255811486767472,0.0371426695378254,0.06106375420277361,0.09131698972814349,0.14366456605152256
0,0,0,0,0,0.0000033750945026460742,0.0000067501890052921484,0.0000067501890052921484,0.000042188681283075924,0.00011812830759261259,0.0003121962414947616,0.0008387109839075487,0.0021904363322173014,0.005027203261691326,0.010450980127443563,0.020959336861432122,0.0378651852251863,0.063372461928934,0.0942900151204234,0.1495335619397343
0,0,0,0,0,0,0,0.0000033800398506698393,0.000027040318805358718,0.0001098512951467698,0.0003396940049923189,0.000741918747222029,0.0020685843886099407,0.0048757074845912456,0.010424042899465781,0.021351711736681385,0.03917973192903943,0.06563192380038162,0.09719980598571257,0.1528318818878874
0,0,0,0,0,0,0.000001690857196964573,0.000001690857196964573,0.00003212628674232689,0.00011836000378752015,0.00032295372462023346,0.0008961543143912237,0.0020408646367362396,0.004612658433319355,0.010322683187468725,0.02125745668023861,0.039613402410486026,0.06693596385623654,0.09948158318341063,0.15538639468665033
0,0,0,0,0,0,0.000005080319856938193,0.000008467199761563655,0.000037255678950880084,0.00012023423661420388,0.00028619135194085166,0.0007027775802097836,0.0019508428250642651,0.004702682747572452,0.010412962266770987,0.021042684847437997,0.04033435278418463,0.06823716287844152,0.10032784997476775,0.15691583942124998
0,0,0,0,0,0,0.000005080121990662736,0.000005080121990662736,0.00004572109791596462,0.00011345605779146774,0.0002675530915082375,0.0007637116725962984,0.001871178266560775,0.004604283897537327,0.010434570568821263,0.021746308868030285,0.040717177755161836,0.06839537573428932,0.0997194079287157,0.1573618587827689
0,0,0,0,0,0,0,0.0000050884715588363,0.000045796244029526715,0.00007802323056882328,0.00026799283543204515,0.0007615745766391664,0.0018657729049066428,0.004644078376031262,0.01053483228397742,0.021481830764220576,0.04055172600955275,0.06724075933564917,0.1003429629830656,0.15863818931828047
0,0,0,0,0,0,0,0.0000033896581529752726,0.000022032777994339272,0.00011016388997169636,0.0003067640628442624,0.0007999593241021641,0.0019100723692015667,0.00463196786604071,0.010148636510007964,0.021097232344118092,0.0398759385116011,0.06718980390827588,0.10073725064827212,0.15766655932749185
0,0,0,0,0,0,0,0.000005091908956667854,0.00002715684776889522,0.00009844357316224516,0.00025968735679006075,0.0007536025255868427,0.0017618004990070774,0.0043841336116910235,0.010092163552115683,0.021392806829947215,0.038730756827401264,0.06674983451295889,0.10003224875672559,0.15665767096084313
0,0,0,0,0,0,0.0000016962262358704356,0.000003392452471740871,0.000027139619773926972,0.0001221282889826713,0.0002832697813903626,0.0006971489829427489,0.001894684705467276,0.004515354239887099,0.009967025361974679,0.020902595904631376,0.03916416756001247,0.06617148168754156,0.09865760655693215,0.15632081744534765
0,0,0,0,0,0,0.0000016990852125215784,0.000006796340850086314,0.00002718536340034525,0.00011383870923894579,0.00025656186709075845,0.0006541478068208081,0.0017721458766600056,0.00448558496105697,0.01028116462096807,0.02112302736206826,0.03890225502589407,0.06526186301295384,0.09814425913088395,0.1535157471217497
0,0,0,0,0,0,0.0000050874015587798375,0.000011870603637152955,0.000020349606235119347,0.00007461522286210426,0.0002357162722234658,0.0007139320187487704,0.0019128629861012193,0.004592227807058599,0.010130712304050245,0.020910916207104724,0.03869986365763822,0.06603277643244271,0.096843776072933,0.15367174728502334
0,0,0,0,0,0.000003393908951604555,0.000003393908951604555,0.000008484772379011388,0.00002715127161283644,0.00008315076931431157,0.0002783005340315735,0.0006889635171757247,0.0018581651510034948,0.004495232406400235,0.010056152223604297,0.02075205628458605,0.03856838132603418,0.06491190260838871,0.09623937918617458,0.15273099368563237
0,0,0,0,0,0,0,0.0000067744137168328935,0.00001016162057524934,0.00010500341261090987,0.0002167812389386527,0.0006943774059753713,0.0019086910647176678,0.004311914330764138,0.009932984112306227,0.020379130063662546,0.037919780779972115,0.06524776571367602,0.0956225432165255,0.15204832866745588
0,0,0,0,0,0,0,0.00000169493249083889,0.00002372905487174446,0.00007118716461523337,0.0002389854812082833,0.0006830577938080722,0.0018915446597761996,0.004700047797096237,0.009915355071407504,0.02058834496621999,0.03863259626369084,0.06478201473235319,0.09597216242877045,0.15031169808506528
0,0,0,0,0,0,0,0.0000016958522844826123,0.00002204607969827396,0.00008140090965516537,0.000249290285818944,0.0007699169371551058,0.001809474387542947,0.004412607644223756,0.009941086091637075,0.02056390480163617,0.03782598520538467,0.06350966805387383,0.09501860349956076,0.15067986718084903
0,0,0,0,0,0,0.0000016922306307282006,0.000010153383784369204,0.00002369122883019481,0.00006430476396767164,0.00026906467028578387,0.0006955067892292905,0.0017700732397416972,0.004580868317381239,0.010067080022202062,0.02031353649126133,0.03719353703277512,0.063517876724383,0.09506951683431028,0.1492412037851815
0,0,0,0,0,0,0,0.0000033840317692902503,0.000030456285923612248,0.00006429660361651475,0.0002707225415432202,0.0006937265127045018,0.0018713695684175091,0.0045701349044264825,0.009969357592329075,0.01991671897815777,0.03809742965866964,0.06412063396451165,0.09450247118919954,0.14742534402912977
0,0,0,0,0,0,0.000001692264995160122,0.000005076794985480366,0.000035537564898362566,0.00006938286480156502,0.00029953090414334163,0.000769980572797855,0.0017819550399036067,0.004410042577387277,0.009909903811657673,0.020823320765445307,0.038163960170851066,0.0637560836926576,0.09405439616600443,0.14615415857199912
0,0,0,0,0,0,0.000003380634037913811,0.000008451585094784528,0.000027045072303310487,0.00009634807008054363,0.00023833469967292361,0.0007674039266064354,0.0018508971357578121,0.0044201790045723085,0.009864690122632499,0.02044776497832169,0.03764166969515133,0.06343759772145266,0.09301138428512269,0.14677191707304701
0,0,0,0,0,0,0,0.00000506786718809389,0.00002027146875237556,0.00008953232032299204,0.00026859696096897607,0.0008074801719696261,0.0020710683908677033,0.004501955352090074,0.009988766227733058,0.020016386103908178,0.037840075004434384,0.06318110023396654,0.09248012973739998,0.14635662581402617
0,0,0,0,0,0.000003375869286341233,0.000010127607859023698,0.000005063803929511849,0.000021943150361218014,0.00008777260144487207,0.0002835730200526634,0.000779825805144825,0.0019158058199986495,0.004726217000877725,0.009854162446830059,0.020204577678752278,0.03773884275200865,0.06361319289717099,0.09267436364863954,0.14569239079062857
0,0,0,0,0,0,0.00000338151999323696,0.00000169075999661848,0.000020289119959421762,0.00011328091977343821,0.0002519232394961536,0.0007202637585594726,0.0018649082762701834,0.00442640967114718,0.00996872094006256,0.019900245160199514,0.03719841068560319,0.0626426578747147,0.09244906585510188,0.1451889424296221
0,0,0,0,0,0.0000033809312098831383,0,0.0000016904656049415691,0.000020285587259298834,0.00011833259234590988,0.00028568868723512496,0.0006761862419766275,0.0017918935412380627,0.004449305472206208,0.009923033101007011,0.02019768304784187,0.036897792759059626,0.06211446818797301,0.09235182646356287,0.1451602814963326
0,0,0,0,0,0,0.0000016878064423571904,0.000013502451538857524,0.00003713174173185819,0.00007595128990607353,0.00023629290193000665,0.0007595128990607359,0.001996675021308557,0.004543574942825556,0.010182536266740932,0.020054516148088137,0.03730896140830569,0.06191549153143117,0.09300994961897768,0.14450154856241085
0,0,0,0,0,0,0,0.000006752912615622526,0.000013505825231245052,0.00008272317954137596,0.0002937516987795798,0.0007394439314106667,0.0018874390760664952,0.0048013208697076145,0.009962234336197131,0.020103420856708257,0.037257507128543386,0.06196303793279837,0.09153235404845554,0.14453934162478457
0,0,0,0,0,0,0.0000033730453202369225,0.000010119135960710768,0.000042163066502961533,0.00009613179162675229,0.0002647840576385984,0.0007319508344914123,0.0019327549684957565,0.004562043795620438,0.010060107667606621,0.020219720172160244,0.037056275888122846,0.062048855188418295,0.09130665029615337,0.14387218856672557
0,0,0,0,0,0,0.00000168503069283407,0.000020220368314008842,0.00003875570593518362,0.00011121202572704862,0.00032015583163847323,0.0007835392721678425,0.002015296708629548,0.004532732563723648,0.009849004399615138,0.020538839114954473,0.036895432050294795,0.06136039267955267,0.09197908539904057,0.14517718940250496
0,0,0,0,0,0,0,0.00001853162168536676,0.000053910172175612394,0.0000943428013073217,0.00026449678223659816,0.0008474005188854072,0.0019609825128879,0.004450958590248997,0.009853768657973657,0.020212945180093665,0.037152532093399374,0.06252737625930793,0.09109302874086053,0.14572761885508267
0,0,0,0,0,0,0,0.000006741531372558934,0.00003370765686279467,0.00013145986176489927,0.000342132717157366,0.0007685345764717184,0.0019702125436303485,0.004579185184810655,0.010231959240701319,0.02040155931620647,0.03728572463878032,0.06188557261724788,0.09099719046680049,0.14450978111933016
0,0,0,0,0,0.0000016849199663016007,0.0000016849199663016007,0.0000033698399326032013,0.000040438079191238414,0.00011120471777590569,0.00032518955349620913,0.0008256107834877843,0.0019241786015164282,0.004680707666385848,0.010156697556866046,0.019937657961246847,0.0368576242628475,0.062045492839090145,0.09196461668070767,0.14520808761583823
0,0,0,0,0.0000016840290057155944,0.0000016840290057155944,0.0000033680580114311887,0.000021892377074302727,0.000040416696137174266,0.00010272576934865129,0.0002829168729602199,0.0007763373716348892,0.00201409869083585,0.004715281216003666,0.00999134409091062,0.019783972759146798,0.037227145200348935,0.06255999353332861,0.09190251492891713,0.14450147689343798
0,0,0,0,0,0,0.000005050479543032611,0.0000067339727240434816,0.00001851842499111957,0.00007239020678346743,0.0002929278134958914,0.0007760903564460108,0.002033659762661132,0.004671693577305164,0.00988883894525785,0.019797879808687833,0.03668668340058889,0.06162426789090293,0.0915736115810863,0.1450632404213447
0,0,0,0,0,0,0.000005052410336557894,0.00001178895745196842,0.0000319985987982,0.00005894478725984211,0.0002863032524049472,0.0007157581310123678,0.001871075961305272,0.004412438360593893,0.009895987712538058,0.01938609846137264,0.036604712888361944,0.06207728166850798,0.09257531459675035,0.1451473282854141
0,0,0,0,0,0.00000168372277841198,0.00000168372277841198,0.00000168372277841198,0.000025255841676179705,0.00005724657446600733,0.00023235374342085336,0.000651600715245436,0.0018857695118214177,0.0043877815605416195,0.009657833856971118,0.019655779715181447,0.0369913894417112,0.06178757479938443,0.09186391479015761,0.14722303602156514
0,0,0,0,0,0,0,0.00000505112581175801,0.00002020450324703204,0.0000825017215920475,0.00024413774756830385,0.000621288474846235,0.001985092444020899,0.004328814820676616,0.009816021160849736,0.019648879407738663,0.036869851008625644,0.06202277384257663,0.09230595679266981,0.1461896832439003
0,0,0,0,0,0,0.0000016827991007121607,0.000006731196402848643,0.000020193589208545928,0.00007740875863275938,0.00027093065521465793,0.0007303348097090776,0.0018578102071862253,0.004587310348541351,0.009891493113986082,0.01969716347383585,0.0369206122696248,0.06175031300063271,0.09230657907136416,0.14541235309163852
0,0,0,0,0,0,0.0000016816784496270036,0.0000067267137985080146,0.00003363356899254008,0.00008576560093097718,0.00028924869333584466,0.0007180766979907306,0.0017893058704031319,0.004380772361278343,0.009797458647526925,0.0199463880910259,0.03730467304807583,0.06242894908550328,0.09189195552296837,0.1436674716300846
0,0,0,0,0,0,0,0.000003367655354151056,0.000042095691926888204,0.00010776497133283377,0.00030140515419651935,0.0007088914520487972,0.0018202177189186454,0.004219672158751274,0.009964892192932971,0.020471976897884277,0.037695850206689856,0.06259292623992858,0.09226702139303061,0.14384771462488527
0,0,0,0,0,0,0,0.000008408745768298691,0.000016817491536597386,0.00009585970175860507,0.00026571636627823874,0.000731560881841986,0.0017624731130354062,0.004510451230115418,0.009769280833609416,0.020318893274516955,0.03723056276371931,0.06261992973652036,0.09243734223090751,0.14472292341818885
0,0,0,0,0,0,0.0000016803305546267062,0.0000033606611092534125,0.00002184429721014718,0.00008401652773133527,0.0003276644581522078,0.0007981570134476855,0.0018483636100893768,0.004365498780920183,0.00968542531686833,0.01980269558627573,0.037446166409856145,0.06232009960999527,0.09237617224060317,0.1455099047084542
0,0,0,0,0,0.0000016811073790527296,0.0000016811073790527296,0.000006724429516210918,0.00003530325496010732,0.00011767751653369107,0.00030596154298759683,0.0007413683541622537,0.0019013324457086373,0.004525541064409946,0.009980734509436057,0.020126217542019282,0.037202906298436915,0.06209674436744975,0.09224908631813954,0.1449518026514426
0,0,0,0,0,0.0000016823178302137554,0.0000016823178302137554,0.000005046953490641266,0.00003364635660427511,0.00012280920160560413,0.00031627575208018603,0.0007890070623702516,0.001857278884555985,0.004469918474877948,0.010236903996850698,0.020430067730115836,0.03738278450517987,0.06249642507461081,0.09190334074674723,0.1450376670962185
0,0,0,0,0,0,0.0000016820122248648503,0.000013456097798918803,0.00007737256234378313,0.00010428475794162075,0.00028762409045188946,0.000809047880159993,0.001964590278642145,0.004642353740626988,0.009945738285625862,0.020473452801054955,0.037251524744081846,0.06259944897279514,0.09213726565364681,0.14587251020140407
0,0,0,0,0,0,0,0.000013438196056561367,0.00003863481366261392,0.00011254489197370137,0.00030907850930091124,0.0007777355967734889,0.00207452151623166,0.004755441629515653,0.010355809836087602,0.020847681407247888,0.03791419039908082,0.062240684810471056,0.0922700136733645,0.14484863551916788
0,0,0,0,0,0.000003357321394698454,0.000005035982092047681,0.000008393303486746134,0.00003860919603903222,0.000125899552301192,0.00033405347877249616,0.0008712249019242488,0.002046287390068707,0.00474389513070891,0.010627600874917952,0.021095728983587737,0.037857156046619746,0.0623857461562867,0.09250595504882388,0.14486506085984358
0,0,0,0,0,0,0.0000016770869670217618,0.000006708347868087047,0.000058698043845761677,0.00010230230498832749,0.00032870904553626524,0.0007513349612257495,0.0021030670566452893,0.004705906029463065,0.010567324979204117,0.021173222958649738,0.03805142619475675,0.06288740708938202,0.09211064748973623,0.1454302734322591
0,0,0,0,0,0,0,0.000008382805859245984,0.000033531223436983936,0.00010394679265465023,0.0003436950402290853,0.0007879837507691225,0.0021443217387951225,0.004783229023285759,0.010535510403900356,0.021206822262720488,0.037788012252309065,0.06289116267840707,0.09346996189176454,0.14438712468082468
0,0,0,0,0,0.000003353510286892805,0.0000016767551434464025,0.000010060530860678414,0.00002515132715169604,0.00009557504317644494,0.0003118764566810311,0.0008719126745921302,0.002070792602156309,0.004976609265748924,0.010063884370965307,0.020518452690353628,0.0375660222337732,0.06305102365901508,0.09194989855631379,0.14628682573483795
0,0,0,0,0,0,0,0.000008390514690952174,0.000035240161701999136,0.00011411099979694959,0.00038428557284560965,0.0008877164543027397,0.0021144097021199475,0.004681907197551312,0.010231393614147079,0.02070946836020815,0.03728409108071506,0.06293389449095588,0.09273029026146525,0.1464044127394863
0,0,0,0,0,0,0.000006703288968732509,0.000013406577937465017,0.0000368680893280288,0.00010557680125753701,0.0003804116489755702,0.0009552186780443828,0.002134997536541305,0.004596780410308316,0.01007169167552059,0.020471844510509075,0.03704069901897365,0.062612070612446,0.09333827142287365,0.14632609489846188
0,0,0,0,0,0,0.0000033508470941454,0.0000083771177353635,0.000038534741582672095,0.00013403388376581596,0.0003267075916791767,0.0009298600686253486,0.0020993057044820934,0.004640923225391379,0.010288776002573451,0.02041503592108085,0.0376082323611409,0.06290545249839158,0.09367125509328755,0.14675202391164485
0,0,0,0,0,0,0.000001677056028764865,0.000008385280143824325,0.000038572288661591886,0.0001207480340710703,0.0003555358780981513,0.0008066639498358998,0.0018984274245618272,0.004424073803881714,0.010214948271206793,0.020473499999161475,0.037403380609542784,0.06235294314947767,0.09251647288284252,0.14847144728258227
0,0,0,0,0,0,0,0.00002010437521465609,0.00003183192742320549,0.00009214505306717372,0.0002864873468088493,0.0007421865183410544,0.0019266692914045416,0.0046441106745855575,0.010140981931192776,0.019858096618276557,0.037657170141652076,0.06242408504150716,0.09312179062968573,0.14824631210367153
0,0,0,0,0,0.0000016738278601952017,0,0.00002175976218253762,0.00004686718008546564,0.00010210349947190727,0.00027785542479240365,0.0008151541679150632,0.001944987973546824,0.004718520737890275,0.010016185915408088,0.020432416689402825,0.03726945113510635,0.06262292173348308,0.0931066747233581,0.1474759512782187
0,0,0,0,0,0,0.000005025066707760545,0.000006700088943680727,0.00003852551142616418,0.00011725155651441271,0.00033667946941995657,0.0008241109400727298,0.0020921027726643073,0.004803963772619084,0.010172410038743267,0.02048719696753974,0.03730274519394245,0.062809983802535,0.09343441534186367,0.14841032014699995
0,0,0,0,0,0,0.000006701379814103724,0.000010052069721155586,0.00004690965869872605,0.00011559880179328925,0.00032166623107697864,0.0008343217868559136,0.0021075839515356217,0.004690965869872607,0.010360333192604359,0.020528001715553232,0.03791305629829182,0.06384907152382675,0.09352948272049214,0.1481004938916923
0,0,0,0,0,0,0,0.000008373918927066516,0.00003182089192285276,0.00011556008119351794,0.0003533793787222069,0.0008172944872816917,0.0019578222451481515,0.004647525004521915,0.010214506307235735,0.020742197182343755,0.03766588733394517,0.06363675949434931,0.09333402557729795,0.1482116658739357
0,0,0,0,0,0,0.0000016740155951292842,0.000006696062380517137,0.000030132280712327117,0.00013559526320547203,0.00036326138414305437,0.0008972723589892963,0.002109259649862897,0.0048864515221823815,0.010139512459698076,0.020568629617353514,0.03734896194292946,0.06336818633802392,0.09358081979891723,0.14728826213745005
0,0,0,0,0,0,0,0.00001172030660322074,0.000046881226412882956,0.00009376245282576598,0.00034993486858187633,0.0008740000066973179,0.0021364444608156664,0.004850532604218641,0.010285406209083574,0.020358172569794424,0.03830028764981064,0.06389743727124472,0.0926188857671945,0.1484862386857183
0,0,0,0,0,0,0.0000033455837458159295,0.000013382334983263718,0.00003512862933106726,0.00011207705548483364,0.0003529590851835806,0.0009116715707348409,0.002156228724178366,0.005046813080563328,0.010356254485173213,0.020436498311316612,0.03751737612557982,0.0627531143202694,0.09307915818421787,0.14792665811312422
0,0,0,0,0,0,0.000005018023066179361,0.000015054069198538081,0.00004348953324022114,0.00011875987923291158,0.0003295168480124448,0.0008915354314245334,0.002067425503265894,0.004825665515309149,0.010509412974934976,0.020302921325761693,0.03748128695564903,0.06302804238556818,0.09392233772967912,0.14951868795423562
0,0,0,0,0,0,0.000005016823080061807,0.000003344548720041205,0.000030100938480370842,0.00008528599236105075,0.00030769848224379077,0.0008478431005304449,0.0019682669217442497,0.004739225536298387,0.010175789480725362,0.020324822571690396,0.037455601115741456,0.06353639203462276,0.09434303029492232,0.14970367298340437
0,0,0,0,0,0.0000016725428672736882,0,0.00000836271433636844,0.000028433228743652692,0.00008864477196550545,0.0003144380590474533,0.0008630321195132224,0.0019384771831702041,0.004796852943340937,0.010189131147431309,0.020374917209128072,0.037648939942330734,0.06362687575682566,0.09353194222367917,0.15077137677038674
0,0,0,0,0,0,0.0000033462442590996928,0.0000033462442590996928,0.000026769954072797546,0.00009369483925479141,0.00036306750211231685,0.0008181567213498757,0.002088056417678208,0.0047801099241239105,0.009958422915080685,0.020154429172557452,0.03740933769460501,0.06308674301680652,0.09485263976843991,0.1510762358098329
0,0,0,0,0,0,0,0.000006690876488092749,0.000033454382440463746,0.00012712665327376232,0.0003362165435266608,0.0009467590230651241,0.001983844878719501,0.004658522754834575,0.009733552571052932,0.020034156924471705,0.03743545395087893,0.0635415812882948,0.09539684424810438,0.15086588305351525
0,0,0,0,0,0,0,0.000006692197399746701,0.00004851843114816359,0.00010540210904601058,0.00028776448818910826,0.0008214672308189079,0.0019808904303250242,0.004520579343528895,0.009912817398374794,0.01992267165904593,0.03732907709578709,0.06398911848702804,0.09538054343988983,0.15032013799311034
0,0,0,0,0,0,0.0000033427766774471216,0.0000033427766774471216,0.000023399436742129848,0.00012702551374299054,0.00024402269745363978,0.0007855525192000729,0.0019772524047099714,0.004608017649860856,0.010130284721003502,0.01989954956084272,0.037719892028313315,0.06299964065150719,0.09454040999155951,0.15111523386901332
0,0,0,0,0,0,0.000001670941491983658,0.0000050128244759509745,0.00002673506387173853,0.00013534626085067637,0.0003358592398887156,0.0008588639268796004,0.002143817934215034,0.004618482283842832,0.010147627680816756,0.02023677240941409,0.03789528209669738,0.0635576015305824,0.09486101944140428,0.150922777438948
0,0,0,0,0,0,0.0000016727247180204306,0.000005018174154061292,0.00003010904492436776,0.00013047252800559353,0.00028269047734545265,0.0008330169095741743,0.0021477785379382325,0.004773956345230309,0.010178529909154315,0.020479168722724133,0.03784874219464828,0.06392150237443273,0.0949656004161739,0.15039802484665296
0,0,0,0,0,0.0000033441125226981637,0.0000033441125226981637,0.000010032337568094491,0.000050161687840472456,0.00013042038838522834,0.0002809054519066456,0.0008259957931064465,0.0019947631197894545,0.004810505863901307,0.009696254259563325,0.020151622061779142,0.03780519206910273,0.06438085428698505,0.096261951022128,0.15130771520200112
0,0,0,0,0,0,0.000005016311372479512,0.000010032622744959024,0.0000434746985614891,0.00011370305777620227,0.00031101130509372956,0.0007842166778976303,0.001917903048077999,0.0046768743029417335,0.010121244245872829,0.020337798407822766,0.038254390526528764,0.06404157518865511,0.09609747696259005,0.15224505015475318
0,0,0,0,0,0.0000016718298344721282,0.000005015489503416385,0.00000835914917236064,0.00003009293702049831,0.00011201259890963254,0.00029089839119815036,0.0007857600222019005,0.001840684647753813,0.004512268723240274,0.01000757338915016,0.020446478875594126,0.038179577929839975,0.06404612912879276,0.09557349614726811,0.1520746572330882
0,0,0,0,0,0.000001671623028947496,0.000001671623028947496,0.000015044607260527464,0.0000401189526947399,0.0000986257587079023,0.00027247455371844195,0.0007605884781711104,0.0019858881583896247,0.004598634952634563,0.010529553459340271,0.020574336240285783,0.03824673490231872,0.06383092536036016,0.09509194762470727,0.15191375762469053
0,0,0,0,0,0,0,0.000008360714673890325,0.000015049286413002584,0.00008193500380412521,0.00030767429999916404,0.000787579322280469,0.002130310098907255,0.004780656650530485,0.010684993353231831,0.020953623115703916,0.03779711889772337,0.06347120151830579,0.09556965729430554,0.15081391557350327
0,0,0,0,0,0.00000334260907351233,0.000001671304536756165,0.00000334260907351233,0.00004345391795566028,0.0000919217495215891,0.0003208904710571836,0.0008607218364294249,0.0021660106796359897,0.004921991860746907,0.010413898568527662,0.020894649318525575,0.038062289520084926,0.06420149247495133,0.09517912206372682,0.15208871284481099
0,0,0,0,0,0,0,0.0000033416428853081327,0.000028403964525119132,0.0001202991438710928,0.0003174560741042725,0.0009156101505744282,0.0021954593756474427,0.004912215041402954,0.010621411910951901,0.02065803631697488,0.03776724788975253,0.06394400743181376,0.09513657294472257,0.1518826816015827
0,0,0,0,0,0,0.000006679034011310944,0.00000834879251413868,0.00003172541155372699,0.0001319109217233911,0.00031892387404009755,0.0009166974180524273,0.002137290883619502,0.004755472216053394,0.010456027744707283,0.020748419156137454,0.037758249024443594,0.06455119396081745,0.09551018636174648,0.15176768983901862
0,0,0,0,0,0,0.000006682839137379124,0.00001503638805910303,0.00004677987396165386,0.0001052547164137212,0.0003608733134184729,0.0008838054759183891,0.0021502034924517333,0.004651256039615871,0.010121159873560687,0.020312489558063845,0.03868194363693471,0.06549015283653109,0.09548774701444163,0.15242052433555875
0,0,0,0,0,0,0,0.000013362999191538549,0.00005846312146298114,0.00014866336600586637,0.0003557898534747138,0.0009303988187108716,0.002163135494130303,0.004635290344564934,0.010296190877080455,0.02022322890149465,0.03808955882058168,0.06472535695911591,0.09632717967220567,0.1522546720385924
0,0,0,0,0,0,0.000005012489452886776,0.0000200499578115471,0.00005513738398175454,0.00013700804504557183,0.00029573687772031977,0.000768581716109306,0.002095220591306672,0.004558023742491708,0.00988462920109272,0.02074502301568073,0.037991328393246496,0.06466946809132758,0.09619635592016776,0.15348075621757545
0,0,0,0,0,0,0.0000033375609104866165,0.000006675121820973233,0.00004171951138108271,0.00009345170549362528,0.0002786863360256326,0.0007592951071357055,0.001934116547626994,0.004689273079233694,0.009902543221413786,0.020637807889993996,0.038341899739670275,0.06456344703290832,0.0968359922568587,0.15378479407249182
0,0,0,0,0,0.0000016698867649784668,0.0000050096602949354,0.000015028980884806202,0.00003673750882952627,0.00009184377207381563,0.0003039193912260811,0.0007097018751158485,0.0019353987606100422,0.004618906791930439,0.01024642518990787,0.020512889020995486,0.03805838926062425,0.06443425071345912,0.09656621184517479,0.1528397259381841
