0.0416141235813367,0.04054224464060529,0.037011349306431275,0.03757881462799496,0.03846153846153846,0.03877679697351829,0.03833543505674654,0.03833543505674653,0.04047919293820933,0.04136191677175282,0.04003783102143758,0.03953341740226985,0.03984867591424967,0.039029003783102145,0.03776796973518285,0.037831021437578806,0.037389659520807056,0.04110970996216897,0.04047919293820932,0.04174022698612861
0.00436870970393771,0.005020493006541321,0.006699862597033505,0.008338128736010147,0.009500769221735502,0.011461991051191412,0.013605242451644729,0.01530809972871722,0.017504198423976235,0.020393183873354388,0.02223109534826367,0.023176474733121157,0.02329978508766779,0.02473840589071179,0.024515272868198858,0.02650585430588014,0.029805874270413743,0.03167901727519348,0.032888633134079456,0.03639417035619078
0.001215106612872127,0.0015134262004634876,0.0022155686444285173,0.003376104601033931,0.004591211213906062,0.006031876539347261,0.008098285389980099,0.010226540984381876,0.012751343347655094,0.015843680536102127,0.018186580711819642,0.02050037653752824,0.022330312544338652,0.024804182295096285,0.027198015083329405,0.030417683803065417,0.03431402866050867,0.03839227570550763,0.03978928450593549,0.046988973089390394
0.0004425818700152307,0.0004853139126373909,0.0008790591625130101,0.0014315234278423677,0.00240215125311715,0.0033330993245284978,0.004651688068298012,0.006244982800352845,0.008528094791879689,0.011302625273561382,0.014052737445173259,0.0169402026109278,0.020270249646697575,0.023804800029301968,0.027723938795505814,0.03149046312377338,0.03649621668808356,0.04154470229501592,0.04602546219282529,0.05769436211743376
0.00017910301951408814,0.00027136821138498213,0.0004558985951267698,0.0008331004089518946,0.0013351316000141116,0.002089535227664361,0.002966054550437854,0.004016249528497734,0.006018946928518899,0.008078631652930912,0.011166801898492004,0.01333503390745801,0.01640149469610831,0.020786804992089618,0.026268442862066258,0.03151670407025181,0.03703633348982234,0.04449353193868164,0.05073771448265006,0.06760324882022671
0.00010392001128274409,0.00014103430102658127,0.0002721714581214726,0.0005319714863283331,0.0008338343762448754,0.001321268714880603,0.0020016973601842854,0.0029617203215582064,0.00413205759148054,0.005930863501065182,0.008011738012702987,0.010664172586395881,0.013425475743337358,0.018059813389351163,0.02379025972579963,0.029466271770623796,0.03694603829699845,0.04620729073107725,0.05542400601746351,0.07669791689863098
0.00006874017588319669,0.00010311026382479503,0.0001512283869430327,0.0003414095402198768,0.000556795424653893,0.0009371577312075819,0.0014618744071159837,0.002128654113182991,0.0030681031835866797,0.0044795681283883206,0.006308056806881349,0.008514616452731964,0.011147365189058399,0.015697964832526015,0.020860352041354085,0.027140912777882165,0.03638188375577991,0.047013697625714335,0.05875451966656433,0.08419067608254319
0.000043018523776338084,0.0000537731547204226,0.00010539538325202836,0.00021294169269287354,0.00036995930447650775,0.0006517306352115223,0.0012002168133598327,0.0016196474201791288,0.0023143965791669885,0.0035554809901143436,0.004904111710502541,0.007003415670787844,0.009451169673661474,0.01298729232807647,0.01818823185263574,0.024823839145135904,0.034926739454008884,0.04692675666141842,0.06193376868079395,0.09181228436964957
0.000020434018554088846,0.0000265642241203155,0.00007560586865012875,0.00015938534472189307,0.0003126404838775595,0.0005312844824063102,0.0007335812660917894,0.0013404716171482283,0.001861539090277494,0.0028117209530426263,0.00405002247742041,0.0058114348767828675,0.007771057256119992,0.011089541869304016,0.015709673464383504,0.02295557644366341,0.03203645428910049,0.04628918223057747,0.06370305284237199,0.09809554947075894
0.00000786720163637794,0.000021634804500039333,0.00005703721186374006,0.00011210762331838565,0.00020848084336401538,0.00036582487609157423,0.0005762725198646839,0.0010758398237746829,0.0016206435370938559,0.002240185665958619,0.0033887971048697984,0.004787192195735977,0.006608449374557471,0.009786798835654156,0.014424514200298954,0.02059043348281017,0.030805994807646918,0.04539375344190072,0.06439501219416255,0.10279679018173235
0.00001148536381804121,0.00001339959112104808,0.000036370318757130506,0.00008422600133230222,0.00015696663884656327,0.00026607759511795484,0.0005283267356298959,0.0008480026952320422,0.0013131599298627113,0.0020769366237624524,0.002819656817329117,0.004251498839978252,0.00593984732123031,0.008638907818469994,0.012815751793630982,0.018933622254040935,0.028931631457645816,0.04356781341643632,0.0648597637077817,0.10627789986294134
0.000005634564673533323,0.000015025505796088861,0.000020660070469622185,0.00005822383495984435,0.00012020404636871086,0.00023289533983937734,0.0003812722095757548,0.0007193460899877544,0.0011381820640537315,0.0017354459194482636,0.002599412502723373,0.003782671084165371,0.0053209072400399685,0.007668642520678851,0.011857002261338623,0.017885986462019277,0.027175505420451218,0.04289218448316015,0.06506607466173828,0.10744175738315793
0.000014831568994605019,0.000012977622870279391,0.000022247353491907528,0.00003707892248651254,0.00011865255195684009,0.00020764196592447013,0.0003374181946272641,0.0006970837427464361,0.0008991638702979291,0.0014516398153469664,0.0023823207697584313,0.00328148464005636,0.004935204582954818,0.007234097777118597,0.01052670609392091,0.01623500621071952,0.025712378798272133,0.04155620237675894,0.06451732512653184,0.10776618031480004
0.000014695994973969718,0.000009184996858731074,0.000012858995602223505,0.000040413986178416734,0.00009736096670254945,0.00018737393591811396,0.00031228989319685664,0.0005125228247171939,0.0007880727304791264,0.0011977235903785316,0.001976611323998927,0.0030806479464184013,0.004438190482138855,0.006864866652215607,0.009879382621251142,0.015059720849575471,0.024466994632287836,0.040169665261974484,0.06365570222974984,0.10646146159018013
0.0000036487827660692395,0.000007297565532138479,0.000020068305213380816,0.00004743417595890011,0.00005838052425710782,0.00015324887617490808,0.0003010245782007122,0.00048711249927024363,0.0007188102049156403,0.001202273921419815,0.0017605376846284075,0.00270922120380641,0.004057446435868995,0.006177389222955221,0.009074522739214198,0.01396936481989608,0.023078550995387935,0.03951084418238077,0.062377765777336676,0.10562678790355537
0.0000036312864376898483,0.0000036312864376898483,0.00001634078896960432,0.00003449722115805355,0.00006173186944072742,0.00012164809566260987,0.00020335204051063138,0.0003958102217081934,0.0006427376994711032,0.0010385479211792966,0.0016939951231823137,0.0024928781394740803,0.0037311468147263193,0.005621231405543886,0.008571651636166888,0.01346117882451627,0.02187668514386249,0.03773088173081637,0.06131790278683079,0.10501861942120924
0.0000036170682215237263,0.000009042670553809316,0.000012659738775333042,0.000023510943439904223,0.00003797921632599914,0.00007776696676276014,0.000159151001747044,0.0002767057189465652,0.0006347954728774143,0.0009368206693746455,0.0015462966647013924,0.002436095447196229,0.0034796196291058228,0.0054147511276210186,0.008210744862858858,0.012779102026643327,0.020836121490087428,0.03671324244846581,0.06012290797816737,0.10161068047904456
0.0000036051301001324886,0.0000036051301001324886,0.000007210260200264977,0.000021630780600794928,0.000032446170901192396,0.00009012825250331222,0.0001856642001568232,0.00027398988761006914,0.0005065207790686145,0.0008526132686813336,0.0013897776536010745,0.002127026759078169,0.003323929952322155,0.004942633367281642,0.007431975701423124,0.012392634719205424,0.020203149081142468,0.03521851594819427,0.057986715095580996,0.1003596117274882
0,0.000005394393067845281,0.000008990655113075468,0.000017981310226150937,0.00003776075147491696,0.00009889720624383012,0.000152841136922283,0.0002607289982791886,0.000514265472467917,0.0008433234496064791,0.0012784711570793315,0.0020822357241882788,0.0031107666691241134,0.004513308866763886,0.007264449331364978,0.011639302109387498,0.019410824389129944,0.0341662875607094,0.05642535148966164,0.09840811460567887
0,0.000007180529276812994,0.000003590264638406497,0.00002154158783043898,0.000025131852468845477,0.00008078095436414618,0.00016515217336669885,0.00023157206917721903,0.00042903662428957635,0.000746775044788552,0.0011417041550132667,0.0019064305229938513,0.0028883679015980273,0.004500396724242544,0.006640194448732816,0.011115459320506515,0.018690917707544216,0.03266063741558391,0.055444456810911535,0.09624063389712459
0.000001791636283501359,0.000007166545134005436,0.000007166545134005436,0.00001433309026801087,0.000028666180536021736,0.00006449890620604894,0.0001522890840976155,0.0002364959894221793,0.0004461174345918383,0.0006897799691480232,0.0011108144957708425,0.0017970111923518632,0.002701787515520049,0.00415122126887265,0.0064301826214863776,0.010568862436374515,0.018070443555394708,0.03197712438793226,0.053421219065160015,0.09278525984996838
0.000005365526492287056,0.000005365526492287056,0.0000017885088307623518,0.000010731052984574111,0.00003219315895372234,0.00005544377375363292,0.00013056114464565164,0.0002468142186452044,0.0004363961547060138,0.0006849988821819807,0.0010498546836575006,0.001704448915716522,0.002557567627990163,0.003872121618600492,0.006288397048960428,0.010004918399284597,0.01734674714956405,0.030503018108651914,0.0516914822266935,0.09016767270288394
0.000001786764009569908,0.000001786764009569908,0.000003573528019139816,0.0000214411681148389,0.00003216175217225835,0.00006789703236365653,0.00009112496448806535,0.00019654404105268986,0.0003376983978087124,0.0006396615154260271,0.0010273893055026972,0.0015241097001631313,0.0025229107815127093,0.003907652888929388,0.0059070418156381135,0.009423393386471699,0.01666157438923939,0.030262422030085525,0.050199134848866574,0.08778014226215047
0,0,0.000007136396155623391,0.000021409188466870173,0.00001605689135015263,0.00005709116924498714,0.00008742085290638655,0.00019625089427964326,0.00034433111450882855,0.0006351392578504817,0.0009384360944644756,0.0015557343619258996,0.0024424315842621063,0.0036466984355235537,0.005810810569716346,0.008931199788762674,0.015530582133675405,0.02915931469187719,0.04874336984194665,0.08505513758079737
0,0.0000017831064924690498,0,0.000010698638954814299,0.000035662129849381,0.00006062562074394771,0.00008558911163851442,0.00018900928820171937,0.0003013449972272694,0.0005028360308762719,0.000891553246234525,0.0014835446017342493,0.002259195925958285,0.003503804257701682,0.005261947259276165,0.008592790187208349,0.015231295658670619,0.027957326695422235,0.04700090403499168,0.08303748624779118
0,0.000003565799701899145,0.0000017828998509495724,0.000010697399105697434,0.00003387509716804187,0.0000517040956775376,0.00009627659195127691,0.00016046098658546154,0.0002959613752576288,0.0005402186548377206,0.0008201339314368031,0.001467326577331498,0.002155525919798033,0.003371463618145642,0.005131185771032867,0.008156766818094295,0.01449854158792192,0.026893261351723347,0.04570463767909228,0.08021444719407221
0,0.000005337261557839903,0.0000017790871859466345,0.000008895435929733172,0.00003913991809082595,0.00003558174371893269,0.00007116348743786535,0.00017079236985087685,0.00025796764196226195,0.0005141561967385771,0.0008148219311635586,0.0012933963841832029,0.001964112253285085,0.0032397177656088225,0.004913838807584604,0.007810192746305725,0.013914240881288628,0.025816334155271604,0.04368014858936178,0.0784061513718541
0.0000035576870053703283,0.000005336530508055492,0.000007115374010740657,0.000010673061016110985,0.00002134612203222197,0.000048028774572499424,0.0000782691141181472,0.00014586516722018346,0.00027394189941351533,0.00046783584120619806,0.0008502871942835088,0.0011509117462373012,0.0019051413913758108,0.003043601233094317,0.004445329913210226,0.007713065427642875,0.013617047013054936,0.024677895912751286,0.04280431120511311,0.0751881571714965
0.0000017784417293567377,0.000005335325188070213,0.0000035568834587134755,0.00001600597556421064,0.00002667662594035107,0.000037347276316491484,0.00011915559586690141,0.0001120418289494745,0.00028632911842643466,0.00046417329136210845,0.0007220473421188354,0.0011328673816002415,0.0019171601842465627,0.0027103451955396685,0.004364296003841433,0.007224030304647069,0.012819007985203365,0.023818670081274782,0.040628501307154674,0.07222607551263582
0,0.000007102083573768454,0.000007102083573768454,0.000015979688040979026,0.000017755208934421137,0.000055041147696705517,0.00006569427305735819,0.00014204167147536907,0.00023791979972124329,0.00044565574425397067,0.0006338609589588344,0.0011469864971636052,0.0017258063084257345,0.0025318927940484533,0.004018003781859502,0.006944062214252104,0.01244107490034889,0.02252958461688698,0.03936329820761165,0.06967321537956198
0.0000017750544497952475,0.0000017750544497952475,0.000005325163349385742,0.00000710021779918099,0.000008875272248976237,0.00003550108899590495,0.000060351851293038414,0.00012602886593546258,0.0002165566428750201,0.0004206879046014736,0.0006443447652756746,0.0010330816897808335,0.0016401503116108085,0.0023679226360268594,0.0038802690272524117,0.006526875211897126,0.0117277847497972,0.021717791193244854,0.03813526979940109,0.067308289681786
0.0000017731219535548436,0,0.000003546243907109687,0.000005319365860664531,0.000015958097581993594,0.000028369951256877504,0.00007092487814219375,0.00014894224409860678,0.0002110015124730263,0.00037767497610718156,0.0006276851715584144,0.0009592589768731701,0.0014273631726116484,0.0023901683933919286,0.0036987323951154037,0.006087127666553779,0.011232727575769935,0.021032772613067557,0.03702278639022514,0.06490690223182859
0,0.000005318432267992256,0.000007091243023989676,0.000005318432267992256,0.00001772810755997419,0.00003900183663194321,0.000058502754947914794,0.00011877832065182705,0.00025705755961962575,0.00038115431253944515,0.000620483764599097,0.0008686772704387356,0.0014944794673058255,0.002145101014756877,0.00352966621519086,0.005791772739843566,0.010597862699352565,0.020082400243938765,0.03546685198448435,0.06309788042746012
0,0.0000017730339270041932,0.000008865169635020966,0.000012411237489029353,0.00001595730534303774,0.00003900674639409225,0.00006028315351814259,0.00013120451059831024,0.00023226744443754924,0.00037411015859788486,0.0005088607370502035,0.0008333259456919706,0.0013120451059831025,0.002113456440988998,0.003366991427380964,0.00535810852740667,0.010251682165938247,0.019405856331060893,0.033331264793751834,0.05997819168269786
0.00000177266933867025,0.00000177266933867025,0,0.000007090677354681,0.000007090677354681,0.00003013537875739425,0.000063816096192129,0.00012763219238425794,0.00019853896593106788,0.00032262581963798535,0.0004892567374729886,0.0008579719599164005,0.0013170933186319963,0.0021608839238390345,0.0029904931743367108,0.005153149767514418,0.009572414428819353,0.018540348613152142,0.03208531502993152,0.05711540609195546
0,0,0.0000017699553617257772,0.000005309866085177332,0.000010619732170354663,0.000017699553617257775,0.0000690282591073053,0.00011150718778872396,0.00014336638429978803,0.00028850272396130177,0.00046195834941042783,0.0007858601806062451,0.0013451660749115907,0.0018726127727058729,0.00283369853412297,0.00502667322730121,0.009076331094929783,0.0175845065187456,0.030744124633176755,0.05554473916167833
0,0,0.0000017681527401063013,0.0000035363054802126026,0.000015913374660956714,0.000019449680141169316,0.00006011719316361426,0.00009724840070584662,0.0001732789685304175,0.0003041222712982838,0.0005145324473709338,0.0007620738309858157,0.0012819107365770685,0.0017999794894282147,0.0027724634964866805,0.004584820055095639,0.008759428674486619,0.017002556748862196,0.029614790244040443,0.053117076465533396
0,0,0,0.000010613382768111738,0.000010613382768111738,0.000026533456920279344,0.00005837360522461456,0.00009375154778498708,0.00016627633003375074,0.00025295228930666323,0.0004369175906206,0.0007040210569514118,0.0011444764418280487,0.0015672428554244996,0.0026957992231003815,0.004335566860773647,0.008340349958607806,0.015934225329191753,0.028266976105737588,0.05044717719396309
0,0,0.000005303529852685619,0.000007071373136914159,0.000007071373136914159,0.00002298196269497102,0.00006187451494799887,0.0000936956940641126,0.00015910589558056852,0.00023865884337085272,0.00038715767924604993,0.0006753161345753018,0.0010306526347052382,0.0015769162095318574,0.0025262480531625824,0.0042852521209699795,0.00788104536109083,0.015367861669798696,0.02727782187564636,0.04793860633842531
0,0,0,0.0000035374876409025548,0.000014149950563610219,0.00003714362022947683,0.00003537487640902555,0.00007605598427940493,0.00014326824945655347,0.00021932423373595842,0.0003785111775765734,0.000611985361876142,0.0009250530180960182,0.0015211196855880987,0.0023541980250206492,0.004045117117372067,0.007582604758274622,0.014901666687302011,0.025519435841471032,0.04594135199240147
0,0,0.0000035361241603915197,0.000012376434561370319,0.000010608372481174559,0.00002828899328313215,0.000040665427844502466,0.00009724341441076681,0.0001538214009770311,0.00023338419458584023,0.00034477210563817326,0.0006205897901487118,0.0009034797229800332,0.001414449664156608,0.0023391461320989904,0.003918025569713804,0.006992685527174228,0.013944705626503955,0.024802374860986118,0.044121989211285184
0.000003535892848303125,0.000003535892848303125,0.0000017679464241515625,0.000003535892848303125,0.00001591151781736406,0.00001944741066566718,0.00003889482133133437,0.00009370116048003279,0.00016088312459779216,0.00023513687441215783,0.0003606610705269186,0.0005498313379111361,0.0008698296406825687,0.0012605458004200638,0.0022258445480068173,0.003649041419448825,0.006659854179778936,0.01343816076997603,0.024171363511000164,0.0426092767684768
0.0000017657549485282431,0.0000017657549485282431,0,0.000005297264845584729,0.000008828774742641215,0.00001765754948528243,0.00002648632422792365,0.00007239595288965795,0.00015008917062490063,0.0002101248388748609,0.00036727702929387446,0.0004908798756908515,0.0007857609520950681,0.0013772888598520294,0.0020888881041089113,0.0033602316670492465,0.006584500203061818,0.013071883883954583,0.02278530185580845,0.04074302968234069
0,0.0000017654681491891205,0,0.000010592808895134723,0.000007061872596756482,0.000021185617790269447,0.000044136703729728014,0.000051198576326484495,0.0001059280889513473,0.00021185617790269457,0.0003071914579589071,0.0005172821677124123,0.0007644477085988891,0.0011546161695696851,0.001800777512172903,0.0033844024419955442,0.006336265187439754,0.012457143260678441,0.02204186984262617,0.039205751189042806
0.0000017656115372120288,0,0.0000017656115372120288,0.0000017656115372120288,0.000007062446148848115,0.000015890503834908255,0.00004060906535587666,0.00004060906535587666,0.0001147647499187819,0.00020834216139101934,0.0002983883497888328,0.0004873087842705199,0.0007133070610336596,0.0010152266338969167,0.0017762052064353008,0.003192225659279347,0.006047219514951196,0.011880800033899743,0.021129073265816343,0.037565151065723126
0,0,0.0000017649197490990084,0.000003529839498198017,0.000007059678996396034,0.000014119357992792067,0.00003353347523288116,0.00005118267272387125,0.00011648470344053456,0.0001959060921499899,0.000259443203117554,0.000457114215016643,0.0006671396651594253,0.001101309923437781,0.001669614082647662,0.0030586059251885823,0.005894831961990688,0.011320195270721043,0.019895940331593122,0.03618791453552606
0.0000035292353029407355,0,0.000005293852954411103,0,0.000005293852954411103,0.00002999850007499625,0.00003882158833234809,0.0000758785590132258,0.00011470014734557385,0.00019763717696468124,0.0003017496184014331,0.0004005682068837736,0.0006317331192263916,0.0010570059732307503,0.0017010914160174339,0.0029027960366687553,0.005565604072737541,0.010806518497604532,0.019391383372007864,0.03518471135266766
0,0,0.000005291275920637916,0.0000035275172804252776,0.000008818793201063194,0.000015873827761913747,0.000038802690084678046,0.00006173155240744235,0.00010935303569318358,0.00018519465722232703,0.00033335038300018896,0.00046563228101613696,0.0006420081450374008,0.0010600189427677964,0.0015644539138686107,0.0027496997200915033,0.0054500141982570536,0.010478490081503285,0.018540630825915255,0.034179878688680734
0,0.0000017641475815300805,0.0000017641475815300805,0.0000017641475815300805,0.000010584885489180484,0.000014113180652240646,0.000045867837119782096,0.00006527346051661296,0.00009173567423956412,0.00015348083959311693,0.00027520702271869246,0.00044456519054558003,0.00065802704791072,0.0009720453174230744,0.001497761296719039,0.0027185514231378547,0.005018999869453079,0.010080339280862877,0.018121323957476988,0.03287136188664999
0,0,0,0.000007055171440666008,0.000012346550021165515,0.000024693100042331023,0.000033512064343163535,0.00005291378580499505,0.00008289826442782562,0.00015344997883448566,0.0003174827148299705,0.0004338930436009596,0.000597925779596444,0.0009101171158459151,0.0015009877240016937,0.0024675462113729362,0.004956257937067868,0.009626781430788763,0.017729645830393683,0.03182058699026386
0,0,0.0000017624219907966324,0,0.000017624219907966324,0.000014099375926373057,0.00003524843981593265,0.000054635081714695585,0.000058159925696288845,0.0001797670430612564,0.0002643632986194948,0.00039302010394764894,0.0005322514412205829,0.0008318631796560103,0.0013870261067569496,0.002442716879244134,0.004857235006635521,0.009568188988034916,0.0172171004280923,0.030498712550735715
0.0000017627668388302279,0,0.000005288300516490684,0.0000070510673553209115,0.0000070510673553209115,0.00001586490154947205,0.00003525533677660456,0.00004935747148724639,0.00008637557510268119,0.00016217454917238095,0.00027851716053517585,0.0004336406423522359,0.0005870013573304658,0.0008020589116677536,0.0013167868286061808,0.002333903294611221,0.004496818205855911,0.009247474836503374,0.01657000828500414,0.02965326376280209
0,0.0000035256890518540715,0.0000017628445259270358,0.000005288533577781107,0.000005288533577781107,0.000024679823362978504,0.000019391289785197392,0.00006346240293337328,0.00009871929345191396,0.00015160462922972505,0.0002573753007853472,0.0003578574387631881,0.0006011299833411194,0.0008073827928745822,0.0013785444192749422,0.0021912157457273057,0.004375380113350903,0.008782491428168494,0.015565917163935726,0.028071536230862115
0,0.000003524024153661549,0.0000017620120768307746,0.000005286036230492324,0.000008810060384153873,0.00001585810869147697,0.00002643018115246162,0.00006519444684273866,0.00010219670045618493,0.00015153303860744664,0.00019910736468187765,0.00031540016175270874,0.0005426997196638786,0.0008175736036494795,0.0012545525987035112,0.0021672748545018524,0.0044067922041537665,0.008360747304562027,0.015001770822137212,0.026964070811741344
0,0,0.0000017616861450431437,0.0000017616861450431437,0.000008808430725215719,0.00001937854759547458,0.000036995409045906014,0.000049327212061208034,0.0000757525042368552,0.00013741151931336522,0.00022549582656552242,0.0003259119368329817,0.0004844636898868647,0.0007980438237045442,0.0011908998340491655,0.0021598272138228943,0.003937368534171425,0.008364485816664845,0.014498676973705072,0.026143422392440257
0,0,0.0000017616178698516718,0.0000017616178698516718,0.000019377796568368396,0.000012331325088961705,0.0000317091216573301,0.00006341824331466019,0.00008984251136243526,0.00009688898284184197,0.00018144664059472216,0.0002765740055667124,0.00048268329633935824,0.0007627805376457739,0.0011133424937462572,0.002083993940034528,0.003889652256632492,0.007793397456223795,0.013752950709932002,0.025041398019941506
0,0,0.0000017622076937987911,0.0000017622076937987911,0.000008811038468993955,0.000019384284631786706,0.00003171973848837825,0.00004757960773256738,0.00006696389236435408,0.00010397025393412871,0.00023084920788764155,0.00029605089255819685,0.0004687472465504783,0.0007172185313761081,0.0010661356547482684,0.0020600207940507874,0.003876856926357341,0.007491144906338662,0.013253564065060713,0.02444886954376443
0,0,0.0000017614316916789967,0.0000017614316916789967,0.00001585288522511097,0.00002113718030014796,0.000021137180300147965,0.000028182907066863958,0.0000739801310505179,0.00011449305995913484,0.00017966603255125763,0.00028887479743535543,0.000461495103219897,0.0006851969280631297,0.0012435707743253717,0.001992179243288945,0.003732473754667794,0.0070439653350243105,0.012655886704713591,0.023333685619671668
0,0.0000017607431744790842,0.0000035214863489581684,0.0000017607431744790842,0.00000880371587239542,0.000014085945395832674,0.000026411147617186258,0.00003521486348958169,0.00006690824063020519,0.00010564459046874502,0.0001989639787161365,0.0002711544488697789,0.0004930080888541437,0.0006549964609062195,0.0011779371837265077,0.0019526641804973042,0.0036729102619633682,0.007023604522997065,0.01222660060358276,0.022060351233048447
0,0,0.000001761102873063227,0.000001761102873063227,0.000005283308619189681,0.000003522205746126454,0.000022894337349821947,0.00003698316033432777,0.000040505366080454226,0.00009157734939928783,0.00017082697868713313,0.0003275651343897605,0.0004209035866621115,0.000732618795194303,0.0011271058387604662,0.0018526802224625165,0.0033143956071049964,0.00661998569984467,0.011889205496049847,0.021536527034690202
0,0.0000017625431382433086,0.0000017625431382433086,0.000003525086276486617,0.000008812715691216543,0.000005287629414729926,0.000010575258829459851,0.00003525086276486617,0.00004230103531783941,0.00009693987260338201,0.00016920414127135762,0.00028024435898068613,0.0004758866473256934,0.0006574285905647543,0.001096301831987338,0.0018066067166993911,0.0032430793743676873,0.006205914389754691,0.011208011816089204,0.020397911738889805
0,0,0,0,0.0000070458136417520824,0.000010568720462628124,0.000017614534104380207,0.00002642180115657031,0.00007398104323839687,0.00013210900578285154,0.00020080568878993427,0.00032410742752059566,0.0004104186446320585,0.0006006556129593649,0.0010427804189793086,0.0017667377706693346,0.0031177725364752956,0.006117527694451247,0.010979139107260184,0.01922450252152055
0,0,0,0.000003520742454168735,0.0000017603712270843675,0.000015843341043759308,0.00002112445472501241,0.00002992631086043425,0.00004576965190419356,0.00013554858448549625,0.00021652566093137722,0.0002957423661501737,0.0004013646397752354,0.0006143695582524445,0.000948840091398474,0.0015948963317384372,0.0031457833827997655,0.0059060454668680516,0.010356263928937338,0.01845925268720668
0,0,0,0.0000035212259500267613,0.0000035212259500267613,0.000008803064875066904,0.00002112735570016057,0.000051057776275388055,0.0000845094228006423,0.000147891489901124,0.00018838558832643174,0.00030282543170230146,0.00036444688582776963,0.0005792416687794021,0.0009172793599819712,0.0015387757401616954,0.0029261387644722394,0.005857559367869518,0.010016127214851124,0.01800754950843686
0,0,0,0.0000035204263940448466,0.000008801065985112117,0.0000035204263940448466,0.000028163411152358773,0.000052806395910672704,0.00006512788828982969,0.00011441385780645754,0.00021298579683971314,0.00029571581709976713,0.0003802060505568434,0.0005263037459097045,0.0008871474512993014,0.0015401865473946212,0.002779376638098407,0.005470742616345693,0.00953683510146749,0.017290574234351267
0,0.000001759993241625952,0,0.000001759993241625952,0,0.000012319952691381666,0.000019359925657885475,0.00003519986483251904,0.0000615997634569083,0.00011263956746406097,0.0001742393309209693,0.00027455894569364844,0.0003783985469495795,0.0005790377764949382,0.0008060769046646863,0.001439674471650029,0.0028107092068766467,0.005202540022246312,0.009493403545330384,0.016580896329358098
0,0,0.0000017597021176255283,0,0.000005279106352876585,0.000008798510588127642,0.000026395531764382928,0.000028155233882008457,0.0000492716592935148,0.00011790004188091038,0.00017069110540967624,0.00027979263670245905,0.00039593297646574386,0.0005701434861106712,0.0007813077402257345,0.0013391333115130273,0.002644832282791169,0.005069701800879147,0.008944565863890563,0.016242050545683628
0,0,0,0,0.000003521759189150164,0.000012326157162025575,0.00002289143472947607,0.00003345671229692657,0.000058109026620977716,0.00012678333080940596,0.00018489235743038372,0.0002658928187808375,0.0003838717516173681,0.0005405900355345505,0.0007624608644510111,0.0013153770571475872,0.0026800587429432763,0.005134724897780942,0.008665288484903983,0.015154129790913153
0.0000017595163441473209,0,0,0,0.000005278549032441963,0.000008797581720736604,0.000010557098064883925,0.000031671294194651776,0.000059823555701008924,0.00012492566043445982,0.00019530631420035255,0.00024985132086891964,0.0004046887591538836,0.000499702641737839,0.000795301387554589,0.0013002825783248698,0.002579450960519971,0.00491256963285932,0.008375297798141246,0.014792253905246518
0,0,0.000003520122781882632,0,0,0.000010560368345647897,0.000022880798082237105,0.000040481411991650276,0.00007568263981047661,0.0001284844815387161,0.00017072595492130763,0.00024112841055896021,0.0003696128920976764,0.000540338847018984,0.0007726669506232379,0.0014150893583168172,0.002390163368898308,0.004812007842833558,0.00806636135468405,0.014203695424896417
0,0,0,0,0.0000052818203265573445,0.00001760606775519115,0.00001408485420415292,0.00004401516938797788,0.00007746669812284105,0.00008803033877595569,0.00016197582334775843,0.00025000616212371424,0.00038205167028764777,0.0005369850665333298,0.0008098791167387925,0.0012658762715982428,0.002461328272175721,0.004508913952104452,0.007663921293834708,0.013655266150926255
0,0,0,0.0000035169349208777567,0.0000035169349208777567,0.000005275402381316635,0.000015826207143949905,0.000017584674604388782,0.00007209716587799402,0.00011254191746808826,0.00016002053889993797,0.0002549777817636375,0.0003745535690734813,0.0004466507349514754,0.0008053780968810068,0.001299507453264331,0.0022948000358727363,0.004630044823335566,0.007265987546533445,0.013032002349312528
0,0,0.0000017591170639632556,0.000005277351191889767,0.000008795585319816278,0.000012313819447742789,0.000017591170639632552,0.00002638675595944883,0.000043977926599081374,0.00010026967264590553,0.00017063435520443568,0.00021109404767559055,0.00033247312508905534,0.00048199807552593216,0.0007616976886960897,0.0013158195638445153,0.0022991660025999745,0.0042764135824946755,0.00706285501181247,0.012741284894285864
0,0,0.000001759005669275272,0.000008795028346376361,0.000001759005669275272,0.000007036022677101088,0.000022867073700578538,0.00003869812472405599,0.00004221613606260653,0.0001002633231486906,0.00014072045354202186,0.0002480197993678134,0.0003342110771623017,0.00047669053637359885,0.0007194333187335865,0.0013245312689642804,0.002200516092263366,0.0041618074135052925,0.006926964325606022,0.012390435934375018
0,0,0.0000017596897315065407,0.0000017596897315065407,0.000005279069194519622,0.000008798448657532703,0.000015837207583558867,0.000029914725435611188,0.00005279069194519624,0.00007214727899176819,0.00016013176556709527,0.0002481162521424222,0.0003431394976437755,0.0004909534350903247,0.0007725037921313717,0.0012423409504436172,0.0021749765081420834,0.0039962553802513545,0.006788882984152235,0.012284394015647163
0,0,0,0.000001756981365455638,0.000005270944096366914,0.000012298869558189466,0.000029868683212745844,0.00002986868321274583,0.00005095245959821349,0.00010366190056188266,0.0001669132297182856,0.00025124833526015626,0.00031449966441655935,0.0004989827077894012,0.0007027925461822553,0.001168392608028,0.0021733859490686244,0.003928610333158806,0.006913721673067937,0.011907062713692863
0,0,0.0000017583685153567114,0.0000017583685153567114,0.000007033474061426846,0.00001230857960749698,0.00003340900179177752,0.00003868410733784765,0.00006681800358355504,0.00010901884795211619,0.00016528664044353097,0.0002655136458188636,0.0003481569660406291,0.0004958599213305927,0.0007437898819958893,0.0011183223757668687,0.0020590495314827093,0.003843793574569772,0.006685317095386217,0.011716009417821768
0,0,0.000001758745803192827,0.000003517491606385654,0.00001758745803192827,0.0000263811870478924,0.00001055247481915696,0.000017587458031928266,0.00007386732373409875,0.0000844197985532557,0.00016356335969693294,0.00021984322539910344,0.00034647292322898687,0.00045903265463332775,0.0006982220838675524,0.0011924296545647367,0.0019117566880706028,0.0037795447310613856,0.006507359471813461,0.01147054012842362
0,0.0000017582974054563485,0.000003516594810912697,0.000003516594810912697,0.000007033189621825394,0.00001230808183819444,0.000026374461081845222,0.00004219913773095235,0.00005626551697460313,0.0001107727365437499,0.00016352165870744048,0.00022857866270932536,0.0002936356667112103,0.0004624322176350197,0.0007595844791571426,0.0011217937446811501,0.0020202837188693446,0.003768031339892955,0.006361520012941067,0.011017491542589481
0,0,0.0000017583654235023121,0,0.0000052750962705069364,0.00001582528881152081,0.00003692567389354856,0.000050992597281567056,0.00005626769355207397,0.00011781048337465488,0.0001230855796451618,0.0002215540433612912,0.00030595558368940216,0.0004870672223101402,0.0006505952066958556,0.0011833799300170558,0.0020379455258391793,0.0037013592164723665,0.0061507622514110905,0.010711962159976081
0,0,0.000001758145929628451,0.000003516291859256902,0.000007032583718513804,0.000021097751155541408,0.00002109775115554141,0.00004571179417033973,0.00006329325346662427,0.0001125213394962209,0.000144167966229533,0.0002250426789924417,0.0003604199155738324,0.0004922808602959663,0.0007560027497402341,0.001130487832751094,0.0019198953551542686,0.0033967379360421678,0.006121864126966266,0.010527777826615164
0.0000017584087104533882,0,0.0000017584087104533882,0.000008792043552266941,0.000008792043552266941,0.000015825678394080493,0.000026376130656800828,0.00005099385260314826,0.00007561157454949566,0.0000984708877853897,0.00013363906199445749,0.000253210854305288,0.00034113128982795737,0.00046597830827014783,0.0007455652932322369,0.0011675833837410498,0.0017883016585310957,0.00343065539409456,0.005822091240311168,0.010073923502187462
0.000001759457524056183,0,0.000003518915048112366,0.000007037830096224732,0.000005278372572168549,0.000010556745144337097,0.00003870806552923603,0.000022872947812730377,0.00006685938591413495,0.00008973233372686534,0.000144275516972607,0.0002023376152664609,0.00035189150481123644,0.00045569949873055105,0.0007020235520984173,0.0011506852207327437,0.0019406816490339697,0.003195174863686028,0.005676009972605246,0.009576727303437805
0,0.000005275309616713587,0.0000035168730778090586,0.0000017584365389045293,0.000008792182694522647,0.000014067492311236236,0.000015825928850140766,0.00004044404039480417,0.00007385433463399026,0.00010374775579536724,0.00013364117695674428,0.00023211362313539796,0.0002901420289192473,0.0004519181904984639,0.0007192005444119524,0.0011236409483599938,0.0018059143254549519,0.0032759672719791374,0.005363231443658814,0.009390051117750183
0,0,0.0000017593832306146757,0.000007037532922458703,0.000010556299383688056,0.00000879691615307338,0.00003870643107352287,0.000045743963995981584,0.00005102211368782561,0.00008796916153073381,0.00014602880814101809,0.00021464475413499038,0.0003430797299698616,0.00048558977164965035,0.0006650468611723473,0.0010573893215994202,0.0018561493082984823,0.003230227611408545,0.005213052512311285,0.008905997913371488
0,0,0,0.000001758776735604852,0.000010552660413629113,0.000014070213884838816,0.00002814042776967764,0.00004924574859693587,0.00007035106942419409,0.0001055266041362911,0.000130149478434759,0.00023215852909984035,0.0003060271519952441,0.0004889399324981487,0.0007035106942419415,0.0010816476923969844,0.0019311368556941281,0.002977609013379015,0.005191908923505523,0.008697150957565994
0,0,0.0000017577781683951486,0.0000017577781683951486,0.0000070311126735805945,0.00001582000351555634,0.00003691334153629813,0.00005449112322024962,0.00006152223589383021,0.00013710669713482162,0.00012304447178766042,0.00026190894709087696,0.00035682896818421504,0.0004394445420987868,0.0006011601335911406,0.0011074002460889438,0.0017419581648795927,0.003012831780629283,0.005094041132009139,0.008574441905431537
0,0,0.0000017587550828021892,0.000005276265248406567,0.000012311285579615326,0.000031657591490439404,0.00003341634657324159,0.00003517510165604378,0.00009673152955412034,0.00008793775414010945,0.00011607783546494445,0.00021280936501906494,0.00031129964965598755,0.00046782885202538253,0.0006999845229552715,0.0009919378667004348,0.0017024749201525193,0.0028825995807127886,0.004917479211514922,0.008296047725577927
0,0,0.000001756854808248082,0.000003513709616496164,0.000010541128849488492,0.00001756854808248082,0.00003513709616496164,0.00006851733752167522,0.00007378790194641944,0.00008608588560415602,0.00014581894908459082,0.00018622660967429678,0.00036718265492384906,0.0004444842664867647,0.0006307108761610616,0.0010049209503179026,0.0016690120678356781,0.002963814061514514,0.004815539029407992,0.00803234018331023
0,0,0.0000035157540940956427,0.0000052736311411434645,0.000010547262282286929,0.000015820893423430392,0.00003339966389390861,0.00005800994255257813,0.000054494188458482486,0.00010547262282286932,0.00016699831946954315,0.00019336647517526043,0.00031641786846860773,0.00045177440109129007,0.000660961769689981,0.000973863884064493,0.0015434160473079867,0.0029831173488401525,0.004711110486088159,0.007783879564327754
0,0,0.000003514759353213984,0.000003514759353213984,0.00000878689838303496,0.000014059037412855935,0.00002460331547249788,0.000040419732561960807,0.00007205256674088668,0.00011598705865606152,0.00017398058798409223,0.000237246256341944,0.00029523978566997465,0.0004534039565646039,0.0006555026193744079,0.0009946768969595577,0.0016818123505128913,0.0028082927232179725,0.004433868924079441,0.007743014855130407
0,0,0,0.000005271935204401714,0.0000035146234696011428,0.000014058493878404571,0.000017573117348005715,0.000052719352044017176,0.00005974859898321945,0.00009665214541403149,0.00018451773215406004,0.00022142127858487202,0.000295228371446496,0.0004867753505397583,0.000667778459224217,0.0010016676888363258,0.001825846892457794,0.0027923683465981087,0.004326501491079009,0.00771811313924411
0,0,0,0.00000527427087600365,0.000008790451460006083,0.0000105485417520073,0.000014064722336009735,0.000031645625256021904,0.00004922652817603408,0.00011075968839607668,0.00017053475832411795,0.00022151937679215316,0.0003006334399322079,0.00047820055942433083,0.0007278493808885036,0.0010232085499447077,0.0016684276871091544,0.002834041550705962,0.004516533960151125,0.007584401519693249
0.000001758260306921919,0,0.000001758260306921919,0.000001758260306921919,0.000003516520613843838,0.000007033041227687676,0.000014066082455375354,0.000024615644296906863,0.00006857215196995484,0.00008439649473225212,0.00015824342762297273,0.00020747471621678645,0.00030242077279057016,0.0004817633240966059,0.0006224241486503596,0.0009529770863516802,0.0015630934128535868,0.002695413050511303,0.004460706398660908,0.0076800810206349435
0,0.000003515451287270375,0.000003515451287270375,0.0000017577256436351875,0.0000017577256436351875,0.000019334982079987057,0.00002636588465452781,0.000040427689803609304,0.00006152039752723159,0.00008085537960721865,0.00013358714891627428,0.00021620025416712801,0.0003603337569452134,0.0004693127468505949,0.0006556316650759248,0.0009667491039993528,0.0016645661845225222,0.0028703659760562607,0.004371463675720712,0.007366628172475071
0,0.00000175703693291633,0.00000175703693291633,0.00000351407386583266,0.00000351407386583266,0.000010542221597497979,0.00002108444319499596,0.00003338370172541027,0.00007730962504831848,0.00009312295744456544,0.00014583406543205527,0.00024598517060828607,0.0003145096109920229,0.00047615700882032533,0.0006501036651790421,0.0009417717960431524,0.0016340443476121872,0.0026566398425694904,0.004327581965772921,0.007534174368345225
0.0000017572777658673395,0,0,0,0.0000017572777658673395,0.000012300944361071377,0.000008786388829336698,0.00002987372201974477,0.00006677655510295889,0.00012476672137658111,0.0001405822212693872,0.0001968151097771421,0.00029522266466571313,0.00042877577487163094,0.0006589791622002524,0.0009331144936755574,0.0015393753228997898,0.002555081871571113,0.004338718803926462,0.007208353395587826
0,0,0,0,0.00000878966335589347,0.00000878966335589347,0.00002109519205414433,0.000040432451437109966,0.00005098004746418213,0.00009492836424364951,0.00017930913246022684,0.00021095192054144336,0.00030939615012745027,0.0004535466291641033,0.0007066889338138354,0.0009703788344906396,0.0015311593565966422,0.0027107321789575454,0.004220796343500043,0.007003603761975916
0.0000035172565398988788,0,0.0000017586282699494394,0,0.000005275884809848318,0.000012310397889646075,0.00002110353923939327,0.000026379424049241585,0.000056276104638382046,0.00007913827214772478,0.00013717300505605625,0.00021455264893383176,0.00030775994724115206,0.00047482963288634876,0.0007614860408881079,0.0011431083754671364,0.0014965926577269742,0.0025324247087271925,0.004178500769399868,0.006767201582765442
0.0000017572746778476198,0,0,0.000007029098711390479,0.0000017572746778476198,0.0000175727467784762,0.0000052718240335428595,0.000022844570812019058,0.00005799006436897148,0.0000773200858252953,0.00014058197422780967,0.00021790206005310497,0.00032333854072396213,0.0005060951072201146,0.0006976380471055048,0.0010315202358965527,0.0016412945491096765,0.0025708928536910666,0.004018887188237506,0.00649664448400265
0.0000017628352031138721,0.0000017628352031138721,0,0.0000017628352031138721,0.000005288505609341617,0.0000017628352031138721,0.000012339846421797106,0.000037019539265391306,0.000058173561702757766,0.00011105861779617399,0.00014631532185845143,0.00022211723559234796,0.0003084961605449277,0.0004883053512625426,0.0006663517067770437,0.001034784264227843,0.001692321794989317,0.0025455340332964324,0.003911731315709682,0.006499573393880845
0,0,0,0,0.000001811866639367876,0.000003623733278735752,0.00001630679975431088,0.00005435599918103627,0.00007066279893534716,0.0001195831981982798,0.0002264833299209845,0.00035512586131610354,0.0005961041243520312,0.0007374297222227253,0.0011287929163261868,0.0017067783742845395,0.0026326422270015245,0.003935374340707025,0.005774418979665419,0.009033967063888228
0,0,0,0,0,0,0.0000124271899815545,0.0000053259385635233574,0.000028405005672124567,0.00007101251418031142,0.0001011928327069438,0.00021126222968642665,0.0003461860066290185,0.0005379197949158592,0.0008681279858543077,0.001407823093624674,0.002187185436753592,0.0033287116022021,0.005155508529490609,0.00829603696911488
0,0,0,0,0.0000017890943961985322,0,0,0.00001610184956578679,0.00002325822715058092,0.000035781887923970645,0.00007872015343273542,0.00015565121246927224,0.00036318616242830197,0.0005635647348025375,0.0009374854636080305,0.001411595478600642,0.002103975009929474,0.003359919276060845,0.005059558952449447,0.00788990628723553
0,0,0,0,0.0000035990901500100776,0.000005398635225015117,0.000005398635225015117,0.000008997725375025193,0.000023394085975065507,0.00005758544240016125,0.00009717543405027211,0.0002123463188505946,0.00034731219947597254,0.000638838501626789,0.0009447611643776455,0.001448633785379056,0.0023664017736316255,0.0034011401917595236,0.005254671619014715,0.00829050416054821
0,0,0,0,0,0,0.000007225929525509338,0.000005419447144132003,0.000018064823813773345,0.000052387989059942696,0.0001011630133571307,0.0001969065795701294,0.00038658722961474945,0.0007334318468391977,0.0010387273692919674,0.0016059628370444507,0.0026356577944295304,0.004071811287624513,0.005735581560873035,0.008746987690629052
0,0,0,0,0,0.000003626039313518237,0.000003626039313518237,0.000009065098283795594,0.000019943216224350303,0.00007977286489740124,0.00010515514009202891,0.0002429446340057219,0.00040249036380052424,0.0007378990003009612,0.0013108132118368429,0.002030582015570213,0.003209044792463641,0.004857079660457678,0.006575822295065324,0.00956367868940435
0,0,0,0,0.0000018173656557873101,0.0000018173656557873101,0.00000545209696736193,0.000009086828278936551,0.00003271258180417158,0.000049068872706257376,0.00013266769287247364,0.0002762395796796712,0.0004270809291100179,0.0008577965895316103,0.0014793356438108705,0.002475252023182316,0.0037692163701028816,0.00571016289048373,0.007574780053321509,0.011474846750641074
0,0,0,0,0,0,0.000007275028827301728,0.00001818757206825432,0.00001636881486142889,0.0000563814734115884,0.00013458803330508194,0.00028918239588524356,0.0006201962075274723,0.0010457853939246232,0.0017551007045865424,0.0028408987570613256,0.004503242844099771,0.006747589237322351,0.009071960947645256,0.013351496655305498
0,0,0,0,0,0.000010937907323111251,0.000010937907323111251,0.000021875814646222503,0.00004557461384629688,0.00006015849027711188,0.00014766174886200197,0.0003372521424625969,0.0006836192076944533,0.001210461743757645,0.002134714912560546,0.0035493509263496005,0.005370512495647625,0.007897169087286326,0.010566018474125466,0.015455263047556194
0,0,0,0,0,0,0.000007293320958998773,0.000025526623356495707,0.00003281994431549448,0.00008022653054898649,0.00018050969373521958,0.0003591960572306894,0.0007311554261396266,0.001486014145396,0.002472435805100583,0.0044179291709135066,0.0065384622397424,0.00964177030779638,0.01228195249495393,0.018118432592392708
0,0,0,0,0,0,0.000009117831560826878,0.000010941397872992254,0.000027353494682480634,0.00010029614716909564,0.00021700439114767962,0.0004467737464805168,0.0008661939982785535,0.001787094985922068,0.0032295359388448803,0.0051880461581104926,0.00821334266999285,0.011229521350314381,0.014406173866106469,0.020772243861875796
0,0,0,0,0,0,0.0000036556722324276407,0.000016450525045924384,0.00005666291960262843,0.00010601449474040158,0.0002997651230590664,0.0005300724737020078,0.001069284127985085,0.0020435207779270505,0.003831144499584166,0.006168946892221643,0.009316480684341842,0.012904522980469565,0.017040916111461447,0.02419141099808991
0,0,0,0,0,0,0.000007312467208154863,0.000014624934416309725,0.00007495278888358736,0.00015904616177736826,0.00036745147720978187,0.0006233878294952023,0.0013034472798536046,0.002577644690874588,0.004146168907023809,0.00692856267972673,0.010650608488677557,0.014871730184584958,0.019045320843639343,0.027465626833829672
0,0,0,0,0,0.000005478541466167267,0.00000730472195488969,0.000018261804887224226,0.00007669958052634175,0.00016435624398501803,0.0003268863074813135,0.0007030794881581326,0.0014408564056019911,0.002805013230677641,0.004883206626843756,0.007763093257559019,0.011725904918086673,0.01650319307658453,0.02126587179117261,0.031441349474333954
0,0,0,0,0.0000018307976785485436,0,0.000005492393035645631,0.00002013877446403398,0.00006407791874919902,0.00016294099339082032,0.00038995990553084,0.0008842752787389465,0.0016733490781933684,0.0030903864813899415,0.005516193405466762,0.008511378407572183,0.012476886179308325,0.01862104318851723,0.023664890792918475,0.03547536661723513
0,0,0,0,0,0.0000018323777483375752,0.0000054971332450127255,0.00003115042172173878,0.00004947419920511453,0.0001502549753636812,0.00035914603867416475,0.0007439453658250556,0.0018250482373442258,0.003322100857736024,0.0058342907507068385,0.009537526180097079,0.014164279994649458,0.020804816954624824,0.02640639573129279,0.03910660590502053
0,0,0,0,0,0.000001833052876243268,0.000001833052876243268,0.000016497475886189414,0.00006415685066851439,0.0001448111772232182,0.00034278088785749146,0.0009220255967503642,0.0019870293178477026,0.0035139623637583453,0.006181054298692296,0.01042823781294795,0.01561211134696391,0.022212934754315922,0.029242692534708854,0.042783454131517885
0,0,0,0,0,0,0.000001833052876243268,0.000021996634514919218,0.00006965600929724419,0.00016680781173813758,0.00043626658454589816,0.0009128603323691479,0.0018843783567780797,0.0036789371226202397,0.006551330979693439,0.01088100187338004,0.016794430452140824,0.024214628495173578,0.03182179793158313,0.04666036096477238
0,0,0,0,0.0000018340614557312586,0,0.000011004368734387552,0.00004585153639328147,0.00008436682696363789,0.00017056771538300711,0.000383318844247833,0.0009096944820427042,0.0019165942212391654,0.0038588653028585676,0.006912577626651114,0.011488560958700603,0.018234238992880177,0.02599231895062341,0.034375813864770975,0.04997817466867681
0,0,0,0.0000018328983254640898,0.0000018328983254640898,0.000007331593301856359,0.00000916449162732045,0.00002199477990556908,0.00008797911962227631,0.00015579635766444763,0.0003739112583946744,0.0009311123493357579,0.0019428722249919352,0.003883911551658406,0.007183128537493768,0.012471040206457666,0.0190438136015719,0.02732668113434411,0.036701956069092934,0.05313205665855305
0,0,0,0,0,0.000005504637657226213,0.000007339516876301618,0.00002201855062890485,0.0000477068596959605,0.00011926714923990125,0.0003779851191295331,0.000941293039385682,0.0020348810539546226,0.004110129450728906,0.007308323929577339,0.012647822457086759,0.020286424646097673,0.029347058229892007,0.0389196231158084,0.056864741878365835
0,0,0,0,0,0,0.000005499138468306632,0.000005499138468306632,0.000032994830809839785,0.00012464713861495025,0.00036294313890823784,0.000966015324265865,0.002065843017927191,0.003972211020273488,0.007520988378487371,0.013078784323789276,0.020999376764306923,0.030479891483667563,0.04084210140411336,0.059804963888990724
0,0,0,0,0,0.0000018334191984657947,0,0.000025667868778521122,0.00005683599515243965,0.0001631743086634557,0.0003556833245023641,0.0008910417304543764,0.0020662634366709507,0.004110525842960312,0.007632524123213102,0.013288622350480079,0.021581177385140874,0.032009665786014316,0.04204030222082068,0.06165788764440467
0,0,0,0,0,0.0000036644466227543815,0.000007328893245508763,0.000010993339868263144,0.00005863114596407009,0.00013192007841915767,0.00033346464267064864,0.0008373260532993763,0.0019513178266167084,0.003930119002904073,0.00789871469534707,0.013948716069514552,0.021984847513214913,0.0325402860100589,0.043394376906657386,0.0641589636944951
0,0,0,0,0,0,0.0000018302447952413636,0.000005490734385724091,0.00006771905742393044,0.00012262640128117138,0.0003568977350720659,0.0009151223976206819,0.002018760009151224,0.004077785403797758,0.008261725005719511,0.014019675131548842,0.02238206360100663,0.03361610615419813,0.04483916723861817,0.06590894532143675
0,0,0,0,0,0,0.000012809814513885838,0.000021959682023804296,0.00005123925805554336,0.00016835756218249956,0.0004245538524602164,0.0009058368834819271,0.001994671117162223,0.004247368498104149,0.008220240970910741,0.014442150877655296,0.02289662845681994,0.034372392287759665,0.045491311285812575,0.06845198881520195
0,0,0,0,0,0,0.000005492111497186208,0.000018307038323954026,0.00005492111497186207,0.00019405460623391274,0.0004174004737861519,0.0009135212123653064,0.002006451400305362,0.0041923117761854724,0.008060588974036957,0.014868976526715464,0.023771689263654312,0.03459114891311114,0.04731820195592397,0.0695667456310253
0,0,0,0,0,0,0.000007323405236967085,0.00002197021571090125,0.00007872660629739614,0.00020871704925356184,0.0004485585707642338,0.0009630277886611718,0.0021274492213389385,0.004326301643738306,0.00812531811041498,0.014731029634159287,0.023920072355243748,0.035073618531144615,0.04742271061198036,0.07099858292108667
0,0,0,0,0,0.0000018283340585725098,0.0000036566681171450196,0.000025596676820015137,0.000047536685522885237,0.00013895338845151077,0.0003985768247688073,0.0009818153894534378,0.002225082549282745,0.004377031736222588,0.008307949962153484,0.014579135783057192,0.024059047876755654,0.03615713434232995,0.0488914810602875,0.07156099505252803
0,0,0,0,0,0.0000036608782080733345,0.0000036608782080733345,0.000007321756416146669,0.00003111746476862335,0.00013911337190678668,0.0004356445067607268,0.0009518283340990671,0.002165409460075378,0.0044772540484736886,0.008581098519723896,0.015031565922349117,0.02456632321527611,0.036665525692958494,0.04872628894945609,0.07309858561970428
0,0,0,0,0.0000036594715357155273,0,0.0000036594715357155273,0.000018297357678577638,0.0000457433941964441,0.00013540044682147453,0.0004043716046965658,0.0009734194285003304,0.002246915522929333,0.0044425984443586496,0.008649160974663648,0.015270974718540895,0.02463190290690122,0.036400763365762354,0.049479714634409644,0.07391217634261432
0,0,0,0.0000018287787598319717,0,0,0.000009143893799159858,0.000023774123877815632,0.00006217847783428704,0.0001627613096250455,0.00042976300856051346,0.0009710815214707768,0.002242082759553997,0.004632296598654385,0.008756192702075486,0.015617770608965043,0.025083529469855318,0.03663775367447373,0.04943554743577786,0.07478424982580885
0,0,0,0,0,0.0000018255304078600038,0.000010953182447160022,0.000021906364894320048,0.00007667227713012016,0.0001752509191545603,0.00047098684522788096,0.001055156575743082,0.0022527045232992433,0.004541919654755689,0.008359103737590958,0.015239527844815309,0.025278119557637466,0.03757306685457461,0.04986436309069597,0.07483214247899729
0,0,0,0,0,0.000014622982942290397,0.000012795110074504098,0.000018278728677862993,0.00005666405890137528,0.00017913154104305735,0.0005008371657734461,0.0010802728648617035,0.0020673242134663047,0.004207763341644061,0.008362518370122321,0.015392517419628432,0.024820685671670163,0.0377437468469193,0.05110184176470158,0.07573608440385753
0,0,0,0,0,0.0000018280065223272716,0.000003656013044654543,0.00002376408479025453,0.00007677627393774541,0.00017731663266574535,0.000403989441434327,0.0010346516916372366,0.001966935018024145,0.004310439379647705,0.008310117650499778,0.015179766161405664,0.025284986216830816,0.038128560042702236,0.05098127390118527,0.0754619372481921
0,0,0,0.0000018278661855722865,0.0000018278661855722865,0,0.00001096719711343372,0.000029245858969156588,0.00006397531649503004,0.00016085222433036126,0.00046062227876421624,0.000985219874023462,0.0022391360773260515,0.004427091901456077,0.008291201017755892,0.015017748580661915,0.025206274699041836,0.038876885900936964,0.0517377523826236,0.07499917746021648
0,0,0,0,0,0.000005482937099745592,0.000014621165599321578,0.000018276456999151974,0.000056657016697371116,0.0001608328215925374,0.0004240138023803257,0.000983273386554376,0.0021675878000994232,0.004183481007105887,0.008507690733105241,0.01525170336579232,0.025347618212123862,0.038950785156592664,0.0519544843114893,0.0773551042489107
0,0,0,0.0000018237392490571268,0.0000018237392490571268,0.0000018237392490571268,0.0000036474784981142537,0.00003282730648302828,0.00009301070170191346,0.00018237392490571264,0.0003993988955435106,0.0008899847535398774,0.0021428936176421222,0.004490046031178644,0.008551513338828868,0.015333999606072325,0.025791320460165888,0.038847469744165856,0.05231578409845274,0.0773466052917618
0,0,0,0,0,0,0.000010946647862758227,0.00002006885441505675,0.00008574874159160615,0.00015872639400999437,0.0003448194076768842,0.0009797249837168616,0.002183856248620266,0.004551981069596961,0.008928815773389793,0.015670126415538405,0.02570455362306678,0.03789364601824807,0.05232862566660523,0.07869180260274795
0,0,0,0,0.0000036503544494170384,0.000009125886123542597,0.000005475531674125557,0.000014601417797668155,0.00006753155731421519,0.0001660911274484752,0.000375986508289955,0.0009326655618260536,0.0021208559351112996,0.004575719302344258,0.008614836500624208,0.015596139385134301,0.025521453133099226,0.03885984829126908,0.05238988705803334,0.07836398414286029
0,0,0,0,0,0.000001823928852183334,0.000007295715408733336,0.000014591430817466672,0.00003100679048711667,0.00014409037932248335,0.0004067361340368834,0.0009849215801790005,0.002294502496046635,0.00462730749798912,0.008844231004236985,0.015317354500635639,0.025737460033159024,0.039083147444584486,0.05208411230294729,0.07731634404405152
0,0,0,0,0,0.0000018248707991474203,0.000007299483196589681,0.000009124353995737101,0.00006204560717101229,0.00011314198954714002,0.000399646705013285,0.0009598820403515432,0.0021186749978101553,0.004498306519898392,0.008617039913574114,0.01564644223188998,0.02553541709246986,0.03822009401734359,0.05280446144412979,0.07831433034541155
0,0,0,0,0,0,0,0.00002189549281280448,0.00004744023442774304,0.00012589908367362576,0.0003667495046144752,0.0008958905809239166,0.0021074411832324325,0.004607176612694278,0.008730827759105787,0.015294001729743932,0.025522846122125766,0.03848132861850389,0.05283382415729723,0.07805378262884584
0,0,0,0,0,0,0.000005471956224350206,0.000014591883264933883,0.00004195166438668493,0.00015321477428180573,0.0004122207022343819,0.0009630642954856355,0.002088463292293662,0.004550843593251255,0.008410396716826264,0.0151281349749202,0.025497492020063836,0.038484268125855,0.053202006383948924,0.07832010943912446
0,0,0,0,0,0.0000018215168499416203,0.000007286067399766481,0.000005464550549824861,0.00003825185384877403,0.0001548289322450377,0.0003970906732872731,0.0009909051663682413,0.00212571016388187,0.004287850664762572,0.008446373633179292,0.015171413843163754,0.025557702921530888,0.038876634128304,0.05332672729889089,0.07902833005156713
0,0,0,0,0,0,0.00000911535481518618,0.000021876851556446832,0.0000710997675584522,0.0001731917414885374,0.0004229524634246386,0.0009170046944077297,0.0020181395560822206,0.004444647007884782,0.0084845722619753,0.015386718928034272,0.025847500113941935,0.038725673396836996,0.05327195661091109,0.07907752609270316
0,0,0,0,0,0.0000018237824884053027,0.000009118912442026513,0.000012766477418837119,0.000041946997233321956,0.00014590259907242424,0.00038299432256511367,0.0008827107243881665,0.0021465919888530418,0.004470090879081397,0.00852253556831798,0.015600635405818962,0.025742689823840852,0.038631360669401114,0.05255958753335244,0.07903361413504377
0,0,0,0,0,0.00000182422830582093,0.00000364845661164186,0.00000912114152910465,0.00004378147933970232,0.00016782900413552564,0.000363021432858365,0.0008829265000173301,0.002065026442189293,0.004405511358557548,0.00864501794128539,0.01555519476373507,0.02544616063789616,0.038976461982169995,0.05257243554545339,0.07886503811725046
0,0,0,0,0,0,0.0000018228250507201071,0.000012759775355040749,0.00005468475152160321,0.0001585857794126494,0.0003809704356005022,0.0008220940978747685,0.0021053629335817236,0.004467744199314982,0.008505301686660019,0.015368238002621224,0.02568542778969703,0.03892642895812788,0.053361380534780394,0.07957542758918625
0,0,0,0,0,0,0.0000036442285441489177,0.00001457691417659567,0.00003462017116941472,0.00010750474205239302,0.0003717113115031893,0.0009675426784715376,0.0021774265551289767,0.00432752139617684,0.008538427478940914,0.015167279200747797,0.02572825352169136,0.03898960119384927,0.05346629908548084,0.08071601802435437
0,0,0,0,0,0,0.0000018229579680581305,0.000007291831872232522,0.00004375099123339513,0.00013672184760435985,0.0004065196268769633,0.0009935120925916817,0.002121923074819664,0.004296711930713015,0.008608007525170493,0.01563551049203459,0.025676362980098764,0.03903682192799681,0.053097296735629185,0.08015546185551597
0,0,0,0,0.0000018234898313089557,0,0,0.000025528857638325386,0.00004011677628879703,0.0001422322068420985,0.000362874476430482,0.0008898630376787703,0.002179070348414202,0.004310729961214368,0.00847922771558664,0.01553066289325836,0.026221783774222754,0.039319911232515034,0.05311461180636724,0.07936739490772234
0,0,0,0,0,0,0.000014594225794564379,0.000014594225794564379,0.000045606955608013696,0.00011675380635651509,0.0004031654875748408,0.0008738292694495422,0.0022055523732035427,0.004476778762482624,0.008751062642065665,0.015743521075886325,0.02598319474899756,0.03909428234718934,0.05257022559024524,0.07992162900748322
0,0,0,0,0,0,0,0.000009111667125287245,0.000038269001926206437,0.0001457866740045959,0.0004154920209130985,0.0009895270498061948,0.002279739114746868,0.004482940225641324,0.008936723116481728,0.015582773117666246,0.02588077930266589,0.03934782331384044,0.05276201965568832,0.08002595002797278
0,0,0,0,0,0.0000018220213140053313,0,0.000009110106570026657,0.00005648266073416529,0.00017673606745851716,0.0003953786251391568,0.0009674933177368309,0.002213755896516477,0.004582383604723412,0.008986209120674295,0.015334131378668863,0.026237106921676773,0.0385885894093189,0.05297891374733304,0.08060622293159586
0,0,0,0,0,0,0.000003642502909449199,0.000018212514547245992,0.00005099504073228877,0.00021855017456695198,0.00041706658313193354,0.0009397657506378937,0.0021600042253033754,0.004702471256098916,0.008902277110693843,0.015398681049696486,0.025867234411453482,0.038717984675990275,0.052503036936800744,0.07994747510804574
0,0,0,0,0,0.0000018206711722209276,0.0000018206711722209276,0.000018206711722209276,0.0000782888604054999,0.00020573584246096475,0.00039508564437194127,0.0009522110230715452,0.0022212188301095315,0.004462465043113491,0.008977729550221393,0.015907204031694246,0.026159403402470277,0.03870928979258914,0.052830415404334655,0.0803243707760429
0,0,0,0,0.0000018225792047357899,0.0000036451584094715797,0.000014580633637886319,0.000016403212842622106,0.00005467737614207371,0.0001786127620641074,0.00041919321708923146,0.000964144399305233,0.002134240248745611,0.0044653190516026845,0.008803057558873863,0.01609701953622649,0.026066527786131256,0.038624098506760844,0.05297326458564573,0.07939155015829098
0,0,0,0,0.0000018231640282444572,0,0.0000036463280564889145,0.000014585312225955658,0.00003099378848015577,0.00014402995823131211,0.0003901571020443139,0.0009589842788565846,0.0020838764842834143,0.004373770503758453,0.008680083938471861,0.016049312940635958,0.025939977793862132,0.038811515833267994,0.05373046707639242,0.07933133636100101
0,0,0,0,0,0.0000036421115505925715,0.000005463167325888857,0.000007284223101185143,0.000027315836629444287,0.0001566107966754806,0.0003787796012616273,0.0010088648995141424,0.0020377614125565444,0.004410597087767604,0.008826657342861097,0.01571024817348106,0.025777044499318922,0.039516910323929406,0.052854322822199394,0.07931426323725442
0,0,0,0.000003641932482213712,0.000001820966241106856,0,0.000001820966241106856,0.000012746763687747993,0.000052808020992098806,0.00015660309673518955,0.00035873034949805043,0.0008813476606957183,0.002035840257557465,0.0047654686529766425,0.008516659109656762,0.015720401559475485,0.025824943231377438,0.039214508002236165,0.05278799036344666,0.07876589475907703
0,0,0,0,0,0,0.000009111899594155991,0.000018223799188311982,0.00004920425780844236,0.0001421456336688334,0.00042279214116883797,0.000885676640551962,0.002166809723490295,0.004459363661379941,0.008572475138181957,0.015856527673750256,0.025978025742938737,0.04002857491712726,0.05300756469904305,0.07893638618417335
0,0,0,0,0,0,0,0.00000910209639484166,0.000047330901253176644,0.00011104557601706833,0.0002839854075190597,0.0008938258659734512,0.0019951795297492923,0.004254319854948993,0.008892748177760302,0.01559735238220067,0.026281393130465815,0.039765238729784234,0.05321449636280228,0.0786002432080157
0,0,0,0,0,0,0.000007278377940692137,0.000009097972425865172,0.00004912905109967193,0.0001364695863879776,0.0003530013301235689,0.0009534675102306702,0.0021289255476524506,0.004514413917714297,0.008608501509353625,0.015845028776886778,0.026442347058534547,0.039834562469408044,0.053057555593160485,0.07894128714474692
0,0,0,0,0.000003640010264828947,0.000003640010264828947,0.00000546001539724342,0.00001638004619173026,0.00005278014884001972,0.00015834044652005921,0.00041860118045532906,0.0009300226226637958,0.0021057459382035452,0.0045445528156389395,0.008541284086421122,0.015652044138764473,0.026107973624485605,0.03912647033664634,0.05343171067742412,0.08016394606232788
0,0,0,0,0.0000018190152578999834,0.0000072760610315999326,0.0000018190152578999834,0.0000109140915473999,0.000027285228868499755,0.0001728064495004984,0.00038926926519059667,0.0009186027052394914,0.0020081928447215807,0.004529347992170957,0.00864759853605652,0.015885460247240555,0.026217466912112453,0.039676360805314434,0.053244395613990414,0.07963284996034549
0,0,0,0,0,0,0.0000018196706396142298,0.000010918023837685379,0.00003821308343189882,0.00016195068692566637,0.0003348193976890181,0.0009207533436448002,0.0021508506960240203,0.004314439086525339,0.008557911018105723,0.01611500318442362,0.026219634246201433,0.03972522973341824,0.053329087435174234,0.07890819761623147
0,0,0,0,0,0,0.000010923967366468155,0.000014565289821957539,0.00006736446542655362,0.0001784248003189799,0.0003914421639651086,0.0009230752424665587,0.0020646298322624813,0.004546191085678499,0.008646320170559543,0.015712306395436693,0.026354071271604437,0.03954112054415924,0.05315056322155082,0.07959930887699795
0,0,0,0,0,0.0000018199620719904196,0.0000072798482879616785,0.000018199620719904197,0.00006915855873563593,0.00015651673819117615,0.00034943271782216054,0.0009136209601391909,0.0019600991515336826,0.004265991096745545,0.008666659386818381,0.015607994729389838,0.02603273747775096,0.03942765832760045,0.05318839155392003,0.08062795971331958
0,0,0,0,0,0.000001819928949973793,0.0000054597868499213786,0.00001273950264981655,0.00006551744219905654,0.00016197367654766754,0.0003803651505445229,0.0008790256828373423,0.002118397297769495,0.004287752606138257,0.00882847533632287,0.016031754120319142,0.026356211053520474,0.04013489313377204,0.05358052821617843,0.07949631646380523
0,0,0,0,0,0,0.0000036429009877726026,0.000020035955432749312,0.00004189336135938493,0.00014389458901701785,0.0003624686482833738,0.0009416899053392176,0.0019125230185806164,0.004236693848779537,0.008824927642879132,0.01598869243533395,0.0269647531114928,0.03975133557857464,0.053616216738037174,0.07977042437975057
0,0,0,0,0,0,0.000010910558875194116,0.000018184264791990198,0.00002909482366718432,0.00012728985354393133,0.00031095092794303214,0.0008819368424115245,0.0020348192302237023,0.0043824078148696375,0.008564788717027384,0.015665744118299553,0.026496292228408904,0.0398453610122089,0.053501743870993566,0.07974527481879383
0,0,0,0,0,0.0000018196971296097477,0,0.00002365606268492672,0.000045492428240243685,0.00011282122203580437,0.000347562151755462,0.000849798559527752,0.001841533495165065,0.004341797351248858,0.008796415924533523,0.015678510468717585,0.026543922029617396,0.039396442856051025,0.05327709256071419,0.07973730852236953
0,0,0,0,0.000003635603464730102,0.000001817801732365051,0,0.000007271206929460204,0.000032720431182570915,0.00011815711260372834,0.00032538651009334435,0.0008143751760995435,0.0018923316033920196,0.00431546131263463,0.008818156203702864,0.015874862528743986,0.026563536715050493,0.03968988302445852,0.053467002354053245,0.08001054325004774
0,0,0,0,0,0.0000036359669854197726,0.000007271933970839545,0.000009089917463549432,0.000038177653346907605,0.00013816674544595142,0.00034359888012216864,0.0008799040104715849,0.0021924880922081225,0.004363160382503725,0.00881903792313566,0.016192778969566952,0.027022506635639747,0.03991928153292367,0.053405083081845627,0.0794167908955387
0,0,0,0,0,0.000007275716930957084,0.000003637858465478542,0.000025465009258349795,0.00005274894774943885,0.0001400575509209239,0.0003983455019699003,0.0009240160502315495,0.0021299661315376866,0.004760137802078673,0.00903098364055048,0.015961104017287106,0.026305354563875342,0.03983636912622277,0.0533346429623809,0.0787578168483777
0,0,0,0,0,0.0000018186282087421458,0.000007274512834968583,0.00000909314104371073,0.00004910296163603794,0.00010366180789830237,0.00036190701353968686,0.0009402307839196898,0.002238731324961582,0.004615678393787566,0.008827621325234373,0.015736589890245786,0.025909996089949358,0.03987342347667154,0.053553144862829964,0.07832649832231549
0,0,0,0,0.0000018168010493842862,0,0.0000018168010493842862,0.000012717607345690003,0.00003815282203707001,0.00014352728290135865,0.00039424582771639016,0.0009738053624699774,0.0022310316886439037,0.004723682728399144,0.008840553906303937,0.016125926114334926,0.025827643718047015,0.03929558989713273,0.05340850044874984,0.078503973343895
0,0,0,0,0,0.0000018185785989670473,0,0.000005455735796901141,0.00003455299338037389,0.00016730923110496842,0.00041827307776242084,0.0009038335636866224,0.0020459009238379283,0.004704662835527752,0.009074707208845567,0.01564159452971558,0.026305739434058346,0.03974321670182584,0.0529370044373318,0.07798246890230594
0,0,0,0,0,0,0.000005452007792736472,0.000018173359309121573,0.00005997208572010118,0.00015447355412753335,0.00042162193597162074,0.0009123026373179031,0.00229892995260388,0.004368875577912827,0.008726847140240182,0.015176572359047425,0.025657148672617834,0.03925809077956442,0.0533060975255154,0.08043347096624119
0,0,0,0,0,0,0.000007271286236000502,0.00002544950182600176,0.00006725939768300464,0.0001399722600430096,0.0003781068842720259,0.000999801857450069,0.0020977660790861457,0.004426395496165305,0.008603749438747593,0.015093372404378044,0.025440412718206757,0.039350383287675726,0.05389659140279473,0.08029499608259454
0,0,0,0,0,0.0000018170750542851173,0,0.000021804900651421407,0.00006359762689997912,0.0001653538299399457,0.00042701263775700264,0.0009721351540425379,0.0020823680122107452,0.004544504710767078,0.008681984609374289,0.015392442784849227,0.025606221664985877,0.03926154069793855,0.0540252755140051,0.08066359580982492
0,0,0,0,0,0,0.0000036351937649156542,0.0000199935657070361,0.00007997426282814441,0.00015267813812645757,0.00046893999567411946,0.000990590300939516,0.0021374939337704055,0.004622148872090257,0.008479089456665766,0.015246002650056266,0.025708090305483537,0.03950001544957348,0.05435523476990134,0.0809521299509067
0,0,0,0,0,0.00000726362792792302,0.000005447720945942265,0.000016343162837826793,0.00004539767454951886,0.00014708846554044118,0.00044308130360330424,0.0008916103281525509,0.0021700088434670017,0.004586981036483389,0.008654612676120279,0.015380732137376995,0.025853067702460014,0.039632169881729976,0.05427745969140476,0.08054818599972036
0,0,0,0,0,0,0.0000018178546043530347,0.00001999640064788338,0.0000581713473392971,0.00016178905978742015,0.0003890208853315496,0.000999820032394169,0.0021232541778843455,0.004506461564191172,0.008718430682477154,0.015655363852688335,0.026377070309162542,0.03966376961237887,0.053721239267840885,0.08019465587103405
0,0,0,0,0,0,0.000005451482712439738,0.000021805930849758956,0.00004542902260366449,0.00012538410238611391,0.00039432391619980767,0.0009521923137728074,0.0021533356714136965,0.004319391469156418,0.008880465338564333,0.0159128780376116,0.026203460237793675,0.0396250106758203,0.05284849057529496,0.0804111871693903
0,0,0,0,0,0,0.000012722206975767831,0.000021809497672744853,0.00005634120232125755,0.00013085698603646905,0.0003616741697396853,0.0008705624487703986,0.0021555053533229497,0.004434597860124786,0.009098195445813393,0.016126306070855426,0.02698743591188237,0.039453381289995454,0.053004349177327575,0.07970826161946426
0,0,0,0,0,0,0.000014548073198630298,0.00003091465554708938,0.000052736765345034816,0.00014548073198630297,0.00040007201296233337,0.0009474432670607981,0.002085829994853619,0.004426251270683268,0.008805221303470988,0.016051980265538706,0.026215627903931803,0.04001811235113229,0.053811504252583665,0.07901422256006078
0,0,0,0,0,0.0000018159267673053281,0.0000018159267673053281,0.000012711487371137296,0.00005447780301915984,0.00014709006815173152,0.0003232349645803483,0.0009896800881814035,0.0021536891460241184,0.004530737284426795,0.009190405369332265,0.015598810931152765,0.02576073712099337,0.03915138110310288,0.05339732659261316,0.07938505455951975
0,0,0,0,0,0,0.000005454366947990793,0.000009090611579984656,0.000050907424847914084,0.00016908537538771462,0.0004436218451032511,0.0009581504605303824,0.0021872011461443078,0.004394401637764583,0.008732441483733259,0.015490402132293852,0.026344592358795518,0.03936598438596554,0.05380005745266519,0.07906832140039054
0,0,0,0,0,0.0000036361785218207075,0.0000036361785218207075,0.000007272357043641415,0.00006545121339277272,0.0001363566945682765,0.0003817987447911741,0.0008781371130197011,0.002072621757437803,0.004465227224795829,0.008468659777320427,0.015321038201691551,0.02643501785363654,0.03977070258241398,0.0537863526947719,0.07979593766135543
0,0,0,0,0,0.0000018168637661042261,0.0000018168637661042261,0.000010901182596625357,0.00005632277674923101,0.00014534910128833806,0.0003942594372446171,0.0009047981555199044,0.00220567261205053,0.004382275403843394,0.008591948749906885,0.015379751780072278,0.02597206753645991,0.0395113363214686,0.05427698814859765,0.08062332962087505
0,0,0,0,0,0,0.0000018174647457275948,0.000012722253220093165,0.00004543661864318986,0.0001326749264381144,0.0003816675966027949,0.0009705261742185355,0.0021118940345354656,0.0044691458097441536,0.008358520365601209,0.01522490217496006,0.025691681645605268,0.039520770895846546,0.053851480415908634,0.08113889610826275
0,0,0,0,0,0.000005451770007995929,0.000007269026677327905,0.000009086283346659882,0.00003452787671730754,0.00013265973686123423,0.00037617213055171926,0.0009467907247219597,0.0021498146398197288,0.004277822199607473,0.008457512539071019,0.01572835647306826,0.02575052700443411,0.03965799229483174,0.053861670422330456,0.08177836737660829
0,0,0,0,0,0.000003637937871297034,0.000010913813613891102,0.000010913813613891102,0.00003819834764861885,0.00011277607401020803,0.00030922471906024763,0.0008894758095321241,0.0020972711828027386,0.004540146463378695,0.00873832676685547,0.015526718834695738,0.026140402574204823,0.03936794467424087,0.053805101116483116,0.08102051433165625
0,0,0,0,0,0,0.0000018155278465661107,0.000009077639232830554,0.000032679501238189995,0.00012345589356649555,0.00034858134654069305,0.0008896086448173936,0.002046099883080006,0.004500693531637388,0.008494854794082834,0.015671636371558665,0.02590939789834497,0.03974190456133214,0.053621614948330086,0.08102337673655241
0,0,0,0,0,0,0.000001816622825502478,0.000005449868476507433,0.00003088258803354212,0.00014169658038919327,0.00032517548576494354,0.0008737955790666921,0.002094566117804357,0.004294496359487857,0.008387347585344937,0.01553394178087169,0.02618298478396721,0.03980038948393381,0.05390464910113502,0.08130477117818888
0,0,0,0,0,0,0.0000018168406594404858,0.0000127178846160834,0.00003270313186992874,0.0001380798901174769,0.00037063549452585903,0.000901152967082481,0.002038495219892225,0.004493046950796322,0.00871901832465489,0.015530353956897272,0.025706478490423436,0.039514467502171115,0.053802102448011105,0.08153072459239179
