0.04745872713260047,0.045146635297935354,0.04514663529793536,0.048472802498681695,0.044822131180789336,0.047945483308319485,0.04583620654687056,0.04530888735650836,0.04449762706364337,0.04624183669330306,0.05013588609905491,0.04551170242972458,0.04713422301545452,0.0451871983125786,0.04482213118078937,0.04977081896726566,0.04575508051758406,0.047215349044741006,0.047255912059384265,0.04559282845901107
0.004539852705351311,0.005196887806616383,0.007138296608659499,0.009205915543149019,0.012008522896002858,0.014625527112906102,0.016344212151808517,0.018077745441586978,0.020238165944051794,0.022068212864524553,0.02296281997980638,0.024120983548138027,0.026296252301478883,0.028389855675001477,0.031630486428698694,0.03459271247847003,0.03428461127279206,0.03456301597671796,0.03425862683375898,0.03757349884183641
0.0010050786578262973,0.0013918255146396418,0.0024200626668858995,0.0035640922912319618,0.005375086554872892,0.0068896520899383315,0.009395401186178085,0.012213789957087311,0.014694064709465111,0.01744297799711445,0.01939523907671715,0.02230857767474822,0.0256827703117365,0.0292931795918084,0.03415414757055815,0.03713001410352309,0.040309675387383684,0.04306553622335906,0.04337817589802851,0.05140259421454493
0.0003057896825012822,0.0005825486989423156,0.0009231751807158957,0.0014283087701642164,0.0026011476789982464,0.003826241786740726,0.0053532548215097855,0.007530554776028412,0.009841395794424175,0.012905098752649051,0.01544624972178946,0.018898963605221652,0.02270004548137684,0.027807507330243193,0.03268659460610226,0.037805668721392675,0.04329052922904229,0.047426431453759,0.05134170061641784,0.0644925923417103
0.00016374595590579958,0.00020511335529252805,0.0004877905844351717,0.000920424636354705,0.0014444116952532628,0.0021941958091377133,0.003455901490432928,0.004872734919428372,0.0067239260419844635,0.009152537114313642,0.011875890907273251,0.015181835574929291,0.019306510022114316,0.024473987662173142,0.030189583344106093,0.036727356088850284,0.04351850415483818,0.050280350312927144,0.05787471538367402,0.07651417609067732
0.00007715952179992695,0.00015746841183658569,0.0003102127713180739,0.0005936559126239282,0.0009259142615991241,0.0015274435948148801,0.0023840717552059067,0.003426512641564103,0.00499332333933813,0.006821531600760885,0.009120570413575039,0.012238444967939431,0.01632947430745392,0.020631511318829444,0.027029452891749916,0.03383996170368224,0.04305028911200413,0.05233147730565251,0.06239685819024704,0.08705011274738292
0.00005268881255515861,0.00008635110946539885,0.00021807314085329541,0.0003863846254044961,0.0006483651100537567,0.0010976835948991366,0.0016933598923977353,0.0025963875964680936,0.0036779718319753787,0.0051488678491402205,0.007184705023146489,0.01008990760431287,0.013324415263948996,0.01800640169072546,0.02374362794673161,0.031491810548593,0.040977260386648076,0.05360062172798817,0.06652987089777346,0.09666055378869151
0.00003853532726126678,0.00006193177595560733,0.0001156059817838003,0.0002780048609562819,0.0004348986933771538,0.000762448975097921,0.0012744183229976079,0.0018318043065980749,0.002946576273799006,0.004139795157210373,0.0059289353514834706,0.008130954052127284,0.011318376121309209,0.01496134080918683,0.020580617280892263,0.028276672639642387,0.03932943025518643,0.052702565076533925,0.06985216196948553,0.10423943650341452
0.00002095359825666062,0.000034049597167073514,0.00008774319269976638,0.00017941518507265657,0.00031037517417678546,0.0005513415541283828,0.0009546983205690998,0.0015453278714287215,0.0022760846106297593,0.0034350805142013005,0.004858615595763181,0.006925164223826335,0.00937804481974667,0.012878605328500044,0.018012236901381897,0.025327661892738527,0.03728430889794552,0.05224648765309226,0.07229122358537021,0.11127277394210523
0.000015115177653721353,0.00002519196275620227,0.00007809508454422698,0.00011840222495415056,0.0002456216368729721,0.0004320421612688689,0.0007242689292408145,0.001216771801124569,0.0018238981035490444,0.0027257703702210836,0.004048348414921703,0.005789113041375282,0.008211320260384129,0.011366613595598473,0.01616442290251718,0.02351543763477702,0.03441096152683448,0.051355075676656134,0.07343835022874305,0.11668413309417762
0.0000183595160431571,0.000025703322460419943,0.00005385458039326083,0.00010893312852273214,0.00019461087005746505,0.0003635184176545101,0.0006205516422587091,0.001007325446901219,0.001471209218924988,0.002343898214843055,0.003261874017000912,0.00506845039564757,0.006943568967522018,0.010280105016431765,0.014630086350923801,0.021006958256580353,0.03224053413952008,0.0504152310545094,0.07427648207193259,0.12051553521049184
0.000003599543577874325,0.000010798630733622976,0.00003959497935661758,0.00007679026299465228,0.00015358052598930455,0.000313160291275066,0.000488338078731616,0.0008986860466092891,0.0012802376658639669,0.0019797489678308783,0.003051213106178135,0.004379444686413762,0.006367592589259681,0.009033654532605264,0.013281115954496967,0.019703901545284053,0.030466536843128274,0.04826987937929471,0.07386383406584043,0.12308999218899039
0.0000035479823215867523,0.000009461286190898006,0.00002365321547724502,0.00006031569946697482,0.00010880479119532715,0.0002258882078076898,0.000439949807876757,0.0007084138035434877,0.0011507289329679704,0.001772808500019514,0.0026113149886878495,0.0038602047658863868,0.0057098862162069455,0.008356681028110663,0.012212155150901599,0.017790766021209842,0.028564805671094956,0.04681917471565879,0.07432786431569474,0.12394403176153773
0.000008195310643249932,0.00001053682796989277,0.000018732138613142702,0.00004097655321624966,0.00009366069306571351,0.00020019973142796263,0.0004214731187957107,0.000601769952947209,0.0010045109331297778,0.0015945732994437722,0.0024351780197085513,0.0035497402671905414,0.005159533429257495,0.007513929101196864,0.011041424953784297,0.01659082101792782,0.026935644567035878,0.045928862362099254,0.07300851024472368,0.12359582132817883
0.0000034929413476932035,0.000006985882695386407,0.000027943530781545635,0.00004773686508514048,0.00008732353369233016,0.00016649687090670927,0.0003003929559016153,0.0005099694367632074,0.0008639208266627854,0.0014088196769029258,0.0021819240285256866,0.003327608790569057,0.004699170426429922,0.0068985591616940725,0.010091107553485667,0.015783437636443028,0.025215543588997243,0.04409838451462672,0.07145277252219476,0.12297715034201719
0.0000034760684275656863,0.000005793447379276144,0.00003128461584809117,0.00004518888955835395,0.00008690171068914215,0.00013904273710262744,0.00027113333735012343,0.00046926923772136703,0.0008122413225745144,0.0013243820709025263,0.0018295706823754053,0.003017227395127017,0.00451193681898026,0.006204782143204748,0.009388860822854915,0.014589059190493187,0.02420038839271231,0.04220642284750256,0.0698539124308842,0.12134259666946295
0.000002310768295796828,0.0000034661524436952416,0.00002426306710586669,0.00003581690858485082,0.00007047843302180321,0.0001305584087125207,0.000265738354016635,0.00046330904330726366,0.000763708921760852,0.001148451843011024,0.0018509254049332605,0.002755591192737719,0.004117789103109949,0.0057226176845408434,0.008717373395893532,0.013871542079668356,0.02325557212889928,0.040733068134158584,0.06849232767156585,0.11915014563617185
0.0000023030887875273925,0.000014970077118928052,0.00001612162151269175,0.00003224324302538349,0.00005988030847571218,0.00012666988331400662,0.00021418725724004766,0.0004053436266048214,0.0006391071385388522,0.0010363899543873272,0.0015799189082437908,0.0025621862761242248,0.0036757297048937185,0.005609172742022965,0.007973293382419833,0.012797112847895958,0.022383719925978717,0.03983307212468003,0.06694963950902758,0.11668484187568157
0.000003446940667810285,0.000010340822003430856,0.000016085723116448,0.00003102246601029256,0.00007238575402401596,0.00010800414092472221,0.00022634910385287558,0.0003619287701200802,0.0005618513288530768,0.0010179964772266375,0.0014339273178090785,0.00223246857251846,0.0034676223118171473,0.0051853477446092726,0.007572928647179196,0.012546864030829432,0.02144226891422518,0.0379990739219406,0.06479903761416557,0.11440855668551382
0.000004589350641304385,0.000006884025961956578,0.000026388766187500214,0.000029830779168478497,0.0000631035713179353,0.00010555506475000094,0.00018586870097282756,0.0003120758436086982,0.0004945025316005473,0.0009098387646385941,0.0013664791534483808,0.0021065119443587125,0.0031391158386521985,0.004795871420163083,0.00742442199997017,0.01197361582316314,0.020689940028660495,0.037231107077581836,0.06331697612275597,0.11105425415594383
0.00000572549459685075,0.0000091607913549612,0.00001030589027433135,0.00002633727514551344,0.000036643165419844795,0.00010420400166268357,0.00014886285951811937,0.00026680804821324497,0.00046834545802239177,0.000808439837075326,0.0013328951421468546,0.0019970525153815413,0.002862747298425375,0.004720097745643756,0.006974797517883582,0.011488777458040715,0.0198983839218951,0.03619085134669358,0.060890635037507704,0.10768739257540762
0.000002289306534711038,0.000003433959802066557,0.000008012572871488634,0.000030905638218599005,0.00004464147742686525,0.00008127038198224188,0.00015910680416241722,0.00023350926654052583,0.0004338235883277415,0.000686791960413311,0.0011732695990394066,0.0017742125644010535,0.0027471678416532428,0.004238651049017487,0.006522234317391742,0.010973790874137357,0.01925421261018718,0.03472992478483382,0.05929074994248118,0.10457781181213496
0.0000022866838396623027,0.000003430025759493454,0.000012576761118142666,0.000022866838396623032,0.000028583547995778787,0.00008689398590716752,0.00013605768845990703,0.00021380493900842535,0.00035557933706748814,0.0005979678240716917,0.0010473011985653337,0.001717299563586387,0.0025759493453795836,0.003962823094134768,0.006347834338902552,0.010203183292573194,0.018490125527509376,0.033671419539027414,0.05813893662341402,0.10083132390990922
0.0000011410445121464188,0.000004564178048585675,0.000013692534145757026,0.000028526112803660463,0.00003879551341297823,0.00006503953719234586,0.00011866862926322753,0.00019854174511347702,0.00035030066522895103,0.0005979073243647242,0.0010006960371524102,0.0014651011535960026,0.002366526318191672,0.003933180433368706,0.006017868757060211,0.00988943278677301,0.017479660881570998,0.032710323029701394,0.0562181220689419,0.09714624767512181
0.000001141500388110132,0.00000570750194055066,0.000004566001552440528,0.000012556504269211452,0.000031962010867083705,0.000057075019405506626,0.00011529153919912338,0.00019063056481439202,0.0003207616090589468,0.0005764576959956164,0.0009189078124286564,0.001507922012693485,0.0023777453084334057,0.0035728962147847125,0.005653851422309486,0.009604584265558649,0.016754942696680528,0.031007716542623628,0.05387767681841012,0.09461668416967267
0.0000034206004522033797,0.00000114020015073446,0.000009121601205875678,0.000012542201658079058,0.00002850500376836149,0.000049028606481581765,0.000101477813415367,0.00019269382547412384,0.00033521884431593154,0.0005849226773267781,0.0008403275110912969,0.0014560355924879058,0.0022062872916711806,0.0035118164642621375,0.0054512969206614555,0.009029244993666188,0.01598560611329713,0.0300568161735111,0.05133751178681906,0.09203809636743632
0.0000022788153350599157,0,0.000007975853672709705,0.000013672892010359493,0.00003873986069601858,0.000053552160373908054,0.00009457083640498654,0.0001891416728099731,0.0003053612548980285,0.0005286851577339001,0.000789609513598261,0.0013205734866672209,0.0021614563453043294,0.0031721109464034024,0.005167213772248361,0.008534163429799386,0.01542530100302057,0.029037804407000982,0.05004164535024822,0.08820040813582651
0.0000022770614521959413,0.0000045541229043918826,0.0000045541229043918826,0.000011385307260979706,0.000025047675974155363,0.00004440269831782088,0.00010019070389662148,0.00019127316198445918,0.00027324737426351315,0.0004451655139043069,0.0008174650613383437,0.0012398599607206912,0.0021153900890900313,0.0031457603962086957,0.0048114308484900285,0.008090399339652186,0.01466199869068968,0.027625309538041147,0.048277118378732234,0.08468846953007146
0.000002274598647068725,0.0000034118979706030874,0.000002274598647068725,0.0000090983945882749,0.000043217374294305764,0.00005345306820611502,0.00007733635400033669,0.0001705948985301545,0.0002558923477952318,0.00044809593347253877,0.0007199104717972515,0.0012544411538584017,0.0019698024283615156,0.0028045801318357373,0.004520764811049089,0.007803010658769263,0.014004703870002135,0.02652636942211546,0.04638361561102543,0.08245988745285891
0.0000022739753751206627,0.0000022739753751206627,0.0000034109630626809942,0.000006821926125361988,0.000022739753751206626,0.00003183565525168928,0.00008413708887946448,0.00015804128857088606,0.00024217837745035077,0.00040590460445903844,0.0007390419969142159,0.0011813302073751834,0.0016770568391514882,0.0028583870465266744,0.004430841018422612,0.007294913003387086,0.013439194466963116,0.02558904489623281,0.045011068575138403,0.07961642583372465
0.0000022718753194824667,0.0000011359376597412334,0.0000068156259584474,0.000011359376597412334,0.0000102234389376711,0.00005225313234809676,0.0000795156361818863,0.00014085626980791293,0.00023059534492747032,0.0003816750536730542,0.0006838344711642227,0.0010518782729203825,0.0017016346142923677,0.0026024331784671667,0.004093919325707406,0.006986016607408589,0.012996262765099449,0.024799790987470594,0.043337157656787785,0.07662921858848387
0,0.000003402772579097448,0.0000045370301054632645,0.0000022685150527316323,0.000018148120421853058,0.00004650455858099847,0.00008733782953016783,0.00011456001016294746,0.00021550893000950492,0.00038111052885891406,0.0006419897599230521,0.0010015493957810163,0.001699117774495993,0.0024624730897401872,0.0037974941982727526,0.006462999385232421,0.01237474961265106,0.02369463972578191,0.041729334394998374,0.07411011825768972
0.0000011341198832763817,0,0.0000034023596498291448,0.0000056705994163819085,0.000020414157898974865,0.000024950637432080393,0.0000725836725296884,0.00011000962867780897,0.00019506861992353778,0.0003844666404306939,0.0006373753744013268,0.0010036960966995972,0.001525391243006733,0.0022637032870196578,0.0035531975943049027,0.006214976960354574,0.011777834987825213,0.022715287142142646,0.040038968359189374,0.07137583485399909
0.0000022686977561444842,0,0,0.000007940442146505696,0.000019283930927228115,0.00004537395512288969,0.00004991135063517868,0.00010776314341686305,0.0001871675648819199,0.0003527825010804672,0.0006272949295739495,0.000995958314947429,0.001465578750469337,0.0022176520566312336,0.0034450175427053987,0.005810134953486028,0.01138205664257688,0.022006368234601493,0.03816970539825287,0.06881527468825258
0,0,0.000001134185484694167,0.000006805112908165001,0.00001587859678571834,0.000023817895178577504,0.00007145368553573248,0.00011341854846941664,0.00019054316142861992,0.00034706075831641525,0.0005863738955868849,0.0008892014200002275,0.0013338021300003404,0.002127731969286256,0.0032517097846181744,0.0054939944878585455,0.010814458596558883,0.021115131168551307,0.03714117206727986,0.06641676779820571
0.000002265339177908412,0,0.000004530678355816824,0.000004530678355816824,0.000010194026300587855,0.00003058207890176357,0.00007249085369306919,0.00012119564601810001,0.00020048251724489439,0.00030808612819554376,0.0004995072887288045,0.000784940025145264,0.0012787839659292974,0.001971977754369271,0.002951736948814658,0.005287301641238234,0.01018269960469831,0.020275918311869243,0.035304178418113646,0.0642121716674029
0.000001133189418277212,0.000001133189418277212,0.0000033995682548316363,0.000009065515346217696,0.000012465083601049332,0.00002946292487520752,0.00005325990265902895,0.00011445213124599834,0.0001881094434340171,0.00027763140747791683,0.0005088020488064686,0.0007649028573371185,0.0012408424130135477,0.001770041871349004,0.00293836016159281,0.005090286866901234,0.00953918852305757,0.019271019247222267,0.03438889927645856,0.06151405438176017
0,0.0000033967275926372535,0.000002264485061758169,0.000011322425308790845,0.000009057940247032676,0.000022644850617581683,0.00004528970123516336,0.00009171164500120584,0.00019248123024944434,0.00027173820741098026,0.0004574259824751504,0.0007370898876022841,0.001139035986064359,0.001711950706689176,0.0027570105626905715,0.004757683114753914,0.009308165846356953,0.018557455081108194,0.03275804090339366,0.05966578464973511
0.0000011318542262304953,0.000005659271131152477,0.0000022637084524609907,0.0000022637084524609907,0.000006791125357382972,0.00001924152184591842,0.00004640602327545031,0.00010639429726566656,0.00013921806982635093,0.00028749097346254587,0.00044821427358727615,0.0007198592878825949,0.0010220643662861373,0.0015891233336276156,0.002452728108241482,0.00455231769789905,0.008906560906207768,0.017589014675621902,0.03178359852677854,0.057265032721905716
0,0,0.0000022617730943996235,0.0000033926596415994352,0.000012439752019197932,0.0000192250713023968,0.00005202078117119135,0.0001006489027007833,0.00016850209553277205,0.0002680201116863555,0.0004071191569919325,0.0006434744453566933,0.0009635153382142402,0.0015527072293053425,0.00245741646706519,0.004394625122418466,0.00859247598562416,0.016789141679728403,0.030567863370810903,0.05507304396208362
0.0000011311449449132411,0,0,0.0000011311449449132411,0.000005655724724566206,0.000020360609008438343,0.00005542610230074883,0.00010858991471167114,0.00015949143723276702,0.00022736013392756163,0.0003597040924824109,0.0005836707915752327,0.0009377191593330764,0.0014331606452050762,0.002345994615750063,0.0042022034703526915,0.00823134176413366,0.01640499513607674,0.02927290002940977,0.052179716308847816
0,0,0.0000011305145084579443,0.000004522058033831777,0.000011305145084579443,0.000011305145084579443,0.00005087315288060749,0.00009383270420200937,0.0001322701974895794,0.00025210473538612137,0.0003538510411473363,0.0005324723334836916,0.0008908454326648605,0.0014572332014022907,0.0021785014577984582,0.00401445701953416,0.00787516406591804,0.016025043157391363,0.02803562929524856,0.05005126883295858
0,0,0.0000022622515058111586,0.000005655628764527897,0.000009049006023244635,0.00001809801204648927,0.00004863840737493991,0.00007239204818595708,0.00013121058733704715,0.0002296185278398326,0.000324633091083901,0.0005157933433249438,0.0008030992845629609,0.0013098436218646607,0.0021593190622967513,0.003889941464242288,0.007466561094929732,0.015076775160478466,0.027608517376919384,0.04880242060911122
0,0,0.0000022598384893431666,0.000004519676978686333,0.000007909434712701083,0.000022598384893431667,0.00004406685054219174,0.00008813370108438352,0.00011412184371182992,0.00019547602932818404,0.0003333261771781174,0.000514113256325571,0.0007762545210893787,0.0012858481004362637,0.0021027797143338186,0.003624780936906444,0.007135440030101058,0.014520592213274518,0.026345197108762635,0.0467052119784999
0,0,0.0000011303471069896144,0.000004521388427958458,0.00001808555371183383,0.0000237372892467819,0.00003504076031667804,0.00006442978509840799,0.00013225061151778497,0.0002091142147930787,0.00029502059492428947,0.0005165686278942536,0.0007313345782222806,0.001236599735046638,0.0019916716025157005,0.003474687006886074,0.00691772429477644,0.014080733911769625,0.02484502941163172,0.044957295486297955
0,0.0000011304173840106982,0.0000011304173840106982,0.000009043339072085584,0.000007912921688074886,0.00001808667814417117,0.000040695025824385154,0.00006443379088860981,0.00011643299055310184,0.0001989534595858828,0.0002611264157064713,0.00045329737098829,0.0007268583779188791,0.0011699819924510726,0.0018267544925612885,0.0033313400306795296,0.006631028374606756,0.01354805234736822,0.023960326871490748,0.043020294383295146
0.0000011291690332167654,0.0000011291690332167654,0.000002258338066433531,0.000006775014199300593,0.00001016252129895089,0.000025970887763985602,0.00003048756389685266,0.00007113764909265626,0.00011178773428845981,0.00017502120014859865,0.00028342142733740825,0.0004968343746153768,0.0007678349425874006,0.001149494075814667,0.0018224788196118588,0.003250877646631068,0.006173167104596058,0.013010285600723571,0.023308307183660462,0.041240640600175925
0.0000011299652083712342,0,0.0000022599304167424684,0.000006779791250227406,0.000009039721666969874,0.00002033937375068222,0.00003615888666787949,0.00004971846916833429,0.00012994599896269194,0.00017175471167242751,0.0002745815456342097,0.0004452062920982659,0.0007299575246078165,0.0011277052779544905,0.0017231969427661301,0.0031074043230208933,0.0058927685616559896,0.012252212754369295,0.02224562505720449,0.03936685789444544
0,0.000001128710211554155,0,0.00000225742042310831,0.00001128710211554155,0.000021445494019528944,0.00003160388592351634,0.00006772261269324927,0.00010158391903987394,0.0001873658951179896,0.000301365626484959,0.0004571276356794323,0.0006749687065093838,0.001089205354149759,0.0016727485335232574,0.0028996565334826214,0.005799313066965248,0.011727299098047669,0.02149515726883733,0.03804994994170213
0,0.000002257927583746534,0.000004515855167493068,0.0000056448189593663345,0.000013547565502479202,0.000015805493086225735,0.00003951373271556436,0.000047416479258677226,0.00009370399472548111,0.00018853695324283555,0.0002630485635064713,0.00046964893741927916,0.0006570569268702418,0.0009867143540972356,0.0015771624172469544,0.0028427308279368856,0.005594015588732039,0.011426242537549336,0.020383441262271828,0.036456498767171525
0.0000011294151662386184,0.0000022588303324772368,0.0000022588303324772368,0.000009035321329908947,0.000012423566828624805,0.0000180706426598179,0.00003840011565211302,0.00004291777631706749,0.00009600028913028253,0.00017505935076698594,0.0002947773583882797,0.0004664484636565496,0.0005985900381064685,0.0009543558154716341,0.0015608517597417702,0.0026620315468244243,0.005334227830144993,0.010834479689727068,0.01939657606498203,0.03515417646434324
0,0.0000011284783935884371,0.0000011284783935884371,0.0000022569567871768742,0.000022569567871768743,0.000027083481446122486,0.00003272587341406466,0.00006770870361530619,0.00008914979309348647,0.00017040023743185398,0.00030920307984323204,0.00042995026795719486,0.0005856802862723992,0.0009332516314976379,0.001441066908612435,0.0025921148700726398,0.005106364730987676,0.010180003588561293,0.018526229787541364,0.033730219184358375
0.0000011279959572624893,0.0000033839878717874678,0.0000011279959572624893,0.0000033839878717874678,0.00001691993935893734,0.000024815911059774753,0.00003947985850418711,0.0000597837857349119,0.0000891116806237367,0.00016130342188853586,0.0002729750216575222,0.00042863846375974546,0.0006046058330926939,0.0009170607132544033,0.0014156349263644227,0.0025876227259601483,0.00472743105688709,0.009813564828183657,0.017915959789200117,0.03231031619982673
0,0.000001127749170540485,0.000001127749170540485,0.0000056387458527024256,0.00001466073921702631,0.00001917173589918825,0.000049620963503781326,0.00005413196018594325,0.00010149742534864355,0.00016577912806945122,0.0002616378075653925,0.0003890734638364674,0.0005604913377586212,0.0008852830988742803,0.0013938979747880394,0.0023491015222358302,0.00465309307765004,0.009540757982772506,0.017353804236276985,0.031229630030607112
0,0.0000022562565995505537,0.0000011281282997752769,0.000010153154697977492,0.0000146656678970786,0.000013537539597303323,0.000028203207494381924,0.00006655956968674133,0.00010830031677842649,0.00017034737326606655,0.00023916319955235844,0.0003519760295298863,0.0005200671461964022,0.0008122523758381994,0.001403391604920444,0.002362300659729429,0.004515897584000435,0.009234858261960417,0.016948999575823756,0.03029137297726596
0.0000011282950446409935,0,0.0000033848851339229806,0.000007898065312486954,0.000009026360357127947,0.00001353954053569192,0.00003272055629458882,0.000051901572053485734,0.00009139189861592042,0.00011959927473194527,0.00024258343459781354,0.00034525828366014364,0.0005743021777222653,0.0007864216461147724,0.0012885129409800147,0.0022904389406212173,0.004385682838519541,0.00883116531440506,0.01635125178693728,0.02900620900763065
0,0.0000022552363769627604,0.0000011276181884813802,0.000005638090942406901,0.000011276181884813802,0.000013531418261776562,0.000036083782031404166,0.00004623234572773659,0.00007555041862825247,0.00011614467341358216,0.00022552363769627604,0.00036760352944492994,0.0005322357849632114,0.000827671750345333,0.0012167000253714092,0.0021255602852874016,0.004326670989203056,0.00867702196036422,0.015198037944352042,0.027608603726778095
0.0000033832589580239057,0.0000022555059720159372,0.0000011277529860079686,0.0000056387649300398425,0.00001578854180411156,0.00001691629479011953,0.00003157708360822312,0.000046237872426326715,0.0000755594500625339,0.00013194709936293226,0.00020412329046744205,0.00037554174434065315,0.0005041055847455614,0.0007544667476393301,0.001207823448014534,0.002111153589806916,0.004013672877202362,0.008122077005229386,0.014466815304510224,0.026083798813378307
0.000002254270433552561,0.000002254270433552561,0.0000033814056503288414,0.000014652757818091648,0.000013525622601315367,0.00001803416346842049,0.00005072108475493261,0.00005184821997170887,0.00008791654690854985,0.00012285773862861458,0.0002288084490055848,0.0003550475932845284,0.0005173550645003125,0.0007382735669884637,0.0011767291663144369,0.002054767500183159,0.003952863205234415,0.007789631483140875,0.013755558185537729,0.024911942561189337
0.0000011272254247949013,0.000005636127123974507,0.000005636127123974507,0.0000011272254247949013,0.000011272254247949012,0.00002141728307110312,0.00003607121359343684,0.00005636127123974509,0.00009919583738195132,0.00014766653064813204,0.00021079115443664638,0.00032802259861531587,0.0005027425394585254,0.0007597499363117627,0.0011576605112643638,0.0019692628171166927,0.0037559151154166115,0.007414888844300863,0.013233626487092136,0.024015537675255383
0.000001127114890202103,0.000002254229780404206,0,0.000004508459560808412,0.000013525378682425236,0.000024796527584446265,0.00003381344670606308,0.0000597370891807114,0.00009016919121616822,0.0001386351314948586,0.00018597395688334698,0.0003155921692565889,0.0005094559303713505,0.0007619296657766215,0.0011203522008608904,0.001890171670868927,0.0036653776229372387,0.0070286884553003165,0.012902084148143476,0.0230968383300215
0,0.0000033814056503288414,0.000004508540867105122,0.000002254270433552561,0.000006762811300657684,0.000014652757818091648,0.0000394497325871698,0.00005973816648914284,0.0000980607638595364,0.00012849341471249596,0.00021753709683782198,0.00034152197068321286,0.00047452392626281387,0.0007371464317716876,0.001150805056328582,0.0019443082489390836,0.003523424687642653,0.006731251514587948,0.012369181868902908,0.022317277292170347
0.0000022528738221694047,0.0000011264369110847023,0,0.000003379310733254107,0.000010137932199762323,0.000016896553666270534,0.000028160922777117567,0.00004618391335447279,0.00008786207906460677,0.00013066668168582553,0.00021740232383934776,0.0003480690055251731,0.0005046437361659465,0.0006893793895838381,0.0011084139205073474,0.0019160691857550793,0.003508850978028849,0.006630207658644559,0.011881656538121444,0.021300921988611714
0,0,0.000002252505912828021,0.000007883770694898073,0.000007883770694898075,0.000014641288433382136,0.00002815632391035026,0.000056312647820700504,0.00008221646581822274,0.00011713030746705705,0.0002106093028494199,0.000334497128054961,0.0004606374591733301,0.0007050343507151703,0.00109809663250366,0.0017682171415699958,0.003427187746367838,0.006402748057213654,0.01146976010812029,0.02064759544993806
0,0,0,0.000004506240015861965,0.000007885920027758437,0.000019151520067413346,0.00003830304013482669,0.000060834240214136506,0.00006421392022603298,0.00014194656049965198,0.00018700896065827164,0.0003007915210587864,0.0004720286416615411,0.000660164162323778,0.0010702320037672165,0.0017349024061068569,0.003178025771186651,0.006404493622543816,0.010881443078302678,0.019917580870109884
0,0,0.0000045046110324681105,0.000003378458274351083,0.000009009222064936221,0.000012387680339287302,0.00003603688825974488,0.00004054149929221299,0.00007657838755195793,0.000119372192360405,0.000195950579912363,0.00029843048090101267,0.00042230728429388587,0.0007173593069205468,0.0010090328712728566,0.0016531922489157976,0.003083406251724421,0.006045188005572203,0.010613989745252985,0.019375458203403455
0,0.0000011261311987891838,0.0000022522623975783675,0.000003378393596367551,0.00000900904959031347,0.000019144230379416124,0.00003378393596367551,0.00004617137915035652,0.0000855859711079779,0.00012837895666196683,0.00017905486060748013,0.00028378506209487416,0.0004493263483168844,0.0006824355064662457,0.0009695989621574873,0.0016137460078649005,0.0031238879454411946,0.005956107910395991,0.010424596507191476,0.01853837179446753
0,0,0,0.0000011260348260050987,0.000007882243782035691,0.000011260348260050988,0.00001689052239007648,0.00003265500995414786,0.00007544433334234158,0.00011372951742651485,0.00019593005972488699,0.00028939095028331015,0.00048757307966020724,0.0006643605473430074,0.0009841544379284558,0.0015494239205830148,0.0029828662540875026,0.005837364538010432,0.009959778036015094,0.017979398066823415
0,0,0.0000033802588376867313,0.000004507011783582308,0.000010140776513060193,0.000009014023567164617,0.000019154800080224806,0.000047323623727614216,0.00006873192969963016,0.00013295684761567802,0.00017239320072202322,0.00027154745996083393,0.000457461696033604,0.0006794320263750326,0.0009701342864160912,0.001592101912550452,0.002900262082735216,0.0055695398115618395,0.009835426464722491,0.01703425103604933
0.0000011257141248979823,0,0,0.000005628570624489911,0.000004502856499591929,0.000015759997748571754,0.00003039428137224553,0.00005515999212000115,0.00009455998649143055,0.00011594855486449221,0.00018461711648326917,0.00030957138434694524,0.0004716742183322548,0.0006168913404440942,0.0009816227169110394,0.0015534854923592138,0.002800776742746178,0.00537641066051276,0.009265752962035292,0.01625981482002646
0.0000022518414433402915,0,0.0000011259207216701458,0.000006755524330020875,0.000010133286495031311,0.000011259207216701456,0.00003602946309344466,0.00004954051175348642,0.00009570326134196233,0.00012610312082705625,0.00020604349206563647,0.0003276429300060124,0.00039970185619290187,0.0006068712689802089,0.0008478183034176199,0.001523370736419708,0.002833942456443757,0.005277190422467971,0.008845233189440667,0.015802297328640493
0,0,0.0000011261032997078888,0.000005630516498539444,0.000012387136296786777,0.000019143756095034113,0.00003378309899123666,0.00005630516498539442,0.00009459267717546261,0.0001475195322617334,0.00017567211475443068,0.00031643502721791694,0.0004155321175922113,0.0005990869554445973,0.0008704778506741982,0.0015202394546056494,0.002800618906373519,0.005139535459866803,0.008443522541209747,0.01520464675265591
0,0,0,0.0000033762796099721797,0.00001012883882991654,0.00002025767765983308,0.00002588481034312005,0.000054020473759554896,0.0000697764452727584,0.000111417227129082,0.00019694964391504374,0.000295987179140894,0.00041978409817320744,0.0005874726521351586,0.0008778326985927664,0.0014923155876077042,0.002791057810910338,0.0046997812170812715,0.008259505352528609,0.014514626043270402
0,0.000001125640630223676,0,0.00000562820315111838,0.000004502562520894704,0.000018010250083578817,0.00003151793764626292,0.00004727690646939438,0.00006416151592274951,0.00012719739121527535,0.00018798198524735396,0.0002802845169256955,0.0004277434394849971,0.0005481869869189302,0.0009545432544296773,0.001409302069040042,0.0026655170123696657,0.0046995496311838456,0.008060712553031745,0.014034487377628788
0,0,0,0.0000033770815486395427,0.000006754163097279085,0.00001125693849546514,0.000027016652389116338,0.000055158998627779214,0.0000754214879196165,0.00010919230340601191,0.00017335685283016329,0.00026116097309479146,0.00037485605189898914,0.0006168802295514892,0.0009467085274686184,0.001398111761136771,0.0024889091013473416,0.004637858660131638,0.00786972570217968,0.013590501845575066
0,0,0.0000011255646113481675,0.000007878952279437173,0.000006753387668089005,0.000016883469170222513,0.00002588798606100785,0.0000450225844539267,0.00007541282896032722,0.00011143089652346858,0.00017896477320435863,0.0002768888943916492,0.00036918519252219893,0.0006123071485734031,0.0008295411185635994,0.0014688618178093586,0.002448103029682267,0.004494379493113241,0.0075210227330284605,0.01326365338012681
0,0.0000022516589097017226,0.0000011258294548508613,0.000003377488364552584,0.000006754976729105168,0.000011258294548508613,0.0000202649301873155,0.00003264905419067496,0.00006754976729105165,0.00012384124003359464,0.00020039764296345337,0.0002859606815321191,0.00036026542555227595,0.0005843054870675972,0.000882650292603075,0.001367882787643797,0.002356361049002853,0.004325436765537007,0.007378686247092547,0.012957171195878562
0,0.000002250425049031136,0.0000033756375735467036,0.000004500850098062272,0.000002250425049031136,0.000011252125245155679,0.000013502550294186814,0.00003938243835804489,0.0000540102011767473,0.00011814731507413468,0.00018791049159410002,0.00028467876870243885,0.00041182778397269815,0.0006188668884835625,0.0008799161941711745,0.001373884492433509,0.002223419948442762,0.004105900501957306,0.007265497270797025,0.01239196553248995
0,0.0000022510582787733085,0.0000011255291393866542,0.0000022510582787733085,0.000004502116557546617,0.000004502116557546617,0.00001800846623018647,0.000036016932460372935,0.00006190410266626599,0.00011030185565989212,0.00018908889541695783,0.0002768801682891168,0.00041194366501551543,0.0005515092782994603,0.0008914190783942302,0.001336003088451958,0.0022510582787733067,0.00416445781573062,0.006788066239640909,0.012123074360333656
0,0,0,0.0000011253644774201244,0.000005626822387100622,0.00000787755134194087,0.000022507289548402497,0.00003713702775486411,0.00007652478446456846,0.00012379009251621372,0.0001856851387743206,0.0002464548205550074,0.0003916268381422036,0.0006020699954197666,0.00081363851717475,0.0012716618594847406,0.0022135919270853855,0.004013049726480162,0.006860221854353078,0.011988507777956589
0,0,0,0.0000022494733420537916,0.000004498946684107583,0.000011247366710268956,0.000020245260078484123,0.00005061315019621032,0.00007535735695880208,0.00013384366385220064,0.00019232997074559917,0.0002384441742577018,0.0003902836248463325,0.0005589941255003672,0.0007850661963767732,0.0013406861118640593,0.002265219655448167,0.0039309546652390006,0.006431244284931789,0.011682639801956371
0,0,0.000001125213790620218,0,0.000004500855162480872,0.000013502565487442612,0.000027005130974885224,0.00004388333783418848,0.00007763975155279501,0.00012264830317760368,0.00016878206859303278,0.0002441713925645875,0.000348816275092268,0.0005412278332883253,0.000778647943109191,0.0013626339004410837,0.002161535691781438,0.0038594833018273473,0.006448600234044468,0.011462552885048157
0.0000011253872738956293,0,0.0000011253872738956293,0.0000022507745477912586,0.000006752323643373776,0.000022507745477912592,0.000027009294573495118,0.00004839165277751208,0.00009003098191165033,0.00010803717829398039,0.0001654319292626575,0.00027797065665222033,0.00037925551130282685,0.0005593174751261276,0.0008316611954088704,0.0012559321976675225,0.002193379796822582,0.0036890194838298724,0.006487857634008304,0.010995033665960297
0,0.0000011254924029262803,0.0000011254924029262803,0.000003376477208778841,0.000012380416432189086,0.000022509848058525617,0.000031513787281935866,0.00004501969611705123,0.0000821609454136185,0.00009003939223410247,0.00017445132245357355,0.0002296004501969613,0.0003916713562183453,0.0005740011254924025,0.0008553742262239726,0.0012492965672481705,0.0020652785593697244,0.0037478897017445114,0.00625323579065841,0.01059538548114801
0,0.0000011245924758015815,0.0000011245924758015815,0.000002249184951603163,0.000008996739806412652,0.000010121332282214234,0.000026990219419237964,0.00003823614417725377,0.00006185258616908696,0.0001270789497655787,0.00016868887137023718,0.0002710267866681809,0.0003812368492967361,0.0005375552034331558,0.0008479427267543922,0.001294405939647621,0.002080496080232925,0.0035829516279038374,0.006061553444570522,0.010227043974939584
0,0,0.0000011248581272686982,0.0000033745743818060946,0.000010123723145418283,0.000017997730036299168,0.000029246311308986145,0.00003712031819986703,0.00006524177138158448,0.00010686152209052638,0.00019460045601748504,0.0002474687879991137,0.0003993246351803884,0.0005489307661071252,0.0007986492703607764,0.0012609659606682107,0.002068614096047135,0.0035073076408237997,0.005809892227342825,0.010157468889236344
0,0,0.0000022490509005199804,0.000004498101801039961,0.000004498101801039961,0.000012369779952859892,0.000032611238057539715,0.00004273196710987964,0.00006297342521455944,0.00013606757948145872,0.0001889202756436782,0.00026988610806239746,0.00039133485669047617,0.000554391046978175,0.0007478094244228939,0.0013134457259036689,0.0020949909138343616,0.0034804062685546695,0.005669857320210871,0.009685537703089294
0,0,0.0000011248505354850975,0.000002249701070970195,0.000014623056961306267,0.00001799760856776156,0.000030370964458097637,0.000042744320348433716,0.00006749103212910588,0.00010911050194205451,0.00019459914263892178,0.00029921024243903565,0.0003520782176068352,0.0005725489225619145,0.0008020184318008744,0.0013070763222336828,0.0020708498358280652,0.0033992983182359647,0.005561261047438323,0.00943749599271997
0,0,0.00000337580850613722,0.000005626347510228699,0.000006751617012274439,0.000019129581534777577,0.00002363065954296054,0.00004163497157569239,0.00006526563111865294,0.00010127425518411655,0.00017554204231913539,0.00024305821244187983,0.0003713389356750939,0.0005491315169983211,0.0008090687719708872,0.0012591765727891834,0.001982724862604595,0.0033071670665124303,0.005528449063550723,0.009346488483991918
0,0,0.0000011257128576671177,0.000003377138573001353,0.000006754277146002706,0.000014634267149672534,0.000027017108584010827,0.00004165137573368336,0.00006078849431402433,0.00011482271148204593,0.00014521695863905807,0.0002555368186904356,0.00035685097588047634,0.0005212050530998755,0.0008240218118123302,0.0012056384705614834,0.0019823803423517933,0.003234173040077629,0.005317867539619464,0.008967428624176264
0,0,0.0000011255076039293722,0.000004502030415717489,0.0000067530456235762335,0.000012380583643223095,0.000012380583643223095,0.00004389479655324549,0.00007428350185933852,0.00010804872997721967,0.00014969251132260642,0.0002566157336958967,0.0003826725853359864,0.0005514987259253924,0.0007788512619191256,0.0012560664859851797,0.0019538812004213906,0.0031469192605865256,0.005155950333600456,0.008715930884829057
0,0.0000011246519202306887,0,0.0000022493038404613773,0.000005623259601153444,0.000012371171122537578,0.000025866994165305837,0.00004498607680922753,0.00006298050753291853,0.00008884750169822434,0.00016532383227391115,0.00023392759940798306,0.0003778830451975116,0.0005330850101893467,0.0007568907423152538,0.0011280258759913814,0.001952395733520476,0.003225501707221614,0.005117166237049634,0.008640700703132382
0,0,0.0000011259333987875949,0.0000022518667975751897,0.000005629666993937974,0.000022518667975751897,0.00001688900098181392,0.00003265206856484026,0.00006305227033210537,0.00009570433889694564,0.0001576306758302633,0.00023757194714418243,0.00036029868761203014,0.0005235590304362315,0.0007904052459488915,0.0011563336005548605,0.0018634197749934688,0.003132346715427088,0.0050554409605563025,0.008536827029607546
0,0,0.000002250300977755775,0.000003375451466633662,0.00000450060195551155,0.000006750902933267325,0.00002700361173306929,0.00004388086906623762,0.00006075812639940595,0.00013051745670983493,0.00015077016550963683,0.0002419073551087456,0.0003555475544854123,0.0005344464822169966,0.0007662274829258419,0.0011645307559886133,0.0018902528213148508,0.0029985260528595696,0.004892154325641054,0.00826985609325247
0,0.0000011248948223341118,0.0000011248948223341118,0.0000011248948223341118,0.000004499579289336447,0.000011248948223341119,0.000030372160203021015,0.000055119846294371474,0.00006861858416238083,0.0001102396925887429,0.0001518608010151051,0.00023060343857849295,0.00036221613279158383,0.0005410744095427078,0.0007244322655831683,0.0011417682446691242,0.0018369532448716049,0.002962972962028049,0.0048944173719757235,0.0081386140395873
0,0.0000011251568187316106,0.0000033754704561948317,0.0000045006272749264425,0.0000045006272749264425,0.000011251568187316105,0.000030379234105753488,0.000050632056842922485,0.00006525909548643345,0.0001001389568671134,0.00017439930690339953,0.00025541059785207543,0.0003330464183445565,0.0005231979207101987,0.0007561053821876421,0.001140909014193853,0.001855383594088427,0.0030142951173819854,0.0047639139705096395,0.007950358081157563
0.000002249478402195491,0.0000011247392010977455,0.0000011247392010977455,0.000004498956804390982,0.000012372131212075201,0.00001687108801646618,0.000014621609614270693,0.00004386482884281205,0.00004948852484830077,0.00010347600650099261,0.00017883353297454152,0.0002193241442140603,0.00040378137319409095,0.0005488727301357001,0.0007940658759750086,0.0011708535083427534,0.0019233040338771463,0.003054791670181474,0.004684538772572109,0.007904667105314955
0.0000022495214143191038,0,0.0000033742821214786556,0.000006748564242957311,0.000008998085657276415,0.000023619974850350585,0.000015746649900233725,0.00003149329980046744,0.00006973516384389224,0.00010797702788731693,0.00016758934536677324,0.00025869496264669707,0.0003509253406337803,0.0005623803535797756,0.0007659620415756545,0.0011281349892810304,0.0018119894992340369,0.002981740634679972,0.004648636002690428,0.007904818249917329
0,0,0.0000011255329398470175,0.00000450213175938807,0.000011255329398470173,0.000022510658796940357,0.00001800852703755228,0.000034891521135257555,0.00006528091051112704,0.00011705542574408979,0.00017558313861613478,0.00024649171382649666,0.0003444130795931876,0.0005402558111265688,0.0007822453931936775,0.0011221563410274773,0.0018762634107249785,0.002999545284692303,0.004735117077936404,0.0077526708896662605
0,0.0000022491191886977264,0.0000011245595943488632,0.000007871917160442041,0.000008996476754790905,0.000013494715132186362,0.000022491191886977267,0.00005060518174569886,0.000056227979717443195,0.00009896124430269991,0.0001529401048314453,0.00027101886223807563,0.00036548186816338024,0.0005442868436648492,0.0007534549282137372,0.0011043175216505824,0.0017621848843446667,0.0029485952563827193,0.004618566253990779,0.007789824310054573
0,0,0.000005647566971672934,0.0000056475669716729335,0.0000022590267886691735,0.000011295133943345867,0.000019201727703687976,0.00004066248219604514,0.00005647566971672938,0.00009262009833543613,0.00015361382162950378,0.0002733422414289699,0.00037951650049642066,0.0005026334604788906,0.0007985659697945528,0.0010944984791102143,0.0017868901898373162,0.003016930276267681,0.004567752166689067,0.007637769572490478
0,0,0,0.0000023173467306872323,0.0000023173467306872323,0.000010428060288092546,0.000017380100480154243,0.0000289668341335904,0.00006720305518992973,0.00011123264307298715,0.00023405201979941054,0.0003128418086427763,0.0005353070947887507,0.000818023395932593,0.0012606366214938552,0.0019048590126249053,0.0030658497246992093,0.004911616395691588,0.00680257132793237,0.010825485252405407
0,0,0,0,0.0000022872068515568444,0.00000914882740622738,0.000016010447960897913,0.00003659530962490951,0.00005146215416002899,0.0000892010672107169,0.00017840213442143379,0.00028132644274149167,0.0004791698354011584,0.000882861844700941,0.001344877628715423,0.0021488308370376527,0.0034594003629797223,0.005480147616330191,0.0076930202452114346,0.012459559323855892
0,0,0,0,0,0.0000045547555633492485,0.000012525577799210434,0.00002732853338009549,0.0000375767333976313,0.00006376657788688945,0.00015713906693554894,0.0002869496004910026,0.00048735884527836913,0.0008107464902761654,0.001357317157878074,0.002240939737167829,0.003520826050468969,0.005786816943235218,0.008257771836352184,0.013529901400928933
0,0,0,0,0.000002276403146444429,0.0000011382015732222145,0.000002276403146444429,0.00001821122517155543,0.00003414604719666643,0.00005804828023433293,0.0001343077856402213,0.00023902233037666513,0.00044731321827633057,0.0008024321091216616,0.001322590228084213,0.002180794214293762,0.003875576356821642,0.006418318671400067,0.009381057366497487,0.015106211279805236
0,0,0,0,0,0.000004558627944161366,0.00000797759890228239,0.000013675883832484102,0.000027351767664968204,0.0000569828493020171,0.00013561918133880057,0.00022907105419410864,0.000430790340723249,0.0008102961170746823,0.0013710073542065298,0.002438865950126329,0.00437970179735303,0.007188956267942468,0.010530430551012755,0.016886297562159737
0,0,0,0,0,0.000009122246079429677,0.000004561123039714839,0.000009122246079429677,0.000019384772918788064,0.000055873757236506774,0.0001151683567527997,0.0002531423287041737,0.0004629539885310566,0.0009327496616216856,0.0015644652026221917,0.002911136780097996,0.005025217309005827,0.008101694799293483,0.012106360828163111,0.018919538368737155
0,0,0,0,0.0000011416437386549153,0.0000022832874773098307,0.000009133149909239323,0.000013699724863858985,0.000021691231034443397,0.00006164876188736542,0.00012101423629742105,0.0002637197036292853,0.0005491306382930139,0.000995513340107086,0.0019019784685990885,0.0036087358578881876,0.006002762777847545,0.009482492893267727,0.013702008151336296,0.02161131597273755
0,0,0,0,0,0,0.000003424774821055516,0.000009132732856148044,0.00003653093142459217,0.00005822117195794375,0.00012100871034396157,0.00031279610032307044,0.0006449992579654556,0.001231777343972967,0.0022854663972510483,0.004037809514024455,0.007023071566377844,0.01116704909985502,0.015596424535086813,0.02469148486820328
0,0,0,0,0,0.0000011421614033965596,0.000003426484210189679,0.000006852968420379357,0.00002055890526113807,0.00007995129823775916,0.00018274582454344963,0.0004066094596091754,0.0007309832981737985,0.001379730975303045,0.002661236069913983,0.0047194109188345825,0.008311508532516764,0.012569486244379136,0.017877110285962956,0.02754093792010125
0,0,0,0,0,0,0.000003431265462139989,0.000019443837618793272,0.00003202514431330657,0.00011208800509657296,0.0002401885823497991,0.00045407079615652487,0.0008898415098483041,0.001562369540427742,0.0029486007871322964,0.00543512449202974,0.009506892840435861,0.014721272587734594,0.02031652280133088,0.03139036020281066
0,0,0,0,0,0,0.00000457151738948071,0.000012571672821071955,0.00004457229454743692,0.00008457307170539312,0.00026743376728462144,0.00046515189437966236,0.0009794476006962424,0.0018503216633923172,0.0034606386638368976,0.006178405751883178,0.01054077622079515,0.016759182749836284,0.022902159241950982,0.03472981760788495
0,0,0,0,0.0000022871623862422608,0.0000022871623862422608,0.0000022871623862422608,0.000013722974317453565,0.000042312504145481815,0.00012350676885708212,0.0002264290762379839,0.0005614983658224749,0.00103151023619526,0.0020973279081841537,0.003948785859847263,0.007004434807866926,0.011984730903909453,0.01869183460156488,0.025569331896995357,0.03867705953254976
0,0,0,0,0,0.0000011435563458800523,0.0000022871126917601046,0.000012579119804680576,0.00005146003556460234,0.00010978140920448499,0.0002664486285900523,0.0005283230317965844,0.0011584225783764935,0.0023580131852046667,0.004475879537774528,0.007979736181551003,0.013269827837592127,0.020412480773958935,0.028244698186891418,0.042446524446375755
0,0,0,0.0000011431811530582382,0.0000011431811530582382,0,0.000006859086918349429,0.00002514998536728124,0.000057159057652911904,0.00010860220954053262,0.00025607257828504543,0.0005693042142230033,0.0012254901960784322,0.0025835894059116193,0.004981983465027803,0.008944249341527655,0.014375502999707348,0.022161709833187004,0.03102593649400058,0.04667380011706175
0,0,0,0.0000011419201158363765,0,0,0.000002283840231672753,0.000012561121274200142,0.00004567680463345504,0.00011305009146780128,0.00029233154965411243,0.0006451848654475524,0.0014228324643321252,0.002898193253992723,0.005380727585821006,0.009573858251172188,0.015694550072055155,0.023698268163952322,0.033239010731765245,0.05045802415846196
0,0,0,0,0.0000011432112117009954,0.0000011432112117009954,0.000003429633635102986,0.000021721013022318908,0.00006287661664355474,0.0001051754314764916,0.0002983781262539598,0.00071222058488972,0.0015010363209634063,0.0030558035688767592,0.005634888062474203,0.010143713081422924,0.016986975394665087,0.025674237392380964,0.035965424720113326,0.05489242954103503
0,0,0,0,0,0,0.00000342468880994347,0.00001712344404971735,0.00003881313984602601,0.00012328879715796495,0.0003162129334514471,0.0007408743458844372,0.0016050374889268395,0.0030148677156869026,0.005875624434926345,0.01078548662544863,0.017860893706791846,0.027495684892099498,0.03845012283217199,0.05771057269929405
0,0,0,0,0,0.0000011422031499678469,0.000006853218899807081,0.000015990844099549858,0.00004454592284874602,0.00013021115909633453,0.0003038260378914476,0.000726441203379551,0.0015671027217558863,0.0032826918530075933,0.006211300729525155,0.011313522200431527,0.018978847539865753,0.02888631766268684,0.04012217004892059,0.06126092374537552
0,0,0,0,0,0.0000011417819105208353,0.0000068506914631250114,0.00002626098394197922,0.00006279800507864595,0.00011646175487312524,0.0002968632967354173,0.0006862109282230215,0.0016635762436288564,0.0033191600138840665,0.006511582235700324,0.011782047534664499,0.019692312610752844,0.03021840004384442,0.042139744971592445,0.0643736641151647
0,0,0,0,0.000001141707606398586,0,0.000006850245638391516,0.000021692444521573134,0.0000502351346815378,0.00010617880739506855,0.00026944299511006607,0.0006713240725623683,0.0015550057599148738,0.003410280620312574,0.006809144164561168,0.01215918600814494,0.020503926903312205,0.03172006242857192,0.04392605844857921,0.06686867279915878
0,0,0,0,0,0.000004565980704165544,0.000004565980704165544,0.000017122427640620787,0.00004565980704165546,0.00010844204172393173,0.00028651528918638793,0.0007008780380894105,0.0016791394039568784,0.0036425111067480633,0.006989374962901408,0.012803009894480187,0.0214064590363041,0.03265589399619196,0.04546232837620028,0.06954216911479336
0,0,0,0,0.0000011414521782902644,0.0000022829043565805288,0.000005707260891451322,0.000014838878317773434,0.000043375182775030046,0.00010501360040270428,0.000297919018533759,0.0007647729594544775,0.0017863726590242638,0.0036800418228078112,0.00701536508777197,0.012710070005262093,0.02175151270949927,0.0339068369561123,0.047288080842209076,0.07232355146864945
0,0,0,0,0,0.0000011410080577989042,0.0000022820161155978084,0.000011410080577989042,0.0000285252014449726,0.00013007491858907505,0.0003445844334552692,0.0007667574148408637,0.0016852689013689816,0.0035941753820665475,0.0071735176593817115,0.012887686012838627,0.02199293031407388,0.03479960475480879,0.04878265850313433,0.07409364024928747
0,0,0,0,0,0,0.0000034251267296889985,0.000009133671279170661,0.00003881810293647532,0.00012672968899849296,0.0003276704571402477,0.0007306937023336535,0.0017833493172580712,0.003694570032424534,0.0071448143581312505,0.013275791204274554,0.02256816002192081,0.03574576425994426,0.049196236927433,0.07504909348312551
0,0,0,0,0.0000011416385252770186,0,0.0000022832770505540373,0.000018266216404432295,0.00004566554101108076,0.00010845565990131674,0.00028997618542036266,0.0007671810889861563,0.001653092584601124,0.0037046170145239262,0.007299636730621256,0.013482750983521594,0.023235768904963153,0.035584872832884674,0.05018072137855135,0.07692474547169079
0,0,0,0.0000011415238430085089,0.0000011415238430085089,0.0000022830476860170177,0.0000022830476860170177,0.000015981333802119126,0.000046802477563348876,0.00010616171739979128,0.00030364534224026316,0.0007077447826652751,0.0016757570015364907,0.0038126896356484195,0.007446160027944505,0.013467698299814385,0.02350968354676023,0.03656186716771954,0.05104894625934053,0.0782309120090591
0,0,0,0,0,0.000005708433754197125,0.000006850120505036551,0.00001141686750839425,0.00004909253028609528,0.00014499421735660712,0.0003459310855043463,0.0006987122915137289,0.0017798896445586658,0.0037504409765075158,0.0073547460489075765,0.013735633299349122,0.02347079622375689,0.036865065184605014,0.051883954391897705,0.07933124556882833
0,0,0,0,0.0000011407047958651733,0.0000022814095917303466,0.000007984933571056214,0.00002509550550903381,0.00004106537265114625,0.00011178906999478709,0.0003216787524339792,0.0007494430508834199,0.001727027060939872,0.003749496664008826,0.007594812530870325,0.013988462911694617,0.023516770071556413,0.03707290586561813,0.053259506918944946,0.0809638042961224
0,0,0,0,0.0000011415212368610905,0.000007990648658027634,0.000007990648658027634,0.000014839776079194176,0.00004451932823758251,0.00011301060244924796,0.0002260212048984961,0.0007385642402491256,0.0017625087897135243,0.003811539409879182,0.0074586997616503635,0.013715377660886001,0.0237961517036063,0.03764166278549445,0.05374281983142016,0.08205939563299633
0,0,0,0,0,0.0000022810297024282702,0.0000034215445536424054,0.000014826693065783752,0.00005018265345342195,0.00010948942571655697,0.00026802099003532146,0.000742475168140401,0.001737004118399125,0.0036633337020998006,0.007420189621999166,0.013630292986860129,0.02393598518243106,0.038545980426484105,0.05378782089810986,0.08256415110909365
0,0,0,0,0,0.0000011407958876589842,0.0000034223876629769525,0.000004563183550635937,0.00003080148896679257,0.00010381242577696752,0.0003057332978926078,0.0007540660817425888,0.0016689843836450945,0.0035455936188441245,0.007262306620837094,0.013775110343482241,0.024239631020978085,0.03824518213376747,0.05460875834634792,0.08307389733521486
0,0,0,0,0,0,0.0000022808476085883035,0.000012544661847235668,0.000046757375976060235,0.000119744499450886,0.00032045908900665647,0.0007025010634451974,0.0016730017208995212,0.003482854298314339,0.007192652933683216,0.01387895769825983,0.024333222712224326,0.03880976248393427,0.05495702312893517,0.0835394649359595
0,0,0,0,0,0,0.0000022815058851444307,0.00001939280002372766,0.000041067105932599754,0.00013346809428094915,0.0002817659768153369,0.0007369264009016505,0.0016860328491217337,0.0034941262630986954,0.007258610973587006,0.01412023992315888,0.024724679277310195,0.03958754936608357,0.05549877140908084,0.0837586440554224
0,0,0,0,0,0,0.000004564120762071244,0.0000102692717146603,0.000049064298192265886,0.00010269271714660296,0.0002989499099156663,0.0007028745973589705,0.0016887246819663592,0.0038372845307113987,0.0077772617785694,0.013894324629935381,0.025023933108246108,0.03949676004477403,0.055651465482125205,0.08449670869841548
0,0,0,0,0,0,0,0.000011403145671765014,0.000028507864179412536,0.00010148799647870855,0.0003044639894361258,0.0007218191210227255,0.0017355587712426352,0.0037721605882198666,0.007707386159545973,0.014329192851139922,0.02510972676922656,0.039523302898337526,0.05613768614209913,0.08497738186056
0,0,0,0,0,0,0.0000011404797313942136,0.000010264317582547922,0.00003877631086740326,0.00010150269609408503,0.0003090700072078316,0.0007185022307783538,0.0017597602255412723,0.003855961971843836,0.00761270220705638,0.014413382845360076,0.025225130698977218,0.03931347682088994,0.055902894993750146,0.08595909783491328
0,0,0,0,0,0.0000011404029956105889,0.0000034212089868317666,0.000015965641938548244,0.000045616119824423555,0.00011175949356983771,0.00029194316687631064,0.0007024882452961229,0.0016934984484817252,0.003829473259260359,0.0077433363401958975,0.014553823029982337,0.025045530589599747,0.039722517143108024,0.05604282441329116,0.08637412288754596
0,0,0,0,0,0,0.000002280941253217553,0.000006842823759652659,0.00003535458942487206,0.00009351859138191963,0.0002623082441200187,0.0006409444921541327,0.0016548228792093347,0.0038399645997917484,0.007768885908458983,0.014598024020592335,0.025108601315418817,0.039957528873865084,0.05630503483567528,0.0862138770184905
0,0,0,0,0,0.0000011412242140388838,0.0000011412242140388838,0.00000912979371231107,0.00003880162327732205,0.00008330936762483847,0.00025677544815874866,0.0006790284073531355,0.0017312371326969871,0.003867608861377779,0.007946344202352747,0.014995686172470934,0.025343166121161487,0.04025782537443567,0.056750797715725616,0.08634274158575389
0,0,0,0,0,0,0.000002280184512530754,0.00001938156835651141,0.00003078249091916518,0.00011514931788280309,0.0002610811266847712,0.0007570212581602095,0.0016645346941474492,0.0038409708113580554,0.007808491863161569,0.014857682283650388,0.025629273920845668,0.04056220229340957,0.05713572342273935,0.08656036446469248
0,0,0,0,0,0,0.0000022805511179831717,0.00001026248003092427,0.00004219019568268867,0.00012429003593008293,0.0003078744009277286,0.0007286360821956241,0.0016499787338608261,0.0037127372200766065,0.007691158645398258,0.01479507537791583,0.025889956566903967,0.0404775017930833,0.057315950972712054,0.08675102425252086
0,0,0,0,0,0,0.000003418102269619907,0.00002962355300337253,0.00005810773858353843,0.00012646978397593662,0.00030193236714975833,0.000756539969009206,0.001717026706772401,0.003897775954789902,0.007699845046030444,0.014732020782061792,0.02562437334791725,0.040339303618630924,0.056864688724819985,0.0873211193145566
0,0,0,0,0.0000022801611161844696,0.0000022801611161844696,0.000004560322232368939,0.000013680966697106817,0.000028502013952305876,0.00011172789469303908,0.00034202416742767016,0.0007250912349466615,0.0018594713902484355,0.0039652001810447915,0.007738866828330094,0.014727560649435499,0.025587968045822123,0.040014547427921265,0.05682389517643317,0.08704515061034214
0,0,0,0,0,0.0000011395738677478943,0.000003418721603243683,0.000012535312545226839,0.000034187216032436836,0.00012193440384902473,0.00032933684777914133,0.0007954225596880296,0.0017845726768932026,0.0038905051844913105,0.007722892101727477,0.0148828347127875,0.02573271750761519,0.04001271764436406,0.056244807816565066,0.08709763071197159
0,0,0,0,0,0,0.000006839329335365374,0.000014818546893291639,0.00004559552890243582,0.00012880736914938116,0.00034082657854570794,0.000745486897554826,0.0017725261860821932,0.003776449681344249,0.007843570859441519,0.014654402989242874,0.02565090467228783,0.03983567371383562,0.05712663816186187,0.08745906376420728
0,0,0,0,0,0.000003419504855696895,0.00000455933980759586,0.000017097524278484476,0.00003191537865317102,0.00011740300004559341,0.00028381890302284197,0.0007180960196963474,0.0017040532530889516,0.0039016550403501585,0.007710983449596498,0.014657137646468789,0.025133360689372178,0.04011307162722837,0.05670678885697352,0.08728856061642275
0,0,0,0,0,0.000002279436067516896,0.000005698590168792241,0.00002051492460765207,0.000041029849215304126,0.00010713349517329406,0.00029518697074343807,0.000732838695706682,0.0017038784604688799,0.0038761810328124826,0.007772876990232615,0.01489953385532419,0.025282365142863663,0.04066969831663644,0.056932334940335776,0.08828255889492939
0,0,0,0.000001140116953197059,0,0.0000034203508595911765,0.000007980818672379413,0.000014821520391561764,0.000038763976408699995,0.00011515181227290299,0.0002656472500949149,0.0006772294701990531,0.001748939406204289,0.00389121916126156,0.007904430836515213,0.014637961562097035,0.025759802440534364,0.04061096587287926,0.05666495269084704,0.08742416797115046
0,0,0,0,0.000001140430307163499,0.000003421290921490497,0.000004561721228653996,0.000012544733378798486,0.00003877463044355897,0.00011632389133067682,0.00030335446170549045,0.0007561052936494001,0.001820126770232944,0.003992646505379408,0.007924850204479151,0.01485524518111173,0.025466949189268104,0.04014428724246231,0.05755751760254182,0.08741056175316068
0,0,0,0,0.000003420042818936093,0.000005700071364893488,0.0000022800285459573953,0.000011400142729786976,0.00004560057091914793,0.00012768159857361408,0.0003317441534368006,0.000770649648533599,0.001854803222136341,0.004010570212339061,0.007837598126728544,0.015040208303407958,0.02615534746495027,0.04016840290840442,0.05708507470513531,0.08696940885699886
0,0,0,0,0,0,0.000002279228253313428,0.000010256527139910429,0.00003304880967304471,0.00009230874425919384,0.00031453349895725304,0.0008125448723062371,0.0018290806732840254,0.003930529122839006,0.008134565636075626,0.015452027943338385,0.026328505168150062,0.040883656793809606,0.05701489475663542,0.08671437851143603
0,0,0,0,0.0000011400194715325738,0,0.000006840116829195443,0.000010260175243793164,0.00004218072044670523,0.00011400194715325738,0.0003180654325575881,0.0007695131432844873,0.001772730278233152,0.004002608364550868,0.008235500662351309,0.015476904345526224,0.02648835242105935,0.04123336426586167,0.057068234725449106,0.08668822063480845
0,0,0,0,0,0.0000011401039546785876,0.0000034203118640357625,0.0000182416632748574,0.000039903638413750556,0.00011971091524125155,0.00029870723612578955,0.0007923722485016172,0.0016953345806070576,0.003870652926133804,0.008078776622852467,0.015627404906779403,0.026602045574515492,0.04043834716849483,0.057149990936173546,0.08645636309118662
0,0,0,0,0,0,0.0000011400103740944042,0.000009120082992755233,0.00003534032159692654,0.00011742106853172359,0.0003306030084873771,0.0008196674589738762,0.001797796359946874,0.004044756807286942,0.008075833490084755,0.015386720019152176,0.026118777680876896,0.0409286524507373,0.057585344026630625,0.0866385084104265
0,0,0,0,0,0,0.0000022791866950197493,0.000007977153432569122,0.000035327393772806126,0.00014130957509122437,0.00032022573065027476,0.0008079716833845013,0.00172306514143493,0.003949830542469226,0.008015899606384462,0.015150893555143789,0.026103525218061193,0.040892028088696825,0.05736029155356203,0.08696692672186859
0,0,0,0,0,0,0.0000011398024722315622,0.000012537827194547184,0.00003647367911141,0.00014703451891787155,0.00033852133425277373,0.0007853239033675469,0.0018544586223207512,0.003999566875060554,0.008107414984983106,0.015224341621596976,0.026008012811379783,0.04045956835680376,0.057430087365859486,0.08610865736967784
0,0,0,0,0,0.000001140176750199816,0.000004560707000799264,0.00001710265125299724,0.000038766009506793743,0.00011059714476938205,0.00029530577830175225,0.0007513764783816791,0.0018083203258169077,0.003830993880671381,0.008242337727194472,0.015109622293647961,0.02568818218200186,0.04030866864981409,0.05653338380515746,0.08616315701260013
0,0,0,0,0,0.0000011393557399033144,0.0000034180672197099433,0.000010254201659129828,0.000030762604977389495,0.00011507492973023471,0.0003019292710743785,0.0007519747883361873,0.001673713581917968,0.003959261196164016,0.008114491579591404,0.01486631369425844,0.02592262179428021,0.040626007617732496,0.056550782794361085,0.0867232014984807
0,0,0,0,0.0000022793867082122883,0.000006838160124636865,0.000009117546832849155,0.000013676320249273734,0.00004216865410192732,0.00011282964205650826,0.0002894821119429605,0.0007692930140216477,0.001744870525136506,0.0039023100444594383,0.008077006800550244,0.01497215159289242,0.02580493692367131,0.04038161492268889,0.05705304930655358,0.0866269521522539
0,0,0,0,0,0.0000022799635661822124,0.000007979872481637745,0.0000182397085294577,0.00004217932597437093,0.00012995792327238613,0.000290695354688232,0.0007250284140459431,0.0018045911626332206,0.0038873378803406726,0.00794453304636192,0.014849402706544747,0.025862766712987924,0.040674550020690675,0.05673461338087816,0.08639237944977639
0,0,0,0,0.0000011397375184495011,0.0000011397375184495011,0.000006838425110697007,0.000014816587739843512,0.000029633175479687028,0.00009573795154975805,0.00031912650516586046,0.0007613446623242669,0.0017369599781170404,0.003983382626981008,0.008080739005806959,0.015031998130830474,0.025511884612973632,0.040515389305842864,0.05634862291214331,0.08678531334233724
0,0,0,0,0.0000011398804265432556,0,0.0000011398804265432556,0.000014818445545062322,0.00004673509748827351,0.0001242469664932149,0.00025191357426605966,0.0007386425164000291,0.0018226688020426657,0.0039040904609106506,0.007976883224949705,0.014793368175678369,0.025918601138740543,0.04017964515522319,0.056497033461189915,0.0868030343616955
0,0,0,0,0,0.0000011398687327167404,0.0000034196061981502214,0.000009118949861733923,0.00003533593071421896,0.00011056726707352382,0.00030776455783351986,0.0007511734948603318,0.0018716644591208868,0.00416166074314882,0.008086228789892553,0.01474078245149288,0.025658445173453837,0.040122239522896536,0.05604050637528583,0.0866664994859192
0,0,0,0,0,0.0000011396478943865504,0.0000011396478943865504,0.000006837887366319303,0.00003532908472598305,0.00009117183155092405,0.00030542563569559557,0.0007954742302818121,0.001978428744655051,0.0042109989697583046,0.007980954204389011,0.014867846430166944,0.025662591285796333,0.03995263623350928,0.05627581302480788,0.08678760610121894
0,0,0,0,0,0.0000011389560556585045,0,0.000006833736333951027,0.000029612857447121118,0.00011959038584414292,0.00031549082741740556,0.0008109367116288543,0.0019350863385637989,0.003906619270908672,0.008182260303850695,0.014945381362350891,0.02543288872285441,0.040249568050915896,0.05683162926524808,0.08650712929543038
0,0,0,0,0,0.000002278501201909384,0.000007974754206682844,0.000025063513221003222,0.00005810178064868928,0.00013215306971074424,0.00034519293208927157,0.0008521594495141107,0.0019230550144115216,0.004102441414037848,0.007932601934447524,0.014907094113492149,0.025535162969798464,0.04019162195108058,0.056576324094010956,0.08628114426330362
0,0,0,0,0,0,0.000007970214171040798,0.000010247418219909596,0.00004440547895294159,0.00013321643685882477,0.00032336297493936974,0.000767417764468785,0.0018263176471927775,0.0038473362405638343,0.007888234825281516,0.014940735764628184,0.025508101153403843,0.04029057123663569,0.05649629385041048,0.08719300442916182
0,0,0,0,0,0,0.0000011401559505309137,0.00001824249520849462,0.00004104561421911289,0.00013567855811317872,0.000291879923335914,0.0007901280737179227,0.0018082873375420286,0.00369296512376963,0.007854534343207466,0.014970247630470898,0.025585099529913703,0.04032845612622895,0.056961051132573895,0.08701670214451936
0,0,0,0,0,0,0.000015948509099194032,0.000014809329877823029,0.000039871272747985104,0.0001321447896790362,0.00030985674821291275,0.0007609717198758295,0.001665480021644404,0.00364879104605132,0.007807934383276848,0.015061088485746027,0.026140745592800396,0.0402790989092359,0.05730754991028962,0.08743542277788852
0,0,0,0,0,0,0.0000068330281247437614,0.000017082570311859404,0.000046692358852415725,0.00011160612603748134,0.0003245688359253287,0.0007459389036178604,0.001739005657747286,0.00381624620766939,0.007738404351272311,0.014918778072357213,0.02622516194276654,0.040632601743788785,0.057026175053069846,0.08745137161651222
0,0,0,0,0,0.000002277938056030442,0.0000034169070840456633,0.000010250721252136988,0.000047836699176639275,0.00013212040724976562,0.0003018267924240338,0.0007391908991818793,0.0016913690066026046,0.0037904889252346574,0.007783714337456022,0.014803180457113834,0.025555048081577523,0.04064297079569515,0.05740973385710722,0.08696028528896219
0,0,0,0,0,0,0.000001139020920397245,0.000010251188283575206,0.00003644866945271184,0.00009453873639297132,0.00032917704599480345,0.0007768122677109211,0.0016948631295511003,0.003872671129350635,0.007675861982557037,0.014811828048845765,0.025408139671301348,0.04010720464902777,0.056763107567996705,0.08807023658603537
0,0,0,0,0,0,0,0.0000068357528100640505,0.000036457348320341605,0.00011962567417612088,0.0003452055169082341,0.0007507935169720341,0.0016781773148707214,0.003783589180370451,0.007742629349532549,0.014825608552893922,0.025456343464678524,0.04003016845573506,0.05736677687419253,0.08787588095764338
0,0,0,0,0,0,0.0000011394323348107973,0.000014812620352540367,0.000027346376035459144,0.00010368834246778253,0.0003042284333944827,0.0007486070439706927,0.0017729567129655985,0.003921926096418763,0.007838155031163469,0.014809202055535937,0.025660016179939144,0.040699383567106874,0.05781251780363022,0.08745598942606794
0,0,0,0,0,0.0000011389275175138578,0.0000022778550350277156,0.000007972492622597004,0.00003644568056044346,0.00010250347657624725,0.000302954719658686,0.0007642203642517977,0.0016651120306052593,0.0038529917917493814,0.007823293117802691,0.014525881558371746,0.025806958619346503,0.04058682101412383,0.057475977171336845,0.08753227435852753
0,0,0,0,0,0,0.0000011384957283640272,0.000009107965826912216,0.000056924786418201344,0.00009791063263930631,0.00026640800043718267,0.0006386961036122195,0.0017601143960507867,0.0037570359036012903,0.007864728491538702,0.015209164435215038,0.025979334025538738,0.04093916789624205,0.057323259923128776,0.08696627320254292
0,0,0,0,0,0.0000034175065188936846,0.0000022783376792624564,0.000010252519556681053,0.000029618389830411925,0.00010480353324607306,0.0003018797425022757,0.0007381814080810367,0.001685969882654217,0.0038389989895572397,0.007719008057341205,0.014855900837630848,0.026060765544243615,0.04092236222607263,0.05758726318103783,0.08645607991497244
0,0,0,0,0,0.00000341742476539379,0.000005695707942322983,0.000009113132707716773,0.00003531338924240249,0.00010480102613874299,0.0002768114059968972,0.0007244940502634837,0.0018032611345394555,0.003707905870452263,0.007747301943147723,0.014869215154228383,0.026359736357070777,0.04085759135345969,0.05733071786424622,0.08699738225262972
0,0,0,0,0,0.000001138468509391796,0.000002276937018783592,0.00000569234254695898,0.000031877118262970285,0.00010246216584526155,0.00029372487542308307,0.0007240659719731812,0.0017054258270689075,0.00361691445433773,0.008002295152514933,0.01512227721025122,0.025924066427360584,0.04033707775626074,0.057121518990224,0.08755733612030427
0,0,0,0,0,0.0000022769422032375843,0.0000022769422032375843,0.00001593859542266309,0.000048954257369608074,0.00010701628355216637,0.00027778694879498504,0.0007252060917311697,0.0017691840919156004,0.003873078687707132,0.0077393265488045464,0.015124588585005651,0.025672523341503748,0.04064683374109576,0.05699186334703676,0.08726267146797878
0,0,0,0,0,0.0000011387459446410047,0.0000011387459446410047,0.000011387459446410048,0.000046688583730281205,0.00009679340529448542,0.0002903802158834557,0.0008039546369165486,0.0017684724520274798,0.0038512387847758783,0.007927949266590675,0.014917571874797156,0.025872307862243645,0.04106317876375462,0.05668221814045066,0.08768229899141274
0,0,0,0,0,0,0.000007977235249807122,0.000017094075535300978,0.000038746571213348877,0.00009002879781925176,0.0002666675783506954,0.0007430224832677491,0.0017561313599932524,0.0038746571213348836,0.007774385553454882,0.014825121909248697,0.025740258941056207,0.040748857261050486,0.057186520295795865,0.08675813136683086
0,0,0,0,0.0000022777357029377095,0,0.0000034166035544065644,0.0000227773570293771,0.00003872150694994106,0.0001047758423351346,0.0003211607341142171,0.000809735042394356,0.001838132712270732,0.0038937891841720152,0.007906020624896792,0.014844003576045045,0.02557669420828755,0.04077374681828794,0.05741943933535672,0.08642640351226845
0,0,0,0,0,0.000002276688192753529,0.0000034150322891302936,0.000014798473252897941,0.000029596946505795875,0.00010131262457753201,0.00030507621782897295,0.0008344062226441684,0.0017052394563723944,0.0037815790881636116,0.007695206091506927,0.014836038608078375,0.02625249155064094,0.04079825241414323,0.05683752073209185,0.08668490293909058
0,0,0,0,0,0,0.0000022791892923687044,0.000009116757169474818,0.000021652298277502692,0.0001276346003726474,0.000333901231332015,0.0007168050324499575,0.001701414806753239,0.003920205582874171,0.007990837659044674,0.014960598515108179,0.025684184135702923,0.040824838604908244,0.05737175286750503,0.08749351855544986
0,0,0,0,0.0000011387835514103834,0.0000045551342056415335,0.0000068327013084623,0.000007971484859872684,0.000037579857196542637,0.00011615592224385912,0.0002721692687870816,0.0007333766071082868,0.0017628369375832734,0.0039846036463849314,0.007813193946226643,0.014962477081981028,0.025729675560566198,0.0407547857378748,0.0578502044116475,0.08761686766196351
0,0,0,0,0.0000011394115622927696,0,0,0.000007975880936049386,0.00002962470061961202,0.00010140762904405644,0.00026548289401421546,0.0007371992808034222,0.001779760860301306,0.004031238107391821,0.0080681732725951,0.014854508537610838,0.025667524263769215,0.040502662804821066,0.057315819818013196,0.08831237195862571
0,0,0,0,0,0.0000011389106547369571,0,0.000009111285237895657,0.000034167319642108714,0.00010933542285474803,0.00029497785957687206,0.0007835705304590265,0.0018370628860907119,0.004019215700566722,0.007908595586493436,0.014600834593727787,0.025653962497949958,0.04056344187911149,0.05696831094994261,0.08755717331486781
0,0,0,0,0,0,0.000004555907246284373,0.00001025079130413984,0.00004442009565127262,0.00009339609854882969,0.0002949949941969132,0.0007027486927393647,0.0018531152724261674,0.0038736601361532876,0.007735930504190865,0.014991212793898735,0.02571923538208686,0.040656916265841725,0.05632126435537898,0.08745747345329791
0,0,0,0,0,0.0000011385125788562276,0.000006831075473137365,0.000011385125788562277,0.000053510091206242666,0.00010132761951820433,0.00028235111955634445,0.0007730500410433789,0.0017920187991197036,0.003882327893899737,0.007813611828690288,0.014859866179231478,0.02575657007146443,0.04078379759978778,0.056532842103105975,0.08654061814401955
0,0,0,0,0.000005698375848915542,0.0000022793503395662166,0.0000034190255093493248,0.000018234802716529733,0.000034190255093493254,0.00009459303909199804,0.00029517586897382503,0.0006917828280583459,0.0017482617104472877,0.0038840129786208355,0.007917323404483255,0.014578724771865531,0.02535663285250439,0.04027839985047459,0.056931333431345425,0.08715323958365385
0,0,0,0,0,0,0.0000022782105112076567,0.00001253015781164211,0.000029616736645699527,0.00010593678877115601,0.0002847763139009571,0.000737001100375677,0.00168701488354927,0.003942443289644849,0.007726550948760771,0.014706987955101027,0.02579389940789309,0.04056125994154115,0.0566477043611784,0.08615053048131752
0,0,0,0,0,0,0.0000022782312723693834,0.000006834693817108151,0.00003075612217698669,0.00010593775416517633,0.00029958741231657403,0.0007609292449713741,0.0017587945422691642,0.003885523435025984,0.007905462515121761,0.014833563814397061,0.025795273581402333,0.04047163943800591,0.05674162806963187,0.08566491318799736
0,0,0,0,0,0,0,0.000013671162960262485,0.000022785271600437476,0.00009911593146190313,0.0003281079110462999,0.0007393820634341963,0.0017567444403937288,0.003932737878235511,0.007887121764491432,0.015162458986511125,0.02580318082391542,0.040324234414874205,0.056476713452424374,0.08538324826831936
0,0,0,0,0,0.0000011393998780842131,0.0000056969993904210655,0.000012533398658926344,0.000029624396830189544,0.00011393998780842125,0.00035093516244993754,0.0007736525172191805,0.00182531860469091,0.004074493964029147,0.008233303519036525,0.015408104551332812,0.025377853484569675,0.04004990571466007,0.05618950498772296,0.08532282047045815
0,0,0,0,0,0.000002277873195354961,0.000005694682988387403,0.000011389365976774807,0.000053530020090841606,0.00010706004018168323,0.0002984013885915001,0.0007300583591112655,0.0018257153660769998,0.0040318355557782785,0.007990779169305202,0.015261750408878236,0.025750217536890163,0.04007576206247752,0.05594114886812483,0.0853758262985016
0,0,0,0,0,0.0000011395946461843522,0.0000034187839385530568,0.000006837567877106113,0.000027350271508424454,0.00009458635563330123,0.0003099697437621438,0.0007441553039583819,0.0017185087264460035,0.004028467074261687,0.008135566179110092,0.014820428373627502,0.025858542116569135,0.040307462635540525,0.05594384077583603,0.08550720508715051
0,0,0,0,0,0,0.000002277803149973976,0.000012527917324856865,0.0000387226535495576,0.00010591784647378997,0.00030067001579656485,0.0007129523859418545,0.0017356860002801706,0.003885932173855602,0.007877782194184994,0.014705497136231994,0.025691341728556458,0.04050617341598722,0.056134180827958666,0.0854358405492239
