0.10176544766708703,0.10069356872635561,0.09489281210592683,0.094640605296343,0.09955863808322822,0.10081967213114754,0.10113493064312737,0.09577553593947034,0.10107187894073137,0.10643127364438841,0.10195460277427487,0.10006305170239595,0.10245901639344257,0.10245901639344261,0.10025220680958381,0.09464060529634295,0.09791929382093316,0.09798234552332911,0.10208070617906685,0.10094577553593945
0.010763232375427183,0.011321064931709549,0.014192434616152482,0.018725558126152363,0.024186445256074506,0.02958861316954588,0.03513757912414417,0.040205047503846104,0.047374663832485835,0.0542330683139364,0.05791476318540006,0.06176674378457094,0.06341088184519265,0.06562459630538689,0.06729222205258893,0.07116769033834014,0.07825509976394873,0.080392479242757,0.08119106058648753,0.09063311059177227
0.002895882825886865,0.0034197611260473027,0.005216954739097691,0.008054628864966731,0.011747243272347588,0.016312988179995856,0.022512214731894353,0.028944276083864188,0.03611486031731018,0.043791132632161035,0.05047058095920661,0.059060002255587135,0.0644224787447294,0.07036704223404992,0.07672634271099743,0.0854358194511647,0.09336311678484245,0.10032997056822605,0.10122492933100014,0.11992083616797578
0.0011446082845221494,0.0013002750112171618,0.00235941921049499,0.0039618708088259985,0.0062144599127655865,0.009321689869148383,0.01367425363909127,0.018417510370151054,0.025218009724591987,0.03319974482865977,0.04151112711866992,0.050353607652698355,0.059895062312474996,0.06912213123010291,0.07937171688190389,0.09166328371329241,0.10346037976576734,0.11423495908406922,0.12208544577151174,0.15354843829645656
0.0005318816943145649,0.0007815404487887478,0.0012862853219648147,0.0022632108829507493,0.0038072960057312978,0.005983669061038849,0.009085407717169196,0.01245851458468452,0.018100259699378292,0.024868182891319743,0.03306350287514619,0.042034935943533705,0.051353720322493975,0.0634078962722149,0.07789624507805903,0.0929164755782178,0.10833290366699863,0.12552407985823721,0.13999071920717066,0.1863241276190425
0.0003167086058140773,0.00038351432735298435,0.0007645543687230461,0.0015489030253094712,0.0024544916950590984,0.003958857572675965,0.006254994964828025,0.009251355290147145,0.013319081446071704,0.018636322023372114,0.025952785674873875,0.034674643764675606,0.044054661925934734,0.05623062324789626,0.07198440210116368,0.08966317544914473,0.11100141776586818,0.13402712312294476,0.1576318114000252,0.21789057222811925
0.0001810157964924179,0.0002749607035327867,0.00044910248243688487,0.0010608900477973363,0.0016726776131577867,0.0028687566735254083,0.00469724535201844,0.007167309005421306,0.010368309862382168,0.01499681503851741,0.02119488756398565,0.028286582375935437,0.037314458808595276,0.04961436761329527,0.06466388345332315,0.08469477070568662,0.11017217122719548,0.13970295078661676,0.17306255814273208,0.24755628674735236
0.00013120649751783122,0.00017637594748298624,0.0003549028211547894,0.0006710889709108744,0.0012496881157026214,0.0021466243364392703,0.003734007863786146,0.005723614588441781,0.008345593612609588,0.012511937640347932,0.017280541000955014,0.024129089986148034,0.032113327999036385,0.043095957119135504,0.05865360624284817,0.07921861153412661,0.10758502611224394,0.1426107081709384,0.18556900601398965,0.2746990854261846
0.0001123871020474887,0.0001266909150353509,0.00027994605419101733,0.0005619355102374434,0.0010666557685234377,0.0019167109403735335,0.002895500429114389,0.004660999632187666,0.007080387428991785,0.010719686133475008,0.014708406555233151,0.02062609832849728,0.02781069925211492,0.03788875720299154,0.05285463239200622,0.07419387796804124,0.10326331276308799,0.14427438800114428,0.1958416772242429,0.2991172503984634
0.00004917001022736212,0.00009834002045472427,0.00020258044213673196,0.0004857997010463377,0.0008260561718196836,0.0014751003068208634,0.0024939029187318073,0.004214853276689483,0.0061482180788293575,0.008899771851152545,0.012976949099205411,0.017937219730941704,0.02440405947604438,0.03493234206592715,0.04819841082526946,0.06831091180866965,0.10048973330186449,0.14522657540712766,0.20266108095350482,0.31996892455353637
0.000044027227969157986,0.0000746548648172679,0.00018376582108865945,0.0003464751418442434,0.000694864510991493,0.0012212770193183815,0.00218796180733685,0.0033881823263221564,0.005279438901692942,0.007999555899265702,0.011602131683524633,0.01590914311529009,0.022850131315992988,0.03097602621725714,0.04504176843975162,0.0645745438396337,0.09665890766533178,0.14384461068445112,0.21003667659512565,0.33708585692299453
0.00004132014093924436,0.00007137115253142207,0.00012771679926675531,0.0002742154807786217,0.0005935074789455098,0.0010743236644203537,0.0017335677312237524,0.0031797726640973053,0.004742425266890547,0.007041327653692141,0.010322522481913048,0.014617938951369952,0.02045159157670146,0.028959784233736772,0.042084563546620386,0.06173792512790463,0.0936614903799199,0.14456039126417092,0.2142881290991458,0.35043611530573154
0.00005005654535679192,0.00006488811435139693,0.00011123676745953755,0.0002410129961623314,0.0004912957229462914,0.0009807374997682565,0.0016036633975416673,0.002665974526780251,0.004058288066148799,0.006067965664917779,0.00934018057435251,0.013604256660301451,0.019373736999202803,0.02792969836296557,0.03959658132334675,0.05884054209384674,0.09004616325849568,0.14433712156324738,0.2193199725615973,0.36127662730121063
0.000034902988063178095,0.000053272981780640226,0.00009919796607429564,0.00020390693026382993,0.0004555758441930613,0.0008982926927838989,0.0014457185055642707,0.002327478204002454,0.0035049948012917777,0.005461399132201497,0.008696355025846581,0.012811233618558108,0.0183957117086666,0.026502389936182643,0.03778891407619137,0.05697453551470884,0.08928919146309652,0.14375438583600006,0.22318623867030635,0.368116304104224
0.000027365870745519294,0.00003101465351158853,0.000091219569151731,0.00018973670383560045,0.0003612294938408548,0.0007680687722575748,0.0013080886216358227,0.0020944013077237433,0.003272958141164108,0.005236003269309357,0.00797806351801039,0.011986251386537451,0.0173590840095744,0.025448435401949916,0.03634370074143266,0.05532831747329088,0.0870800251036255,0.1434883822756728,0.224598998774009,0.377008654912721
0.00001997207540729417,0.00003994415081458833,0.00008351958806686651,0.00015614531682066338,0.0002905029150151878,0.0006844974935045364,0.001167458589717286,0.0019736041788844328,0.0030048895271883496,0.00499665013826123,0.007598466870866007,0.011482127715975302,0.016676682965090624,0.024469423660373035,0.03607138382879211,0.05361775989570945,0.08564389063291507,0.1431362331576396,0.2263889216713359,0.3824979256276224
0.00002712801166142795,0.00005244748921209405,0.00009223523964885507,0.00014287419475018725,0.000265854514281994,0.0005733053131115109,0.0010796948641248326,0.0016548087113471045,0.0029533362028741224,0.00459186810722437,0.007279349795816498,0.010901843619672509,0.01612489013155277,0.023847330784505932,0.03560099397034728,0.053308351448816696,0.08542430018772586,0.14280185338575674,0.22838711310934046,0.3848904209182289
0.00002343334565086117,0.00002523591070092742,0.00007751029715284852,0.0001243769884545709,0.00027759501771020163,0.0004921002586680845,0.000975187692085838,0.0016060854596090233,0.0027651347868016185,0.00461276396311952,0.007100303732210936,0.010586464539039052,0.01586978270078322,0.023141330112750443,0.03393508963254712,0.05295755860589619,0.0856849296548989,0.14223680297062719,0.2280082557479293,0.3895000585833641
0.00001438504818092075,0.000016183179203535844,0.00005933832374629808,0.00011867664749259613,0.0002733159154374942,0.00046571593485730925,0.0008433234496064791,0.0014906506177479132,0.0026989946649452565,0.00439463221927129,0.00689043807866104,0.010350042166172479,0.015372222112336433,0.022410106934851907,0.03401344642378711,0.0522141286346971,0.08441865524973344,0.1428399321744978,0.23005468116439778,0.3910611310603758
0.000014361058553625988,0.000025131852468845477,0.00003410751406486172,0.0001328397916210404,0.00021003048134678005,0.00046673440299284456,0.0009334688059856899,0.0014881646926194945,0.0026190980537175402,0.004317293227683814,0.006758673181800231,0.01024482014569294,0.015041413702604018,0.022342216844803624,0.03335894388775396,0.052044476198340586,0.08454355170519616,0.14264300921620932,0.23075887423662003,0.39202279099992454
0.00001433309026801087,0.000032249453103024456,0.000050165815938038067,0.00011466472214408697,0.00023112108057167532,0.0004909083416793723,0.0009567337753897259,0.0015318490223936619,0.002644455154448006,0.004120763452053127,0.006557388797614975,0.010040329732741616,0.014823998609690244,0.022065792467602735,0.03339251705189832,0.0515615006028856,0.0842821540484709,0.14255333253306915,0.23015359697858453,0.3943821452694531
0.00001788508830762352,0.000025039123630672928,0.00003577017661524704,0.00011088754750726576,0.0002092555331991951,0.0004614352783366867,0.0009049854683657499,0.0015023474178403754,0.002525374469036441,0.004034875922199865,0.006338475296221775,0.009731276548177955,0.01465504135926671,0.022080930024591997,0.03320903196959535,0.05151799687010953,0.08463939190699755,0.1425906550413593,0.2304261122289291,0.3949832327297116
0.000017867640095699084,0.00003573528019139817,0.00004288233622967781,0.00009648525651677506,0.00022691902921537834,0.00045026453041161694,0.0007754555801533398,0.0014669332518568944,0.0023585284926322786,0.003975549921293046,0.006176843181083172,0.00953953304709374,0.014594288430167008,0.02191823410539407,0.032420832953645985,0.051521340215948314,0.0843388347797188,0.14384879688245417,0.2307802262400588,0.3954144488458398
0.000007136396155623391,0.000023193287505776022,0.00004103427789483451,0.00009455724906200993,0.0001730576067738672,0.00040142228375381566,0.000711855516523433,0.0014147905378523373,0.00229435136403292,0.003835812933647573,0.00617476677365314,0.009800056020709819,0.014675998694039507,0.02158581427172186,0.033111094063053625,0.050793299637649475,0.08349048272367696,0.14314004999045507,0.2319275227606435,0.3963037036111948
0.000014264851939752398,0.000010698638954814299,0.000041011449326788156,0.0000980708570857978,0.00021575588558875512,0.0003637537244636862,0.0007346398748972485,0.001324848123904504,0.0023002073752850746,0.0037891012964967313,0.0060500803289474875,0.009644823017765094,0.014674966433020277,0.0217538992081224,0.03267186026151041,0.05081675192887545,0.08342263725016451,0.1437076846540506,0.2301812171128296,0.398183727726771
0.000024960597913294012,0.00002139479821139487,0.00003744089686994102,0.00010340819135507521,0.00019968478330635207,0.00044037626318454433,0.000757732436653568,0.0013407406879140786,0.0023623423025081833,0.003867109776709622,0.00599410929889246,0.00967936329080523,0.014530633785239017,0.02175672688113763,0.03235606649503285,0.05057552007188653,0.08335591673144538,0.1432274766261829,0.23137226235727892,0.397996733727473
0.000014232697487573076,0.000023128133417306248,0.00003380265653298605,0.00007650074899570526,0.0002508512932184754,0.0003736083090487932,0.00073476300779596,0.0013948043537821613,0.0023910931779122777,0.0038321537985290498,0.00616809527367698,0.009309963244058738,0.014501339652651017,0.02165860740171433,0.032414968527947674,0.05041399358816979,0.08360642321637612,0.14335706635639384,0.23123863608059977,0.3982059684816912
0.000008894217513425821,0.000026682652540277465,0.00004980761807518459,0.0001013940796530543,0.00022057659433296042,0.00039134557059073615,0.0008004795762083235,0.001492449698752853,0.002356967641057842,0.003872542305345602,0.006181481171830946,0.009306909206048776,0.014035075236185952,0.021355016249735397,0.031887548629134246,0.05070593404404061,0.0834081929974047,0.1434797380830826,0.2324770573659241,0.39784190706254235
0.000012449092105497165,0.000021341300752280855,0.00004090415977520496,0.0001049280620320475,0.00023119742481637589,0.00042149068985754685,0.0008963346315957956,0.0014867772857422332,0.0024204591936545193,0.003997937007593947,0.00618186345124402,0.009189208415586268,0.014140390190115417,0.021270163083106586,0.0324014298671504,0.049954649735901385,0.08370235999217483,0.14361806185420337,0.23296163901189784,0.3969464155506946
0.000015979688040979023,0.00001420416714753691,0.00005681666859014762,0.00011008229539341103,0.0002432463624015696,0.00046163543229494963,0.0007741271095407615,0.0013937839013520585,0.002480402688138632,0.003989595447564429,0.006177037188285112,0.009218504478751452,0.014062125476061543,0.021290271033264377,0.03197535576999903,0.05062720275560843,0.08350629866036949,0.1430448407801639,0.23243166463961368,0.39812682545741856
0.00000710021779918099,0.00002130065339754297,0.0000745522868914004,0.00011005337588730534,0.00023430718737297272,0.0004544139391475833,0.0007721486856609326,0.00139696785198886,0.002293370349135459,0.0037915163047626487,0.005903831100018994,0.009251583792332825,0.014058431242378362,0.02085333967619457,0.032327291639671046,0.05042219670088382,0.08345240990267376,0.14357172906278898,0.2327877407639479,0.3982157152670656
0.000014184975628438748,0.00003191619516398719,0.00007092487814219375,0.0000815636098635228,0.0002180940002872457,0.00046455795183136876,0.000808543610821008,0.0013794888798656683,0.0023795296616706,0.0038122122001429137,0.005884991763848525,0.009152855524250101,0.013927872945173291,0.021016814515485566,0.03232224009135125,0.05041340338347131,0.08425520898901909,0.14399878009209596,0.23292439230677842,0.3968424244251095
0.000017728107559974186,0.000019500918315971605,0.000053184322679922534,0.00010459583460384767,0.00022869258752366707,0.0004307930137073731,0.0008332210553187875,0.0013491089853140366,0.0023915217098405177,0.003932094256802275,0.005985009112247286,0.008966876803834943,0.013744601791247982,0.02086066416582163,0.032360887539976874,0.0510888603663336,0.08448152376630101,0.14408873981520215,0.23251831313510954,0.39654408271225844
0.000008865169635020966,0.000010638203562025159,0.00006560225529915516,0.0001063820356202516,0.0002375865462185618,0.00041666297284598535,0.0007836809957358533,0.0014397035487274047,0.0023067171390324555,0.003794292603788974,0.005819097348427761,0.00903715392594037,0.014106257923245363,0.021122153172400952,0.032299359048235374,0.05075486919442203,0.08402762386858272,0.14521502468949746,0.2323507770321185,0.3960975523266639
0.00001240868537069175,0.00001949936272537275,0.00006913410420813972,0.00010636016032021498,0.00015776757114165218,0.0004857113987956482,0.0007799745090149093,0.0013525467054054006,0.0023416961963834,0.0037048789178208232,0.0060164397354468295,0.00920901721439195,0.01429835088571423,0.021013222340597135,0.03195236482953125,0.05090220005991621,0.08457937215597362,0.14424210408759824,0.23267703205517964,0.3960799190244647
0.000010619732170354663,0.000012389687532080441,0.000049558750128321745,0.00010442736634182082,0.00022832424166262537,0.0004477987065166216,0.0007911700466914225,0.0013168467891239784,0.0022195240236041252,0.003662037643410633,0.005847932515141967,0.00915066922012227,0.014237520929722152,0.02112618719755888,0.0323406243694534,0.051293306382813014,0.0847224532997278,0.1443734889006099,0.23250310627165982,0.3955620139260088
0.000015913374660956714,0.000015913374660956714,0.00005834904042350797,0.00011846623358712222,0.000288208896637327,0.00042612481036561863,0.0008133502604488987,0.0013950725119438714,0.002259699201855853,0.003743179350805041,0.00598166071977962,0.009319933093100313,0.014055046131104991,0.021419402293647735,0.03218922063363522,0.05094401674794273,0.08527800665532692,0.14484707246950818,0.2309578790654251,0.39587348513514
0.000010613382768111738,0.00003007125117631659,0.00007429367937678217,0.0001167472104492292,0.00021403655249025347,0.0003750061911399481,0.0007376301023837659,0.0014186554966709362,0.002310179649192322,0.003765981985551649,0.006060241560591801,0.00922656741974514,0.014294457691518495,0.021331130466776583,0.032117865153434136,0.05111051361697008,0.08473901691773211,0.14357784208701557,0.23346788744153793,0.3950212621434787
0.00001237490298959978,0.000030053335831885184,0.00005303529852685619,0.00011667765675908357,0.00020153413440205344,0.0004295859180675349,0.0008185114405978133,0.0014072032542459174,0.0023865884337085294,0.0036170073595315918,0.005934649905155209,0.00924935606308372,0.014172799609660197,0.021801043381106347,0.03279172507915518,0.05141772192178709,0.08408746581433049,0.14427369042589114,0.23296462015235278,0.39423435591281686
0.000012381206743158943,0.00003006864494767172,0.00004244985169083066,0.00010435588540662538,0.00020694302699279948,0.0004492609303946245,0.0008118534135871364,0.00143975746984734,0.00231351691715027,0.003528643921800295,0.005819167169284698,0.009252298924780631,0.014486011889495958,0.021355812888128732,0.03241930548505145,0.05126350214813937,0.08512610259067908,0.1449980809129548,0.23217592633535733,0.394164560387567
0.000007072248320783039,0.000014144496641566079,0.00005834604864646007,0.00013083659393448626,0.00023515225666603597,0.00042963908548756977,0.0007319777012010443,0.0013755522983923017,0.0023356100079385982,0.0035272838499905406,0.005848749361287576,0.009195690879098146,0.014291245794222333,0.02102933038184837,0.03308574570670324,0.051639789176277553,0.08506677086445856,0.14461863784961215,0.23215185531594382,0.3942265700833288
0.000019447410665667188,0.000022983303513970308,0.000040662767755485934,0.0001272921425389125,0.00026872785647103756,0.00041723535609976855,0.0007725925873542331,0.0013401033895068843,0.002372584101211396,0.0036967759729009176,0.005993338377873796,0.009214536762677947,0.01399329594715962,0.021650271910160043,0.03291916241770208,0.05154094210329048,0.08502584737672109,0.14513956169072253,0.23218970772309713,0.39325493080257695
0.000014126039588225945,0.00002295481433086716,0.00005650415835290374,0.00010771105186022278,0.00023661116310278444,0.0004114209030070803,0.0007451485882789184,0.0013578655554182183,0.0022531033143220374,0.003711616901806366,0.005992972295304858,0.009125421573993962,0.01383822153161584,0.02171702011194887,0.032816555718397394,0.05147705401444386,0.08552787244186251,0.14433457524764717,0.23193897550897888,0.394314269065739
0.000007061872596756482,0.00003354389483459329,0.00006355685337080834,0.00009356981190702346,0.00024716554088647703,0.0004219468876561999,0.0007520894315545654,0.0012870262807588688,0.0023109978072885584,0.0037975219889057974,0.006096161519150035,0.00923869482470667,0.014099028639424317,0.021289780411071598,0.03241222975096306,0.05138571595029855,0.08552104261487022,0.14455653205560515,0.23188541405524504,0.3945009198089058
0.00002118733844654434,0.000026484173058180422,0.00006179640380242101,0.00010770230376993381,0.00022070144215150357,0.0004572933881379153,0.0007468536802406883,0.0013542240490416258,0.0023076542791361223,0.0037960648050058615,0.005821221238188059,0.009255335678065453,0.013875941070949336,0.0208571690890857,0.032916295888243845,0.051423436021300326,0.08587228272384424,0.1450803000127124,0.2319483876435442,0.3938496687712756
0.000003529839498198017,0.00003882823448017819,0.000051182672723871244,0.00010060042569864346,0.00022061496863737598,0.0004253456595328608,0.0008030384858400485,0.001231913984871108,0.002313809791068801,0.0037875177815664715,0.006028965862922213,0.009260533923522494,0.013637534901288042,0.02147907334653493,0.032621011722596974,0.051869226506270766,0.0853038662332024,0.14427159997034936,0.23163159771125194,0.39492020797814315
0.000015881558863233312,0.00001764617651470368,0.00007940779431616652,0.00010234782378528128,0.00019763717696468124,0.0004658590599881773,0.0007640794430866692,0.0013446386504204204,0.002290473711608538,0.0037939279506612905,0.006102047838784534,0.00917601178764591,0.013871659358208563,0.02113129637635765,0.03265248502280769,0.0512850828046833,0.08540396509586284,0.14420631909580992,0.23266130811106503,0.39443792516256526
0.000014110069121701109,0.000022928862322764303,0.000059967793767229704,0.00011111679433339622,0.00023634365778849354,0.0004197745563706083,0.0007901638708152625,0.001328110256080117,0.0025398124419062002,0.003945528078155672,0.006003834411283823,0.008924618719475952,0.013938984533600488,0.021140411061588683,0.03247079656631469,0.05123366098089674,0.08561284439592148,0.14547128512745802,0.2314474638032633,0.3942882440195354
0.000012349033070710565,0.000031754656467541454,0.00004586783711978209,0.0001146695927994552,0.00022933918559891033,0.0004763198470131213,0.0008026871495961871,0.0013954407369902936,0.0024574575810714016,0.003769983381729782,0.0059363566118487195,0.009111822258602863,0.01407084111028392,0.021125667288822713,0.032384457154147686,0.05152545841374906,0.08554175208081209,0.14443958323777534,0.23184251101710165,0.3946856818253988
0.00001940172146183152,0.00001940172146183152,0.000049386200084662046,0.00012875687879215469,0.00024163962184281087,0.0004374206293212927,0.000800761958515592,0.0013122618879638779,0.0022752927896147867,0.003763933963595317,0.006088612953294766,0.009289896994496965,0.014299068717369839,0.021084379850430365,0.032614293777338786,0.051566248059827846,0.0846514745308311,0.14431000423310286,0.23236207139833498,0.3946856921123184
0.000021149063889559588,0.00002996117384354275,0.0000652096136594754,0.00013923133727293394,0.00023792696875754533,0.000378920728021276,0.0007772280979413152,0.0013658770428673903,0.0022682371021552654,0.003803306656139134,0.005960511172874208,0.00891785527343096,0.014127574678225807,0.021281245538869335,0.032490249400335916,0.05177467082363266,0.08460859251217392,0.14481821498375927,0.23228369354301454,0.3946503442891359
0.000019390435227132507,0.00001586490154947205,0.000051120238326076625,0.00011634261136279508,0.000186853284916004,0.00045831937809585915,0.0007456503728251862,0.0013696698337710873,0.0022052213153766144,0.0037282518641259324,0.00604100195667119,0.009270390805408169,0.013864161187399745,0.021463449029596852,0.0329302473161875,0.05161205027411025,0.0851539776833718,0.1444446403074266,0.23287031324366725,0.3934530839605844
0.00001233991168148925,0.000022916978837051464,0.000047596802200029965,0.00010929636060747618,0.00019038720880011972,0.00039664001833358305,0.0007245291001560116,0.0013785444192749429,0.002259966682238459,0.003680819370135651,0.006025402589618607,0.008978167170546393,0.014250835147594157,0.021656545001013633,0.03360510519774709,0.0511771394321878,0.08532696358844635,0.14483354340563936,0.23217014975364245,0.3931531118612993
0.000017620120768307746,0.000028192193229292393,0.00004933633815126169,0.00010924474876350802,0.00019910736468187762,0.00039116668105643193,0.0006995187945018174,0.0012792207677791423,0.002213087168499452,0.003622696829964073,0.005929170638535555,0.009426764611044643,0.014230009532485335,0.021921192247851676,0.0328932414502769,0.05155823538014529,0.08556330645090242,0.14457485291604186,0.2326225963952757,0.3926714393700455
0.000008808430725215719,0.000015855175305388295,0.00004756552591616489,0.00012684140244310628,0.00021492570969526347,0.0004104728717950526,0.0007434315532082068,0.0012842691997364518,0.0022690517548155697,0.0037999570148580597,0.0061465229600555305,0.00921361853857564,0.014259087657979206,0.021344589333342726,0.03292239067856626,0.05185523167934493,0.08512291284233964,0.1453972426088458,0.23219199560283132,0.39262522945962036
0.00000880808934925836,0.000012331325088961705,0.000047563682485995126,0.00012331325088961708,0.00022196385160131056,0.0003699397526688511,0.0007293097981185922,0.0012067082408483954,0.002300672938026284,0.00397244829651552,0.005998308846844942,0.009410562660747631,0.014487545361660147,0.02153577845893669,0.03289116724800056,0.05206637776133598,0.08570975583976322,0.14546207236726205,0.2305834478384949,0.392861924391361
0.000008811038468993955,0.000017622076937987914,0.0000405307769573722,0.00009163480007753715,0.0002132271309496537,0.00040706997726752057,0.0007559871006396813,0.0012247343471901598,0.002192186371085696,0.0037922709570549994,0.006306941336105875,0.009688617900505755,0.014224540504343845,0.02155003788746541,0.03307487620490951,0.05214372565950622,0.08635346361922215,0.14456270816078381,0.23109944138016103,0.3922515727703668
0.000014091453533431974,0.00001761431691678997,0.00005636581413372791,0.00009335587965898686,0.0001814274642429366,0.00037518495032762614,0.0007574156274219689,0.0012506165010920868,0.0022317339533572894,0.003795885295568238,0.006261889663918831,0.009501162544916513,0.014406749806242519,0.021720214190093706,0.033465440710209265,0.0522792926090326,0.08572888043401675,0.1443211442260269,0.23078454167547385,0.392756992883816
0.000007042972697916337,0.000019368174919269924,0.000052822295234372536,0.00009155864507291238,0.00015846688570311747,0.0003785597825130032,0.0007624017945494432,0.0012941462332421265,0.002447433012525927,0.0038701134975050256,0.006160840367502314,0.009330178081564666,0.014487394839613905,0.021981117790196878,0.032913572160537516,0.05229759376837775,0.08549816706635541,0.14518559993802185,0.23144440805575214,0.39161921463811444
0.000012327720111442589,0.00001232772011144259,0.000045788674699643915,0.0000686830120494659,0.00018667690454470217,0.00042618689528130124,0.0006956356348599752,0.0013842268582276978,0.0024373663763195084,0.0038215932345472053,0.006317076005677796,0.009340889638727354,0.01438292716430738,0.02211592987992801,0.033291888712387245,0.0524509268684421,0.08551739441307728,0.14560094113337535,0.2307837260005706,0.3911074871527545
0.000010575258829459851,0.00002643814707364963,0.00004582612159432603,0.00008636461377392214,0.0001938797452067639,0.0004141976374871776,0.0007649437219975961,0.0013712585615532945,0.0024411222464669827,0.003828243696264465,0.006359255642781857,0.009699274889752925,0.0147242853768846,0.02220275591245096,0.03349713234231408,0.052717665264857376,0.08588520204031995,0.14439634660058304,0.23103944219034758,0.39029578998946024
0.0000035229068208760412,0.000014091627283504165,0.000044036335260950515,0.00009335703075321506,0.00019375987514818217,0.0004386018991990668,0.0007186729914587125,0.0014038783681191026,0.002326879955188625,0.003913949477993282,0.006411690413994395,0.009723222825617873,0.014278341345010595,0.022069249779377968,0.033983720647580734,0.05294224370412513,0.08596421078960673,0.14463822389129719,0.23064647101616487,0.390191875119999
0.000003520742454168735,0.00001408296981667494,0.00006161299294795287,0.00011618450098756817,0.0002130049184772084,0.00037847981382313896,0.0008414574465463279,0.001403015867986241,0.002350095588157632,0.00412278941383159,0.006310930849097458,0.009606345786199393,0.014530104108354367,0.021943027345606634,0.03343297034478631,0.05181828744045545,0.08543257602163146,0.1449788931489872,0.2297583714453704,0.3926842492544827
0.000008803064875066904,0.00001936674272514719,0.00004577593735034791,0.00008274880982562893,0.00017254007155131123,0.00039613791937801054,0.0008151638074311949,0.001415532831910758,0.002454294487168652,0.004095185779881124,0.006389264486323558,0.009748514042649087,0.014651821178061354,0.021780543113890532,0.03290937772895011,0.0519345615369447,0.08561156652300064,0.14544599847883039,0.23021951322572462,0.39180329023352756
0.00000528063959106727,0.000014081705576179386,0.000035204263940448474,0.00010385257862432301,0.000216506223233758,0.00039604796933004517,0.0008801065985112115,0.0015454671869856882,0.0025171048717420666,0.004048490353151573,0.006643044605562624,0.009700534928790569,0.014486554611494541,0.022150522871330177,0.03345813244900222,0.05179075289599077,0.08489156206599742,0.14461735605416534,0.22992432843466007,0.39257506869232006
0.00001583993917463357,0.000022879912141137373,0.0000510398040071526,0.00010207960801430525,0.00023935908086112956,0.0004452782901313659,0.0008764766343297247,0.0014220745392337696,0.0025502302071160046,0.004113104205679849,0.0062409360348056235,0.00945468369401461,0.014745223378342229,0.022290314405192684,0.033212832462723337,0.05175084127676951,0.08532975233375104,0.14425608605662954,0.23058375455838248,0.3922972135787
0.00001055821270575317,0.000015837319058629757,0.00005807016988164245,0.00009326421223415299,0.0002692344239967059,0.0004716001675236416,0.0007584316126966025,0.0014499945449234356,0.0024160710074998507,0.0039558103604221875,0.006181833539218482,0.00951998845635411,0.01463016340593864,0.022126494427023382,0.033583914914883196,0.051930569193246956,0.08563942295848158,0.14443283041046814,0.2302869370273,0.3921689736361429
0.000010565277567450493,0.000007043518378300328,0.00005282638783725248,0.00011445717364738038,0.0002183490697273103,0.0004824810089135728,0.0008452222053960399,0.0013611599266065394,0.002412405044567864,0.0037841302487418536,0.006170122099391092,0.009639054900704,0.014618822394162331,0.02227336599178021,0.033474321092872315,0.0526256475634709,0.0859960767602633,0.14442910522664282,0.23088124980190106,0.3906035943074285
0.000010557098064883925,0.000015835647097325888,0.000049266457636124985,0.00009501388258395536,0.0002639274516220981,0.0004416386023809774,0.0007759467077689686,0.0014357653368242134,0.00237006851556644,0.0039377975782017025,0.006102002681502908,0.009453881317103549,0.014684923408253532,0.021949966393237822,0.033363948917721487,0.05233857317300617,0.08623565554300429,0.14491024707128505,0.230985786626972,0.39057919759016635
0.00000880030695470658,0.000015840552518471846,0.00005632196451012211,0.00013728478849342268,0.0002358482263861363,0.0004664162685994487,0.0007797071961870028,0.0014995723050820013,0.002444725272017487,0.003849254261988659,0.00619013591194061,0.009680337650177239,0.014599709237858215,0.02184588198436362,0.033314442007737234,0.051773965875929764,0.0858628348956812,0.14544091297904474,0.23102565817495713,0.39077235013957307
0.000012324247428633804,0.000019366674530710263,0.00004401516938797788,0.00013204550816393353,0.000248245555348195,0.00045951836841048887,0.0008697397471064427,0.0014613036236808643,0.002500061621237142,0.0037201621166718874,0.006014232745173297,0.009368188652537213,0.014637684731665917,0.021856172511294285,0.03294975580384023,0.0519467029116915,0.08611127739063987,0.14430461314187326,0.23180324867162216,0.3915413408076959
0.000012309272223072148,0.00001934314206482766,0.000042203219050533086,0.00012836812461203815,0.0002532193143031986,0.00045544307225366977,0.0008458228484711012,0.001385672358825836,0.002474163716837502,0.0038123574542314885,0.0061405683718525625,0.009411317848268878,0.01419434934066262,0.021618598958635573,0.03289037538004879,0.05170246027182391,0.08571473789163264,0.14517379813145256,0.23225662370730663,0.3914682675754426
0.000005277351191889767,0.00002990499008737534,0.00005980998017475066,0.0001284155456693176,0.00023044433537918634,0.00045561131956648333,0.0008338214883185829,0.0013826660122751191,0.0023906400899260643,0.003987918384004701,0.006206165001662365,0.009335634258452997,0.014152096779584388,0.021652971940323718,0.032869102340153424,0.051318722107000045,0.08607007970559415,0.14501457428487496,0.23158600235369858,0.3922901417320617
0.00001583105102347745,0.000029903096377679625,0.000054529175747533435,0.000135443436534196,0.00022867073700578544,0.0004327153946417171,0.0008073836021973503,0.0014300716091207965,0.002399283732891472,0.003766031137918358,0.006154760836794179,0.009583062886211684,0.014300716091207963,0.021649841777440053,0.03251346079088414,0.0515441431267733,0.08542611032835358,0.14557882720056006,0.23199525772071564,0.39195395626760104
0.000012317828120545784,0.00003167441516711773,0.00005279069194519624,0.00014781393744654945,0.0002639534597259811,0.0004522402609971809,0.000786581309983424,0.0014095114749367393,0.002315751686662608,0.0038273251660267274,0.0061729915781249456,0.009632541590266802,0.014262285273860508,0.022018997610341342,0.03292027549702436,0.05137766109079647,0.08592388989973287,0.1456407206281388,0.23103318422895674,0.391717492371745
0.000014055850923645104,0.000033382645943657103,0.00005270944096366913,0.0001282596396782616,0.00023192154024014424,0.000418161564978442,0.0008011835026477711,0.0013985571669026871,0.0023701678619996555,0.003977805811391564,0.0062337698846366045,0.00959663221811869,0.01439143436444713,0.02198159386321549,0.032678096416109394,0.05176418498905401,0.08531901510652577,0.14556766310936503,0.23099912502328007,0.39204227999957836
0.00001230857960749698,0.00002637552773035067,0.00005978452952212819,0.0001125355849828296,0.0002514466976960099,0.00045541744547738844,0.0008229164651869412,0.0014154866548621527,0.0023421468624551397,0.004010838583528658,0.006266825388731319,0.009502223456987669,0.01445378919623217,0.0218090446959693,0.03249465016379204,0.051163248691334234,0.08570463980700145,0.14633846132204698,0.2299664679124122,0.39279139243444355
0.000014069966425542617,0.00002110494963831392,0.0000580386115053633,0.000102007256585184,0.00025325939565976714,0.0004871725874844129,0.0008213342900910503,0.0014544827792404682,0.00235144313886881,0.0037988909348965058,0.0061591278027812845,0.009367080147804994,0.014609901387122814,0.021511219918851472,0.03255614356290243,0.05218374672653439,0.08564036814067154,0.14542893172021165,0.2312909018320855,0.3918907748506385
0.000017582974054563484,0.000024616163676388875,0.000033407650703670614,0.00013538890022013882,0.00023209525752023808,0.0004624322176350198,0.0008316746727808529,0.0014681783335560512,0.0023279857648242047,0.0038805623738421627,0.006145249432069939,0.009436782175084224,0.01448837062096031,0.02142309558808015,0.03261114197899889,0.051118980468832405,0.08651350724066872,0.14535317161685998,0.2316785410351449,0.3918172355344873
0.000012308557964516185,0.00001582528881152081,0.000050992597281567035,0.00009846846371612945,0.0002479295247138258,0.00043255789418156844,0.0008158815565050733,0.0013961421462608363,0.002359726398340104,0.003933463452374673,0.006045260326000948,0.00946879780555995,0.014068681753442,0.021666578748395497,0.03274955601273056,0.05082027747006383,0.08615638902076632,0.14504053032301173,0.23199170051520107,0.39262893214467837
0.000014065167437027608,0.00002285589708516986,0.00005274437788885353,0.00011955392321473472,0.00020921936562578563,0.00046590867135153926,0.0007735842090365185,0.0014065167437027606,0.0024192087991687485,0.003952312049804758,0.0061095571054588646,0.009319931572960414,0.014073958166675752,0.021424766298452302,0.03282458450616318,0.05154532236484693,0.0853140312352206,0.14545317090409143,0.23157067482915225,0.3929280338126625
0.000017584087104533882,0.000031651356788160986,0.00006330271357632196,0.00012308860973173714,0.00020749222783349983,0.00042553490792971994,0.0008352441374653595,0.001357491524470016,0.0022736224626162317,0.0038772912065497206,0.006261693417924518,0.009472547723212404,0.014250144189514253,0.021324222431668243,0.032790805632534795,0.05144752205044522,0.08549734831966462,0.14544501807644156,0.2324141544867556,0.3918842404377735
0.000024632405336786556,0.000029910777908955103,0.000059821555817910234,0.00011612419658770806,0.00024456459584380936,0.000395877942912641,0.0008392612389747993,0.0013618201236194859,0.002283775866224926,0.003809225539581636,0.006195049942201819,0.00943948961656142,0.014269200520095652,0.02156918978740474,0.032773415300594515,0.05108233029592316,0.08540406821768713,0.14621619862164092,0.23170648025800683,0.3921795631970751
0.000008792182694522647,0.000028134984622472465,0.00005275309616713588,0.00012309055772331706,0.0002514564250633478,0.00042905851549270507,0.0008932857617635012,0.0013979570484291008,0.002208596292864089,0.003998684689468898,0.005998027034203351,0.009268718996565775,0.014475449588262083,0.021653387540070377,0.03236226606199894,0.05135338068216787,0.08583456277354679,0.1461313516925831,0.2326077438028301,0.3909233022734826
0.000010556299383688054,0.000021112598767376112,0.00006333779630212834,0.00012843497583487135,0.00023223858644113703,0.00039410184365768706,0.00084274456746443,0.0014356567161815754,0.002352295379331821,0.0037316518321337273,0.006131450558692146,0.009375753235945606,0.01453954301779968,0.021476791096113355,0.03259961188005932,0.051175180028889065,0.08648248270086441,0.14626104672745924,0.23104396522754983,0.39170204493112887
0.000012311437149233964,0.000028140427769677636,0.00005100452533254071,0.00011432048781431534,0.00023039975236423547,0.0004625582814640758,0.0008336601726766998,0.0014351618162535594,0.0024165592347210663,0.0038358920603541835,0.0061574773513525865,0.009421766972635191,0.014277749539640186,0.0214940104858269,0.03293485315093645,0.05178366342641367,0.0862609637744756,0.14573399908895363,0.23101532422169738,0.39150018379216883
0.000022851116189136934,0.000026366672525927232,0.00006152223589383021,0.00011952891545087014,0.00023026894005976435,0.00047635788363508514,0.0008630690806820179,0.0014677447706099493,0.0022991738442608546,0.0039813675514150096,0.00610124802249956,0.009456846545965897,0.014522763227280718,0.02135173141149587,0.03269818948848656,0.051411495869221294,0.08617155914923541,0.1449042010898225,0.2312392336087186,0.39259448057655116
0.000015828795745219705,0.00003693385673884597,0.000045727632152856934,0.0001354241413757686,0.00024270820142670204,0.0005170739943438439,0.0008934475820635123,0.0014245916170697738,0.002439393299846636,0.0038903662431584423,0.0061732303406356855,0.009289744347361163,0.014363752761245477,0.021629170008301325,0.032932688925471,0.051239570582358986,0.0856320262265558,0.14481941102809792,0.23127981089865357,0.3929990995173976
0.000012297983657736574,0.00004216451539795397,0.00006676048271342714,0.00013703467504335042,0.00028636733374443735,0.000493676201117711,0.0008713999848910491,0.00145643263603766,0.0023787814103679037,0.004012656382038619,0.006287783358719884,0.009269165968316881,0.014286743300673407,0.02188865405596286,0.032633578063208116,0.05149692813936778,0.08528475981159489,0.14411304306578196,0.23289570080059868,0.39208607183076566
0.00002988390979981296,0.00003867329503505207,0.0000632835736937216,0.00013184077852858666,0.0002689551881983168,0.0004623216633735768,0.0008543282448652413,0.001462553703143787,0.0024276282019730405,0.0038515086100817768,0.006122685754867563,0.009443315496740894,0.014472601728344713,0.02192072677668633,0.032976015525570085,0.05151282898668935,0.08564552760921688,0.14608837199490915,0.23185870887446655,0.39036824008381554
0.000024603315472497885,0.000038662352885353815,0.000050964010621602754,0.0001388329944519524,0.00025482005310801387,0.0004797646517137089,0.0008558439025076052,0.0013584544900172046,0.0024216691943644356,0.0038644779088587745,0.006182461702303395,0.009677889879074702,0.014310342706610739,0.021714183284155995,0.03276282931098416,0.05224689778552588,0.08581460698839599,0.1460997594147223,0.2312606211634205,0.3904423148908051
0.00003163161122641029,0.00003514623469601143,0.00007029246939202289,0.0001493714974580486,0.0002389943959328777,0.0004375706219653422,0.0008435096327042742,0.0014357236873320672,0.0023547977246327653,0.003887173557378864,0.006407158585082884,0.009635340241911535,0.01449254987690031,0.021493679828345793,0.03294783771577591,0.051654421132728,0.08619438328023327,0.1453542828322945,0.23075963314360223,0.39157650193040683
0.000029887534964020687,0.000019338993212013387,0.00004922652817603408,0.00010724350781207424,0.00026371354380018246,0.0004922652817603407,0.0008104796246125609,0.0013625199763009428,0.0024964882146417283,0.003978558330798751,0.006383625850256417,0.00975388494002275,0.014189546746741818,0.02146100819445885,0.0331030821080909,0.051881244516955895,0.08591963066039145,0.14599533402836506,0.2318411248964924,0.38986179652214586
0.00001582434276229727,0.000021099123683063027,0.000042198247366126055,0.00012131996117761249,0.0002250573192860056,0.00047121376225507455,0.0007841840968871764,0.0014734221372005689,0.0024369487853937817,0.004191692571701855,0.006299846679701239,0.009420758724487638,0.014241908486067543,0.021837593011970236,0.032809137327163014,0.05177900777854359,0.0860756333253626,0.14560681079712492,0.2311391416876486,0.3910072018342172
0.000010546353861811124,0.00002812361029816299,0.000056247220596326015,0.00011600989247992244,0.00021268480287985766,0.0005255599674469212,0.0008191001499339972,0.001458912284217205,0.0023852336984129495,0.003905666380157386,0.006234652857974007,0.009572573855237226,0.014339525800775866,0.021734277583549105,0.03266381563567269,0.051881030097536196,0.08650822527714941,0.14476452628415043,0.23159968853101592,0.39118359971665456
0.00001581333239624697,0.00001932740626207963,0.00006149629265207156,0.00013002073303580833,0.00022490072741329005,0.0004761570088203253,0.0007853955090135994,0.0014425273219243067,0.002282390975858312,0.0038707523632146757,0.006197069262395892,0.009609234986119406,0.014237270267421021,0.021544786871420047,0.0328917313841937,0.05229820430825458,0.08567312084900026,0.14515409213901678,0.23138595073268434,0.39169975752890335
0.000022844610956275412,0.00002987372201974477,0.00005623288850775485,0.00013003855467418315,0.0002372324983920909,0.00041823210827642693,0.0008259205499576496,0.0013794630462058614,0.0024549170389166737,0.0038343800851225354,0.0062787534574440034,0.009310057603565167,0.014342901125009222,0.021758613296969403,0.03354643255040752,0.05146187937342505,0.08601698936144041,0.1448242897961909,0.23106445343389653,0.3920064948986225
0.000012305528698250857,0.000026368990067680413,0.00004570624945064606,0.0001353608156807595,0.00021270985321262208,0.00039026105300167026,0.0008051331633998422,0.0014221675309835631,0.0023134393952711605,0.0038164718291289444,0.006230113386657291,0.009610617913333922,0.014569745978729018,0.02170695262371452,0.033110661861650695,0.05207699745099763,0.08640766458644632,0.1444018634086314,0.23084820251384378,0.3918572558671004
0.000026379424049241582,0.00002813805231919102,0.00006331061771817979,0.00011079358100681472,0.00022158716201362943,0.00047131237634645014,0.0008511760826555293,0.0013541437678610696,0.002338975599032754,0.003689602110353924,0.00620619916465157,0.009777973180918885,0.014499890085733125,0.02176654209716421,0.03338052319191032,0.052454605407781935,0.08545878214992304,0.14429896680589144,0.2299687843482085,0.39303231479446027
0.000033388218879104775,0.000029873669523409536,0.00006326188840251434,0.00010543648067085725,0.00019857203859678118,0.00043404684542836213,0.0008048318024542096,0.001414606115667334,0.0023529907936379628,0.003734208690426191,0.006189121415379317,0.00981437907577896,0.014602952572913719,0.021962418923739555,0.03324236508084342,0.05177458383342441,0.085672412369105,0.14335671094413097,0.23088304809836518,0.3933307911426328
0.000014102681624910979,0.00003525670406227744,0.00005817356170275777,0.00009871877137437689,0.0002467969284359421,0.0005006451976843398,0.0007456792909171678,0.0014596275481782864,0.0023692505129850445,0.003857083424413151,0.006196365738945261,0.009658574077860903,0.014439383148705732,0.021793931616096794,0.033379284570961155,0.052504283689543595,0.08550279585663213,0.1435088882150941,0.2298878131676738,0.39374334529710825
0,0.000003623733278735752,0.00000905933319683938,0.00001630679975431088,0.000047108532623564763,0.0000924051986077617,0.00024460199631466326,0.0005326887919741557,0.0009312994526350882,0.0018662226385489117,0.0033501414161912022,0.00588675471130623,0.01025335331218281,0.016516976284477555,0.02813285330946501,0.047662963815211366,0.08257038648927288,0.14645680419338408,0.24027525877985273,0.41515119121172206
0,0.000010651877127046713,0.000007101251418031143,0.000024854379963108997,0.0000372815699446635,0.0001260472126700528,0.000275173492448707,0.0005929544934056007,0.0010527605227231168,0.0020966444811736946,0.0038169226371917385,0.006866910121236118,0.011779200789659156,0.019768108634944194,0.032830860618412484,0.054182548319577604,0.08980242543242183,0.14987546180325628,0.23395960453130862,0.392894487831118
0,0,0.0000035781887923970644,0.000012523660773389727,0.00003041460473537505,0.00010555656937571341,0.00017533125082745611,0.00040791352233326516,0.0009983146730787808,0.001968003835818386,0.0036139706803210354,0.006916638935703527,0.012382322316090046,0.02117214308461343,0.0350018427672281,0.05854632502120078,0.09513867270664932,0.15295504721420108,0.23240157297179312,0.3781698279964648
0,0.0000017995450750050388,0.000007198180300020155,0.00001799545075005039,0.00001979499582505543,0.000057585442400161255,0.00013136679047536786,0.00031492038812588164,0.0008403875500273529,0.0015943969364544644,0.003314762028159283,0.006023077366041862,0.011374924419106855,0.020302467536206847,0.035366459359074016,0.05963512424059197,0.09854668739742597,0.1565352278943883,0.2320657337824998,0.3738500906970718
0,0.0000018064823813773345,0.0000018064823813773345,0.000005419447144132003,0.00001625834143239601,0.000054194471441320013,0.00011019542526401739,0.0002583269805369587,0.0005762678796593695,0.0013747330922281513,0.0028470162330506794,0.005574804628930455,0.010728698862999991,0.019605753285088214,0.035137888800170526,0.060040248427457074,0.09925175499763352,0.158594701225879,0.23342642739205363,0.37239369754426777
0,0,0.0000018130196567591185,0.000009065098283795592,0.00001087811794055471,0.00006345568798656917,0.0000960900418082333,0.00020124518190026215,0.0004931413466384803,0.0011422023837582443,0.002295282885457044,0.004820819267322496,0.009735915556796468,0.01884633933201104,0.033218146151140576,0.05949061399723696,0.10009681524967094,0.16104147101162875,0.2344379457762081,0.3739987598945549
0,0,0,0.0000018173656557873101,0.000014538925246298481,0.000032712581804171586,0.00006179043229676855,0.00017628446861136905,0.0003598383998458874,0.000803275619857991,0.001979111199152381,0.0043216955294622245,0.008921448004259902,0.017452162392525537,0.03246360270932872,0.0583029076033127,0.0987047634971204,0.16196726197507666,0.23642109816137116,0.37801569113507216
0,0,0.000001818757206825432,0,0.000001818757206825432,0.000014550057654603454,0.00004365017296381037,0.0001364067905119074,0.0002746323382306401,0.0006965840102141405,0.001776925791068447,0.003928515566742932,0.008144394772164285,0.016150563996609833,0.031095291965094408,0.05765460345636618,0.09921320563232733,0.16127283904362463,0.23859184542018752,0.3810023534718257
0,0,0,0,0.0000036459691077037503,0.000014583876430815001,0.00003828267563088938,0.00012396294966192755,0.00027891663673933697,0.0006307526556327489,0.001516723148804761,0.0033925742547183386,0.0074687677171311325,0.015159939549832193,0.03014304959794076,0.056302877945715174,0.09947115218092752,0.16280892751995718,0.24106600844771042,0.3815798348740591
0,0,0.0000018233302397496933,0.0000018233302397496933,0.0000036466604794993865,0.00000546999071924908,0.00003099661407574478,0.00009298984222723438,0.00022062295900971289,0.0005251191090479114,0.0013365010657365249,0.0030212582072652403,0.006897658296973089,0.014360548968268584,0.028737507908694917,0.05524508293417596,0.09790554055359951,0.1629984301126636,0.24265243496636874,0.38596254515021516
0,0,0,0,0,0.0000018235663121653755,0.00003100062730681138,0.00004376559149196901,0.00017506236596787596,0.0004686565422265013,0.0011652588734736755,0.0027499379987453863,0.006380658526266649,0.013877339635578507,0.028392927480414904,0.054703342232336936,0.09841240316862881,0.1627131749018921,0.24375246181452143,0.38713218667483634
0,0,0,0.0000018278361162138204,0,0,0.000014622688929710561,0.00004569590290534551,0.00016450525045924382,0.00040395178168325414,0.001167987278260631,0.002767343879947724,0.005931328197113848,0.01324267266196913,0.027390124201464094,0.05381880660579973,0.09773622497006926,0.1630137361884135,0.24446759703524962,0.38983357552161874
0,0,0.0000018281168020387158,0.0000036562336040774317,0.0000018281168020387158,0.000007312467208154863,0.000020109284822425875,0.00005118727045708404,0.00014807746096513595,0.00039304511243832375,0.0010146048251314873,0.002398489244274795,0.005817067664087193,0.013085660068993123,0.026482099994332833,0.053046465244757424,0.09632347429941993,0.16334040814535716,0.2467208154863431,0.39114387096420367
0,0,0,0,0,0.00000730472195488969,0.000014609443909779383,0.00005113305368422784,0.0001369635366541817,0.00035427901481215,0.0008930022589852648,0.0023466419280083134,0.005602721739400392,0.012571426484365156,0.026240387442452485,0.0523109400994538,0.09667799507296504,0.16392709157016822,0.24559753538681242,0.39326796824637383
0,0,0,0,0.0000018307976785485436,0.000003661595357097087,0.000009153988392742718,0.00004760073964226213,0.00013547902821259218,0.00038263671481664555,0.0008696288973105583,0.002396514161220044,0.005450284689039016,0.012196774134490395,0.026288423866278533,0.05170355723988943,0.09479687299756505,0.16255103348528951,0.2467439263287014,0.39642262133611617
0,0,0,0,0,0.000007329510993350301,0.000012826644238363026,0.000051306576953452095,0.00010811028715191698,0.00028951568423733694,0.0008044138315201956,0.001969806079462893,0.005145316717331912,0.011866478298234142,0.02521351781712504,0.05090895098206284,0.094453575793557,0.16273346782986012,0.2477686219969619,0.39866676195030964
0,0,0,0,0,0.000001833052876243268,0.000007332211504973072,0.00002932884601989229,0.00010631706682210955,0.0002566274026740577,0.0007515516792597404,0.0021648354468433,0.005119716683347447,0.011522570380065182,0.02500834039058691,0.05151795108681705,0.09410710161345315,0.16228017113381651,0.2476124486286932,0.3995138743772203
0,0,0,0,0,0,0.000003666105752486536,0.00003849411040110863,0.00012281454270829896,0.0002877893015701934,0.0007955449482895787,0.0020878472260410824,0.004837426540405986,0.011352096462574556,0.024652728132595718,0.04987736876257931,0.09464968526482115,0.16169909337204735,0.24748780103310858,0.40210764419710454
0,0,0,0,0.0000018340614557312586,0,0.000012838430190118811,0.00005318778221620651,0.0001338864862683819,0.0002549345423466448,0.0007391267666596974,0.0019184282826948972,0.004862096919143567,0.011173102388314829,0.02423712213748858,0.04985529255114281,0.0950575711890954,0.16324247392881638,0.24768266335068362,0.4007754411834831
0,0,0,0.0000018328983254640898,0.0000018328983254640898,0.00000916449162732045,0.000014663186603712722,0.000029326373207425444,0.00010997389952784538,0.00023644388398486762,0.0006433473122378955,0.0018182351388603773,0.004371462506231853,0.010889248951582156,0.023944983723862872,0.049590897093756414,0.09450790345757944,0.1630473034399836,0.24867481451068946,0.40210856623361385
0,0,0,0,0,0.000005504637657226213,0.000007339516876301618,0.000027523188286131065,0.00006605565188671455,0.00017614840503123874,0.0006146845383902601,0.0017963467554748197,0.004618390994412796,0.010822117634106733,0.023851594968761193,0.04877292452224333,0.09424123157093185,0.16301433958109715,0.24926467215295556,0.4027211258818891
0,0,0,0,0,0,0.0000073321846244088425,0.0000073321846244088425,0.00004765920005865746,0.0001888037540785276,0.0005774095391721964,0.0017102320636433624,0.004239835759064413,0.010100084320123177,0.023136708582322096,0.04875719470616271,0.09446603365472742,0.16270667595410054,0.2499376764306925,0.4041170216666056
0,0,0,0,0,0.0000018334191984657947,0,0.000027501287976986915,0.00006783651034323442,0.00022551056141129273,0.0005940278203029173,0.0016225759906422284,0.004378205045936319,0.010050804045989487,0.02274173173776973,0.04832709665235987,0.0935703822129003,0.16389667582765127,0.24992070461966634,0.4045751142678514
0,0,0,0,0,0.0000036644466227543815,0.000007328893245508763,0.000010993339868263144,0.00006962448583233324,0.00017772566120358746,0.0005331769836107625,0.0015867053876526475,0.004065703527945986,0.009956301474023656,0.02236411773866999,0.047894317359399766,0.09288089632364394,0.16321628480079148,0.2505400478210284,0.4066931117564609
0,0,0,0,0,0,0.0000018302447952413636,0.000012811713566689545,0.00008053077099061998,0.000181194234728895,0.0005417524593914438,0.0015337451384122632,0.0041070693205216184,0.009907115076641503,0.02249370853351636,0.04800183024479524,0.09226630061770763,0.16311141615191035,0.25011759322809424,0.40764310226492784
0,0,0,0,0,0,0.00001463978801586953,0.00002378965552578799,0.00007868886058529876,0.0002287466877479614,0.0005984013351486671,0.0014859384836107571,0.003983852313818496,0.009706179454521497,0.022309206962683174,0.04768727948819299,0.09244111145270616,0.16291522098760008,0.24969988434567472,0.4088270601841686
0,0,0,0,0,0,0.000005492111497186208,0.000031121965150721844,0.0000750588571282115,0.00025995994420014725,0.0006114550800200647,0.0015835588150220233,0.003846308751862741,0.009525152039953279,0.0224572439119944,0.04796077900109474,0.09276908600280463,0.16104518543199117,0.2505318194633109,0.40929777862396977
0,0,0,0,0,0,0.000007323405236967085,0.00003478617487559365,0.00008788086284360499,0.000263642588530815,0.0006060117833590266,0.0015745321259479231,0.003945484571416017,0.009516765105438724,0.02177248376950314,0.04736412337008462,0.09178057613228999,0.16239834198105435,0.25136856135365815,0.4092794867757611
0,0,0,0,0,0.0000018283340585725098,0.000009141670292862548,0.00003291001305430517,0.00005667835581574778,0.00019014674209154108,0.0005905519009189208,0.0015248306048494737,0.004062558278148116,0.009289765351606923,0.021824823657180047,0.046819978571924846,0.09300004022334926,0.16301609299638356,0.25086388784267555,0.40871676545765023
0,0,0,0,0,0.0000036608782080733345,0.0000036608782080733345,0.000010982634624220004,0.00004393053849688002,0.00017206127577944666,0.0006131970998522835,0.001524755773662544,0.00381646553191645,0.009326087235066819,0.021719990408499094,0.046890358528107315,0.0929753238504385,0.16260888824620137,0.24993547702158272,0.41035516009935624
0,0,0,0,0.0000036594715357155273,0,0.0000036594715357155273,0.0000201270934464354,0.00004940286573215963,0.00017565463371434526,0.000580026238410911,0.001566253817286246,0.003977845559322778,0.00941947973293177,0.021861682954364567,0.04673145151108728,0.09191860603410262,0.1622536489505551,0.25162526279579966,0.4098132388701746
0,0,0,0.0000018287787598319717,0,0,0.000012801451318823801,0.000023774123877815632,0.00007863748667277478,0.00021396711490034073,0.0005522911854692553,0.0014995985830622168,0.003920901661079745,0.009465758860890289,0.021839275949913403,0.04702155947279966,0.09292756390210179,0.16118855989158995,0.25065790315884956,0.4105955783787147
0,0,0,0,0,0.0000018255304078600038,0.00001460424326288003,0.000021906364894320048,0.00008762545957728018,0.0002154125881274804,0.0006279824603038411,0.0015736072115753225,0.004001562654029125,0.00945989857353054,0.021402518501750685,0.046560153052469404,0.09232802590792752,0.16192819823799806,0.2514230009529268,0.41035367826121877
0,0,0,0,0,0.000014622982942290397,0.000012795110074504098,0.00002193447441343559,0.00006763129610809307,0.0002339677270766463,0.0006415833765929911,0.001540896827543851,0.003686819574324966,0.008962060670756222,0.021482989815092373,0.04618303587748866,0.0909202243165583,0.16286164464689148,0.25146047042136127,0.41190932288277493
0,0,0,0,0,0.0000018280065223272716,0.000005484019566981815,0.00002376408479025453,0.0000840883000270545,0.00021570476963461805,0.0005429179371311999,0.0015300414591879273,0.0035847207902837803,0.009052288298564649,0.021245091802487546,0.04581532746908842,0.09078977193790627,0.16201987408691074,0.25369988520119047,0.4113892118367079
0,0,0,0.0000018278661855722865,0.0000018278661855722865,0,0.000014622929484578292,0.000032901591340301164,0.0000712867812373192,0.00019375381567066237,0.0006178187707234327,0.0014988502721692747,0.0038330353911450858,0.009247175032810194,0.020855953177379795,0.045678375977451446,0.09110999001985061,0.16238397619387074,0.2527098116201109,0.4117487926943845
0,0,0,0,0,0.000005482937099745592,0.000014621165599321578,0.00002375939409889757,0.0000676228908968623,0.00018276456999151975,0.000546466064274644,0.0014931865368307162,0.003730224873526916,0.0088275287305904,0.02129207240401206,0.045263473404099766,0.09048856624850134,0.1626092932128549,0.2521091031377022,0.41334583442992073
0,0,0,0.0000018237392490571268,0.0000018237392490571268,0.0000018237392490571268,0.0000054712177471713805,0.000034651045732085407,0.00009848191944908486,0.0002188487098868551,0.0005270606429775094,0.0013678044367928437,0.0037550791138086207,0.00913510989852715,0.021273918340251385,0.04556430139844326,0.09084592321328266,0.16216871776540875,0.25109971476718146,0.413899446312764
0,0,0,0,0,0,0.000014595530483677636,0.000021893295725516454,0.00008939762421252555,0.00017879524842505113,0.00048712582989274104,0.001410293132985352,0.0037948379257561854,0.009295528476792195,0.021743691538058753,0.046329862637813725,0.09052877782501055,0.16161630904576246,0.25257747946135195,0.4119114124277294
0,0,0,0,0.0000036503544494170384,0.000009125886123542597,0.000005475531674125557,0.000018251772247085193,0.00007300708898834074,0.00018981843136968595,0.0004946230278960089,0.0014017361085761433,0.0036941587028100427,0.009385061289451206,0.021201258642214157,0.046034619961598265,0.0904959371554978,0.16268899710161858,0.2524001080504917,0.4119041708949939
0,0,0,0,0,0.000001823928852183334,0.000007295715408733336,0.000018239288521833337,0.000036478577043666666,0.00017144931210523345,0.0005490025845071836,0.0014646148683032172,0.003892264170559235,0.009407825019561637,0.0216901619101642,0.04611256924089907,0.09167613589729087,0.16339301836513953,0.2517386601783438,0.4098404609432995
0,0,0,0,0,0.0000018248707991474203,0.000007299483196589681,0.000010949224794884523,0.00006752021956845455,0.00014963940553008845,0.0005018394697655407,0.0014197494817366932,0.003680764401880346,0.009160851411720046,0.021624718969896938,0.046486758737481385,0.09144427574527728,0.16190618704195742,0.25208035271102813,0.41145726882536715
0,0,0,0,0,0,0,0.00002372011721387152,0.00005108948322987712,0.0001623915716949666,0.0004981224614913021,0.001421382408431225,0.003716759904973561,0.009469800641537941,0.02157070966941456,0.046332687416295364,0.09126588791697227,0.16166902043214407,0.25189122319170604,0.411927204784895
0,0,0,0,0,0,0.000005471956224350206,0.00001823985408116735,0.00004559963520291839,0.00017692658458732323,0.000534427724578203,0.0014391244870041039,0.0035950752393980848,0.009243958048335613,0.02131509347925216,0.04573096215230278,0.09153488372093022,0.16208481532147745,0.2523848609211127,0.4118905608755129
0,0,0,0,0,0.0000018215168499416203,0.000007286067399766481,0.000005464550549824861,0.00004553792124854051,0.00018033016814422034,0.0005282398864830698,0.0014153185924046384,0.0037104298233310816,0.009080261496958978,0.021149632144672154,0.045975085292526495,0.0915166495747669,0.1624246575092943,0.2523274431550129,0.4116318423003572
0,0,0,0,0,0,0.00000911535481518618,0.000021876851556446832,0.00008021512237363838,0.0002078300897862449,0.0005542135727633196,0.0014128799963538583,0.00356228066177476,0.00908800875074062,0.02121872293879039,0.045923157558907975,0.09119547878401169,0.16260152226425423,0.2524023517615423,0.4117223462923292
0,0,0,0,0,0.0000018237824884053027,0.000009118912442026513,0.000012766477418837119,0.00004559456221013256,0.0001878495963057462,0.0005580774414520225,0.0014170789934909202,0.003653036324275821,0.009177273481655483,0.020982617529103,0.04648639184696277,0.09117818172533466,0.16304250689845726,0.25254828008192426,0.4106994023464786
0,0,0,0,0,0.00000182422830582093,0.00000364845661164186,0.00000912114152910465,0.00004378147933970232,0.00018971974380537683,0.0005107839256298603,0.001355401631224951,0.0037123046023455927,0.009354642752249731,0.021533190921910264,0.045890287261231316,0.09138289275179369,0.1628689273719984,0.2525589362559903,0.4105845374760344
0,0,0,0,0,0,0.0000018228250507201071,0.000012759775355040749,0.00005833040162304343,0.00018410533012273094,0.0005231507895566704,0.0012668634102504745,0.0035435718985998873,0.009278179508165342,0.021042692385512925,0.04584040437550926,0.09100636348225209,0.16220044148822726,0.25272922480719073,0.41231208952258397
0,0,0,0,0,0,0.0000036442285441489177,0.00001457691417659567,0.000041908628257712556,0.00014030279894973322,0.000501081424820476,0.0013957395324090353,0.0036733823725021092,0.008915605133260326,0.02121123224121878,0.04551277028787585,0.09170883342777957,0.16214266061481783,0.25240655742484236,0.41233170497054555
0,0,0,0,0,0,0.0000018229579680581305,0.000007291831872232522,0.00005286578107368578,0.0001585973432210574,0.0005304807687049163,0.0014073235513408764,0.00374617862435946,0.009005412362207166,0.021126259891825674,0.046024219819563617,0.0915143129544862,0.16279379246352718,0.2516593474904249,0.4119720941594249
0,0,0,0,0.0000018234898313089557,0,0,0.000025528857638325386,0.000043763755951414945,0.00017505502380565967,0.00047957782563425527,0.0013220301276989925,0.003650626642280529,0.00903903909379849,0.021070425000774978,0.0461561746100923,0.09169418616737089,0.1631275768190679,0.2529070986635642,0.4103070939224908
0,0,0,0,0,0,0.000014594225794564379,0.000014594225794564379,0.00004925551205665479,0.0001331723103754,0.0005253921286043177,0.0013298988255296793,0.003836457105746111,0.00926186054487542,0.02133858238987744,0.04646619065166866,0.09167362932855616,0.16236258624275307,0.2505336013806138,0.4124601851277541
0,0,0,0,0,0,0,0.000009111667125287245,0.00004191366877632133,0.0001749440088055151,0.0005175426927163155,0.0014141307378445803,0.0037412505216429417,0.009186382795714598,0.021303077738921584,0.045651274631114146,0.09122601125837591,0.1623443955046679,0.2524806513748594,0.41190931339943543
0,0,0,0,0,0.0000018220213140053313,0,0.000009110106570026657,0.00005648266073416529,0.00020953245111061312,0.0005283861810615462,0.0014138885396681366,0.0038590411430632914,0.009416206150779552,0.021474343206866836,0.045964131688412485,0.09131242017269117,0.16133269926991606,0.25160474527231025,0.4128171911355019
0,0,0,0,0,0,0.000003642502909449199,0.00002003376600197059,0.00005645879509646257,0.00025679645511616865,0.0005336266762343077,0.0014169336317757391,0.0037408504880043283,0.009262884898729316,0.02156543847539398,0.04590464291633353,0.0907766362578382,0.16186554429010347,0.2515894972071108,0.41300701363935227
0,0,0,0,0,0.0000018206711722209276,0.0000018206711722209276,0.000018206711722209276,0.00008921288743882548,0.000251252621766488,0.0005662287345607083,0.0014091994872989983,0.003832512817525052,0.009005039617804713,0.02156585003495689,0.0460302085760895,0.09093342169657422,0.16115124679561865,0.2520136623164764,0.41313031635982295
0,0,0,0,0.0000018225792047357899,0.0000036451584094715797,0.00001640321284262211,0.000016403212842622106,0.00006014511375628109,0.00020412887093040847,0.0005413060238065295,0.001405208566851294,0.0037508680033462556,0.009194912087892063,0.021528305566339147,0.04657965673543258,0.09075350892061393,0.16093192119896552,0.25202260727245557,0.41298915747631104
0,0,0,0,0.0000018231640282444572,0,0.0000036463280564889145,0.000018231640282444572,0.00003099378848015577,0.00016773109059849015,0.000537833388332115,0.0013983668096634986,0.0037374862579011357,0.00896814385493448,0.02161178639080979,0.046833437557543614,0.0902830826786655,0.16136642497588863,0.2522438591277618,0.4127971529470536
0,0,0,0,0,0.0000036421115505925715,0.000005463167325888857,0.000007284223101185143,0.00003460005973062942,0.00018028452175433232,0.0005171798401841454,0.0015242236839229924,0.0035965851562101644,0.009187226386369759,0.02139558430395606,0.046329479979312804,0.09152626326639132,0.162206901072966,0.25282445750748445,0.41066082471973947
0,0,0,0.000003641932482213712,0.000001820966241106856,0,0.000001820966241106856,0.000012746763687747993,0.000058270919715419365,0.00017663372538736494,0.00047891412141110273,0.0013402311534546464,0.0035472422376761565,0.009403469669075805,0.02134536627825456,0.04594297826312598,0.09102281852796731,0.1627816351912652,0.2518760504699003,0.41200635881411385
0,0,0,0,0,0,0.000009111899594155991,0.000021868559025974378,0.000060138537321429544,0.00018588275172078215,0.00053213493629871,0.0013631401792857354,0.0038652678078409694,0.009172038131477421,0.02108858042071463,0.04602784960991956,0.09170762465534238,0.16324697074897987,0.251978648996871,0.4107407427656074
0,0,0,0,0,0,0,0.00000910209639484166,0.00005461257836904998,0.00014381312303849827,0.000444182304068273,0.001388979909852837,0.0036371977193787285,0.009027459204403957,0.021504612942452907,0.045836337025143635,0.09115203413650233,0.16302582810873,0.25251946028209227,0.41125638056957275
0,0,0,0,0,0,0.000007278377940692137,0.000009097972425865172,0.000056407429040364065,0.00017286147609143836,0.0004931101054818928,0.0014156445094646217,0.0037592822063674896,0.009225344039827284,0.021190997374325168,0.046445149234041694,0.09060488779470606,0.16222776592008703,0.25164445851597517,0.4127477150442252
0,0,0,0,0.000003640010264828947,0.000003640010264828947,0.00000546001539724342,0.000018200051324144735,0.00006370017963450657,0.00018382051837386175,0.0005805816372402172,0.0014141439878860458,0.0036345502494317034,0.009238346052135867,0.02091367897657472,0.0460606898911455,0.0916554584683929,0.16173111608174734,0.2533483544423596,0.41114461942782676
0,0,0,0,0.0000018190152578999834,0.0000072760610315999326,0.0000036380305157999667,0.0000109140915473999,0.000034561289900099684,0.00019099660207949826,0.0005238763942751953,0.001413374855388287,0.0036507636226052664,0.009311539105190012,0.0215171314856989,0.046019267009611675,0.09154558088433246,0.16229072229457864,0.25270487568849725,0.41077366356949
0,0,0,0,0,0,0.0000018196706396142298,0.000010918023837685379,0.000047311436629969954,0.00021290146483486476,0.0004712946956600852,0.0014575561823309978,0.003717587116731871,0.00892730415794741,0.021233736693658453,0.04682012555727413,0.09116549904467294,0.1621908834500956,0.25263761259212086,0.4111054499135655
0,0,0,0,0,0,0.000012744628594212847,0.000014565289821957539,0.0000764677715652771,0.0002111967024183843,0.0005407363846401734,0.0014328603862350728,0.0036577084065390866,0.009321785486052826,0.021387307442316903,0.04643414395240065,0.09177953249060997,0.1630438542669927,0.25177559986235803,0.41031149692945484
0,0,0,0,0,0.0000018199620719904196,0.0000072798482879616785,0.000018199620719904197,0.00008007833116757847,0.0002001958279189463,0.00048592987322144195,0.0014177504540805368,0.0036144446749729726,0.00901609210464054,0.021435513283903158,0.04683854388474546,0.09126199809995961,0.16253899268739233,0.25176445322879476,0.4113187081181229
0,0,0,0,0,0.000001819928949973793,0.0000054597868499213786,0.000016379360549764137,0.00006915730009900412,0.0001965523265971696,0.0005023003901927671,0.001368586570380293,0.003745413779046066,0.009021387805020093,0.021502460543940373,0.04671393628792732,0.09191551161842643,0.16289638052530434,0.2528955069594083,0.4091491468173083
0,0,0,0,0,0,0.0000036429009877726026,0.00002185740592663561,0.00004735771284104383,0.00016757344543753982,0.0004936130838431874,0.0014462316921457232,0.0034680417403595187,0.0091345742268398,0.0217262614910758,0.04700435144522991,0.09292311839610357,0.16295971133652576,0.2503492631322027,0.4102544019904811
0,0,0,0,0,0,0.000010910558875194116,0.00002000269127118922,0.00003636852958398039,0.00015820310369031465,0.00044187763444536145,0.0013310881827736827,0.003567752752188476,0.009199419558267839,0.02128104508606613,0.046660823456246836,0.09267792393885722,0.1634256245385743,0.2511319704833013,0.4100569894858582
0,0,0,0,0,0.0000018196971296097477,0,0.00002365606268492672,0.000054590913888292425,0.00014375607323917014,0.000454924282402437,0.0013211001160966765,0.0033700790840372535,0.008971106848976059,0.02164529735670795,0.04620211012079151,0.09232779296213937,0.1630412234187742,0.2516422766594728,0.4108002664036598
0,0,0,0,0.000003635603464730102,0.000001817801732365051,0,0.000009089008661825255,0.00003635603464730102,0.00014905974205393422,0.0004635394417530883,0.0013324486698235835,0.003531988765985294,0.009145360515528575,0.022228079583359844,0.04686656426383573,0.09167355916490189,0.16300228134117414,0.25107841087772553,0.41047780918535215
0,0,0,0,0,0.0000036359669854197726,0.000007271933970839545,0.00001454386794167909,0.00004908555430316692,0.0001690724648220195,0.0004890375595389594,0.0013907573719230632,0.003688688506708359,0.00906446569465149,0.02178126022615715,0.04718939752027052,0.0928425989892012,0.16268225284514412,0.25206522924771846,0.40856270225066355
0,0,0,0,0,0.000007275716930957084,0.000003637858465478542,0.000025465009258349795,0.000060024664680395935,0.00017825506480844856,0.0005347651944253455,0.001427859447700328,0.0038670435488036906,0.00955665418881213,0.02215637698399706,0.0471466457126019,0.09262351438954913,0.16339805083543427,0.25075940295466864,0.4082550284298638
0,0,0,0,0,0.0000018186282087421458,0.000007274512834968583,0.000010911769252452876,0.000060014730888490835,0.00013094123102943455,0.0004892109881516374,0.0014003437207314525,0.003784565302392404,0.009482327480381551,0.021776254171478444,0.04714611768343137,0.09187164122102696,0.16353832304292876,0.2526692915533813,0.40763096396388204
0,0,0,0,0.0000018168010493842862,0,0.0000018168010493842862,0.000012717607345690003,0.000045420026234607154,0.00017259609969150723,0.0005141546969757529,0.0014843264573469617,0.003837083816299612,0.009356525404329075,0.021934239069216478,0.04722410967664574,0.09195375151248689,0.16295433652242475,0.2521320160314525,0.40837508947745177
0,0,0,0,0,0.0000018185785989670473,0,0.000005455735796901141,0.00004546446497417617,0.0002073179602822435,0.0005728522586746197,0.0013857568924128903,0.003706263184694841,0.009716665454280935,0.02185022186658907,0.046419218738633854,0.09205644867971194,0.16321924783589148,0.25185676874954543,0.40895649959991276
0,0,0,0,0,0,0.000005452007792736472,0.000018173359309121573,0.0000672414294437498,0.00017991625716030362,0.0005306620918263502,0.0014411473932133404,0.003956340321595766,0.00929930795847751,0.021915253990869705,0.04640567299584193,0.09117937832572476,0.16176470588235295,0.25236071937425486,0.4108760286121369
0,0,0,0,0,0,0.000009089107795000628,0.00002908514494400201,0.00006725939768300464,0.00017996433434101235,0.0005017187502840344,0.0015142453586471046,0.0038719599206702682,0.009178181051391633,0.02119761719950047,0.04561459637999016,0.09110921653708634,0.16169704549462016,0.25344977086359244,0.4115802504594545
0,0,0,0,0,0.0000018170750542851173,0,0.000021804900651421407,0.00007268300217140472,0.00021078070629707374,0.0005814640173712379,0.001495452769676652,0.003792235638293041,0.00955054648532258,0.021561412594147206,0.04579937674325637,0.09074654528605304,0.1625755221819437,0.2523299444883571,0.411260414111405
0,0,0,0,0,0,0.0000036351937649156542,0.000021811162589493926,0.00008906224724043357,0.0001672189131861202,0.0006052597618584569,0.0015086054124399968,0.003902380506636956,0.00945513898254562,0.021307688253053115,0.04576345430652317,0.09069444924088063,0.16243681578837366,0.2529149710002417,0.41112950923066566
0,0,0,0,0,0.00000726362792792302,0.000009079534909903774,0.00001815906981980755,0.00005447720945942264,0.00018340660518005624,0.0006046970249995914,0.0014854119112602576,0.0038206682900875093,0.009322866445489195,0.02099006880471555,0.045804437713482554,0.09131651440286624,0.16298128344673674,0.2526198997982528,0.41078176611481254
0,0,0,0,0,0,0.0000036357092087060694,0.000021814255252236416,0.00006544276575670924,0.00019996400647883392,0.0005326313990754392,0.0014706443749216056,0.0037084233928801912,0.009207433571048121,0.021283441707765322,0.046222589024884596,0.09162532562320602,0.16313245434003704,0.2519855516916047,0.4105406481378806
0,0,0,0,0,0,0.000005451482712439738,0.000021805930849758956,0.000052697666220250815,0.00015627583775660575,0.0005542340757647067,0.0014755346541670226,0.00381422073780367,0.008994946475525569,0.021540625357753564,0.04644844987089073,0.0914359023748476,0.16284124010328735,0.25186031847562007,0.41079829695680065
0,0,0,0,0,0,0.000012722206975767831,0.000023626955812140258,0.00005815866046065295,0.000170841065103168,0.0005343326929822488,0.0013612761464071586,0.0038003049694757918,0.009189068352783165,0.021854934126229738,0.04649421412201324,0.09197973897666199,0.16263705906193712,0.2517179523062635,0.41016577035689433
0,0,0,0,0,0,0.000014548073198630298,0.000032733164696918165,0.000060010801944349966,0.00021094706138013935,0.0005128195802517182,0.0014584443381626872,0.0036697514643544925,0.009219841389631953,0.021545696407171477,0.046706589004202576,0.09179834188335721,0.1634530579140609,0.2518635172512871,0.4094537016662998
0,0,0,0,0,0.0000018159267673053281,0.0000018159267673053281,0.000012711487371137296,0.00006355743685568649,0.0001852245302651434,0.000437638350920584,0.001492691802724979,0.0037934710169008293,0.009076001982992032,0.02168761338192753,0.04675285055104297,0.09142101717321943,0.16334079679234698,0.2515439917339014,0.41018880190599666
0,0,0,0,0,0,0.000005454366947990793,0.000009090611579984656,0.00005636179179590488,0.00020362969939165636,0.00059816224196299,0.0014581340974295386,0.003741695726321684,0.008930616816176925,0.02124112301779214,0.04640029962655768,0.0921660745648324,0.1622492354795661,0.2524171936191179,0.41052292834052684
0,0,0,0,0,0.0000036361785218207075,0.0000036361785218207075,0.000007272357043641415,0.00007090548117550378,0.00016362803348193174,0.00048542983266306404,0.0013762935705091375,0.0036670860392561838,0.009086810126029948,0.020924389303817265,0.04553040936097799,0.09194986437054113,0.1634189532169271,0.2524671471270554,0.410844538823478
0,0,0,0,0,0.0000018168637661042261,0.0000018168637661042261,0.000012718046362729583,0.0000763082781763775,0.00017623578531211,0.0005159893095736,0.0013462960506832318,0.0037899778160934154,0.009038897236368523,0.021224602515629572,0.04613562161268461,0.09188243437942291,0.16374484692014338,0.2520462428165748,0.41000619550544254
0,0,0,0,0,0,0.0000018174647457275948,0.000012722253220093165,0.00004907154813464505,0.00017992900982703183,0.000497985340329361,0.0014448844728534378,0.003593127802303455,0.009185466824907262,0.02093719387078189,0.04543298371369841,0.09071875278299289,0.16327194543243848,0.25185699460394717,0.4128171248798201
0,0,0,0,0,0.000005451770007995929,0.000007269026677327905,0.000010903540015991858,0.000039979646725303476,0.00015628407356254998,0.0004833902740423058,0.0014429017954495896,0.0037290106854692153,0.009126262993385186,0.021220106127789483,0.0463909282547067,0.09081740204986552,0.1619666351675511,0.2519335610961693,0.4126699134985825
0,0,0,0,0,0.000003637937871297034,0.000010913813613891102,0.00001273278254953962,0.00005275009913380698,0.00014733648378752979,0.0004438284202982378,0.0012969248511173917,0.0035851877721632236,0.009236724255223165,0.021614807862311333,0.04567249100519862,0.09108486945259954,0.16197736475056473,0.2517434817248191,0.41311694878874855
0,0,0,0,0,0,0.0000018155278465661107,0.000010893167079396665,0.00005446583539698334,0.00014161117203215665,0.0004538819616415275,0.0013471216621520536,0.0037399873639261867,0.009141182707460366,0.021110957799870735,0.046383105424071015,0.09115039106469812,0.16324681737968494,0.25223309925127635,0.41098466968286357
0,0,0,0,0,0,0.000001816622825502478,0.000010899736953014867,0.000032699210859044594,0.00016531267712072552,0.0004596055748521268,0.0013533840049993458,0.003660494993387493,0.009075847636210378,0.02118000552253339,0.04615311950471597,0.09213002659535817,0.16149958580999574,0.2521127323460594,0.4121644697641296
0,0,0,0,0,0,0.0000018168406594404858,0.00001635156593496437,0.00004360417582657165,0.0001707830219874056,0.0004941806593678122,0.0013935167857908528,0.003686369698004745,0.009204114780725501,0.02143145241875997,0.0465056703596981,0.09101099915335223,0.16180601228911026,0.2518522690522996,0.41238285919848255
