0.06911906290115533,0.06827663671373557,0.0712050706033376,0.07104460847240053,0.0710446084724005,0.07325096277278563,0.06919929396662387,0.07080391527599486,0.0700818356867779,0.07016206675224645,0.07176668806161746,0.06931964056482673,0.07192715019255456,0.06984114249037225,0.06891848523748394,0.06915917843388963,0.06964056482670089,0.06847721437740692,0.06867779204107831,0.07052310654685491
0.009538148887092347,0.012386243111542945,0.01844586025054329,0.02491340755189984,0.029867904796517013,0.03434030275834958,0.03666921313980137,0.03873853159975375,0.04108598426131263,0.04425671415962678,0.045413752438309835,0.045150452060789006,0.04510224213251058,0.046103525258293955,0.04582909951270886,0.046114650626358236,0.04384136708522772,0.04261386814213772,0.03710310249430754,0.03722177308699299
0.007765835895625678,0.010264651512758832,0.016771790322430823,0.02358779760522429,0.03113533548225283,0.03651847172808428,0.0406986465522847,0.04406833192445958,0.04743569497728773,0.05032233792533279,0.05113050505801156,0.05001346945221129,0.05066836350800269,0.050069205116533996,0.04917743448737124,0.04594244363730945,0.041019126622140065,0.03604936322003511,0.028118642650788193,0.025598926159534047
0.007417767097566818,0.009888424419907435,0.0162089801342925,0.023729127871487177,0.031807539851181066,0.03874044769315171,0.04439649510504641,0.049177477804650004,0.05320316182322534,0.05519475502051474,0.05525850145650947,0.05430230491658873,0.0542173096685958,0.0526719415232694,0.048744774723958606,0.04421298263778889,0.037506084887072244,0.029783107580803447,0.0223151160185135,0.019960361307072374
0.007038979442337151,0.009974317932670783,0.01609032127459912,0.02355476181898345,0.03219951380775678,0.04070187357286107,0.047428619464502296,0.05294245810151708,0.05698948527784497,0.05950279380405113,0.05926604528758941,0.05876509915130804,0.05627409302158013,0.05395979049471864,0.04834473328907167,0.040948915503082016,0.032537480892850724,0.025294348744289295,0.0191920699540399,0.018022051923410137
0.0070937083252462126,0.009602802421753202,0.016115803379685566,0.02428483774629192,0.03310501568379467,0.04171858075745528,0.050152142199738306,0.056718361622599654,0.06105879701225274,0.062238994734502444,0.06251291330399013,0.060950794833426206,0.0584276134962027,0.05346107851914926,0.046423719156769086,0.0373577971312117,0.029569118263951078,0.023051421559113196,0.017546440936895422,0.016663640518660896
0.006928681834639341,0.009656532227458518,0.01583490979626912,0.02417259324638917,0.033728794089463617,0.04389425362901526,0.052516936373907454,0.059886203853015955,0.06475591119072995,0.0663902949015662,0.066300142063424,0.06342688386714959,0.0588392676681387,0.05219267697220241,0.04365578483134876,0.034982209355247255,0.027069116691216345,0.020898009512578496,0.016452892960953647,0.015970139053482442
0.006916779457617085,0.009131957192409489,0.015319933585765878,0.024177904663791633,0.03479760645730478,0.04552690269657135,0.05480407252960418,0.06342504561868802,0.06844858102591363,0.06975001506923628,0.06909381832528726,0.06493470910894239,0.059324843416935634,0.050665512271838055,0.04108421785183928,0.03253037136077943,0.02549714780454927,0.019873582806823352,0.015614468658728379,0.015666526020461286
0.00672289530950774,0.009170551368794537,0.01547440796095237,0.024519639339511446,0.03512614892975423,0.04686706551494113,0.05719943762654382,0.06612457068112722,0.07151071942812313,0.0730145593109489,0.07156554692385116,0.06703314061033444,0.05852313002340609,0.04954447488965965,0.03885964030551969,0.030726895105862753,0.02404838395956341,0.018553885637676404,0.014696379688240413,0.014949630501841287
0.006653397567834496,0.008925228125463352,0.015500719999396855,0.02451516270981135,0.03608541479755829,0.048172106243261785,0.06006277691076279,0.0692694707690297,0.07479826194909993,0.07666045934202358,0.0743949115016448,0.06671617447859729,0.057648956943282134,0.04813943611356137,0.037294209596473636,0.02906008036851906,0.022527310971886087,0.01761171299542367,0.0136536011278734,0.013849621906075884
0.0065746115085658224,0.008753513816221452,0.015624025638172606,0.02521144033757091,0.03720518485821851,0.0503140578326158,0.06289715752289868,0.0728489453354739,0.07847716493263374,0.07943211594401371,0.07597057136883241,0.06772448990820974,0.05735941983974922,0.046226476230768025,0.034833091436865,0.027188592431554717,0.020996694964681487,0.016276962693328668,0.0126821407042672,0.012768954432574465
0.0065089005737857305,0.008981515345920243,0.015820177831605584,0.025641087135088465,0.0380449315594141,0.05230863316685354,0.06581208367558622,0.07669182849982313,0.08201358619077029,0.0825256165048835,0.07776865103395351,0.06808084562945553,0.05651759429691763,0.04463897066318118,0.034188515891526314,0.025624299255937226,0.019289273144789454,0.014924424565463739,0.011384580332999572,0.01097687469646915
0.006562474139052104,0.009253194935391966,0.015875962027261874,0.026229798905269143,0.0394386844314138,0.054430349817347824,0.0694633927199215,0.0795926087933134,0.0860569591071914,0.08504025441261656,0.07994136214784776,0.06868076654805112,0.056040526322011654,0.04353860522302483,0.03230638277749536,0.0239422133424758,0.017500325109059314,0.013315284854646689,0.009844302315958722,0.009304030170120704
0.006665283195396559,0.009331396473555182,0.016496136246126576,0.027063277396541557,0.04085812736611692,0.05708694882445976,0.07205305964050851,0.08279372091632695,0.08900644486573879,0.08808725717441233,0.08096706986647159,0.06919818460430961,0.05548892226415623,0.042134907207768066,0.030647405932746893,0.022469683806468785,0.016343719919758665,0.01151329480717576,0.008279723821616623,0.007666541216305733
0.007003961801658151,0.009628844806706272,0.016949843987304505,0.027984376584458417,0.04245736604879345,0.059268506182811674,0.07446648553575234,0.0863483937744116,0.09276490396215137,0.09071814794222924,0.08262786688626172,0.07001280970880348,0.05463066893721377,0.04051201536698826,0.028760651931422018,0.020755458113184667,0.01475156274950667,0.009989008593811013,0.006913046670932686,0.0062055404613127
0.007098121085594992,0.010042913477151472,0.017349802829969844,0.029161447459986077,0.04410461609835304,0.06177916956622593,0.07782185107863605,0.09058919044305265,0.0959661331477615,0.09372535374623059,0.08382625840872183,0.06989677569009507,0.05392948271862679,0.03913941080955694,0.027581767571329154,0.018868012062166543,0.012907678032938992,0.008758988633727673,0.0059916492693110664,0.005041753653444678
0.007558722300774258,0.010258265979622198,0.01781583215890659,0.03000944551257224,0.04611074950200067,0.0634791626443273,0.08135511312070721,0.09399383324797302,0.09940448182056763,0.09636272618071803,0.08519112422409798,0.07037080284544621,0.05275844806875687,0.037245609917672604,0.02587862342926444,0.017388067207654446,0.011615552608730333,0.007595718188450116,0.005009474415609495,0.003844103953819885
0.007547121960891457,0.010604242388611646,0.018829187430762333,0.031148737208683063,0.04780151311322526,0.06657421528721601,0.08396706333150043,0.09689411780980145,0.10243428401478757,0.09842037250297699,0.08699305922997913,0.06982384669209653,0.051577955994526685,0.03606526006849702,0.024050039020937587,0.015787052887491746,0.010121235805197337,0.006546525983794494,0.0039470514119585055,0.0029706634020493766
0.007789351638846457,0.010904172111084529,0.019391712829195572,0.03244911386348162,0.04947480538123195,0.0691736293869739,0.08747722546331231,0.10066345215967018,0.10500671733809377,0.100426504959788,0.08701598358392992,0.06942092864898684,0.05059167786223016,0.0345229769770138,0.022436369324769494,0.014249038408450971,0.00892232732760366,0.005332462226475514,0.003274702320702285,0.002295857334781088
0.008161260071006404,0.011214558494195859,0.019973851827789383,0.033595465507484594,0.05159156049950128,0.072070469209322,0.09027776980655178,0.10379837210984066,0.10803396277960352,0.10238765640980316,0.0879625431450581,0.06878989518921844,0.04975269430628714,0.032964144404945446,0.021005774866303405,0.012651674894885043,0.007447293296862106,0.00435841132062044,0.002510362275005769,0.0017665512305596151
0.008436759248757227,0.01146821837045897,0.020646230095308794,0.034859488547248275,0.05349391130404297,0.07465225864326734,0.09366246318083238,0.10668994680625586,0.1103996462152015,0.10388991426905288,0.08878417408778401,0.06868443152121737,0.04862364194412075,0.031247171611977816,0.019185492990180415,0.011459052961171891,0.006320695379602609,0.0036249193730401776,0.0019613975874351415,0.0012350389014340439
0.008455919372408303,0.012096884926265294,0.021583762804024072,0.03562356398121621,0.05534565143762069,0.07702553023992384,0.09637688456010912,0.11006311617220327,0.11317658797360014,0.10536945158957556,0.08930206054392505,0.0673853244601485,0.04689659749366092,0.03006943236637589,0.01773225744441291,0.010025814010966375,0.005429409664692475,0.0029384033759600136,0.0016248180661461143,0.0010000640773321857
0.008868948962679311,0.012447848202549006,0.022215236897753905,0.037037206378236265,0.056783448591187065,0.07963193690346917,0.09873464022403845,0.11282505572383836,0.1155420929302166,0.10762416414242437,0.08936503400582957,0.06724124135566097,0.04576555981025319,0.028849517060067442,0.01634108704349316,0.008975252900497228,0.004869406183917243,0.002459850260044579,0.0013065096873749794,0.0007372692461564839
0.00924077264046375,0.013158540608601067,0.02294839436581133,0.038044129683599125,0.0593110344756732,0.0814089809579582,0.10230830961782356,0.11529790219050261,0.11774993179293818,0.10828998332208913,0.08971140707458489,0.06660091391755112,0.04466963238962158,0.027442640429493324,0.015244135619611228,0.00803073941021155,0.0039611465179010714,0.001979431718167279,0.001042226735113452,0.0005422318720469766
0.009425034149500699,0.013335978636893314,0.02372107554394054,0.039912157678335655,0.06115326113478963,0.08401575323878657,0.10491479157972516,0.1185061788362033,0.12022904680134905,0.10930804787999446,0.08903954956865595,0.0660618955424355,0.04362014353052245,0.025755222764205395,0.014065717549992819,0.00696558596894505,0.003310050101137253,0.0016077060429223302,0.0007525432541338567,0.0004207400920839294
0.009732532054204891,0.013677752649145525,0.024414543398566455,0.04097968228492221,0.0627359608966058,0.08640272483539733,0.10778967334804578,0.12111633442156523,0.12172276532491932,0.11034192671761295,0.08956482883145779,0.06493484287512083,0.04224839956957084,0.02463454558718926,0.013192151963377039,0.006211357128526875,0.0028691477138010914,0.0012880957157708503,0.0005653942256834882,0.00031233471338160444
0.010133654501803728,0.01409286033838802,0.025041578491426467,0.04199626846557438,0.06476454791857104,0.08881803248643365,0.11027037118408485,0.12324308818055255,0.12300972498431911,0.11133131995915575,0.08928475887890046,0.0639073650563088,0.04076798120344832,0.023409174474847427,0.012003975142835355,0.005790822337752814,0.002453159453087738,0.001068917274454471,0.00048152503417917057,0.00023336319623340398
0.010444684133637338,0.014454168543979181,0.025784033969116507,0.043314719495378386,0.06668214027279057,0.09093019128107806,0.11342153288823961,0.12556490040003818,0.12476618926040718,0.1110527058330944,0.08914503775104789,0.06283080521915632,0.03936667440346973,0.02230702365186207,0.011104587924215741,0.005237133013848878,0.0021003144782891655,0.0008920078824370023,0.00036522261513045634,0.0001661137128007682
0.01076070586229434,0.014981103122957574,0.02674888465800915,0.04471370520871812,0.06798329118240459,0.09385922537012305,0.11611946236253591,0.1273120968429428,0.12652212213350003,0.11190020175613084,0.08802818902560315,0.061550964735301646,0.03856781563467933,0.0211383592395783,0.010439032707226282,0.004648915916001253,0.0017868204938762749,0.0006933590974965189,0.0002682504049330796,0.00013867181949930375
0.011351667641895847,0.01549421395581359,0.0277923273134235,0.04624858686451512,0.07003698296284093,0.09676924562709126,0.1177910206956888,0.12884387054258722,0.1279303743175763,0.11256568594590603,0.08743658643276313,0.06036801172547394,0.037298823475944036,0.02009237219290222,0.00975645781613048,0.004191402455305149,0.0016338402631414515,0.0005465070699381345,0.00021360359490305475,0.00011589131212825302
0.011711452876534056,0.015991532959114964,0.02883745121174302,0.04784173356302755,0.07214018766941747,0.09838279064855308,0.11943910396540511,0.1315128135536247,0.12855230180640045,0.11302750084886172,0.08744808884033563,0.05943735513990038,0.03584865164417987,0.01910080843433558,0.008966705314953248,0.003840602504454395,0.0014592472555363385,0.0004360707751952948,0.0001805605553543018,0.00007040726057840702
0.011695448567599735,0.016499807666776733,0.02948315126922907,0.04929744474816831,0.07394900389545697,0.10068275457486418,0.12237045307806912,0.13263503324130843,0.12970861800352446,0.11295009662049535,0.08692553924221845,0.05847156929158967,0.034651752047866566,0.018235912867943672,0.008367346244055543,0.0034438426702886596,0.0012629314306528093,0.00040509121360561844,0.00011914447458988768,0.000048792499117763555
0.012296198119031198,0.016920322088674247,0.030498792621373328,0.05045117832891537,0.07574144849123061,0.10200760739315157,0.12410354406478082,0.13442073060023965,0.13131604270307565,0.11316451214641056,0.08662147318348527,0.057543393006282,0.03356716837938924,0.017204010675768915,0.007757180725516539,0.003101283634118887,0.0011472366462108273,0.0003744689349649585,0.00013844003050219683,0.0000306383674062239
0.012795270012162761,0.01769551383414891,0.0312309779744072,0.0516866337716688,0.07766257349515587,0.10499874745097773,0.126213867361293,0.13594180917954074,0.1309973577450037,0.1127656849176095,0.08565961725275757,0.056463322984217884,0.0330752288877478,0.01640895895606556,0.007398540695374404,0.002985714139974903,0.0010065733319277583,0.00034685972924537614,0.00012468813796402407,0.00003173879875447885
0.013242578885991414,0.01799902763092134,0.032153910838968666,0.05302358051680622,0.07931494445143313,0.10600296243912777,0.12863717600446975,0.13762649014428005,0.13111116399831813,0.1129319420975746,0.08507549459927176,0.055265242565286435,0.0320031822988029,0.01578229812291968,0.007155639117342734,0.002667781831204435,0.0009168375112338096,0.00030372367492047085,0.00008613059438043199,0.000020399351300628645
0.013780845474411132,0.018574971084580283,0.03298680142781566,0.0539135222209761,0.08060973302656364,0.10847955303161608,0.12949123588072237,0.1388291322428737,0.13239353971183135,0.11287832187478407,0.08398102740649362,0.054330402708816894,0.031168613430575243,0.01532488923779973,0.006438991013280136,0.0024457743838268496,0.0008031746355411008,0.0002775427160896611,0.00006683681734404082,0.000021523720839606362
0.014110950092739789,0.019065758568374207,0.03356647635277148,0.05523823983629756,0.08211408183082039,0.10986123590349624,0.13128826153412107,0.14041381091961389,0.13339346028731766,0.11221797078328576,0.08331964236548196,0.05376867967327498,0.030653416075877796,0.015003790037583125,0.006349587628048318,0.0023102800095629043,0.0007512092429329108,0.00022207694059555135,0.0000713818737628558,0.000019261775459818236
0.014371919271756324,0.02005750126541285,0.03401837368122467,0.05673692208567212,0.08361236582943705,0.11146277195052491,0.1320207765501732,0.1413718094327893,0.13378839126678302,0.11232676300034765,0.0824516963326241,0.052966161671635835,0.029766360061192765,0.014213388803898943,0.006188350048861355,0.0021752644911002127,0.0007043282214806518,0.00019136892191355323,0.00005322094278069236,0.00001698540727043373
0.014664337160863855,0.01993290026869333,0.035105637351202444,0.05776736570712317,0.08513603944005806,0.11268814477055764,0.13390619851601573,0.1418039478556053,0.1343817619171092,0.1126587051314423,0.08150703777218928,0.05278414063994984,0.029263001280624305,0.01404384015181796,0.005812064137650693,0.002060774738072134,0.0006737148182158899,0.0002457077572316775,0.00004415945867297428,0.000005661469060637731
0.014961882499892519,0.020690255994822625,0.03587276516497218,0.05815379602328913,0.08647094629607419,0.11486163879227833,0.1353007198086545,0.1430407559688001,0.13408897025047356,0.11144249111270513,0.08147460077886873,0.052145962079366746,0.028563799575944206,0.014032987647169303,0.005665014040907581,0.001888338013635859,0.0005860749497084335,0.0002093124820387261,0.000058833778735209554,0.000005657094109154762
0.015538842014042082,0.02117853094305554,0.03653183454498967,0.05972074206314187,0.08748475530424901,0.11605201410996992,0.1359498774767681,0.14411922426842425,0.1344531255303118,0.11122914672694402,0.08073296723436897,0.05146202006077517,0.028869324391286942,0.013669881911588683,0.005374957292225259,0.0018780107567025748,0.000573585213041088,0.00018214441676452694,0.00004299060768355291,0.000005656658905730648
0.015843842581132302,0.021338379128673427,0.0373427286404272,0.060509982513787225,0.08897735608914693,0.11743907801201993,0.1370672670982268,0.1447727300985534,0.13473539528222656,0.11085377253455142,0.08036649836045563,0.051371260442840856,0.028258262433352895,0.013267819377707855,0.005448192997150436,0.001740708965894539,0.000545949630212378,0.00015033395614543743,0.00004069189790402815,0.000004521321989336462
0.01616169382330229,0.021937119319974177,0.03763863339050717,0.06160981505748859,0.08988203795182699,0.11861104861058505,0.13887704833696463,0.14518162401618204,0.13449233806364952,0.11095872289377312,0.08047379293267923,0.05078484957097001,0.02792058676875798,0.01314395485489638,0.005315245743902618,0.0016745115819442192,0.0004590490899860587,0.00013228754563637647,0.000027135906797205453,0.000007914639482518257
0.016336361849285195,0.02215689685948696,0.038573471827119274,0.06220244887261028,0.09095941668116526,0.1203513108631158,0.14001482248046074,0.14635391835434322,0.13500432698934187,0.11038454846792946,0.07959739793163126,0.04978184291334046,0.02710525542794263,0.012757275103881641,0.005188997923497023,0.0016889945342103288,0.0004869275212338806,0.00013557146762892288,0.000030503580216507638,0.000010167860072169211
0.016659814029982917,0.02262838527782546,0.03871099644867752,0.06316813207666519,0.09275683832898082,0.12072124377614919,0.14188572512944705,0.14691450620351876,0.1354235381292753,0.11039484741964344,0.07921798613809494,0.04930057923605904,0.02678514950796561,0.012533547798270426,0.004977951076692297,0.0017485519098524344,0.0004936157523291434,0.00011295554973206941,0.000035016220416941526,0.000006777332983924166
0.017224145428260024,0.023279138453892942,0.03959407489397267,0.06419580182632416,0.09350056754970996,0.12230385651439778,0.14210654122218022,0.14809150821394082,0.13493790836754632,0.11017692868074341,0.07866860179469948,0.04894706822455768,0.02627105722369364,0.012035442208756639,0.004812595650479735,0.00156429124053378,0.0004664637417620588,0.00012085138103762766,0.00003840137341382561,0.000004517808636920662
0.017553387885158877,0.023424841442525806,0.04020929473680646,0.06439177951336943,0.09521691068954583,0.12359635563394199,0.14276213499600854,0.14779690642145074,0.1358518858092613,0.10904418381714487,0.07823711865191427,0.048554662668056234,0.026047800406711074,0.012029705038497537,0.00473216574210092,0.0015728720779638707,0.00042229300585677526,0.00010952519135857545,0.000024840765050398523,0.00000564562842054512
0.01760980573981853,0.02389426210158818,0.040809434365042876,0.0660285827556957,0.09579052113323525,0.12392600063928876,0.1448463278737778,0.14799759193728187,0.13553259186386543,0.10922687858823363,0.0775979009644675,0.048164642817207504,0.025957831794786057,0.011726316669283308,0.004644443666354552,0.0015010860001423156,0.0004156506004908745,0.0000982652234856143,0.000025978162530679647,0.0000011294853274208542
0.018043712578229492,0.024069569928274345,0.04152751364254556,0.06647517254222556,0.09659994469619593,0.12493355078638621,0.1455415540368955,0.14978640316473182,0.1349266095946457,0.10915390822954465,0.07724812785336593,0.04779264459405318,0.02523885035806391,0.011614927512513898,0.004346427543551751,0.001358893472458143,0.00038374068159116966,0.00009029192508027519,0.000016929735952551593,0.0000045145962540137585
0.018136571657515612,0.024631653791243217,0.042039151068500265,0.06687169532365371,0.09738785967011074,0.1260282939546643,0.14590403530254895,0.14884290478582024,0.13587192668626666,0.10956656189514191,0.0771622529075509,0.04758733938638122,0.024955561449345697,0.011304038688343272,0.004337202543860147,0.001381404088910959,0.0003509940127870166,0.00009931663384327162,0.000014671775454119663,0.000004514392447421435
0.01837690083493405,0.025026578395545215,0.042414830631854805,0.06774048651442682,0.09826670488839331,0.1266903520988468,0.14620600457306407,0.14921257976340147,0.1353635992226243,0.11015080276911898,0.07729742296779667,0.04728132921321177,0.02479183078308643,0.011121168140234615,0.004250286098652683,0.0014344433434380142,0.00035663579585083603,0.00006997284602136653,0.00002031469723200964,0.000002257188581334405
0.01858413568652667,0.02523421944712365,0.04321482759982176,0.06890028258625648,0.09936093766745065,0.12782600357604162,0.14612360469510574,0.1496285767467046,0.1361862700306276,0.10926555775532881,0.07591022668945406,0.04709545323789703,0.024725451376550422,0.011199666085700907,0.004381497086710551,0.001427032393071278,0.0003700131422350826,0.00008799093016565984,0.000009024710786221522,0.0000022561776965553805
0.019053743062136176,0.02546252425432065,0.043532557195072444,0.06969338026262352,0.10047718965750636,0.1285084156852128,0.1463460583908669,0.14988831731420063,0.1362370831641171,0.10916362077523578,0.07623640629935469,0.04663936645458235,0.024747303822029686,0.011195343170434552,0.004076982085645955,0.0013469608772167319,0.0003497134605839086,0.00007558323180361897,0.00000789675556157213,0.0000022562158747348946
0.019138739791412656,0.02575930685933607,0.04398673179710613,0.07090773952185299,0.10109842764351795,0.1286093087203132,0.1474333741996388,0.15025303649432512,0.13548251752984047,0.10855925407525797,0.07671060452431734,0.046692479735087083,0.024482563772302127,0.01079028366930549,0.004117834815159861,0.0013376477925991766,0.0003496381245411001,0.00007443908457971805,0.000012406514096619673,0
0.019241867490250007,0.026574088685497873,0.0442649744133096,0.07129669289208507,0.10182262900426063,0.12886449198584282,0.1484050587253996,0.14945670551635526,0.13558578867873486,0.10842219166347301,0.07587299082486085,0.046620753398408446,0.024618453977772257,0.010969589034919637,0.004166009152595865,0.0013762708807682764,0.00033927726053337566,0.00006199418381839084,0.000016907504677742955,0.000003381500935548592
0.019636176733480688,0.026970577858832785,0.045073823052359754,0.07174457753646626,0.10244265877958357,0.13016054076414385,0.1482356070690687,0.14901447155003053,0.13555285288703992,0.1077267639702476,0.07598606384885298,0.04645571574940627,0.02451563308381866,0.01097962215491851,0.004253885023371571,0.00125565127610915,0.0003967587515174333,0.00007777373254176957,0.000014653022073087017,0
0.020564294158522168,0.026784344514533757,0.045553916127460264,0.07190960283726347,0.10279665376181063,0.13138136105621281,0.14789822310059472,0.1507679742985805,0.13546714676340793,0.1074430787557192,0.07598862026333125,0.045938580104863236,0.024014989486603328,0.010861963162501917,0.004154596565322936,0.0013062782575737073,0.00034518233749356996,0.00008911570150977796,0.000010152421690987356,0.0000011280468545541507
0.02085750790219434,0.02716009287545148,0.04562016015264231,0.07257163284200457,0.10345756947334112,0.13175210509044535,0.14906870821253096,0.15078503212187033,0.1356380789351123,0.10764237763862247,0.0752363328405386,0.045264941997949885,0.02383231898815826,0.010884335330448736,0.004099104737482504,0.0013024665672055832,0.00038453774841307696,0.0000631498941675434,0.000019170503586575687,0.0000011276766815632757
0.020779607388555422,0.027513697649270245,0.04638764319244589,0.07344014812292304,0.10381121092970362,0.13255174886759713,0.14944448265791344,0.15098930912428635,0.13473254768946957,0.10732935587502015,0.07544391208697036,0.0453434758144449,0.02347910706775022,0.01079574349566039,0.003915063862224031,0.001295624532746375,0.0003349003361407078,0.00007216707580136464,0.000012403716153359545,0
0.021023445454617214,0.028079745891999585,0.04641733202385478,0.07307521871937958,0.10489509701003644,0.1331992282946597,0.15002475004707588,0.15129100530293718,0.13549156750674002,0.10699913290267882,0.07449595035106733,0.04526496081148583,0.023577379697293954,0.010337513967708791,0.0040062376884019806,0.001305720023408245,0.0003281213530326419,0.00006314362807501012,0.000013530777444645026,0.0000011275647870537521
0.021253399236045648,0.02807216527390063,0.04735366937102297,0.07415859042757088,0.10546425785037494,0.1334811784920245,0.15075696420598814,0.15176151455977915,0.13469768784302402,0.10751394645103972,0.07341222417144325,0.04503790458237313,0.02345980220166772,0.010473931298226316,0.0038851633211719975,0.0012277837657447184,0.000275095719781186,0.00007892090321591403,0.00001240185621964364,0.0000011274414745130581
0.021820834009703673,0.028459408762152128,0.047940001442923375,0.0747118662410043,0.10607177641902497,0.13385143300326466,0.15167830023627876,0.1518710657792688,0.13530112006926034,0.10618450480673836,0.07344705373085877,0.0444059664881049,0.023320121566293307,0.010305629204768864,0.0036896001298631002,0.0012501578197427995,0.00032240318886063207,0.00006425518099669932,0.000006763703262810454,0.0000022545677542701515
0.02198183854049794,0.02859871699313167,0.048350121726657966,0.07516268748104186,0.1064372484701006,0.13531110492172613,0.15165596742529225,0.15222541589471622,0.1352513410229549,0.10622412815184093,0.07333030379230132,0.044283921368751145,0.022752003500134753,0.01012265130696881,0.0037944437616074457,0.001220085631518353,0.0003270100121444752,0.00005863627803969902,0.0000033828621945980198,0.0000011276207315326733
0.02170948224558621,0.028793439252673542,0.04776176263728339,0.07574029323186242,0.10706411967322499,0.13541910876269136,0.1522864781518819,0.15208021496456334,0.13540558330778527,0.10719261149483325,0.07324259255919638,0.043929550413878915,0.022635975906656326,0.010186921786802762,0.0038412291933418675,0.0012477232150908011,0.0003031956141458222,0.0000586103045932445,0.0000056356062108888935,0.0000011271212421777786
0.021943178195818175,0.029313139436783126,0.04817226538168246,0.07600983562609756,0.10765797883065081,0.13544373519502853,0.15283179750234574,0.152053462913089,0.13582896012921936,0.10655862346290182,0.0727647097915843,0.044047429975230715,0.022634780855447158,0.010319973237004572,0.003811699348834695,0.0011905928521626099,0.00029060828368775144,0.0000743416539666341,0.0000056319434823207665,0.0000011263886964641533
0.02195475000985655,0.029137073563619758,0.049034903434020304,0.07588413208896799,0.10752983716987613,0.1356339448146125,0.1529071175519721,0.1530287754791689,0.1355348161331929,0.10605529803376013,0.0738936732245546,0.04357156133305549,0.022730882526880214,0.010120137203106786,0.003702681543478626,0.001114071203681279,0.00031090359172500825,0.00005632311444293625,0.00001239108517744597,0
0.02192501076136366,0.029572903449721324,0.04927239659512707,0.07651836643626453,0.10724065113574646,0.13645521807818953,0.15304912816051677,0.15295221954534077,0.13574755981853295,0.10622085698767454,0.07301726100194494,0.044039331375629064,0.022681123328608097,0.009979333674391562,0.0035957603607704907,0.0011775523588233039,0.00032340433204046707,0.00007549857228819271,0.00000788791053757237,0
0.022344778228891915,0.029484709631536783,0.049454011865001854,0.07649797898868413,0.10823438329897465,0.13619995858952313,0.1531715023901047,0.15368800806604072,0.13549778093857745,0.1056597319121738,0.07300959642789624,0.04390973416274317,0.022632851111331172,0.010018409657643387,0.0036065374539758534,0.0012389384514282116,0.00027907060486303,0.00005176309606330404,0.000012378131667311828,0.0000011252846970283482
0.02252345606703986,0.02975344378991474,0.04981584312312043,0.07730646632801323,0.10825270603606547,0.13647207235619427,0.15308336055325916,0.153174594235383,0.13593030197222444,0.10630638748409044,0.07252965094669026,0.043871011342261484,0.022700291722514445,0.00996474550308054,0.0036279467916155127,0.0012220808037574772,0.00030411227374610005,0.00005631708773075927,0.0000056317087730759265,0.0000011263417546151854
0.022845027167759654,0.029636122136062995,0.05012206621430254,0.07739009252697905,0.10847951799899286,0.13699918772736028,0.1532119693612112,0.15290778959322143,0.13592779898899657,0.10655980568545784,0.07289386491939798,0.04314958997693867,0.02248677099657178,0.010179882902055237,0.0038360448518700873,0.001143490609294608,0.0003007999927898127,0.0000383041189320361,0.000009012733866361436,0.0000011265917332951795
0.022792731727419507,0.030278088666800273,0.05004987986047151,0.07808844160903647,0.1086941835353674,0.1364568860104443,0.15280577030042763,0.15336199267227688,0.13574077785559382,0.10622158367994015,0.07227175178520356,0.04387175809055842,0.02259118556434051,0.00996696444455454,0.003746056338345341,0.0011642387297412322,0.0002814890545796016,0.0000630535482258308,0.000010133605964865665,0.000001125956218318407
0.023080456767632637,0.030268399399203297,0.0504630953640923,0.07803263848386655,0.1090126261887015,0.13716202370309652,0.15351279170053847,0.15325720539455998,0.13526820799095654,0.10624283626488194,0.07246040664119059,0.04351385007554998,0.022330586812647366,0.009603064333437671,0.0038236612119069437,0.001110167831254489,0.0002736011997919278,0.00005517061230372212,0.000013511170360095209,0.0000011259308633412674
0.023442136832704328,0.03038299147118414,0.05016380777335175,0.07836982828620692,0.10922132462995437,0.13707258784747922,0.15414823899604796,0.15294206419192477,0.13544858778441124,0.10588210119930493,0.07317573099711573,0.043424545375710485,0.022165010569514962,0.009784544069302674,0.003642174898725241,0.0011352233450572173,0.0003254757407951743,0.00007996116815383174,0.000014640777267603003,0.00000675728181581677
0.02335137302064542,0.03042198454577599,0.050681161476596834,0.07796365487217945,0.10988219025676715,0.137893252796602,0.15398032975917805,0.1535118834469541,0.13496546334520215,0.10568306453974022,0.07290420948558739,0.04327948452888489,0.0224842969138847,0.009857641868290011,0.0036755018343727027,0.001188006873548774,0.0003062918195310585,0.00007206866341907253,0.000014638947256999105,0.0000033782185977690247
0.023315732660373043,0.030234811962454398,0.050370717222733126,0.07874715926038899,0.11028091664574917,0.13795610825145513,0.15392615821695538,0.1528196908419845,0.13539311108684815,0.10604865079642013,0.0725372096085942,0.04382421238770708,0.022525559621482352,0.009998728069039961,0.0037178654522164816,0.00118300835309704,0.0003354295806117199,0.00006078254145313045,0.000006753615717014496,0.000009004820956019328
0.023467546249045287,0.03055557433079418,0.05097139329543741,0.07900357555644176,0.11074762249153425,0.13849479663037031,0.1542885273528941,0.15241062798667102,0.1347006964111507,0.10572111560965824,0.07309838750740683,0.043380939828364266,0.02258773856756946,0.010014712276978326,0.003745660103594254,0.0011727014038621399,0.0002838816078513542,0.0000889946310327658,0.000012391657485574986,0.0000011265143168704532
0.023659497667468554,0.030499564549122674,0.0511772926432431,0.07882561036260567,0.11111986263606437,0.13787139909129167,0.15453442762401345,0.1532573300897681,0.13482099255795316,0.10546800279948783,0.07287557356869434,0.04352595939842518,0.02265919836531516,0.00995235919859035,0.0038042878971660827,0.0011612023395076595,0.0003263068589701754,0.00006863695999027831,0.000010126764588729587,0
0.023617924671701176,0.030780091854991164,0.05120482266852372,0.07927024936411982,0.11066623580317946,0.13903003921683427,0.1539556308190497,0.15241420543405929,0.13499576079870385,0.10581113992291745,0.07331059665210063,0.043772427514161646,0.022703653369573914,0.010131297015444655,0.0036886118051341053,0.0012171518197038982,0.0003242735652865145,0.000060801293491221536,0.000009007599035736522,0
0.023912505344645226,0.0310979589081171,0.05141548709408826,0.07894659855525803,0.1109109525845579,0.13881787699439652,0.15388302540675564,0.1526194387559916,0.13493485158764093,0.10604901320971265,0.07287958233004022,0.04413664288768369,0.022650043882350295,0.009986047662983553,0.003826765983302203,0.0011836982694601343,0.00027342079798366246,0.00006413574273690846,0.00001237707315975426,0.000002250376938137138
0.023936433731466967,0.030985966239708878,0.051340773568250196,0.0793880271667658,0.11116665765911832,0.13851132248824516,0.15420021978417908,0.15281981300329675,0.13527648669585118,0.10574298762362865,0.07305684663748224,0.04378569241023975,0.022897187843412773,0.010150381019294165,0.003536588661298169,0.0011383289196346537,0.0002904934334972705,0.00006980849952259997,0.000006755661244122575,0.0000022518870813741917
0.02394115310477684,0.0308975456829744,0.05188487631642021,0.08018418349032662,0.11111098608158851,0.13863948624869046,0.15446297256939795,0.1534299786537096,0.13463354034471392,0.105174084230639,0.07266178226333694,0.04380096750345176,0.022636970154577746,0.010221913649360452,0.003729130540948979,0.0010464971041287117,0.0003083228027217927,0.000048386425244660876,0.000012377922737006273,0.0000033757971100926203
0.024031422156446772,0.031333247049952447,0.05183192747694266,0.07993067317918619,0.11178612225604782,0.13860862421149184,0.1549443190834454,0.1525426399338243,0.13476076056924524,0.10486131822248732,0.07327372277149723,0.04354759747677383,0.02267189618983844,0.010168308864491951,0.0037724594702575557,0.0011445678046694313,0.0003128710419843676,0.00006189894715518063,0.00001575609563950053,0.000004501741611285866
0.024001638521459437,0.031232064604560402,0.052152472524380884,0.08009061383785393,0.11135643918677114,0.1396085554227633,0.15432373852978715,0.15299131448583506,0.13506548459047088,0.10553383614335263,0.07243367701771089,0.043687528555962946,0.022584812616615237,0.01001793820883496,0.0037665737120838694,0.0011174806382131114,0.0002430773593696192,0.000042763609518729356,0.000011253581452297193,0.0000011253581452297193
0.02370285909623502,0.031304326314345404,0.05239052650280782,0.08032254509716612,0.11195746776685539,0.13931150497806144,0.15450544359508916,0.15261294813235543,0.13522515410962757,0.10526570276464015,0.07288187814713114,0.04358586846762967,0.022754924648769485,0.010059574812605837,0.00370290407533099,0.001177327836887806,0.000302484420365635,0.00006184625695208156,0.00000449790959651502,0.00000224895479825751
0.02385778693688018,0.03136192653119994,0.05229050053094796,0.08099656233689098,0.11217850650636238,0.13914998830114647,0.15470608880329723,0.15267116322600385,0.13468080128147444,0.10484984971472795,0.0730638397437051,0.043881949568942265,0.02266090423138533,0.009942900595741612,0.0036952628642393064,0.001157511563866741,0.0002947211173305016,0.00006524360612659954,0.000013498677129641295,0.0000011248897608034412
0.02382696668410955,0.031687513715163484,0.05227910850030665,0.08013594188709396,0.11219819606916379,0.14030260574039374,0.1546080135941888,0.1531405614354924,0.13513613882277475,0.10486093527568185,0.07226076534832296,0.043673581922429844,0.02264085121227978,0.009950315941099344,0.003720396347124459,0.0011557311096481602,0.00030834500880583824,0.00006639545810052722,0.000009002773979732506,0.0000011253467474665632
0.023954858719676616,0.03173911869167715,0.05202973706599683,0.08071007035881643,0.11293985514096522,0.13922425240944059,0.15526768311073297,0.15366739141199287,0.13469797026293392,0.10497103269456716,0.07186682692091274,0.043701918099276635,0.022990407252855092,0.009878593904036512,0.003562956060626521,0.0010792403228492846,0.00024758380711870933,0.00005289290424808798,0.000004501523765794722,0.0000011253809414486804
0.024182068810307468,0.03187892086533323,0.052140546318957995,0.080088896390694,0.11269136636003034,0.140888401271556,0.15492727937659992,0.1529062930767716,0.13558950122373192,0.10517793344023411,0.07220299884659748,0.04374715165836781,0.022596562297802915,0.009853996117815846,0.0035029679016513344,0.0011387740174979603,0.00024755956902129564,0.00004163501842630883,0.000006751624609671702,0
0.024402616743378267,0.031574365273259845,0.05235061481771433,0.08080589937055982,0.11274357624594511,0.13911797391355213,0.15561434529674584,0.153642564372517,0.13533525899730492,0.10559544859422029,0.07211566581631507,0.043406175622353896,0.022647922937447395,0.009804914042499578,0.003610619946819281,0.0010933092175415386,0.0002879497527681419,0.00004724175631352331,0.0000033744111652516636,0
0.024264748084850657,0.0316631272838585,0.05256630575090621,0.08110757360396949,0.11268404509252479,0.13983656942085793,0.1552354167862404,0.15378140006504815,0.1352775742679555,0.10543309328552636,0.07245324807303392,0.04338529304851712,0.02247198598201836,0.009803358868657951,0.003457228612618211,0.0010454965433340875,0.0002543403862147512,0.000058520796828172796,0.000009003199512026586,0
0.02433883381904523,0.03162057558828128,0.05291129074890366,0.08135214993594454,0.1128804946275503,0.13995363710291506,0.15573636810475627,0.15357794016914253,0.13546131757459728,0.10529169145840671,0.07187823722011578,0.042741147239877916,0.02221864796254076,0.009688743219060752,0.003501399772572107,0.0010786515842906037,0.0002620707186024095,0.00004724021537039141,0.0000101229032936553,0.0000011247670326283668
0.02448386446806043,0.03214949441737273,0.052481986895262275,0.08063207114965315,0.11294365818269414,0.14006828151435025,0.15586893461251425,0.1538360230576746,0.13546327532894112,0.1049470891430591,0.07244639405840513,0.04296917651323024,0.0222100652760471,0.00981898532273878,0.0035187605317988572,0.0010682353629805233,0.0002622748572965878,0.00003827186758834329,0.000011256431643630378,0
0.02472052442521461,0.03189683394139029,0.0525426455483594,0.08122988377731054,0.11348896441319972,0.14026372009355415,0.15515295922924707,0.153861471014077,0.13479851996350528,0.10555891177493003,0.07280596064560918,0.0431287314503255,0.022226422183897577,0.009560162763514783,0.003568467437734631,0.0009967409047392428,0.00025649765945885716,0.00005062453805109029,0.0000033749692034060185,0
0.02489285167610591,0.03176970313611439,0.05282119736000937,0.08157003808717732,0.11272746508675412,0.1405927823448374,0.15541909401139917,0.15363854098198293,0.13556513987808505,0.10539815956996604,0.07224858411143426,0.04319360531599753,0.022040815407748892,0.00956343811058788,0.0036646527583940373,0.0010534751172778922,0.00025549022609196745,0.00003939276613752802,0.000004502030415717489,0.0000022510152078587444
0.024600129794027936,0.032033481010593876,0.05298385672718845,0.08156441169225995,0.11320311190742105,0.14029789641446808,0.15558974739652745,0.15387115749504263,0.13583946030878385,0.10510616904041274,0.0716589003948932,0.04287701847146724,0.02218308156216225,0.009919008076697697,0.003617136860716616,0.0010392520084894742,0.0002508151492350137,0.00005623658054596722,0.000008997852887354756,0.0000011247316109193445
0.024581607607666152,0.03217330072733571,0.05301924188805821,0.0810654242191771,0.1130688707961098,0.14075059786411223,0.15600485040461284,0.15391485695130916,0.13572358992933622,0.10533319535027078,0.0718044360054803,0.04286286358349513,0.02201242297507981,0.009863914204531398,0.0037671625807932083,0.001159732642818095,0.00028121548079973176,0.00004724420077435494,0.000006749171539193564,0.0000022497238463978545
0.02497078437349211,0.031933045319932206,0.05274671879551762,0.08160017276305025,0.11332063854843043,0.140931233332471,0.15691856404211554,0.1540234332382162,0.13503636909655947,0.10521899628716908,0.07206671173202829,0.04281171864367509,0.022028413673025687,0.009478347818360353,0.0037060823616349063,0.0011517536686841098,0.0002991860115917709,0.0000539884532195677,0.00001237235386281759,0
0.024422866219253467,0.03207111215102557,0.05291564768797766,0.08133531017073843,0.11345816806567664,0.14110389420470168,0.15680310294478284,0.15427093621549626,0.13550185497242848,0.10554669378443621,0.07190408588893563,0.04267786474562467,0.02185245263577071,0.009730449670514596,0.0036548243906938654,0.001181152850178073,0.00026547816442097616,0.00007424389343976457,0.000006749444858160416,0.0000011249074763600693
0.02453286006383739,0.03208515251919283,0.05308986047097514,0.08185042974399812,0.11357568150582475,0.14111258820380282,0.15599898328036046,0.1540690154689844,0.1362359329414914,0.10510789149891914,0.07205887976390511,0.04209714171317258,0.0219483227500017,0.009861280751832681,0.0037778332624778745,0.0011280639363695467,0.0002867959160261559,0.00005960856293876962,0.000005623449333846191,0
0.024654376584751527,0.03235001433655484,0.05283723231403243,0.08097061287366401,0.11375690825167116,0.14091090533938275,0.1566114006532972,0.1539543591559986,0.13598475265226273,0.10538885796690782,0.07134544350554065,0.04264309849494286,0.022467349199120686,0.009820821175372613,0.0034497686473601054,0.001074960504196956,0.0002372559271815458,0.00005284847667077083,0.000008995485390769507,0
0.024853584925259714,0.03237672849953763,0.052830239807963954,0.08087915661303853,0.11351670548863176,0.14067138100437293,0.15650238746616957,0.15514521823665106,0.13696231202020617,0.10485204935940937,0.07165447058544573,0.04281631809698227,0.02204891906325967,0.009680839412555733,0.003359050297685248,0.0010365069490000187,0.00027549857903704184,0.00004290551640740819,0.000009032740296296464,0.000001129092537037058
0.021287185573720283,0.028640476513672262,0.0480574340982473,0.07640670265579334,0.10957540487767523,0.1371589473354473,0.15446783776352288,0.15521848137951363,0.1373202138928238,0.10710651830143383,0.07576859757264824,0.04614079846669148,0.024609972770315815,0.01115871761761727,0.004320551508422405,0.0013655448779304967,0.00035153789125993285,0.00007193184573635588,0.000008121337421846629,0.0000023203821205276086
0.02405947116265258,0.03023390488846312,0.04949331415887421,0.07571901377443689,0.10498130148916827,0.13275089396744064,0.14957898485346677,0.15165988392929275,0.13578065571644254,0.10773004515630641,0.07698416400533818,0.04798582849705388,0.026556777598649293,0.012195274572869586,0.004648744463545586,0.0015313778874039056,0.0003731738091147705,0.00010694615261215976,0.000010239525250100407,0.0000011377250277889339
0.024154728553170943,0.030261403486532234,0.048061686751431035,0.07338496944357692,0.10126432026219867,0.12864813037099865,0.14671807997566091,0.1493479029984823,0.13614116687160538,0.10954330737698774,0.07856855575236334,0.04952526047578822,0.027283549546580247,0.013073055377250533,0.00525503636462116,0.0017459166869300553,0.0005151318541635215,0.00011639444579533699,0.000021895984852588167,0
0.024707788248819834,0.030345892777303592,0.04749246607556568,0.07134089338698536,0.10003309700907559,0.12587082876072025,0.14381869806817993,0.14763820904535452,0.13446792203041444,0.10956503562283343,0.0790252059853328,0.05016577537001876,0.027731809709617295,0.013401385429186913,0.005468554938131818,0.0018348517312058337,0.0005191004581322838,0.00010916206502110654,0.000019742075588923533,0.000002322597128108651
0.025192203370807537,0.030874127836285754,0.04805201182214407,0.0711479825660787,0.09824234460053496,0.124567425503657,0.14245964196861144,0.14500598589573319,0.13168853700967093,0.10701308479395423,0.0779814904880376,0.050607708711348884,0.028145401148543747,0.013655324641313903,0.005575534521783049,0.001895143942086459,0.0005506556426420253,0.00013094146916328402,0.000019875044426569894,0.0000011691202603864645
0.02599258462749798,0.030861346636347063,0.04793550623725669,0.07071750486229855,0.09787234042553192,0.12162503598982295,0.13976743229506364,0.142180072508476,0.12902748153501734,0.10496571418498474,0.07700588176535218,0.04956077726265815,0.027978635265913387,0.013438159201349107,0.0056314524611163035,0.0019402187006058041,0.0006298953504086676,0.00016452490495748803,0.000017627668388302278,0.0000011751778925534853
0.02644589695264199,0.0316093513012424,0.04790171273832916,0.07044848221804449,0.0966066032773428,0.11987635071861413,0.13741770670918835,0.13892735073984355,0.126636725393392,0.10274424978947543,0.07404332206604225,0.048042062456804126,0.026908225437030156,0.013082009053146548,0.005402874456587121,0.0018776197631274164,0.0005566812363041085,0.0001792702286403061,0.00003656169136743085,0.000004717637595797529
0.02625893969727572,0.0313803305990114,0.048131152962575814,0.06999509829975964,0.09528196587707956,0.1183884626968801,0.1341152431066149,0.13465147730158447,0.12232281534763685,0.0996167224751815,0.07181994814827938,0.0465944994655375,0.026180984946465154,0.01254599035014676,0.005370609877811834,0.0018886310082738334,0.0006200946087203023,0.00012047552397994438,0.000025984916936850745,0.000005905662940193351
0.02686973925139459,0.03169223999659338,0.04837168149967118,0.06948328152427458,0.0937779449546493,0.11550344684012058,0.1287123911181767,0.1310568101706623,0.11756516349424892,0.09605375840418631,0.06915799633788021,0.04445761356592998,0.02479855975548017,0.012224808732310395,0.005357151306108737,0.0019020311989893675,0.0006139018608678378,0.0001372112058972431,0.00002957138058130238,0.0000023657104465041896
0.027463957183277408,0.0319905536020314,0.04784785330132422,0.06811212978611775,0.09125438358581764,0.11241876820202218,0.12445179269562255,0.12542059328969393,0.11368247264441116,0.09141308686161898,0.06647890726872843,0.04230389782351485,0.023826809720694078,0.011649294184946167,0.004982572248481956,0.00177889791234131,0.0005744111101767884,0.00012554139727575175,0.000023687056089764478,0.00000710611682692934
0.027510877178843193,0.03207034402818882,0.04747321150260922,0.06749006505566293,0.08919938511790966,0.10850985909149628,0.11955948462735515,0.12070201804112406,0.10764110702480273,0.08717624763108026,0.06252881519047952,0.04019726479397064,0.022772445033357465,0.0109488834817402,0.004772802963949752,0.001774245353124606,0.0005558590986075074,0.00017778009550346722,0.00004385242355752192,0.000008296404456828475
0.027894105316076286,0.031786664516649195,0.04678659337636529,0.06505541828115585,0.08666427951491812,0.10404503654239243,0.11491527192187853,0.1140070476307914,0.10246809358267212,0.08175441425461578,0.05918515918824197,0.03770790747968945,0.02110376521809241,0.010261985952165277,0.004551792498019928,0.0016350408582363845,0.0005240667580424088,0.00014820892478574916,0.00004624118453315376,0.00001067104258457394
0.028054700667901188,0.031823597116491326,0.04544056178293865,0.06353435302194703,0.08305707033333294,0.09968867703776378,0.10932769206464972,0.10811375819435058,0.0963592674111019,0.07702778625736587,0.05493466493881037,0.03514469212760323,0.01963912192908583,0.009736414809042977,0.004227388106061238,0.0015346404700846063,0.000515506164099628,0.00011640461769991608,0.000026131648871409732,0.0000035634066642831437
0.028301618049225166,0.031445846627165,0.04431949825281071,0.06155874924035248,0.08003361440291704,0.09462003380431477,0.1033369891370404,0.10161353881798846,0.08983662830446669,0.07200152879064112,0.05059964676390158,0.03236929314797935,0.018057059024612583,0.008684907702825888,0.0038647067760559112,0.001425526055910058,0.00043917122455180806,0.0001103862807657247,0.000027299832877544815,0.000004747797022181707
0.028351537692404505,0.031029347849320637,0.04418208634067444,0.05945332297834239,0.07603080847304261,0.0896371715674749,0.09725022740605099,0.0947030421348381,0.08281261503896184,0.06591806732169109,0.04700120887394223,0.02942978674893659,0.016348298195239083,0.008175930346060949,0.0033950595293229134,0.001297936364305682,0.00040493714567999787,0.00008668742414850385,0.000015437486492199317,0.000004749995843753637
0.028605001721047824,0.030608538771053163,0.04265231273219309,0.056777961092449945,0.07202407093090882,0.0848108627790768,0.09063749985163383,0.08825177149232649,0.07774744513418237,0.06092865366583186,0.042794744276032345,0.027086918849627908,0.01520812809343509,0.007539376387223887,0.0031892796524670324,0.0011631909413538115,0.00035963964819408644,0.00009020664443152001,0.000024925520171867398,0.000004747718127974742
0.028565657765764696,0.030074553717289926,0.04120592865417175,0.05495113909763268,0.06841714438470908,0.0795188166453797,0.08464549855942018,0.0820791873347789,0.07101672260670686,0.05619271096325779,0.03911129592776309,0.024597380223958177,0.013555113315709737,0.006743695606974188,0.002919179018029526,0.001078801199988119,0.00032435322422550274,0.00009386045682716006,0.000008316749339115453,0.000004752428193780259
0.028582356001415822,0.02913941737793941,0.04017612166505527,0.052941022759936236,0.06530921063571511,0.0750013659287484,0.07912409522067469,0.07552635767378772,0.06553013476371806,0.05075316123422947,0.03567449561596259,0.0221767440534589,0.01246796006261893,0.006035029539693888,0.0025263743024855154,0.0008979496815604373,0.0002921899757458563,0.00008314348903337375,0.000013065405419530171,0.0000023755282580963942
0.028414679927959437,0.029300930919942802,0.03893445544272156,0.05019910947219359,0.06156236783455382,0.07013975679181896,0.07318104705921488,0.06908956124635877,0.05948098480780471,0.04643907677832321,0.03254893388520079,0.02011171989716637,0.011028241231342393,0.00528305383558975,0.002356999957231857,0.0007769546229988079,0.0002744289264720559,0.00007840826470630158,0.00001069203609631386,0.00000237600802140308
0.028363014268233268,0.028699226592850444,0.037300559561854754,0.04758295415394484,0.058434414836111344,0.06560773644755444,0.06789112898435364,0.0638613332066102,0.054850130089220996,0.04220593301890154,0.02962351347819373,0.01797013294049161,0.010029344326565527,0.004895869221721933,0.0020113338006249037,0.0006961852375464817,0.0002530502655245743,0.00006890570610528319,0.000007128176493649983,0.000005940147078041653
0.028547125356794573,0.028123598624783787,0.036105357316572606,0.04568631498525368,0.05499322594498662,0.06131646819041382,0.06261196172362331,0.058686331594145116,0.05018139282163714,0.0386844808890977,0.026784210164167033,0.01638823046497778,0.009168108081174768,0.004177136200027997,0.001837655204158866,0.0006845235976757042,0.00021947463703640417,0.00007829905969947398,0.000011863493893859693,0.0000035590481681579077
0.02857346241457857,0.027644504555808663,0.0348234624145786,0.043916097190584646,0.052071469248291584,0.0572050588458618,0.057983342824601374,0.0542248006833713,0.04611095292331055,0.03520311313591496,0.02402358580106303,0.015017558845861806,0.008269267274107817,0.004015992786636294,0.001615888382687927,0.0005659168564920268,0.0002064350797266515,0.00006999810174639331,0.000022541761579346997,0.000008304859529233106
0.028261974464112445,0.027690929748467822,0.03399730116211152,0.042247831037109614,0.04900914263915069,0.05352655654112769,0.053752841895252396,0.04983490647069486,0.04199785088150584,0.03204011055994371,0.022061044917050427,0.01325842616759096,0.007337095277981488,0.0035163085394879774,0.0014453828902208001,0.0005272093329084064,0.00022036165375497425,0.00005568278347571936,0.00001540162096136918,0.000003554220221854426
0.02812705366922236,0.02726621473609425,0.03352772268434919,0.040844261567153116,0.04660726443858972,0.05005654065895031,0.04969302270507092,0.04590864687250228,0.038267665255617075,0.029277996506912145,0.019967437316834896,0.012115686332553798,0.0066593647316538895,0.003201799828305852,0.0013759213759213754,0.0005150824427932861,0.00021195346496551305,0.00005328439063378825,0.000011840975696397383,0.0000023681951392794767
0.0283789439736687,0.026753394268721975,0.03231773034845572,0.03893375321760431,0.04424554218781682,0.04658130653409328,0.04604775630271032,0.042458741746274335,0.03550717506494492,0.026797263954413467,0.017941515780637348,0.011120372489201542,0.005826368526701813,0.0028479725684041036,0.0012627355476063165,0.0005050942190425261,0.00018970674893616,0.00006521169494680507,0.000010671004627659008,0.0000023713343617020015
0.02828523153556862,0.026000800972541815,0.03127939960235743,0.03732223978463791,0.04189228578131553,0.044203968368693856,0.042856770469232475,0.0387440845334098,0.032152649252228147,0.02427444447340796,0.016214954489119332,0.009856938720861071,0.005431446940308584,0.0026967655401706693,0.0011742067883607791,0.00044314161336723654,0.0001599575342368367,0.00005450404870292212,0.000007109223743859408,0.000002369741247953136
0.02780768807059065,0.02616706408857711,0.030894667202090515,0.03622166073791358,0.03991513768803504,0.04152259382059275,0.04008097693531437,0.03550381371040441,0.029269442578752906,0.02217981475756079,0.014784568894953868,0.009096282713272234,0.004795123378477148,0.00231701119770289,0.000957129370012236,0.0004382894392382766,0.00015636271886338506,0.00004027524576784165,0.00001184566051995342,0.0000023691321039906846
0.027813796296625237,0.025426508603590636,0.029459793267517125,0.03427344627951396,0.03764241130267042,0.03872947980574867,0.03732979029524925,0.03291638690639014,0.02674804286223477,0.020399704904715727,0.013617960550544539,0.008149461261638916,0.004432350116581584,0.0022072937796708716,0.0008987853963359395,0.0003505144628661898,0.00014210045791872565,0.00003197260303171326,0.000013025875309216518,0.0000071050228959362826
0.027802797797080996,0.02517520260297628,0.02903137609054078,0.033053253779535295,0.03587614321103968,0.03719585881528597,0.03479314789455061,0.030398435752338512,0.02452303821020524,0.018538749335703694,0.012378103846823037,0.007409345006799792,0.0041331362242403935,0.0019908176200378993,0.0008498258330482816,0.0003290411999824824,0.00013256336114402182,0.00003787524604114909,0.000005918007193929545,0.000001183601438785909
0.027824059830071232,0.02475327195702079,0.028006295410976753,0.03169005751070931,0.03449695879582516,0.034709961422857524,0.03252076775613566,0.028619269637658862,0.022962866542020687,0.016820107447991853,0.011496225120109812,0.00689536837620997,0.0036435282701819988,0.001777388587792582,0.0007277589756940331,0.0002970203299174021,0.00010413461766028441,0.00002011691477528223,0.000003550043783873334,0
0.027732040709145363,0.02452886876457868,0.027545149583871536,0.03062530458521997,0.032558090020013905,0.03343931716133672,0.031068875293939518,0.026712419506702077,0.021234616967821616,0.015581751855899849,0.01039848026760917,0.006196978514617725,0.0033995259116265187,0.0015601860394695126,0.0007156274100675181,0.00030044522670603235,0.00008989699696715925,0.00002010853879528562,0.0000023657104465041896,0
0.02742385876896135,0.024013772866034035,0.027029841209740394,0.029628227275954284,0.03154388622003457,0.03127055872399838,0.029154932910523707,0.024748562368364993,0.02008897934070095,0.01463781148685425,0.00952268263246326,0.005673616205599068,0.0030965283858295674,0.0014802281278841374,0.0006945594812693756,0.0002780604396904656,0.00008755945760465723,0.000022481482357952528,0.0000059161795678822436,0.0000011832359135764488
0.027353932245868864,0.02400319365426566,0.026543707827878092,0.02861651227915184,0.02998538997660271,0.029991295402389814,0.027384640459961803,0.023517767654565657,0.01873319168185346,0.013404135451570187,0.008823887211091805,0.0053514968482742545,0.002754290587105622,0.0013700587826082841,0.0005881804083956257,0.0002314926908545035,0.00010393549385304235,0.00002125953283357683,0.0000011810851574209352,0
0.027492890278814457,0.02399471849283359,0.02580049319261912,0.028321964078192756,0.02914985686076284,0.028496754565810984,0.026079213159361684,0.02199998110373107,0.017552271803932314,0.01240540055366068,0.008079335985109742,0.004748868585897714,0.002594693927683979,0.0012684120520403252,0.0005373626477452031,0.0002173070927145433,0.00007912812615149136,0.000029525420205780364,0.000010629151274080933,0.0000023620336164624296
0.026916254759596067,0.023336802024454272,0.025075089279379417,0.02689260459286238,0.027930846912470726,0.026997847834827234,0.02448147009436415,0.02066551569188564,0.016339900196296376,0.01162642196627486,0.007564505829766102,0.004571577229619467,0.0024205945651916846,0.0010902726864224395,0.000513208618120758,0.000208121467256344,0.00008514060024123165,0.00002128515006030793,0.000008277558356786414,0.0000011825083366837736
0.02721128645382013,0.02297082748649661,0.024963973240304103,0.026553997581271516,0.0265480867101155,0.026088220934177727,0.022999199668045485,0.019243432135515003,0.015047895788977169,0.010740052890475105,0.007266824999202029,0.004163617642295356,0.0021527392750198306,0.001043859846151845,0.0004917844801802582,0.00016786874083076116,0.00006974827964095003,0.00003191870424246865,0.000007093045387215258,0.000001182174231202543
0.027051974206724404,0.022772398925910514,0.02448612004084565,0.025652632275632536,0.025712907983813024,0.02463621837298135,0.02201245225218411,0.018366362845580728,0.014448441813849702,0.01006722514277069,0.006415226353012362,0.0037489126734994854,0.002015099655837522,0.0009573200711016982,0.00039356491811958703,0.0001441889489807496,0.00005200257176354904,0.000018910026095836013,0.000011818766309897508,0
0.026404042764916907,0.022813149609924185,0.02364299769932586,0.024697129056133388,0.02456137865744035,0.023321918495460628,0.020676556378321005,0.017366607526710365,0.013288193374672281,0.009471836514024196,0.00598954367798589,0.003504721162778894,0.0018745359402131641,0.0008888700018768976,0.00039662725183351567,0.000152276534186082,0.00004013490048315338,0.0000212478884910812,0.000005902191247522556,0
0.026163615723002707,0.022286079182630907,0.023521829620169347,0.023781987607019533,0.023688567239014226,0.022169008088548332,0.019851236932973845,0.016302445485076398,0.012711082730239822,0.008819355754221655,0.005763681945035713,0.0033158317960361385,0.001712312567995837,0.0008526086750863248,0.0003760465446289202,0.0001336266023366918,0.00004493637954685208,0.000021285653469561513,0.000003547608911593586,0
0.02625502861351919,0.02233483483483484,0.02305843579428484,0.023583725234668635,0.022893176195063,0.021542769184278627,0.018692041097701475,0.015372684004759473,0.011735792396169762,0.008189793567152057,0.00529775058076945,0.003057302585604471,0.0016927304663153727,0.0008569890645362349,0.0003316996241524543,0.00012630555083385274,0.000060201711145107356,0.000015345534213458744,0.0000047217028349103825,0
0.02623678586962687,0.021980606668053477,0.022772508935494238,0.022948618544223608,0.022017246922218653,0.020465354866771316,0.01811919665651771,0.014743565498591125,0.011100815068363619,0.007800828306132869,0.004853060761360844,0.0029347661642618065,0.0014797934907997499,0.000791902267440761,0.00033921783694850475,0.00011346659354375077,0.00003545831048242213,0.000026002761020442897,0.0000070916620964844266,0
0.026125735638876463,0.0219035257519372,0.022135009147137223,0.02218461273182294,0.021050816510435055,0.019423346517651187,0.017168745489912155,0.013923253806189344,0.010536037594793043,0.007272830345111036,0.004490305451788268,0.0026679642334533657,0.001414883201273632,0.0006684673555266072,0.000320061224995955,0.00010156924483266463,0.00003897424511020853,0.00001535349049796094,0.0000059051886530618995,0.00000236207546122476
0.025917403844224047,0.021342633202563768,0.022052165371760624,0.021883341577758685,0.020807827757229027,0.018722912930603977,0.01641368676929107,0.013198951167422436,0.009964145604029105,0.00690878910838606,0.0043292087594756805,0.002517009292392187,0.0013399650782669474,0.0006245299792098814,0.0002538259839888931,0.00009916922165147458,0.00003305640721715816,0.000012986445692454994,0.0000035417579161240894,0.000001180585972041363
0.025862201207618604,0.02131209636404615,0.021594117903883756,0.02113037537184953,0.01993030881948615,0.018419900572657136,0.01568346563172235,0.012676809215378317,0.009432971504024414,0.006669396414904427,0.004152442672336992,0.0024343532915689706,0.0012224866747772441,0.0005640430796752152,0.00022184121125301356,0.00008850048321263836,0.000042480231942066403,0.000012980070871186957,0.0000011800064428351779,0
0.025672648918374872,0.021312362375133488,0.021571073497585372,0.021067827204596795,0.01951083515258049,0.01777309971364577,0.015072580873805674,0.012162966743216807,0.009057251944468072,0.006381541020479524,0.0040153383799722145,0.0022917788929526623,0.0011931426195269021,0.0004973396463572535,0.00024689782918923,0.00010395698071125472,0.0000283519038303422,0.000011813293262642588,0.0000023626586525285174,0
0.02589142291291196,0.020895370891653064,0.021333248354418726,0.020317042167245582,0.019032916346520407,0.016981619768928164,0.01460929173615463,0.011750695469797666,0.008608836154751331,0.005902493777064907,0.0037107459378308474,0.002178764949502463,0.001183803490981024,0.0005370195298069451,0.00017939993083660575,0.00008261838920106841,0.000020064465948830886,0.000011802627028724054,0.000010622364325851647,0
0.025702264103720465,0.02099059555207155,0.020949275482087155,0.020131138096396176,0.018781742668048725,0.01669921114083532,0.0139768088155779,0.010939193385010959,0.00824158310174418,0.005545153391905514,0.0035924849417859252,0.001975099345253977,0.0010117514279035609,0.0005052854272377179,0.00021368379049071715,0.00007319555254378158,0.000034236629415639754,0.000008264013996878564,0.000007083440568753055,0.000002361146856251018
0.025753679223368752,0.021216333971250126,0.020686898415584503,0.019609161003828673,0.018059766081457606,0.01624624295314201,0.013389177582590181,0.01080095699308904,0.007823618957330325,0.005475943698242955,0.0035433270484970026,0.002023410720539387,0.0010506171048954506,0.0004975986736990805,0.00020399187334109217,0.00009079407079343398,0.000028299450636914504,0.000008254006435766732,0.0000023582875530762092,0.0000047165751061524185
0.025349215224155956,0.020548316854574065,0.02046102779330894,0.019321551669226358,0.017575770443923864,0.015540991650919258,0.0129117035757846,0.010170355219296077,0.007602405403428807,0.005125283394553634,0.003368885932070235,0.0019557468051023983,0.0009590000920073885,0.00040931492241889764,0.00018519435971114392,0.00007431366026625524,0.000027130383906728106,0.000011795819089881783,0.0000023591638179763564,0.0000023591638179763564
0.024956890497733288,0.020284186336913895,0.01998085595819942,0.019193613302158363,0.017105708866571215,0.014897416498576,0.012415300598044755,0.009922562232889275,0.007259864433745914,0.004852105785584369,0.003019140500979037,0.0018235230938282295,0.0008946475761306149,0.0004803714557851717,0.00018530299400066794,0.0000743572523696948,0.00002832657233131231,0.000014163286165656153,0.000003540821541414039,0.000001180273847138013
0.02480787237425578,0.020143808632051303,0.019316997332296887,0.018676277464680903,0.016858941516645173,0.01459875507187487,0.012282034521138453,0.009767444599520638,0.007026718254038365,0.0047123532910505325,0.002996307616204087,0.0016889564157376807,0.000812677773262901,0.00043931711511168407,0.0001519354097839337,0.00005653410596611489,0.00002708925910876338,0.000005888969371470299,0.0000011777938742940598,0
0.024824630371155322,0.020100170801944005,0.019312760873742126,0.01821533775524518,0.01663580286933121,0.014200490127317585,0.011867729277150617,0.009097649439913431,0.006750743501215887,0.004472205490416111,0.0028396265225124973,0.0015630322826282977,0.0008133425905079378,0.00034183963948884353,0.00014498715743837157,0.000055401596744743626,0.00002475390492850247,0.00000707254426528642,0.000004715029510190947,0.0000011787573775477367
0.024664448507926925,0.020246196768903046,0.019051501498670978,0.017647086545893264,0.01622146398476823,0.014009981714328806,0.011496880125172028,0.008955501724885477,0.0064848153524233254,0.004344025109808283,0.0027558108846871647,0.0015328388033253536,0.0007717213037495052,0.0003322525307745959,0.00015905706260485982,0.000057731822723245454,0.00001413840556487643,0.000008247403246177919,0.0000035346013912191076,0
0.02423484584849682,0.01978754401590176,0.018665691484655623,0.017673601075845948,0.01589114137583239,0.013483464176806787,0.011023882128806596,0.008860393651093241,0.00635362537675252,0.004260916238549967,0.002537439321462065,0.0013908140213871572,0.0007431830648633665,0.00031614771648155916,0.0001250434998024076,0.00005544381595012415,0.000023593113170265598,0,0.00000353896697553984,0
0.024015528430069582,0.01946242480775194,0.018574445779623167,0.017294954085705885,0.015609798665790868,0.013381006682838186,0.010948203581869195,0.008423418589540243,0.006149814915925012,0.004121496285936325,0.002554266367764827,0.0014445873963582247,0.0007830253315770298,0.0003419839550562328,0.00010967071662148149,0.00004245318062767029,0.000010613295156917568,0.000002358510034870571,0.0000011792550174352854,0
0.024348513076904933,0.01927693795250336,0.0182439921703653,0.017148550810084203,0.015307879159493436,0.01289531401080112,0.010854184845411875,0.008287149494139563,0.005954767351366648,0.003960804660047639,0.0024125651486923087,0.0013642902624814279,0.0006709430936490339,0.0003065820814565007,0.00010612456665801949,0.00003301653184916161,0.000014149942221069265,0.000004716647407023088,0.000001179161851755772,0
0.024503695732208102,0.01892941765077926,0.018042064323676287,0.017138191120802768,0.014952847554586386,0.012438286464085785,0.010257662862375271,0.008051079455882484,0.005696997158581362,0.0038031114006022632,0.0023481823416687895,0.0012932702746075353,0.0007363144629152391,0.0003056177017548829,0.00014395891742894097,0.00004247968055280225,0.000018879858023467665,0.000007079946758800375,0.000001179991126466729,0
0.023837560528973668,0.018578737221661097,0.018098517099140086,0.016542226333525256,0.014791251734455977,0.012379532003662415,0.010027987275936604,0.008056370998952246,0.005523121360002264,0.003701352639676802,0.0023031687448674255,0.0013639667362022251,0.0006524858175777083,0.0002772769749200026,0.00014630785059608655,0.00005309559094212815,0.000014158824251234178,0.000005899510104680908,0.0000011799020209361815,0
0.02336699512029692,0.018481404374776262,0.01794091602765793,0.01631709591725229,0.014391826968366711,0.012225163441792117,0.009790022043446313,0.007526800685796106,0.005336586468715262,0.0036739077189743194,0.0022361380635680236,0.0013376792207547528,0.0006370461781939441,0.0002943836313280703,0.00012481865968310196,0.00004710138101249131,0.000012952879778435103,0.000008242741677185976,0,0
0.023190772781877877,0.01851532795377895,0.017413140808538057,0.01606549871018142,0.014053476137766314,0.01204971406858106,0.009740313379891102,0.007461594560340616,0.00530796336112796,0.003605119623887487,0.002217355081271552,0.0011777117461995786,0.0006089170952294417,0.0002891176130449871,0.00010738654198813787,0.00004484273181922241,0.00001652100645971352,0.000003540215669938613,0.0000011800718899795376,0
0.022868069464796647,0.018218535184501866,0.017271888118813045,0.01595271244445964,0.0138707962327455,0.011718146740905173,0.009520699504984924,0.007337398925089918,0.005203611641283244,0.0035119073582652424,0.0021667961478655648,0.001275556818275594,0.0005953384410620842,0.00029472200052578425,0.00011906768821241676,0.000037724416067300364,0.00001768332003154704,0.0000011788880021031362,0.0000011788880021031362,0
0.022882176522003413,0.018231528753207042,0.017041773371625393,0.015729508525009598,0.01377878088946583,0.01185043479080331,0.00930718541571938,0.007085523386350091,0.005062939237661293,0.003325425190301962,0.002118000174340392,0.0012074250159615687,0.0006514205208065826,0.0002968498575827464,0.0001425350506647316,0.000032983317509194107,0.000021203561255910498,0.0000011779756253283608,0,0
0.022781497548095067,0.017769238023387392,0.017255281026027906,0.01566507921539042,0.013651688042248207,0.011535741229724636,0.009161637118068654,0.007094021124104112,0.005037014334213506,0.0033878725009430424,0.0021065164089023023,0.0012035552621652212,0.0006259430403621272,0.0002628725009430405,0.00012023764617125623,0.00005422482082233122,0.000016503206337231234,0.000004715201810637495,0.0000011788004526593738,0
0.022433638435844797,0.018004426854364028,0.017088647876500662,0.015504597752628881,0.013569322229267686,0.011608117313997862,0.009162504213526181,0.00673457024390129,0.004880618722435287,0.003208172944329595,0.002005992046748337,0.0010772483729306575,0.0005657321870970632,0.0002545794841936782,0.00009311008912639159,0.00004007269658604198,0.000011786087231188815,0.0000011786087231188815,0,0
0.0225853861484627,0.017707187887830905,0.01688570825805068,0.015249820559148303,0.01369054143404179,0.011081135551210482,0.0090539548292277,0.006767483549782019,0.004808661247494016,0.0032764897715768055,0.001932893246541712,0.001137342672507776,0.0005633676657603283,0.0002592905574629126,0.00011314497052927096,0.00003182202296135745,0.000008250154101092674,0.0000011785934430132392,0,0
0.022223843675195774,0.01746344081212826,0.016620808315229295,0.014930835877314592,0.013041973925467047,0.011249614578012941,0.008928844628453203,0.006672802035498836,0.004653308509411357,0.0030574849538317446,0.0018876850908183655,0.001092127035086935,0.0005601858498937297,0.0002518482602463407,0.00012239354703560474,0.00003765955293403223,0.00001765291543782761,0.0000023537220583770146,0,0
0.022488880935955604,0.017450279124413444,0.016094094711587147,0.014656680503200925,0.012846080132604696,0.010935414071825975,0.00895764513645429,0.006616107986183874,0.0046136169391200335,0.0030584783893426518,0.001855335620324872,0.0010665825330040191,0.0005580133781941557,0.0002378031696101676,0.00010830639407987837,0.00004355800631473366,0.000011772434139117207,0.0000035317302417351622,0.0000011772434139117208,0
0.022085019073961244,0.017110586549351298,0.016025191535097384,0.01428926661002028,0.012753686041537277,0.011106148332604636,0.008792760262050421,0.006719785419409124,0.004498320053645151,0.003036984746723485,0.0018089916904231872,0.0010818595256081342,0.0005692136719702926,0.00024512721277395594,0.00008720871992919586,0.00004831834482563558,0.00001532045079837226,0.0000047139848610376186,0,0
0.022178122202854856,0.017067885240495597,0.015879540208225375,0.014337871578649831,0.012469967494229047,0.010445423281669567,0.008391435436001316,0.006325670137089557,0.004481320959155788,0.003006783813068257,0.0018137277995006332,0.0011200358034578592,0.000558251283742403,0.0002720591699250953,0.00008244217270457432,0.00004004334102793614,0.000014132943892212749,0.0000047109812974042495,0,0
0.021724906660001896,0.017041107324198373,0.015942365572129677,0.014122132454968689,0.012373812692825052,0.010433331014815328,0.00835727497898598,0.006230525922406667,0.0044645225483735205,0.0029354795736599077,0.0017848658933819679,0.0010669112506675566,0.0006248209534296192,0.00023460258440093236,0.00008723915198828633,0.00003654613123833618,0.000010610167133710505,0.000007073444755807004,0.0000011789074593011673,0
0.02151714507443253,0.016509372766493453,0.015655480361654088,0.014042048303891346,0.012451025024708627,0.010433055543106234,0.008183921819309766,0.006202514029074803,0.00441334997086859,0.002863606020649101,0.0018068551991904532,0.0010756213718418365,0.0005743723772883493,0.00025593183957201585,0.00008845570492120364,0.000034202872569532086,0.000012973503388443206,0.0000035382281968481464,0.0000011794093989493821,0.0000011794093989493821
0.021322029464067905,0.016295861572383285,0.015486253754895065,0.014042629917306867,0.01210522780384157,0.010266817039239472,0.00827520537758718,0.006214064078042893,0.004275483496138747,0.0028778199276656064,0.001714671578523122,0.0010276244786750254,0.0005279538606036828,0.00024158602996373878,0.00010016981730203797,0.00003535405316542515,0.000014141621266170062,0.00000471387375539002,0.000001178468438847505,0.000001178468438847505
0.021377944204144083,0.01637492208601704,0.015470647677691105,0.014015072814158622,0.0121994409081465,0.010050903802202363,0.00824471601533725,0.0061162476625805096,0.004138885216175886,0.002854485012182914,0.0016822337230606502,0.0009951740551158792,0.0005111629488317625,0.0002467276127155621,0.00010860737019058232,0.00004131802126815631,0.00001180514893375895,0.000005902574466879475,0,0.0000011805148933758949
0.021576576629678136,0.016276446130468563,0.01529681791764757,0.013843290136169504,0.011744928862016245,0.010034410767186813,0.007816985173545085,0.005969719939501175,0.004056438845146829,0.0028799419060429256,0.0017293797692038363,0.0009690185209853809,0.00048686696978949174,0.0002522748947577513,0.00009548722652045731,0.00004243876734242546,0.000004715418593602827,0.0000023577092968014136,0.0000011788546484007068,0
0.021132844960189537,0.016266008168364966,0.014922294450108734,0.013631622062836293,0.01159837104179067,0.009697134000082513,0.007661525586548721,0.00592176993028012,0.0041572616528857435,0.00281708402336176,0.0017043947689460712,0.0009240978553621852,0.000454976750216586,0.00021570141266744874,0.0001131548394321042,0.00003300349483436371,0.000008250873708590928,0.0000035360887322532545,0,0
0.021078172454773548,0.016069777970609878,0.015111250495180235,0.013479513685838792,0.011644988775914432,0.009460300692309147,0.007498443719228089,0.0057075418309407485,0.004109996038558035,0.002699911339156025,0.001708371847352437,0.0009467374695817847,0.00044802022221803,0.00018392409122634928,0.00008606704268925323,0.000036549018128313,0.00001061100526305861,0.00000353700175435287,0,0
0.020521354607404757,0.016232518780598764,0.015045693367684873,0.013254258782154483,0.011401538276592786,0.009426245930968481,0.0076348113454380905,0.005678376205977265,0.004056656475918168,0.0026682946721321146,0.0016346840592964846,0.0009664318158782393,0.00043135859098955543,0.00017325058162695272,0.0000754288246539114,0.00003417868617130358,0.000010607178466956283,0.0000035357261556520942,0.0000011785753852173647,0
0.020248681662024797,0.015970857544097754,0.014700823283804348,0.013264671369799096,0.01127715022219709,0.009162390020688136,0.007512994877449951,0.0055007328026993605,0.004023346010113154,0.0025730564234515752,0.0016187635191494795,0.0008812482622444038,0.00037936088294478334,0.00018143346575620075,0.00008953859349007305,0.000030631624088709183,0.000010603254492245489,0.0000011781393880272763,0.0000011781393880272763,0
0.019824842641269245,0.01552252528348146,0.014616091845635207,0.013061364011409983,0.011194276149838516,0.009275324736556729,0.007325726679082487,0.005488106744619159,0.003946344798321505,0.0025766755463353694,0.0016737782597420958,0.0008498550177986278,0.0004467337749593342,0.0001944883189136944,0.0000919399325773828,0.00003300407836111176,0.000009429736674603364,0.000004714868337301681,0.0000035361512529762604,0.0000011787170843254203
0.02003710618876536,0.01571001537054325,0.014494752326798498,0.012955340556545679,0.011005733306929945,0.00903137288183541,0.0073823399058907824,0.005458664554395694,0.004000584646430358,0.002718134412100295,0.0015818457853593215,0.0008663611417579001,0.00048563372844116304,0.00018977434533744487,0.00009429781134779862,0.00003300423397172952,0.000008251058492932379,0.0000011787226418474826,0,0
0.0199512922875524,0.015604158435692269,0.01427973322797686,0.012612113242483031,0.011005820158860265,0.00913888774228549,0.007236574420785107,0.005447479995046676,0.004075880247430465,0.0025922409675498137,0.001548504272244271,0.0009340558900361476,0.0004929739419635225,0.00019459497709086395,0.0000860935353189883,0.00003184281443305048,0.000009434907980163105,0.0000011793634975203882,0,0
0.019601113391361776,0.015026065624041697,0.01385842002217347,0.012893638100629821,0.010857924657372687,0.00922557969476093,0.007175712971481139,0.005325171608520273,0.0038956903262331037,0.0026254334442006935,0.0015851673625362677,0.0008763239214021182,0.000469417120751068,0.00022999080036798547,0.00009435520015096831,0.00002594768004151629,0.000008256080013209729,0,0,0
0.019739129512402954,0.015035351993654444,0.014046509764080393,0.012537906600963858,0.010833656465130643,0.008781720444047911,0.007165865024803556,0.005401506481689915,0.0038233661415234773,0.0026600916712140846,0.001683035403851888,0.0009134120714182169,0.0004902960280128744,0.00022629047446748063,0.00007896594681938127,0.00002592911686606551,0.000005892981105923978,0.0000011785962211847957,0.0000023571924423695914,0
0.01956375799404054,0.014839765861471963,0.0140341785718492,0.012814020045461503,0.01090605014898654,0.00899572473412086,0.007040644469831697,0.005281072231971453,0.0037075859469772807,0.0025957812665622386,0.0016005747464873338,0.0009422073562839346,0.0004923033436583561,0.00022848528389885427,0.00008833193965161881,0.000035332775860647525,0.000005888795976774588,0.0000011777591953549177,0.0000023555183907098354,0
0.019071483014257963,0.014931808462889598,0.01389630079907264,0.01236718936831677,0.01078388754787309,0.008842457934710004,0.006913986892994007,0.005281206890661466,0.0037285344209108937,0.002479799354191921,0.0015939042879912926,0.0009283049363910852,0.0004924257149891796,0.00022736402629883155,0.0000989563637777298,0.000038875714341251024,0.000012958571447083675,0.0000011780519497348795,0.0000011780519497348795,0
0.01879974314715429,0.014679493599297775,0.013818211809339781,0.012248817357596895,0.010846730722781554,0.0088826312099772,0.006922066369361462,0.00518536410069103,0.003637177682079801,0.0024483496026439346,0.0015953153811260289,0.0008754204787124369,0.0004972105545311551,0.00024271415695122756,0.00010368371753256317,0.0000424160662633213,0.0000070693443772202165,0.0000035346721886101082,0.000001178224062870036,0
0.01889211055566486,0.014776729066987758,0.013745821880445397,0.012267206430033211,0.010813332752098047,0.008832812774294945,0.006854649155775379,0.005148645034502991,0.0035463207217057216,0.0024058428284794288,0.0016447387799007269,0.0009236928391419554,0.0004406391860192488,0.00020735961695023494,0.00011781796417626976,0.00005301808387932139,0.00001649451498467777,0,0.000001178179641762698,0.000001178179641762698
0.019030308880536133,0.01477833092207415,0.013697678716684302,0.012502839949287041,0.010678209319271513,0.008765290110384266,0.006988923903485278,0.005227861050257392,0.003503290809629812,0.0024485365873756757,0.0016139152217750253,0.0008852401508204362,0.00046380933433943074,0.00023425902927296134,0.00009652884623307944,0.000044732879961670965,0.000010594629464606287,0.0000023543621032458413,0.0000011771810516229206,0
0.01892282039346928,0.01466642312972467,0.013509229853701076,0.012157599825596123,0.01049487099416101,0.008729620966173897,0.006873633787215489,0.005055355554115285,0.003565852192716279,0.0024475462671089613,0.0015767052986960957,0.0008944090595742428,0.00045132894574036257,0.00022743207970728414,0.0000978075783197129,0.000047136182322753206,0.000004713618232275322,0.000002356809116137661,0.0000011784045580688306,0
0.018478394130295367,0.014581132822814893,0.013332736051906893,0.01214092383718737,0.010344364178203624,0.008478252668904897,0.006783073673092156,0.005165698442038552,0.003759336451771099,0.0024531762797540455,0.0016020502470858948,0.0008735240861594176,0.0004349937756988197,0.0002015824814214042,0.00008369798936210348,0.000031828812856011167,0.000010609604285337057,0.0000023576898411860124,0.0000011788449205930062,0.0000011788449205930062
0.01841857327986209,0.014438887952106991,0.012972005419447045,0.011973251797933395,0.010283506886919156,0.008656257775125966,0.006853312925900027,0.005088101389411329,0.0035504688953690616,0.002351257049938859,0.0014598075365217192,0.0008324912122652144,0.00043982892659337805,0.00021107071812389983,0.00009197494979700659,0.000023583320460770907,0.000005895830115192728,0.0000023583320460770914,0.0000011791660230385457,0.0000023583320460770914
0.01813828569540518,0.014160394791806792,0.013226988768446867,0.011910072052808834,0.01002791957839785,0.008463195953903194,0.006813509960657703,0.005173264230606749,0.0036120807048100508,0.0023824864237214937,0.0014065992159861414,0.0008413634572131868,0.0004484125017405481,0.00023010641536686059,0.00008378233585152359,0.000030680855382248076,0.000010620296093855097,0.000005900164496586165,0.000001180032899317233,0.000001180032899317233
0.018566807499339855,0.014314713870760876,0.013310337998415635,0.011634020521332377,0.009942378060281412,0.008329718208910179,0.006697017993888867,0.005045456260138064,0.003558932815270285,0.0024154532422950696,0.0014122562148704207,0.0008051510807650236,0.0003984495831604362,0.00017329020332717193,0.0000895922139650685,0.00003182881285601116,0.000010609604285337057,0,0.000004715379682372025,0.0000011788449205930062
0.01823566415278377,0.014297561745628982,0.01318551607636361,0.011628180933600032,0.010088516008038768,0.008380395011815488,0.00669819033415559,0.005203289958840176,0.003703677525604145,0.0024514481332004526,0.0014866542739543356,0.0008387463098696411,0.0004193731549348207,0.00017081209962232848,0.00007421491224970133,0.00003062837648400373,0.00000824610136107793,0.00000471205792061596,0.00000117801448015399,0
0.018530326584925174,0.014185918507579142,0.013115727912291517,0.011504548899341972,0.010096093215015192,0.008304584729511687,0.0068713779411088685,0.0052696279201882995,0.003844671499810829,0.0024150005834188823,0.0014827089965548815,0.0008262154265381329,0.0004160542732781189,0.00018857984057931717,0.00008250368025345131,0.000035358720108621986,0.000008250368025345132,0.000002357248007241466,0.000002357248007241466,0
0.0181669481104044,0.014174173467406464,0.012996228457786382,0.011712374306442215,0.009753055184546685,0.008032620015651016,0.006555775872720746,0.005155421665480091,0.003667986608377412,0.0024747436116194094,0.0014168289626199562,0.0008107933183099252,0.00045658607765493607,0.00018828291862059223,0.0000859040816206452,0.000027065669551710146,0.0000011767682413787016,0.0000011767682413787016,0,0
0.01785213945482929,0.013951840192507376,0.012980591508107868,0.011360666429642742,0.009964422866372662,0.008303293298266349,0.006591541071458004,0.0051646884587401775,0.0036330587152204655,0.0025276011217039342,0.0014974888806741533,0.0008641170113324116,0.00043676759019662753,0.0001836542966864526,0.00006710445455851156,0.00003178632058034757,0.00000824089792823826,0.0000035318133978163975,0.0000011772711326054658,0
0.017881831992745525,0.013993145925829967,0.0127966271360098,0.01116554591169786,0.010030266272537775,0.00830261561833877,0.006585564047907855,0.005056940633354138,0.0036460848162236633,0.0023977482835372673,0.0015509992580641356,0.0008726578969062451,0.0004216079987752172,0.00019078350782565672,0.0000694828824797145,0.000021198167536184093,0.000008243731819627147,0.000003533027922697349,0.0000011776759742324496,0
