0.05939470365699873,0.05863808322824716,0.05889029003783102,0.06116015132408573,0.060781841109709966,0.06450189155107187,0.05983606557377048,0.05788146279949559,0.06097099621689787,0.061034047919293816,0.0644388398486759,0.05926860025220682,0.05844892812105928,0.05920554854981083,0.06046658259773014,0.06103404791929381,0.0626733921815889,0.05958385876418665,0.05945775535939472,0.06261034047919296
0.008461439090556779,0.010780848140362419,0.015490129299714625,0.020569341522706716,0.02432737137555636,0.027844652440957823,0.03197848527909243,0.03154983499900176,0.03294148042888516,0.03563082054233068,0.03689328369602236,0.03767424927481768,0.04085095888480466,0.041890289015983365,0.03982337259691607,0.03894845627179951,0.036593815692123416,0.035577973247525,0.032970840037110545,0.03514345104578923
0.006235606989409651,0.008876826752718527,0.013682682547940316,0.019234337312140512,0.025113416013940987,0.02917347284018438,0.032804240503796295,0.035831092904723263,0.038053937636653996,0.040247678018575865,0.04283796516936913,0.04379840871966327,0.045028067507539855,0.04499532511377982,0.043179941281973874,0.04078610849374076,0.03675151797375514,0.03316804487890771,0.026634118301906692,0.025113416013940987
0.006006904277172237,0.00834190517759742,0.01343922740466939,0.019638425873641355,0.025813206032543497,0.03064497913760634,0.03594985700027164,0.03980184541378354,0.0428724479050616,0.045344801799629464,0.047566868015981784,0.04834214936069813,0.048510025242428034,0.046873998467751046,0.04406284052096466,0.03933179294493974,0.03447560152980713,0.027638474710261488,0.020392341197046613,0.019266046645076806
0.005780142902500114,0.007934806500896873,0.0129035584513559,0.019986268768503918,0.026992995986464156,0.03316390911335863,0.038053964282516006,0.043049853054113546,0.047511146449282636,0.05011085391435077,0.051820473646076164,0.05283810443876983,0.05021668751679092,0.04679744805334014,0.04216247900288464,0.03598342482964861,0.030352534443410226,0.024056791939278652,0.017945579818888856,0.016759700735136485
0.005569617747558497,0.007761835128427815,0.012742572812050764,0.019423144965941455,0.02737055154308845,0.03476371806006084,0.041003867308991304,0.04637801646389895,0.05126473128017081,0.053444577231125515,0.05556009174652426,0.053845411560358956,0.05032202832067737,0.04649430790509629,0.04171398738609006,0.03391008939595256,0.027078585797103608,0.021449585185954963,0.016862258973616682,0.016117498892757022
0.005375481754065982,0.007749309161232372,0.012540499420291184,0.01986820216943995,0.02768166882816331,0.03590299386379363,0.04306801153001883,0.050441541063089734,0.054181006631135634,0.057010810538327225,0.05785631470169053,0.055477904616131946,0.050576730075660034,0.04564118544724649,0.038338687429254906,0.03221852043645429,0.025255140619486475,0.020301265277504088,0.015608602603877864,0.015599437247093437
0.0054676543719725705,0.007390582384774882,0.012492579304648577,0.019657314439597683,0.028017964535529,0.037707887016149154,0.04566631391477169,0.05254067401423053,0.057431880167600174,0.059524731349319016,0.05960646654449405,0.057296371817704694,0.050914573815484934,0.04377995164717929,0.03627967202677472,0.030254927771898577,0.024023694602896013,0.01891524490445586,0.014940333307522221,0.015007012019375545
0.005433405533532223,0.0072132085495933635,0.01235236421594671,0.019945645510646124,0.028607625975724388,0.03869385753402262,0.04817319874126445,0.05562548530794066,0.061193755363929875,0.06289386570763006,0.06210102578773142,0.05735624667947199,0.05065184519187544,0.04252523601291428,0.03535289550042912,0.02855041072377293,0.022524418652172137,0.01751604070456496,0.013997302709550862,0.01390739302791287
0.005442136731964441,0.007033278262921879,0.01247344819447722,0.02002792856580914,0.029081110848871064,0.03973133506411768,0.04993312878609079,0.05860278498937927,0.06414129494138933,0.0654826528203918,0.06369286444811582,0.05800487766501457,0.050739516953819536,0.041383447407757054,0.033935174258516235,0.027002202816458185,0.021445991660766266,0.016922350719848947,0.012843206671386987,0.012817638266068762
0.005413434812903424,0.0071572958859426805,0.012631985972542321,0.020447776050719367,0.029513556557759897,0.04129371138046416,0.052348374055328835,0.06091645546358757,0.06789572821035061,0.06852550899303989,0.06544360303519879,0.05826142219431704,0.05047817398029109,0.04102380533074019,0.03266437469850919,0.025466880039203374,0.020003675316421773,0.015114738784542227,0.01157724672858554,0.011450907726587087
0.005454258603980256,0.007313664946246252,0.012681526891898998,0.020102248566942392,0.03094690737526952,0.04304807410579459,0.05440172192296424,0.0653365337660679,0.07056916615955584,0.07117769914429745,0.06682969340455422,0.05928876768314213,0.049373812045947985,0.04001855649965817,0.03114223895061868,0.02358253134696147,0.01837431540039217,0.01392300930830084,0.01035820805817876,0.009960032154582407
0.005574815995847161,0.007643819870594562,0.012669867813641331,0.020897680713398467,0.031509668329038364,0.044776506794712546,0.057663286304899974,0.06831235284302638,0.0736257624353436,0.07412447394278726,0.06888522219544298,0.059808301970744715,0.04914811175587236,0.039036689593800404,0.029620497228350532,0.022245499545783195,0.016709616418546874,0.012224920743803186,0.009240067483638923,0.008337195721092346
0.0055036501177516605,0.007689679370129657,0.013079435526833046,0.021865803521895197,0.03258469485603436,0.047084130897227246,0.06023153540081488,0.07096328573055624,0.07703640565354927,0.07665982078234129,0.07091368674751912,0.06071650323495587,0.04922239816593982,0.03776870708310219,0.02797382643295137,0.020195971092977893,0.015258116781724056,0.010983419243670618,0.00790093429788047,0.007142253557349282
0.005675681592620702,0.007885019557475628,0.013330827835833963,0.022356092007706222,0.033984762683168884,0.04952857726662386,0.06307650767703893,0.07447530503823924,0.07965292778329153,0.07968576682818612,0.0723225232062584,0.06131414560102749,0.04889551345671085,0.03618132990834259,0.026209206608675345,0.01914333878218227,0.013671989024461446,0.00945764492965147,0.006434628407963105,0.005376481405803025
0.005715644852923822,0.007985198876479974,0.013996793574075524,0.023292886854561528,0.03618758499479818,0.051215663917177585,0.0656518431502136,0.0769996132679944,0.08273886148276317,0.08117377702811887,0.0746810368775294,0.06151399225446601,0.0483614727771534,0.034825852580664486,0.02460559690178641,0.017344839669625554,0.012064949189224522,0.00801606481120034,0.005279890480401038,0.004310337001537849
0.005807203029656343,0.008160105907757526,0.014817319969471944,0.02409329142356954,0.03783091652891666,0.05294845316077509,0.06859589028708671,0.08043817164435536,0.08539536364195366,0.08419449699240779,0.07494746208408237,0.06193325062303999,0.04748125454394197,0.03371288435871189,0.023375303381597084,0.01573967236596049,0.010673968321716517,0.006810939461129178,0.004221118614518189,0.003501322038434967
0.006107090389624435,0.00835488900705704,0.015018971997151947,0.02567573657314358,0.03916072571268917,0.05552621380224059,0.0716213171342821,0.08311086676340429,0.08948113165033841,0.08567231169954846,0.07567348336683098,0.0612024911448992,0.04611862680594485,0.03250024785269438,0.021848890971852938,0.014609789730786908,0.009203897145638244,0.005656449127107875,0.0035528557136805684,0.0025506295458437365
0.006214340814157765,0.00871014667354751,0.015942229646505424,0.0266249260518617,0.04098659852948845,0.05727586746335859,0.07390318502948039,0.08646672648449201,0.0914097886656609,0.08871079400071569,0.07615444506979448,0.060143886444429674,0.04488314845549536,0.03087211152727854,0.02073065255972941,0.013117365809977114,0.008105974649948845,0.004815394878563223,0.002720572237216638,0.001972549731808758
0.006606086934667953,0.009047466888784371,0.016491880616520245,0.027467319616128902,0.04278877396052864,0.059961009726026894,0.07695373225960488,0.0894119505548754,0.09346894959627472,0.08941195055487541,0.07695193712728568,0.06055699365600238,0.04305445354377072,0.029307330243312234,0.019310238357669342,0.011555266738711312,0.00703512355895753,0.003925954382097506,0.002256481325238484,0.0014971403542155105
0.0067670102427846305,0.009501047211407706,0.016862880700314792,0.02904779906440753,0.04420862529539602,0.062040781225085044,0.079075659008616,0.09169415335331603,0.0958883738929927,0.09023755305482944,0.07782509688273205,0.06045159984161935,0.04287385626418752,0.028239771100548417,0.017871571927926055,0.010266075904462787,0.006087980091337617,0.00343994166432261,0.0017575951941148325,0.0012003963099459108
0.007003800581265373,0.009904761904761908,0.017554214173932485,0.0295479543930248,0.04628482003129892,0.06368343393695505,0.08204426559356136,0.09408093002459202,0.0978761457634697,0.09205812653699982,0.0781095461658842,0.059732617929801016,0.04202101497876146,0.027575229152693947,0.016287949921752736,0.009425441538117594,0.00495059244355019,0.0027650346523585955,0.0013968253968253967,0.0009014084507042252
0.007356107427399309,0.010338216559371489,0.017903375375890474,0.030637642472095206,0.047517202070502154,0.06614421687026839,0.08380280557684783,0.0966174770534832,0.10072882103950358,0.09394626485917622,0.07777962410058768,0.058321764036371376,0.04049343274888283,0.025984908991175164,0.015201788193420775,0.008276290892327814,0.00427215274688165,0.002244175596019805,0.001070271641732375,0.0007540144120385013
0.007883933652924942,0.010515479735311063,0.018989950170113835,0.032377829358063326,0.04891464334968163,0.0686200172343967,0.0862023132628138,0.09837700510430734,0.10352234673251177,0.09434672537541906,0.07754586472604266,0.05773344489899325,0.038693539955790016,0.02486142010715299,0.013641221251474111,0.007445045289354102,0.0038929041028925608,0.0018269174158395882,0.0009063223117641706,0.0005245251174383192
0.008100652795286893,0.01105526025330811,0.01956602754186288,0.03310337203268791,0.05090590725349891,0.07051472935118105,0.08844386513295738,0.10076156478293354,0.10410667256280547,0.09482916948248904,0.07817495484282808,0.05759968902622771,0.038254766689431,0.023105493929413946,0.012774174912048276,0.006310413876847968,0.003323710501962309,0.00159409720426733,0.0006561831892286103,0.0004118975997603505
0.008270872408555063,0.011456914442201956,0.020367847897247913,0.03459004000827266,0.052805927785424436,0.07240891164661495,0.09110974818322505,0.10246682023377383,0.10447436546594306,0.09591466328153415,0.07810349377054793,0.05654645167271663,0.03721090278916853,0.0219029246689155,0.011893724905684596,0.0058782208085807405,0.0028847319588364076,0.0012997339913422383,0.0004938632587130316,0.0003120074739161752
0.008407966040783794,0.012081781079763593,0.021158683902463324,0.03556395284707323,0.054310194525392916,0.07569482250047141,0.09380059279185034,0.10479535160100054,0.10633959927840224,0.09546759748508235,0.07727287283440612,0.05520863355429595,0.03575965243752735,0.020902495347687004,0.010980526111662628,0.005187818234220387,0.00238931409072633,0.001012300608803635,0.0004643417555320715,0.00024373494447468887
0.0087643619377298,0.012380750778688745,0.0219544865101403,0.03647874370956466,0.05629328148597471,0.0766788280267467,0.09570889581847261,0.10743858987517853,0.10777657014068875,0.09635461600994728,0.0764120015013439,0.054656745463504366,0.03440639102893643,0.01975049941031338,0.010207004018407474,0.004845569701314388,0.0021595160122597898,0.000802258419711009,0.00030596108246184816,0.00016721128925240546
0.009450639349801703,0.013098223336712374,0.022403030464706816,0.03773675505522062,0.05744722474168135,0.08014191965000267,0.09846164790410639,0.10970673495882907,0.10779668854149996,0.09699976880257519,0.07648722189617453,0.05361646125664691,0.03331377047431041,0.018223692400718486,0.009290579594159598,0.004414092372263423,0.0017233100357466795,0.0006598018815913494,0.00027743690977965097,0.00011559871240818794
0.009664160223005432,0.013428264517102707,0.023177649742993352,0.038962030485693744,0.05968413483305665,0.08112354962137018,0.10007901067975818,0.11095762719387804,0.109363209431567,0.09733760642028355,0.07615919320330602,0.05296733929316513,0.03243166463961365,0.01745337038253598,0.008790603943431905,0.003991370968457871,0.0015393766146143124,0.0005433093933932868,0.00024324636240156958,0.00010120469092620045
0.009936754809953794,0.013525914907439786,0.024108789537119046,0.04031326160929986,0.06077076414319009,0.08383937177272914,0.10189345058159657,0.1114041923235995,0.11139531705135053,0.0971238792749968,0.07595813001563824,0.05161148318224663,0.031899503517270396,0.01670326237257328,0.007959344152881888,0.0035589841718394718,0.0013383910551456168,0.0005555920427859124,0.0001668551182807533,0.0000710021779918099
0.010392267769784939,0.014355195335980016,0.024307728861283344,0.0410885550297264,0.0628412151559372,0.08455132035526271,0.10422056218604663,0.11399755663794801,0.11124567136603086,0.09711743564010587,0.07464666112270534,0.05139748606769424,0.03057394184514617,0.016488261046106494,0.007489667131815658,0.003058635369882105,0.001312110245630584,0.00046633107378492354,0.00014362287823794232,0.000056739902513755
0.010567724916500612,0.01430658280089917,0.025750076230862503,0.04235954020380233,0.06356235684553145,0.08720456108751301,0.10566129386820214,0.11509973833313239,0.11179521908395322,0.09773328416738168,0.07411589927598408,0.05042051071132258,0.02976371978244066,0.015637963678653232,0.007034513079797759,0.002857770938667839,0.0010565952105744624,0.0003350612328835122,0.00012232394216382187,0.00003013778285195612
0.010831464260068611,0.015436033368498506,0.026217852678610997,0.0431733761225521,0.06489304172835347,0.0882474446148527,0.1071089795303233,0.11686243916277336,0.11378799833334811,0.09792643682236857,0.07354367425820692,0.04956161736154822,0.029244421592007158,0.014934264767156317,0.006827953652893148,0.0026489126869442656,0.0009290697777501973,0.00032623824256877167,0.00013829664630632705,0.000024822474978058706
0.011027775955867626,0.01586539058109873,0.026824032432758223,0.04398878963910224,0.0665566429897132,0.09010478248460882,0.10810801228814389,0.11857917007166904,0.1150728301197792,0.09821829004770252,0.07347714408788189,0.04836019222826309,0.02821557786361437,0.014557160609160095,0.0064968331262264655,0.002297379462916644,0.0007941558637242715,0.00028717243286458037,0.00010813282965888523,0.0000177266933867025
0.011357803556194316,0.015779152049785306,0.02780422877735024,0.045036514179112384,0.06762999437154195,0.09144297380820056,0.11036556658041088,0.12001536321253979,0.1147479760560439,0.09816172436131161,0.07249206175020265,0.04764542838229619,0.027742280339689836,0.014041055884570589,0.006338210150340009,0.002283242416626252,0.0008371888860962928,0.00026018343817368927,0.00007079821446903109,0.00002477937506416088
0.011853695969672645,0.016058363185645425,0.028859789024015054,0.04601617506126648,0.0690870320141735,0.09268303033089213,0.11216630537412345,0.11968625897779553,0.11594661593247066,0.09741991152163687,0.07198326620246764,0.047264490895781525,0.02710224520034939,0.013749155707066604,0.006004646705400999,0.0021677552593703255,0.0007656101364660283,0.00023516431443413807,0.00005481273494329536,0.000010608916440637808
0.012072722898727102,0.017319271780430343,0.028891396791928176,0.04726139346640158,0.07014384671445048,0.09499508246598412,0.11292639265270886,0.12151969490062331,0.1156805654810339,0.09636420884307054,0.07233197246180949,0.04742413200217929,0.02660421280540009,0.013146443455434404,0.005748915666060524,0.0021049875823421606,0.0007110966454634865,0.0002034231697221418,0.00004068463394442833,0.00001768897128018623
0.012664829288213258,0.017001348864425864,0.029924283272136493,0.04812246203998507,0.07215805933235632,0.09581710600518685,0.11480020719123292,0.1225910925448281,0.11522095389287931,0.09631386996805506,0.07189995421285893,0.04639881483786226,0.02636561474098444,0.012864595579331084,0.005503296143803446,0.0019958950678940217,0.0005904596569323319,0.00017148079857016833,0.00005126745524262765,0.0000017678432842285398
0.01290298617019206,0.01757777608764479,0.03071954267359779,0.04945053973217682,0.07306680722284224,0.09673613702812127,0.11653191786661196,0.1231735509124065,0.11539815307770268,0.09653096274494889,0.07174909307660604,0.046150063763214746,0.025469911014498397,0.012467875190361053,0.005166500699538178,0.0017722813080921801,0.0005889916922102754,0.00017510563822467648,0.000045987339331733216,0.000015918694384061493
0.013320579712194854,0.018036001280076947,0.030882740354779337,0.0503261190506921,0.07410478596724485,0.09857653321923442,0.11727909390354509,0.12360168390232519,0.11606797137861102,0.09688626587056727,0.07026985931530028,0.045246476694289696,0.025495455196422854,0.01222968540871407,0.005183958019133966,0.0017998871976392832,0.0005074338170161832,0.00014851721473644382,0.000047737676165285506,0.000007072248320783039
0.013673297644388186,0.018278798079303004,0.031368673403721174,0.05122447969336739,0.07545064954351623,0.10052012983798539,0.11705219685022666,0.12455359352790177,0.11636446569123167,0.09663771949054856,0.06968184036150969,0.044644183102675254,0.024837879312905303,0.012195294433797481,0.004837101416478675,0.0017025324064579553,0.0004437545524620422,0.00011668446399400314,0.000035358928483031246,0.000010607678544909373
0.013599844613564529,0.018676390090583226,0.032120848268677275,0.05197499690992885,0.07658255787261843,0.10076810340260978,0.11953278124061938,0.12510197234827747,0.11686649126834174,0.09567390037610582,0.06921053096251302,0.044198612116610456,0.024920099588579096,0.011837621174933343,0.004606854660710188,0.0015556301096533815,0.0004679250613599843,0.00012183709144844877,0.000024720569279395407,0.000008828774742641215
0.014305588412879442,0.018945238708948445,0.032692939186684145,0.053523697878966554,0.07707504298914945,0.10171391647923282,0.11983291609436075,0.1266476231502307,0.11674158136513058,0.09560186574674005,0.06879676283760164,0.04359647047607615,0.023960933720794737,0.011558519972741172,0.004452510672254962,0.001558908375733993,0.00043960156914809104,0.000102397152652969,0.000028247490387025928,0.0000017654681491891205
0.014393265251352457,0.01951883554387898,0.03336652683023292,0.05390058900800883,0.07859443196745625,0.10309405765781035,0.12096028080285888,0.1267002839103352,0.11670515699817786,0.09601748661666454,0.0682956198708985,0.04262186250829837,0.023728053448592447,0.011091571676765966,0.004362826108450922,0.0015608005988954328,0.0004219811573936749,0.00009887424608387363,0.000024718561520968398,0.000005296834611636086
0.014855329528166351,0.01956237049901341,0.034168846342556805,0.055028432857157986,0.08033738205923775,0.10420615674605276,0.12199125305772346,0.12680948397276376,0.11720302577841785,0.09517153255041491,0.06785410467386048,0.04205627270128028,0.022799233318861002,0.010903674209933677,0.004175800126368253,0.0014260551572719989,0.0004006367830454748,0.00009177582695314844,0.000015884277741891076,0.000007059678996396034
0.014972780772726069,0.01995959025578132,0.03423887629147954,0.05586250099259741,0.08142828152710012,0.105554134058003,0.12272562842446111,0.1273365743477532,0.11698356258657656,0.0950476005611484,0.06739074810965333,0.04144204554478157,0.022138893055347227,0.010404185673069288,0.004162733039818599,0.0014434572389027613,0.00038468664802054025,0.00008470164727057762,0.00002117541181764441,0.0000035292353029407355
0.015057207511495297,0.020182690119953224,0.03488538214476577,0.05658490469530186,0.08162674986904091,0.10695785145977482,0.12359538671290067,0.12726576844318316,0.11708711733051602,0.09488315980887911,0.06654837725386306,0.04136719514754725,0.022024054140335224,0.010092226939296718,0.004127195218097575,0.0012893075659954395,0.00043564838413252203,0.00007584162152914345,0.000019401345042339023,0.0000017637586402126388
0.015214008743115412,0.020607007899852862,0.03555639450573878,0.05660091100581112,0.08274381401650537,0.10726370125219192,0.12475698867064425,0.12783189790525118,0.11705824862484693,0.09431132970859808,0.06653659018498852,0.04101819541815589,0.021907184667440537,0.009826302029122547,0.003992265977002573,0.0012807711441908387,0.00033342389290918497,0.0001058488548918048,0.000010584885489180484,0
0.015597220262452381,0.021149640186256525,0.035501622689431356,0.058139904049668414,0.08378368844362916,0.10788062649922397,0.12466311556370824,0.12812544094821504,0.11646677014251448,0.09422710596867505,0.06631332016367998,0.04120043742062932,0.021100253986171862,0.00969027797375476,0.003755114999294483,0.001243473966417384,0.0003404120220121351,0.0000670241286863271,0.00002116551432199802,0.000005291378580499506
0.015717279313924366,0.02123718498909942,0.03658964295092889,0.058951253170156565,0.0841820863904011,0.10885070699558164,0.12450982638380967,0.1284347401573138,0.11602728934210547,0.09386659522982865,0.06593396909769283,0.04056037969619371,0.021619630561102297,0.009740906343132993,0.0038667538478078106,0.0011473367160086073,0.00033838502223295345,0.00006344719166867878,0.0000070496879631865295,0.0000017624219907966324
0.016007685663417304,0.021299511713585642,0.03713620899363642,0.05958151915246171,0.0854748012480389,0.10881735972782883,0.1255019478573569,0.12757319889298244,0.11626504962188651,0.0939713374112006,0.06547268592783234,0.04009589451603237,0.021389412822365988,0.009931428369969504,0.003798762537679142,0.0011986814504045553,0.0002979075957623084,0.00007756174090853006,0.00001762766838830228,0.0000017627668388302279
0.01619348981516575,0.02206023639745093,0.037377592483230956,0.05965465875737088,0.08595277339515045,0.11020775122738051,0.12650348602505002,0.128387966823266,0.11549452196063567,0.09280142437837698,0.0655284567177598,0.04036561395467728,0.02159660828713211,0.009725613249539458,0.00383066115483945,0.0011899200550007493,0.0002996835694075961,0.00005817386935559218,0.000005288533577781107,0.0000035256890518540715
0.016550579437671468,0.022527324402281456,0.03798193232816419,0.06066959982943724,0.08640554822362752,0.11135740124362814,0.12530196481966688,0.1287290783091027,0.11605668745253582,0.09292146888374776,0.06528607147073383,0.040311312293734476,0.021019042064514312,0.009440860707659288,0.0035099280570469026,0.0011541179103241573,0.00030659010136855497,0.00004933633815126169,0.000008810060384153873,0.0000017620120768307746
0.01688752338638357,0.022810312206018632,0.03889450671026253,0.06030780180326194,0.0868053231108559,0.11103731603592427,0.12679559860333525,0.1286559391725008,0.11648621128254275,0.09278977094556744,0.06514715364369546,0.03983172373942548,0.020710382321127194,0.009444399423576293,0.0035797462467276686,0.0010217779641250233,0.0002624912356114284,0.00005813564278642374,0.00001409348916034515,0
0.017274424831765493,0.023186414402987708,0.03890885389141387,0.0610823380192369,0.08641616460557376,0.11155268999048729,0.1275834126061375,0.1294736285804883,0.11572243948842617,0.09283902335905295,0.06565725962724168,0.03964521016101186,0.020547510833949893,0.009435225310925553,0.003509142796744531,0.0011274354367050705,0.00028714371278582256,0.00004051721100658844,0.000014092942958813378,0.0000017616178698516718
0.01745290499938323,0.023289336881244824,0.039069906779213,0.06029393624332565,0.0877491321127108,0.11182970024847128,0.12707632121521845,0.1294200574479708,0.11698239554513896,0.09335823920207234,0.06492854247801648,0.03979946076444569,0.0205720126174071,0.00919519974624209,0.0033852009797874782,0.0011348617548064212,0.00022027596172484877,0.00004757960773256737,0.0000035244153875975823,0
0.017806312971182982,0.023877968012400493,0.03916367223279082,0.06141760022546327,0.08787606566617347,0.11252906362291268,0.12726343972380755,0.13002184175297682,0.11600789121397871,0.09316916789966888,0.06523638413302331,0.03885542168674698,0.020781371098428803,0.009273937856689918,0.003434791798774043,0.0010815190586909039,0.00024660043683505953,0.00004755865567533294,0.000014091453533431974,0
0.01808811463142363,0.023859830757366068,0.03947234048547209,0.06260674505495278,0.08780297988174848,0.11209771420321088,0.12799018209605909,0.1296241517619757,0.11689750009684086,0.09236858693317272,0.06455588774910116,0.03942127893341222,0.0208507206721813,0.009337221054262584,0.0035672656714946242,0.0010969429977004694,0.00029228336696352804,0.00006866898380468428,0.0000035214863489581684,0.0000017607431744790842
0.018119987460947545,0.023917538119071692,0.04043492196553168,0.06276922860171955,0.0881114989450994,0.11248164050254833,0.12854113760201188,0.12952911631380035,0.11603906830613601,0.09236808458929319,0.06459725338395918,0.039807969342721176,0.02088844117740293,0.009395483827792319,0.0033830786191544624,0.0010284840778689254,0.0002888208711823694,0.00008629404078009814,0.000015849925857569045,0
0.018041391563058503,0.02392123547223818,0.040467990454066356,0.06306026840006909,0.08972225845227565,0.11307066740458474,0.1291873618606815,0.1307436874517504,0.11638072341820563,0.09175447069067016,0.06412308191242978,0.03889227688847685,0.020641142691967384,0.009383779668007377,0.0034863103274452643,0.001089251659434365,0.0002291306079716301,0.00004758866473256933,0.000010575258829459851,0
0.018153538847974243,0.024353854852716083,0.04061911564470076,0.06322737016767273,0.0898746373607791,0.11417564861118203,0.13046733120432327,0.13018021429842197,0.11679669128591384,0.09173297070879122,0.06364835753276743,0.038568783874950906,0.020461042815648048,0.008893578269301566,0.0033855134548618757,0.0010603949530836887,0.000265979464976141,0.00007045813641752083,0.000010568720462628124,0.0000017614534104380206
0.018651133150958874,0.024516690079603984,0.040236805137467385,0.0637747288148125,0.09094429833363261,0.11426393597881926,0.13100858709084573,0.13017417112920776,0.11617921987388703,0.0925127890969648,0.06406166932482721,0.038333843840989194,0.019614056212174023,0.008810657991557258,0.003423922036679095,0.0009998908569839207,0.000244691600564727,0.00004753002313127793,0.000008801856135421838,0
0.01884736189751824,0.02420666779345897,0.04066839910983408,0.06452118369531536,0.09118038536296796,0.11501556381869914,0.12971668216006088,0.13076248626721879,0.11639940561705968,0.09245154793092762,0.06339791261725686,0.03861024254204342,0.019884362939801118,0.008700949322516124,0.0031726245809741128,0.0010845375926082424,0.0002640919462520069,0.00007218513197554864,0.00001936674272514719,0.000005281838925040142
0.01885012312691313,0.024173007834708937,0.04108689644489741,0.06458750283834379,0.09134274343308463,0.116494429805338,0.13100210697519682,0.13036138937148067,0.11640289871909283,0.09210315553419829,0.06372675858499983,0.0379237933298481,0.01948908051743228,0.008614483386227742,0.003198307378989745,0.0010578881314104766,0.00029043517750869976,0.00007744938066898664,0.000019362345167246658,0.0000017602131970224233
0.01859784858426144,0.02465222533545471,0.04183855933993213,0.06475367134590206,0.09219020598960902,0.11671571181166665,0.12973614181321544,0.1310631767174014,0.11603635442039899,0.09136124917280317,0.06413415372484971,0.03773249510721879,0.019854483758782366,0.00869260662039058,0.003229587598383622,0.0010806358503583349,0.00027455894569364855,0.000054559790490404495,0.00001759993241625952,0
0.018793618616240647,0.025142623856633548,0.04174541333643041,0.06521456047920209,0.09265887470568983,0.11621600695434274,0.13097286891275045,0.13073354942475343,0.11596260984940465,0.09111561594853224,0.06382615550839553,0.03786878957130136,0.01985471899316884,0.008566229908601071,0.0032360921943133474,0.0010452630578695638,0.0002833120409377101,0.00007038808470502113,0.000015837319058629754,0.0000017597021176255283
0.01872343272911684,0.025317926810800518,0.04159021514426887,0.06593965817805311,0.09239335232735459,0.11766725714829074,0.13206244783394205,0.1311696818794924,0.11516680812399409,0.09098112689250536,0.06255348671768522,0.03805084715917296,0.019767634328699865,0.00872339751152496,0.0030762566517226705,0.0010917453486365516,0.00031167568823978973,0.00005986990621555281,0.000008804397972875411,0
0.01918576621658238,0.024840851746671867,0.042075314337594885,0.06615605502359509,0.09342503932519025,0.11750050146215808,0.13128103346951983,0.13131446428005866,0.11610520500124917,0.09097227354144893,0.06252617280561916,0.037569192980233576,0.01959221449208041,0.008667377511269695,0.003066836987848779,0.0010222789959495934,0.0002709655169986874,0.00007565920279833484,0.000005278549032441963,0
0.019144187749268703,0.02582186066650006,0.04289269609723988,0.06698793653922648,0.09308788690549528,0.11629429634505649,0.13164907191962857,0.13220701138055688,0.11622741401220074,0.09028938929389856,0.062351934835487045,0.037589631126333706,0.019131867319532106,0.008516937070765026,0.0032121120384679016,0.0010120352997912566,0.00024640859473178415,0.00006688233285577,0.000007040245563765264,0
0.019324419968097806,0.025861552925600273,0.0425521051575215,0.06709672421503345,0.09418718066994607,0.11663843827136584,0.13159127161584966,0.13160183525650282,0.11686907775895884,0.09063075498339745,0.062459285968316104,0.03712767568214709,0.019551538242139763,0.008348797329511643,0.003054652755525662,0.0008697397471064425,0.00023416070114404213,0.00005105759649005434,0.00000704242710207646,0
0.019812652876764848,0.02585123013591195,0.04227004081402976,0.06713828763955637,0.09391798859458003,0.11727395340412923,0.1324618368599398,0.13244073525041455,0.11551900287861126,0.09019355451337051,0.06265771255035811,0.0375274540732261,0.019293904975935375,0.008431851472804421,0.0032320631922866587,0.0008862676000611953,0.0002391515746196876,0.00005099555635272746,0.0000070338698417555135,0
0.019904409578744234,0.025822079381916628,0.04332177593422308,0.06613048778557067,0.09339504315993716,0.11814582024990015,0.13251428842835208,0.13219412912271072,0.1161668135529415,0.09120670153236687,0.062066927367815536,0.03702237772817068,0.019179653348391376,0.008519403940774044,0.0032174251099887944,0.0010413973018662472,0.00023748080363503936,0.00004045969247115485,0.000003518234127926511,0
0.019795849802023906,0.026086054075352295,0.0431290600049604,0.06629164665797718,0.09347707927662652,0.11845320077466612,0.13338188188980532,0.13212419283627352,0.1161911194839781,0.09098632724893271,0.06189765049612756,0.036710448317774924,0.019283979152264805,0.008564598603701299,0.0032277754031201232,0.0010096692541640066,0.00019524962928955532,0.000036939119054780716,0.000010554034015651633,0
0.01995840093474719,0.026787756782724065,0.04327956894640337,0.06702306249362111,0.09458860213767104,0.11873682432313531,0.13165998571131934,0.13250287709271097,0.11559225877293319,0.09117656374827993,0.0613111096251509,0.036747600663051105,0.01882868012711998,0.008634797512502597,0.0031674415167117736,0.0009836665599121564,0.0002797906673095401,0.000042232553556156986,0.000008798448657532703,0
0.019889029056957823,0.026555016357496516,0.043314861602577824,0.0665772948812105,0.09494200204512632,0.11877194030480108,0.1328998274644299,0.13232178059519503,0.11657571359798158,0.09039669125269259,0.06176843688395841,0.03597946440180056,0.018683739840255252,0.008452837349207076,0.0032750132652093087,0.0010383759869842825,0.0002600332420874345,0.000035139627309112747,0.000003513962730911276,0
0.019910006699384048,0.026217274563968558,0.04360578081233106,0.06747387503978311,0.09478837155733426,0.1192384857633693,0.13230140546395433,0.13154882373938165,0.11631607729084643,0.09003725982884042,0.06212667638458331,0.03683254529117702,0.018953454227029997,0.008308291235060461,0.0032477066478638463,0.001012820264845466,0.00030068101612599785,0.00006505963506819833,0.000003516737030713423,0
0.02049466484460602,0.026280938537110405,0.04379804673691096,0.06796497281858362,0.09448510078492826,0.11917261562434599,0.13260591606913275,0.131376552752701,0.11646414708742901,0.0894920214496638,0.06181287999901511,0.037060291564879264,0.018925863588158006,0.00837338876900105,0.003287095906167394,0.0010763524315540102,0.00026381187047892416,0.00006683234052132743,0.000014069966425542617,0
0.02016239634836795,0.026518641469092653,0.0439539185415978,0.06795995301829334,0.09498322584275196,0.11833693198202316,0.13283409409001076,0.13133778299796744,0.11568717779200041,0.09101474859863694,0.061779537638114265,0.03681347277803957,0.01921643234423243,0.00844158584359593,0.003173726816848708,0.0009776133574337295,0.00026022801600753974,0.00006857359881279756,0.000014066379243650788,0.000005274892216369045
0.019999648326915302,0.026359656063723164,0.04368131385064444,0.06845492430236853,0.09604895289339033,0.11862988166200698,0.13261416187512087,0.1315696928135605,0.1159061736210019,0.09024810536125619,0.061548064918851446,0.03678500465966837,0.01920662552091576,0.008540380861950733,0.003177366320268678,0.0010286437727488522,0.00027606337148986285,0.00005626769355207399,0.000010550192541013873,0
0.020106156851230968,0.02613132295206767,0.04446351056030353,0.06874526399440205,0.09537414224455461,0.11917064740207567,0.13190665651630415,0.13223367165921504,0.11593741703748894,0.09028255163235059,0.061114910659814586,0.03683491537164569,0.019024897104509456,0.008767873751057087,0.0032332303645867216,0.0010197246391845016,0.0002549311597961254,0.00003867921045182592,0.000008790729648142255,0
0.020682403252352755,0.026536145849452072,0.04462841307130698,0.06846891836763404,0.09544642480340992,0.11892821472280443,0.13260160085529,0.1317698735352455,0.11529710073571822,0.09053870609253452,0.061706078467230314,0.03691427405854798,0.019057633603893814,0.008565208828618453,0.003138759548159297,0.0009266813904089358,0.00023210994977984734,0.00003516817420906776,0.000015825678394080493,0
0.02068946102537666,0.02708157021027278,0.044366480926600727,0.06878247298792839,0.09461306889859716,0.11896044211648664,0.13261383250316264,0.1316496497799798,0.11583740501128692,0.09094987833351223,0.061549343106533386,0.03730753734008731,0.019246705855650584,0.008313436801165466,0.003123037105199726,0.0009782583833752375,0.0002234511055551352,0.00005454318324574168,0.000015835117716505648,0.000001759457524056183
0.020884950772569105,0.027343688179965422,0.04480672144782632,0.06882696456926216,0.09446672774302911,0.11931167760121125,0.13251401913530642,0.13185988074283397,0.1157367761176183,0.09054365582473312,0.06130437305582859,0.036916616697761695,0.019437757501050663,0.00863040653294343,0.003084297689238545,0.0009653816598585868,0.00024969798852444324,0.00005451153270604041,0.000007033746155618117,0.0000017584365389045293
0.02082054115109407,0.02719478659561105,0.0451721644460318,0.0691859861606915,0.09593388941572642,0.11759013760136246,0.13292844060586123,0.13180947287119027,0.11706584139863935,0.09035136642498603,0.06127579915584792,0.036243294550662324,0.018890497747109776,0.008640331045548672,0.003177446114490103,0.0010362767228320438,0.00023223858644113714,0.00006157841307151367,0.000012315682614302729,0.00000879691615307338
0.021121149817878673,0.02712385481649804,0.0452005621050447,0.06916037757418961,0.09524831289341637,0.11874557008109721,0.13277005577081027,0.13203840464879865,0.11737020667385421,0.08982072788733979,0.06133382110074803,0.036185072558334225,0.018583234988400872,0.008535343497890346,0.0032396667469841373,0.0011484812083499686,0.00027612794748996163,0.00006859229268858924,0.00000879388367802426,0.000001758776735604852
0.02099314466514325,0.027584812796625075,0.04515556336790296,0.06900861311302514,0.09535770785726841,0.11830725962383548,0.133251889611531,0.13232378273861836,0.1164229214273159,0.09092986465108102,0.06092283353840745,0.03677799261733169,0.01866760414835648,0.008247495166110036,0.0030444717876603974,0.0010142380031640003,0.00026190894709087696,0.00008788890841975745,0.000010546669010370892,0
0.020790243833804678,0.02793078946998157,0.04570125082661488,0.06913666230495405,0.09495518692049021,0.11943705767309663,0.1333505691331448,0.13239556512318323,0.11561880038833314,0.09009047036145934,0.06154939287774542,0.03657331194687153,0.01893299846636557,0.008392779255132047,0.0029951599060121297,0.0009075176227259299,0.00027612454799994375,0.00005452140756686787,0.000008793775414010947,0
0.021403762128886387,0.02733666081634016,0.04538131655185622,0.06885816735447532,0.0961930713160073,0.12011264953030487,0.1331309436594231,0.13233508843128677,0.11544820001440625,0.0901371927919761,0.061131519907800275,0.03683597476453754,0.018706989998225582,0.008313436952629923,0.0029778688999804997,0.0008608588560415602,0.00020730886737327375,0.00005270564424744247,0.000015811693274232738,0.000003513709616496164
0.021203512941490824,0.027600427515697846,0.04513349318295281,0.06990901228404482,0.09599766553928153,0.11916824289641882,0.13362853948543424,0.13191988299570373,0.11568588846621711,0.09005252536616579,0.06183156725286005,0.03644958057053657,0.018753032337906154,0.008386831391465153,0.0030534324307220657,0.0008701491382886719,0.00023555552430440822,0.00004218904912914772,0.0000052736311411434645,0.0000017578770470478214
0.02130822857885979,0.027777143168450116,0.045561825495712874,0.07046741027258714,0.09722175846925202,0.11901853859820855,0.13320234996810362,0.1312832913612487,0.11611007523342391,0.08992336067230317,0.06084575654316388,0.03630394935934725,0.018596591737855193,0.008317678009380892,0.003012148765704383,0.0010315818701683043,0.00022845935795890896,0.00002987545450231886,0,0
0.021263471991086916,0.02789732378995907,0.045925584877278124,0.07013079671242121,0.09701063700793076,0.11991719547105623,0.1332112587448225,0.13177377774575566,0.1153516995840443,0.09003059479730288,0.06032148260876441,0.03654505483691268,0.018543153425615633,0.008178528813761859,0.0029522837144649594,0.0009173167255658979,0.0002003335377672652,0.00004569010510481487,0.000014058493878404571,0
0.021292231526426737,0.027793649426247236,0.045647056341519596,0.07015307692172457,0.09669672415035889,0.11930928148607853,0.13407196566801274,0.13156141273103503,0.11533951360673986,0.09059087656623864,0.06063125990024596,0.03622193428610107,0.0184880775106848,0.00825247583065371,0.002969414503190053,0.0009282716741766424,0.00023206791854416055,0.000050984618468035294,0.000014064722336009735,0
0.02136813751002209,0.027847326741029358,0.0459960896290774,0.07036381922270826,0.09685728552740774,0.11905004712137623,0.132611508868665,0.13129808841939433,0.11525044659811796,0.09008095030453067,0.06110833696707132,0.03692170818505339,0.019013826959053647,0.00855569465348206,0.0030699224958856703,0.0009600101275793683,0.00023033210020677135,0.0000738469328907206,0.000007033041227687676,0.000003516520613843838
0.0214249178702693,0.027234201122483592,0.046126236340274594,0.0701279800041131,0.09618977812229201,0.11949546243125092,0.13296139858714012,0.13129859012826128,0.11551069839712998,0.09002543429006339,0.061668046481296916,0.03670658461603361,0.019064292330867247,0.008449387168954346,0.0031533598046815264,0.0009632336527120827,0.00021268480287985763,0.00005624722059632601,0.000015819530792716687,0.0000017577256436351875
0.02139192465825633,0.02830235091541625,0.0458885335769758,0.07019186843307444,0.09600274097761537,0.11984924623115581,0.1325631654777383,0.1308799240960045,0.1156218153705591,0.08936114137119164,0.062402923709456375,0.036479600801208836,0.0189584285061672,0.008565555047967107,0.0032083494395052183,0.0009242014267139893,0.00020381628421829425,0.000028112590926661283,0.00000175703693291633,0.00000175703693291633
0.021846477185262766,0.028265812863976166,0.04610218218752966,0.07083586674211244,0.09614593840389976,0.11919615085878167,0.13228787021449334,0.1307836404469109,0.11569741082693981,0.09008860194495504,0.061984458635438666,0.03650744558589398,0.01913499759252946,0.008324224776913587,0.0030102168129307522,0.0009366290492072919,0.00025129072051902963,0.000052718332976020175,0.0000052718332976020186,0.0000017572777658673395
0.021459084117078316,0.0280777006240661,0.04641293838445987,0.07063725059330227,0.09642084908148017,0.11918080337523074,0.13216313615188538,0.1302856640590665,0.1151147051067944,0.09065658785268525,0.06217104684890567,0.03703612551639271,0.019344291113650346,0.00830271600597697,0.0030078228003867446,0.0008912718642875983,0.000253142304649732,0.00005976971082007561,0.0000035158653423573877,0
0.021460540778193014,0.02832270828753572,0.04620619916465158,0.0695818861288195,0.09733128160035175,0.11931589360298965,0.1316227742360959,0.131721257419213,0.11547856671795996,0.09007166410200046,0.06147460980435262,0.03722312596174984,0.01919191030995823,0.00849241591558584,0.003021323367773138,0.0009566937788524956,0.0002532424708727194,0.000051000219828533726,0.0000035172565398988788,0
0.021886856112592105,0.02777372628338163,0.04534998761121351,0.07021190975340165,0.09670458279663233,0.11996738498197915,0.1317920862892158,0.1313193794008748,0.11627710815849913,0.0905611505228771,0.06181916589200142,0.03671298256959247,0.01903304203576757,0.008651063239043834,0.0029223477892605914,0.0009278410299035431,0.00020911568666386686,0.000038660042912647644,0.0000052718240335428595,0
0.02135145998011521,0.027637730314419302,0.04551640494440018,0.06969368975510691,0.09652227871129694,0.1200737570248983,0.1319341122714484,0.1321509410014314,0.11636298892234358,0.09042110607331984,0.06175035432987581,0.03683620440426747,0.0191514416466291,0.008369941544384665,0.0032612451257606635,0.0009254884816347828,0.00022740574120168965,0.00006169923210898551,0.0000035256704062277443,0.0000017628352031138721
0.018370515856550893,0.02521031242016463,0.04208241456595831,0.06583055060815302,0.09180728261677026,0.1165610046438142,0.1309490376270345,0.13202347454417965,0.11799781488883293,0.09268966167014246,0.06422161303239436,0.039667196335680895,0.02126044314634266,0.009773208652750321,0.00365997061152311,0.0011088623832931402,0.0003261359950862175,0.00005797973245977201,0.00000905933319683938,0
0.02075340726919601,0.026881787242956905,0.04314720361595722,0.06599370474061793,0.09131321667160794,0.11500299140215985,0.12972566090459295,0.13052100106341236,0.11754879003552399,0.09300331450909938,0.06494627015645832,0.040564123412648416,0.02201565470875105,0.010097979516440281,0.004042387369714227,0.0013971712164976278,0.0003976700794097442,0.00007456313988932701,0.00001597781569057007,0
0.022229497872766766,0.027160242028689916,0.042734308747598135,0.06525006172375665,0.09061942026185182,0.1144394230528391,0.12892393128446247,0.12996518422304992,0.11661138364982411,0.09383800108061303,0.06611956160030917,0.041269040437111555,0.022050588433146903,0.01056818059834473,0.004342132099573838,0.0013990718178272519,0.0003739207288054931,0.00009661109739472075,0.000007156377584794129,0.0000017890943961985322
0.022737252022688666,0.027981126371253346,0.044020471624773246,0.06574637931530909,0.09129811983530564,0.11331015519276724,0.126419841064179,0.12839574155653455,0.11580432466672425,0.09326142351213618,0.06602710834700985,0.041583887593216434,0.022609484322363316,0.010991621318130777,0.004626630387837952,0.0015602055800293688,0.0004138953672511588,0.0000827790734502318,0.00002159454090006047,0.0000017995450750050388
0.023399366285980615,0.0284773882600323,0.04471585838623313,0.06700965745481084,0.0901796004783565,0.11254023939504516,0.12676267518362896,0.12729558748613526,0.11432865695260869,0.09242144511364579,0.06624190244272547,0.04128173537923484,0.022588255696742193,0.011064704585936174,0.004330138268161471,0.0015156387179755836,0.00040826501819127726,0.00008490467192473467,0.000018064823813773345,0
0.02463712411569966,0.029196868552448855,0.045954609239873385,0.0671270527915064,0.09062922660207484,0.11150433492999934,0.12502946156942232,0.12593778441745865,0.113727097029186,0.09104803414278616,0.06516899156220653,0.04085639796506674,0.022760648770953983,0.010780214879089726,0.004411076824894937,0.001539253688588492,0.00040611640311404257,0.00010515514009202894,0.00002175623588110942,0.000007252078627036474
0.025830218065705037,0.030021063267950582,0.04613200980650507,0.06762599341750158,0.090283091048202,0.11082840978687751,0.12315378366442703,0.12505111340906908,0.11242587419831457,0.0895325190323618,0.06479272036012917,0.040870736233000804,0.022291807133887148,0.010529816609631674,0.004283530850690689,0.0015374913447960643,0.00040890727255214483,0.00010540720803566399,0.000018173656557873102,0
0.026388348313830193,0.03095706641737568,0.04686755446268454,0.06835798961853386,0.09028674526122808,0.11103148996227899,0.12250602918014067,0.1228188554197146,0.11061863207632958,0.08818062441572427,0.06343279510245056,0.04005085245150282,0.021388584752267088,0.010235965560013532,0.004243160563523734,0.0015950500703859043,0.00046378308774048523,0.00008911910313444616,0.000021825086481905183,0.000007275028827301728
0.02779139952347184,0.031889468800530854,0.04762547146938022,0.06735745628027294,0.09048201534588397,0.1111747130166566,0.12209439049422934,0.12133055996616542,0.10877931131289523,0.08665557076734885,0.06086398529945257,0.03928349415095405,0.021073701442527668,0.00995349566403124,0.0040780164469666445,0.0014146360137890553,0.0005104356750785251,0.00011484802689266822,0.000021875814646222503,0.0000036459691077037503
0.02833455192571022,0.03291658081820122,0.048221614850660136,0.06802480458458157,0.09019103030921856,0.11002886331769528,0.12140279735325385,0.11883737170592605,0.10553982426743144,0.08411569395037263,0.06054915060160779,0.038173241899399586,0.02069844488163852,0.01010307285845305,0.004334055979885021,0.0014896608058754994,0.0005014158159311654,0.00012398645630297913,0.000027349953596245396,0.000012763311678247852
0.029488890834026282,0.033880038513720505,0.048948166951142985,0.06960917326797673,0.0904251827213445,0.1087191999649875,0.11929041387661025,0.11762185070097887,0.10300414314266125,0.08176506630487113,0.05816264752651465,0.0367138605628255,0.02001181670970283,0.009745138372211764,0.004062905743504456,0.0014625001823566314,0.0004485973127926822,0.0001094139787299225,0.000023706362058149882,0.000003647132624330751
0.030535830157468077,0.03394291667809064,0.049400926712910936,0.06967894058618704,0.0896480501558231,0.10773266068964253,0.11705462488233295,0.11515733099370304,0.1013315786106618,0.0803114632742029,0.05691698882278213,0.03559162485491551,0.019301949387217944,0.009713121121560244,0.0039718878805326315,0.0014896864347142642,0.0005099662764236559,0.00010601449474040159,0.00002558970562699348,0
0.03200666897009384,0.034776265925182494,0.050006307002967036,0.06939897003899374,0.0899616278283252,0.10776565736338029,0.11536879514305932,0.112381652288528,0.09821557518953,0.07827630522969373,0.05513600274948768,0.034456345484825714,0.01895025876993333,0.009058318754101837,0.004014544497277022,0.0013674313679249597,0.0004954196533524921,0.0001096870081223229,0.000016453051218348444,0.0000018281168020387158
0.0326904569286201,0.035457120369034555,0.05116227257204738,0.06981853244483566,0.09005809080134623,0.10627822590217884,0.11290908725673002,0.1098867585478943,0.09625797356055892,0.07615172637972505,0.05320759471941651,0.0337916437633197,0.018548515223953645,0.008951936755717314,0.0037107987530839623,0.001386070990940319,0.00042367387338360194,0.00014974680007523862,0.00002556652684211392,0.000003652360977444845
0.03421028542135809,0.03602094432544258,0.05149850789989197,0.07033192361912087,0.08956994562530894,0.10544113070064624,0.11147727064682082,0.10792735394811517,0.09446000622471211,0.07318430640229948,0.05106277805239742,0.03200417421870709,0.017870416140312328,0.008925138682924149,0.003518793138170299,0.001411545010160927,0.00041009867999487385,0.00009520147928452422,0.000020138774464033983,0.0000018307976785485436
0.03504422443695614,0.03766085986158218,0.05253610242258659,0.07111641279072964,0.08975169449132278,0.10365027971246331,0.10984921363508934,0.10534522912967555,0.0907521727419151,0.070407282602123,0.04954566193729971,0.031108277033527015,0.0169073494839108,0.00843260239784952,0.0035896280089933097,0.0013669538002598317,0.00044710017059436846,0.00011360742039692966,0.00003115042172173878,0.0000018323777483375752
0.03570237087059015,0.038176992253518546,0.05259212007229561,0.07105279558894158,0.08909186894405156,0.10282693414574236,0.10757087498945993,0.10285809604463844,0.08928067339030461,0.06876331254651373,0.04796366155978135,0.030357188683464768,0.016743104971606002,0.008061766549717894,0.0036294446949616697,0.0013087997536376937,0.00042343521441219536,0.00011181622545083935,0.000025662740267405754,0.000003666105752486536
0.037364949829342776,0.03949312421866122,0.053149368146673565,0.07155505207703222,0.08871242699866919,0.10167027778083289,0.10618692006789628,0.10057044605508696,0.08638628289871651,0.06629052421646156,0.04654487863356905,0.0289567362860149,0.015958558340573897,0.0077758103010239455,0.00347730130623348,0.001270305643236585,0.00037577583962987047,0.00014114507147073167,0.00002016358163867595,0.000003666105752486536
0.03849328183288767,0.04001555284114459,0.05424420161470769,0.07116708666674004,0.08793224243357949,0.10078351105388841,0.10447547676427538,0.09868717880998756,0.0845373946790209,0.0643076968223051,0.04493450566541583,0.028101489624714343,0.015626203602830326,0.00738943360514124,0.0031949350558838517,0.001175633393123737,0.0003869869671592955,0.0001467249164585007,0.000033013106203162655,0.000003668122911462517
0.04016430100589459,0.04046856212792163,0.05555148244816565,0.07201824100413502,0.08842451391536407,0.09913780462770173,0.10258915217455061,0.09630231091820875,0.08164828880612335,0.06319100266869995,0.043080442241707956,0.026833631484794274,0.015108580896800491,0.0073040998269744,0.0032570603243496873,0.0011693891316460895,0.00035924807179096163,0.00010630810287691719,0.000007331593301856359,0.0000018328983254640898
0.041226066294186195,0.04242057266580426,0.05587941173772236,0.07245204084441141,0.08797144927935119,0.09818622189194397,0.10125964458389523,0.09493665079496146,0.07918421269919906,0.06034183799851375,0.041899466967586875,0.025754364718942376,0.01421297443095808,0.006697309149625227,0.002944981146616024,0.001119276323635996,0.0003688107230341561,0.00007889980642024236,0.000018348792190754043,0.000007339516876301618
0.04241852109836127,0.04283095648348423,0.05666128973127543,0.0732998496902152,0.0883289951240972,0.09739890750449097,0.10005865747699526,0.09300326282215785,0.07706492649484913,0.05863364739524141,0.04026102577262895,0.025103567107819785,0.013724016570737255,0.006677787146680356,0.002821058034241302,0.0010393371705099534,0.0003354474465667046,0.000060490523151372935,0.000012831323092715474,0.0000036660923122044212
0.04418173584462873,0.044139567203063994,0.05765003327655845,0.07449732229126066,0.0882332989261664,0.09714004939231319,0.09843077650803311,0.09041140093394374,0.07568171109346952,0.05713484248178956,0.0390756633769015,0.02414429742459605,0.013085112819450382,0.006317962557913128,0.0026364568073938117,0.0009350437912175555,0.0003043475869453219,0.00009350437912175553,0.00002383444958005533,0.0000018334191984657947
0.046333263098106384,0.04591734840642377,0.05890048279084254,0.07475471110418938,0.08775067105178778,0.09564572130051212,0.09702355323066775,0.08877121943622486,0.07386608279817145,0.05574172980202829,0.037985653691471895,0.02321793380177176,0.012957483258059496,0.00605183359747886,0.0025083137132753735,0.0009051183158203321,0.00032613574942513997,0.00011359784530538579,0.00002748334967065786,0.000010993339868263144
0.04816472203157171,0.047540608556394436,0.060354152367879214,0.0744671699839854,0.08732097918096547,0.09565957446808515,0.09655822466254863,0.08667673301304046,0.07168519789521852,0.0541148478609014,0.03679341111873713,0.02235644017387325,0.012094257606954931,0.005811027224891329,0.0024690002287805993,0.0009334248455730956,0.00026172500571951506,0.00010432395332875776,0.00003477465110958591,0.000005490734385724091
0.04983383840601988,0.04870108480829197,0.06161154786478693,0.07572979343259112,0.08749103312984027,0.09514764226214006,0.0944248027288565,0.08543231294010865,0.07050704905792964,0.05252389945393591,0.035102551715051174,0.021083124716354117,0.011530663035999238,0.005422211486377678,0.0023149164800093697,0.0009790358235612752,0.00034037507136896653,0.00009332864860116827,0.000021959682023804302,0.000007319894007934765
0.052057894177995674,0.0504139221365046,0.0621267652561704,0.07625979884226292,0.08657581493781097,0.09391876800954893,0.09347573768210923,0.08454007227618729,0.06859647259985574,0.05078189360681607,0.0340455991710573,0.020778488497687823,0.011597508778224873,0.0053767771557453005,0.0022206437486956237,0.0008549386897286531,0.00030389683617763707,0.0000677360417986299,0.00002196844598874483,0.000005492111497186208
0.053933217867644094,0.05148170796456938,0.06342435105475343,0.07745599548878238,0.08777101176505052,0.09341735720275213,0.09188493465691676,0.0822217014467387,0.06769755801052373,0.050264191843923556,0.03281434801554027,0.019881214367056397,0.010673863132879526,0.00531129964811038,0.00211829496479273,0.0007799426577369949,0.000311244722571101,0.00008238830891587968,0.000018308513092417706,0.0000036617026184835423
0.05567094374947435,0.05327216946462722,0.0647851890314583,0.07755244576247017,0.0883505867123994,0.09233452662602891,0.0904403725413478,0.0808727004128378,0.06568290105421744,0.04887319771970176,0.03220244777363761,0.01938948269116146,0.010405049127336157,0.00501877699078154,0.002109897503592676,0.0008574886734705072,0.0003199584602501894,0.00007313336234290037,0.00002376834276144263,0.000009141670292862548
0.05793888896007262,0.05446471554061104,0.06560842880598627,0.0783446240918734,0.08801483387849914,0.09305037185370398,0.08986540781268017,0.07924520013105944,0.06472798759694463,0.04676222779082474,0.03109000818206279,0.018370286848111986,0.009694005494978189,0.004803072208992216,0.0019201306201344637,0.000794410571151914,0.0002727354265014634,0.00010433502893008998,0.000027456586560550012,0.000016473951936330004
0.05986163538123457,0.05669253303130496,0.06713666479423706,0.07838771003079441,0.08842015124595859,0.0913202824380131,0.08829938868527994,0.07827426641318726,0.06391998931434313,0.04611300082155137,0.03009000470242092,0.018123532780631148,0.009198081705020976,0.0045560420619658315,0.0018571818043756298,0.0007812971728752652,0.0002561630075000869,0.00006770022341073726,0.0000201270934464354,0.000005489207303573291
0.061553035498424495,0.057798552704489484,0.06834694859120027,0.07963234231812338,0.08791671010016221,0.0909506540627235,0.08697671781760859,0.07697329800132771,0.06287524254178302,0.044827024961001286,0.029653647590675423,0.017344137758246416,0.008995762719613469,0.004343349554600932,0.0019129025827842427,0.0006711618048583337,0.0002651729201756359,0.00007315115039327889,0.00003108923891714352,0.000009143893799159858
0.06414001088016123,0.05932426166422655,0.06987217636084163,0.0810389458657213,0.0885911651630381,0.09092784408509892,0.08601169069673195,0.07547472918256398,0.05984453783046666,0.04372510432906282,0.028772184758281517,0.01677662444823343,0.008799056565885215,0.004085537052790687,0.001841960181530743,0.0006736207205003411,0.0002555742571004005,0.00006389356427510015,0.000021906364894320045,0.000005476591223580011
0.06697691762142557,0.060939453539127456,0.07125231225917776,0.08143356413274745,0.08756607760417048,0.08992037785787922,0.0851331788171469,0.07444012254059705,0.05912072003568008,0.04288189747826659,0.027918930182567945,0.016101732092329516,0.008439289030569345,0.0039500332672861935,0.0016980938941734726,0.0006397555037252049,0.00021934474413435597,0.00005666405890137528,0.000016450855810076695,0
0.0688061655003985,0.0628340681919553,0.07200152090142659,0.08175210769152022,0.08831099509363048,0.08996899700938131,0.08512660773173637,0.07295391229955911,0.057490805127192686,0.04121971907195765,0.02727020130007823,0.01620710582695359,0.008275385526575557,0.003794941540351417,0.0016689699548848003,0.0006727064002164364,0.00022667280876858168,0.00006032421523679996,0.000012796045656290901,0
0.06982083255649019,0.06337394851997677,0.0731365818171183,0.08258482213034146,0.08827131383365684,0.08976468050726943,0.08390636938251025,0.07219157499917749,0.05698738406758719,0.04096979268341723,0.026628354591417068,0.015578903499632606,0.008053578413631496,0.0036758388991858697,0.0015609977224787328,0.0006306138340224389,0.00025407339979454784,0.0000859097107218975,0.000012795063299006006,0.0000018278661855722865
0.07170402374477294,0.06478272947919408,0.07422434716495598,0.08211977658858967,0.08894237798637304,0.08835204842530045,0.08308842880954473,0.07071343977541891,0.055750504430213184,0.040493318127321105,0.026301649267479608,0.015109147001198933,0.007456794455654006,0.003297072842647016,0.0014566336228324134,0.0005373278357750681,0.00019373044419101094,0.0000712781822966927,0.00002375939409889757,0
0.07404746099021747,0.06619079230527936,0.07493015078676113,0.0827448734689709,0.08836563783456496,0.08860819515468954,0.08193695698163861,0.07016472012897483,0.05425806639869856,0.03876722521720733,0.02550316965881486,0.014730341914634409,0.007707122066515416,0.003339266565023596,0.0014717575739891001,0.0005617116887095948,0.00018966888190194114,0.00004924095972454242,0.0000054712177471713805,0.0000018237392490571268
0.07560119902282925,0.0677196125616433,0.07574897876897647,0.08394436913556148,0.08891049838263274,0.08845073917239694,0.08074429907701514,0.06851871785562466,0.05323902188052462,0.03790459266611081,0.024234053926836252,0.01450795730077557,0.00727222306349238,0.0035120495226349307,0.0013519110110506408,0.0005126680082391769,0.0001933907789087288,0.00006385544586608969,0.000012771089173217931,0.000003648882620919409
0.07701882852825011,0.0695794061603382,0.07729990582085518,0.08436334168047716,0.08850831915779023,0.0865298270462062,0.08010155286078278,0.06758083709928234,0.05296664306104122,0.03760960189234374,0.024116066670073665,0.014152424200389858,0.007202149328699817,0.003378403042935469,0.0012995261839924659,0.00047819643287363214,0.00013688829185313887,0.00004927978506713001,0.000007300708898834077,0.0000036503544494170384
0.0794010947220971,0.07049485013688585,0.07880102212972878,0.08551490423461562,0.0884076553941784,0.08651259331675992,0.0787991982008766,0.06696372387905893,0.052080464445242926,0.03675399030034635,0.02336635252532069,0.013741479972349238,0.00706225251565387,0.003151749056572801,0.0013150527024241839,0.0005252915094288004,0.00016962538325305005,0.0000328307193393,0.00000911964426091667,0.000001823928852183334
0.08169216619463342,0.07226853338783615,0.07922311600338695,0.08626894215889516,0.08859747729860727,0.0861521504277497,0.07784898829162896,0.06634135303220533,0.05116390259569623,0.03594448013080673,0.02252438027387661,0.013098922596280184,0.006618806388507693,0.0030037373353966534,0.0012482116266168358,0.0004653420537825923,0.00017336272591900493,0.000036497415982948404,0.000020073578790621624,0.0000018248707991474203
0.0832484882986837,0.07305613639432325,0.0802433319101263,0.08669155454349722,0.08887198070277236,0.08632480503888273,0.07788956643274977,0.06499859503921118,0.04986333563236008,0.03552178783997314,0.022512215860365146,0.012487729400902824,0.006577770965846679,0.0028555371876699195,0.0011695842410839724,0.0003995927438336819,0.00013867145448109508,0.000043790985625608954,0.000012772370807469283,0.0000036492488021340806
0.08470588235294116,0.07466119471044233,0.0814829001367989,0.08779388964888282,0.08874053807569536,0.08482991336069313,0.07701413588691292,0.06421705426356589,0.04905426356589148,0.034695850433196535,0.02179844961240311,0.012598267213862289,0.006420428636570906,0.0028891928864569084,0.00122936616507068,0.00037574099407204723,0.00014956680346557224,0.00004924760601915186,0.000016415868673050617,0.000005471956224350206
0.08604481295754227,0.07630516236090441,0.08246735386425688,0.08780439823458588,0.08856579227786145,0.08497922560032642,0.07680425797778842,0.06303723362592967,0.047971467760062496,0.03360516436457296,0.021452003941762464,0.01212765918691131,0.006087509312504897,0.0026575930840648243,0.0010965531436648553,0.0004153058417866895,0.00012022011209614694,0.000020036685349357827,0.000016393651649474585,0.000005464550549824861
0.08772252859942575,0.07763365388997766,0.08319402032724127,0.08816188870151771,0.08820381933366755,0.08566428148215667,0.07565379882411921,0.06158698327332393,0.04757668292238276,0.03352445193929174,0.020783008978624486,0.01159473132491682,0.005715327469121736,0.002619752973884508,0.000973519894261884,0.000340914270087963,0.00013490725126475548,0.00003281527733467025,0.000010938425778223416,0
0.08980304972907713,0.07816366988807447,0.08435176387123365,0.089150135598228,0.08898234760929472,0.08455055616246983,0.07518360930202021,0.06092710159015597,0.046559343146498976,0.0323976721240318,0.02030964179088145,0.011407759464975173,0.005777742923268001,0.0026390132607224735,0.0010504987133214544,0.00037387541012308715,0.0001367836866303977,0.00004377077972172726,0.000005471347465215908,0.0000018237824884053027
0.09174408995634621,0.08004166537450495,0.08506011744381832,0.08901504441083807,0.08887275460298406,0.08440704371033442,0.07459634388162946,0.060157576841056805,0.046196757616609234,0.031670427617357166,0.019643290397079776,0.011054823533274832,0.005352285849278608,0.002599525335794826,0.001076294700434349,0.00036484566116418604,0.0001131021549608977,0.00002553919628149302,0.00000364845661164186,0.00000182422830582093
0.09315547421705109,0.08023711308259769,0.08589516204003292,0.08907963740364089,0.08856742356438857,0.0844350791744061,0.07382441455416436,0.05963189870925757,0.04526439165948167,0.031040887788712702,0.019183410833778402,0.011144752360102735,0.005277078521834709,0.0022985823889580545,0.0010517700542655016,0.00034086828448466,0.00009660972768816569,0.00003463367596368203,0.000012759775355040749,0.0000018228250507201071
0.09433814432238305,0.08064677768201552,0.08659780289461073,0.08948403190157667,0.08832152299599318,0.0836532662309384,0.07461011309863287,0.05881238235974732,0.044335684468115734,0.02979703469123363,0.01900465185773661,0.010622926206194098,0.005426256302237738,0.002315907239806637,0.0009420330786624951,0.0003407353688779237,0.00009110571360372292,0.000025509599809042426,0.00001639902844867013,0.000007288457088297835
0.09439823245995418,0.08148986708813453,0.08685847830406576,0.08955281018085566,0.0887853448763032,0.08384877469880177,0.07336494342449948,0.05947764962383261,0.04376557489713961,0.0299202091297381,0.01858505648435264,0.010658835239235888,0.005363142342027019,0.0023570846526991627,0.0008950723623165424,0.0003281324342504636,0.00009114789840290655,0.00002187549561669757,0.000007291831872232522,0.000012760705776406915
0.09687107379845696,0.08223392092254,0.0863641253904548,0.0906402090448743,0.08959352588170293,0.08370365372657504,0.07306723754054988,0.0579924471051187,0.04361058280558498,0.029135720524654463,0.017968668797718444,0.010124015543427317,0.004896070197064544,0.00235777235188248,0.0009427442427867297,0.0003409925984547746,0.00011305636954115525,0.000029175837300943295,0.00001823489831308956,0.000010940938987853734
0.09841433736742061,0.08244095723526987,0.08767663573906982,0.090597305176207,0.08999346908395695,0.08348991721425421,0.07211736676383988,0.05791536078750445,0.042664394832184635,0.02895311969819141,0.01764441898562834,0.009555569338991031,0.004821567346879208,0.002192782425633298,0.0008811263823468243,0.0002845874029940054,0.0000948624676646685,0.00002189133869184657,0.000023715616916167117,0.0000018242782243205476
0.09829848728102386,0.08433759091165875,0.08884239913840074,0.09157589927598693,0.08894809447705405,0.0824842778183753,0.07097624223913752,0.0573160308849069,0.04197745044619834,0.028825670117558735,0.01749804554740163,0.009714859488981263,0.004736244571724308,0.002232358445695375,0.000912989045953782,0.0002915733480091918,0.00010751767207838948,0.000023690334525746837,0.000003644666850114898,0
0.10119870782248414,0.08562406963036658,0.0890239614023005,0.09142720751547354,0.08889824193163413,0.08176138444467525,0.07037010718951392,0.05621482360100649,0.04110480084396028,0.02828141483599075,0.01737843929298285,0.009560145834585972,0.004773695842693968,0.0020206216372319124,0.0007925792715923193,0.0002988114954968744,0.00010203319358429854,0.00002733031971007997,0.000005466063942015994,0.0000018220213140053313
0.10355817896709546,0.08648394657905235,0.09065643366182641,0.09227916870798603,0.0892868525678735,0.08132980496218171,0.06975393071595218,0.055231271615978184,0.04053377237635068,0.027222245493768584,0.016751870880556862,0.00937944499183169,0.004451138555346922,0.0020616566467482472,0.0008177419031713452,0.0002659027123897915,0.00004735253782283958,0.000030961274730318184,0.000007285005818898398,0.000003642502909449199
0.10459391750174785,0.08753786996038218,0.09153424318340712,0.09206952050804008,0.0890490270333256,0.08061749883477048,0.06879406024236774,0.054327007107900255,0.040000145653693794,0.027237240736425083,0.016568107667210445,0.0090997145187602,0.004325914705196924,0.0019044220461430907,0.0007938126310883245,0.00022576322535539502,0.00006008214868329063,0.000010924027033325566,0.000005462013516662783,0
0.10551822305817855,0.08830578504865372,0.0915773147211545,0.0929387813870921,0.08961621949685876,0.0805616460077314,0.06800772044551126,0.05372598979720158,0.03987256526200487,0.0267809788343877,0.016505277278087316,0.008832218826149636,0.004366899774546951,0.002024885496461462,0.0007745961620127105,0.00028979009355299055,0.00006196769296101688,0.000021870950456829478,0.0000072903168189431595,0.0000018225792047357899
0.10696321037307405,0.0898400538198021,0.09203696647383668,0.09296313380018487,0.08925481816673565,0.08014446751759809,0.06761750747953042,0.053633839382895454,0.03917797180294514,0.026302787435482772,0.015569820801207663,0.00886786983338104,0.004063832618956893,0.0018869747692330128,0.0007894300242298499,0.0002643587840954463,0.00005834124890382263,0.000009115820141222286,0.000009115820141222286,0.0000018231640282444572
0.10861687171754698,0.09103093609551073,0.09311604495822498,0.09317978191036035,0.0891388591449779,0.07956921104579591,0.06649403057916857,0.05303824945550431,0.038229423890794915,0.025604044200665782,0.016043501380360276,0.008582635868971395,0.0042867652950474575,0.0019904139623988406,0.0006810748599608107,0.0002695162547438503,0.00006920011946125884,0.000016389501977666572,0.000005463167325888857,0.0000018210557752962858
0.1092707212300991,0.09157275033278159,0.09427506423458418,0.09267989780737454,0.0888413009711213,0.07966181014970163,0.06743948473939242,0.05280620002585772,0.03776501887431508,0.025324177515073036,0.01588793045365732,0.008454746257459133,0.004033440224051687,0.0018318920385534967,0.0007265655302016358,0.0002221578814150363,0.00007101768340316736,0.000025493527375495987,0.000007283864964427424,0.000001820966241106856
0.11078065288582974,0.0922780295699366,0.09474553198003398,0.09352453743441712,0.08871527682862157,0.07922249983142987,0.06605762729779327,0.051462186527874196,0.03741163735368566,0.024618530323490654,0.01560503924495155,0.008426684744675464,0.0039235839652435696,0.0017039252241071703,0.0006943267490746864,0.00023144224969156207,0.00004555949797077996,0.000018223799188311982,0.0000018223799188311984,0
0.11180833169495599,0.09281589735747939,0.09512600942249017,0.09317634037471512,0.08896935142101928,0.0788296160371657,0.06621411043391513,0.051370411633207366,0.036927205073872614,0.024717652969832003,0.01499479360086215,0.008322956943443217,0.004008563252288268,0.0018349826332000785,0.0006353263283599478,0.00019478486284961154,0.00008373928683254329,0.00001820419278968332,0.000005461257836904996,0
0.11266019254948842,0.09213516675673657,0.09465894430767159,0.09461891322899782,0.08866338047902646,0.07826075880729219,0.0658529440128973,0.050772144919783165,0.03689955656482394,0.024555427577410114,0.01488246329423025,0.008284613690992825,0.004128659886857615,0.0017722850285585364,0.000687806715395407,0.00020561417682455298,0.00006732499595140228,0.000010917566911038206,0.0000018195944851730343,0
0.11347550000090999,0.09367202415510811,0.09523540856385215,0.09343906349815907,0.08863242994345245,0.07888812246450538,0.06488136296544356,0.050548822547679576,0.03606158169366039,0.024242468363760785,0.014842141854840035,0.008037142664742316,0.004031311368298059,0.0017726849989716975,0.0006606618630664539,0.00022022062102215127,0.00007462021042899342,0.000014560041059315788,0.00000546001539724342,0.0000018200051324144735
0.11493993611618415,0.09436323551881955,0.09536369391066454,0.09350466031709075,0.08824952523701769,0.0788579494604801,0.06459505082328629,0.05024120142319753,0.03571272655835036,0.02392186965664269,0.014615787597226365,0.007850869853096331,0.0037890087822056656,0.0016462088083994849,0.0006421123860386944,0.000221919861463798,0.00008731273237919918,0.000020009167836899815,0.00000545704577369995,0
0.11585297061231914,0.09518333181694112,0.09640615048676189,0.09432808661632248,0.08856155035938494,0.07860795196069514,0.06455827495223362,0.04923846783732144,0.03552906923846785,0.02297516149576926,0.014020562278227634,0.0076189609680647795,0.0038504230734237093,0.0015649167500682377,0.0006205076881084523,0.00020016377035756523,0.00006914748430534072,0.000023655718314984987,0,0.0000018196706396142298
0.11682090701701044,0.09614547811474171,0.0965733335032617,0.09496386897793539,0.088320276157895,0.07813731791111897,0.06312778674959171,0.0489739663651045,0.035253463352820466,0.02287296700415656,0.013669524497907145,0.007654059801438687,0.003776051386342492,0.0015530240272662223,0.0006390520909383869,0.0002148380248738737,0.00007646777156527707,0.000025489257188425697,0.0000018206612277446924,0
0.11721465724654292,0.09732065183761573,0.09718597464428842,0.09435229369819932,0.08782044982182571,0.07746122570805623,0.06362951396092904,0.048820482581143,0.03517076704121486,0.022663987682496698,0.013567817246688579,0.007314427567329495,0.0037655015269481796,0.0015378679508319046,0.0006005874837568384,0.00020565571413491752,0.000054598862159712575,0.000020019582791894617,0,0
0.11805515112689999,0.09767012695824355,0.09834896045658377,0.09469272319608645,0.08800266437598278,0.07699573408654128,0.06327528973268884,0.04803338477665831,0.03394713470386116,0.02233234814512841,0.013047070642362121,0.007155960631296953,0.0035688806708986083,0.0016342961970764664,0.0005659979034418497,0.00023841069244656682,0.00008189680274882067,0.000010919573699842757,0.000001819928949973793,0
0.11992247906698018,0.09857872217962048,0.09766617548218345,0.09426552741009776,0.08796330870125117,0.0766684941886622,0.06241746552449576,0.04843236863243676,0.033551118097385674,0.021749940347496322,0.01312719370943858,0.007116407079613779,0.003488077695792267,0.001602876434619945,0.0005828641580436165,0.00019853810383360692,0.00007103656926156577,0.000012750153457204109,0.000005464351481658904,0
0.11999250808290571,0.09870055243796436,0.09815684292068386,0.09441633965297147,0.08772816706247749,0.07772318457392452,0.06300484065128764,0.04744456526878163,0.03406822008779363,0.02146470616046523,0.012770809163414712,0.006926386459269066,0.00348592356062452,0.00154020722788157,0.0006219018558860648,0.00020184533919109107,0.00009819502987674704,0.00003273167662558235,0.000007273705916796078,0
0.12107172882145494,0.09936092236808107,0.09926447842021174,0.09519745533553395,0.0881461289582962,0.0763344748899993,0.06270130399496307,0.04715927081096622,0.033360507477135495,0.02108847003504736,0.01259412383402906,0.007062244560015432,0.003290012410334424,0.0014994304347984324,0.0005968606585119969,0.0001928878957386334,0.000054590913888292425,0.00002547575981453647,0.000005459091388829243,0
0.12037483071721368,0.10070985157648858,0.09977368368432055,0.09624351272006762,0.08770893358661372,0.07554783999709151,0.061907055797424164,0.04746643883551621,0.03261499868209375,0.021015605827872354,0.012528289539459931,0.006602255891949864,0.003197513247230125,0.0014633303945538669,0.0005853321578215467,0.0002417676304045519,0.00006180525890041174,0.000012724612126555357,0.000009089008661825255,0
0.12289932007417372,0.10014362069592413,0.09958913573064758,0.09616405483038211,0.08789041195505948,0.07602079773115658,0.06162600443587971,0.04621495836817801,0.03213104025015453,0.020730465767370837,0.011971421299494604,0.006361124240991891,0.0032305566665454693,0.0013253099661855077,0.0005944806021161332,0.00025815365596480397,0.00007999127367923502,0.000016361851434388974,0.0000018179834927098863,0
0.12345800274294531,0.10055222691505963,0.10030303361017436,0.09744003899784277,0.08780153299355735,0.07495807368118539,0.061534375943569544,0.046389971151782367,0.03184581300679916,0.02053934889609185,0.011668431028022421,0.006269849065252266,0.0033159079912836896,0.00134600763222706,0.0005893330714075237,0.00021827150792871243,0.00008003288624052794,0.000021827150792871255,0,0
0.12271011975666754,0.10130304711156374,0.10079019395669847,0.09704200121848086,0.08788702681567294,0.07575313940694532,0.061136824493284725,0.046635083156774844,0.03222427323070209,0.02068325861802442,0.011761068625935458,0.0060360270248151805,0.0031244032626190064,0.0015003682722122703,0.0006165149627635879,0.00019277459012666752,0.00003455393596610077,0.000012730397461195021,0.0000018186282087421458,0
0.12315730953566201,0.10148287301650748,0.10064714453379067,0.09653027335588589,0.08815663731927369,0.07564432849216415,0.06138970745869502,0.045556286313310955,0.032197348197188315,0.021029472146623106,0.012116246198343802,0.006429658913770989,0.002935950495805006,0.0014080208132728222,0.0005305059064202117,0.0002125657227779616,0.00004723682728399144,0.0000036336020987685723,0.0000018168010493842862,0
0.12417800247326685,0.10096930239324944,0.10147486724376227,0.09691023496035497,0.08835927838801191,0.07563832108823743,0.06109151087510003,0.045755437550010915,0.03157779879246381,0.02054448243253073,0.012017167381974251,0.006332290681603259,0.002958827380519386,0.0013857568924128907,0.0005401178438932128,0.00020731796028224345,0.00007819887975558304,0.00001454862879173638,0,0
0.1247255822744323,0.10283395365066438,0.10159453054578231,0.09679312901631239,0.0884206623826001,0.0747343054869006,0.060371899624901866,0.04536252217149835,0.03138357419092204,0.019887107091971737,0.011879924980372773,0.00620256753220319,0.0030694803873106335,0.0012139804018493213,0.0004815940216917218,0.0001817335930912157,0.00005270274199645255,0.000012721351516385102,0,0
0.12425901048701257,0.10291233191967412,0.10252877157072507,0.0969153385965327,0.08827705054816407,0.07524326997013321,0.059482757053602106,0.044885649934831094,0.03147921593720517,0.020117831193454387,0.011708588661519803,0.00638237149364944,0.002961231319611205,0.001256114697269087,0.0004962652856070341,0.00017996433434101235,0.00007816632703700537,0.000010906929354000754,0.000003635643118000251,0
0.1260032525643472,0.10308448490464898,0.10294638720052332,0.09715173485240806,0.08741402963649415,0.07456549192764407,0.059109451515894855,0.0446128267328082,0.030881190547575564,0.019746154614916366,0.011523889994276216,0.006141713683483697,0.0028727956608247717,0.001210171986153888,0.0005160493154169732,0.00021986608156849925,0.00007631715227997493,0.000009085375271425587,0.000005451225162855352,0
0.12601762705456607,0.10261606719292156,0.10277783331546031,0.09804117583977522,0.08752637787475663,0.07404707939444939,0.0593863429405446,0.04441479741973946,0.030346597549515884,0.01941920509217943,0.011723499891852994,0.006059868006114401,0.0029772236934659233,0.0012559594457783592,0.0004162296860828426,0.0001817596882457828,0.000059980697121108295,0.00001272317817720479,0.0000036351937649156542,0
0.12506696156996053,0.1028747623431737,0.10318165062312848,0.09753781172313228,0.08851093811570594,0.07475725863418375,0.05936199924095086,0.044293603104474596,0.029958833388718503,0.019430204707194077,0.011445661707424701,0.005979781691662629,0.002856421682655728,0.0013165325619360479,0.0004921107921167846,0.00019248614008996007,0.00006537265135130718,0.000016343162837826796,0.000001815906981980755,0
0.12681353719966776,0.10313779883257376,0.1034122948778311,0.0976896885833277,0.0878678201560083,0.07435388902724782,0.05908391035068232,0.04425385248837028,0.029998236681033776,0.019054751962828506,0.01107437024971869,0.0058680346628515985,0.0028394888919994403,0.0012579553862122996,0.00047264219713178925,0.0001490640775569489,0.00006907847496541531,0.000012724982230471243,0,0
0.1265561711692885,0.10382712258022313,0.10246788622392144,0.09850647545288191,0.08866473199602405,0.0748088801019064,0.05885057304169111,0.04380993223806988,0.029841416367895127,0.01911653271162202,0.011057424101731937,0.005824000697789789,0.0028384053322769577,0.0012647439892860199,0.00046519319146152424,0.00013992138961928659,0.00004542902260366449,0.000016354448137319215,0,0
0.1292158213365951,0.10506725503844835,0.10251190889445838,0.09840445349942478,0.08769417268396766,0.07337442000367127,0.05838220781179857,0.043451789196665334,0.029670004125629975,0.019010612138075932,0.010663026903832834,0.005546882241434773,0.0026898380463051966,0.0012867603626919462,0.0004489121604306649,0.00011813477906070126,0.00003453170464851269,0.000005452374418186213,0.0000018174581393954043,0
0.1283867459779124,0.10511164736925373,0.10326586058217752,0.09813402776136068,0.08761758934790081,0.0734423105249854,0.05896697769234827,0.0431895923084337,0.029688980380104788,0.018907039630769902,0.011021983957112276,0.005661018983417016,0.0026768454685479753,0.0012002160388869996,0.000512819580251718,0.00016366582348459083,0.000027277637247431808,0.0000036370182996575746,0.0000018185091498287873,0
0.13019468550872276,0.10564517154152206,0.10364402024395161,0.09848497229803718,0.08745321718665731,0.07309105238403946,0.05828216959666451,0.04254171637766194,0.029497914408107753,0.01904907178903289,0.011206084081041182,0.005812781582144355,0.002725706077725295,0.001047789744735174,0.00042674279031675196,0.00016343340905747942,0.000032686681811495905,0.0000018159267673053281,0,0
0.130317553243712,0.10553654607667386,0.103683879436673,0.09845677777818183,0.08704806024530101,0.07370667869051559,0.05827263835001765,0.042960412204691475,0.02942267343977833,0.018573937580224645,0.010746921009857857,0.00584708136824613,0.0026744579268314847,0.0011835976277140023,0.0003945325425713339,0.00012181419517179443,0.000029089957055950897,0.000003636244631993862,0,0
0.12975884864043286,0.10573279905750252,0.1040474303126386,0.09773502439875785,0.08786461780127555,0.07382351443926492,0.05882973230453723,0.04298508439570349,0.029107609067174755,0.018160893627233523,0.010343109805319,0.005396088926381931,0.002699862552451875,0.0012490273222454129,0.0004636127615321399,0.00014726523013373858,0.000054542677827310604,0.000007272357043641415,0.0000018180892609103538,0
0.13011106488202193,0.10541261884560109,0.10454052423787111,0.09847764985038124,0.08789986900412246,0.0734430840172311,0.057714494394066854,0.042723551459940896,0.029195183857528815,0.017868855139635063,0.010565062799896071,0.00525800373910563,0.0026035657768273554,0.0010955688509608483,0.00043786416763111856,0.00014716596505444238,0.000034520411555980296,0.000012718046362729583,0,0
0.12866923413853082,0.10615993326269456,0.10506400202102083,0.09872468498792299,0.08768358665762781,0.07382360050670916,0.05778083919617169,0.04283582659205367,0.02949200042892167,0.01820190942846186,0.010139635816414255,0.005310631987016034,0.002442672618257887,0.0011722647609942985,0.0004125644972801642,0.00013449239118384196,0.000038166759660279485,0.0000018174647457275948,0,0
0.12984117176710042,0.10585883550192626,0.10476484698698842,0.09879879334157154,0.08763538562186524,0.07334447917423856,0.05760158464781566,0.042163989241840526,0.028774442102202508,0.017881805626226648,0.010318383368466964,0.005519008504761212,0.00266591553391001,0.0010721814349058665,0.0004270553172930146,0.00013084248019190235,0.000021807080031983715,0.000005451770007995929,0,0
0.13038187433835005,0.10682258868383045,0.10401228167825348,0.09868815960361027,0.08678482688872637,0.07382467322223073,0.057306616317606536,0.04276032173922536,0.028561450227553,0.018142396164158317,0.010198958822181227,0.0056642692656094775,0.0025702031060713523,0.0010604588894830844,0.00042381976200610413,0.00014006060804493576,0.000043655254455564395,0.000001818968935648517,0,0
0.13074342234261188,0.1064589218669436,0.10466699588238285,0.09837619189403123,0.08788244094087914,0.07320026724569902,0.05728171908700736,0.04245611869194851,0.028260506459648078,0.018098997102417556,0.01051190623161778,0.005359438203063158,0.002614360099055199,0.0010421129839289472,0.0004466198502552632,0.0001361645884924583,0.000041757140471020565,0.000007262111386264443,0,0
0.13269703091165402,0.10646318068857266,0.10423781772733215,0.09794140301414057,0.08778103155110523,0.0736186400034879,0.05729265067069715,0.04150619831708062,0.028628159107093556,0.017764754610588726,0.009940560101149562,0.00525003996570216,0.0023234605938176694,0.0011135897920330187,0.0003724076792280078,0.00014714644886570067,0.00003451583368454709,0.000005449868476507433,0,0
0.13141753541930865,0.10749882813777463,0.10497341962115242,0.09848911530760932,0.08708117280698251,0.07334404058095298,0.05739036275040604,0.04162563634844097,0.028208268078472983,0.017761434286690185,0.0100344109620898,0.00531425892886342,0.002452734890244656,0.0011064559615992556,0.00038153653848250194,0.00009447571429090524,0.000030886291210488255,0.0000036336813188809717,0,0
