0.046967699406723795,0.047008899143045485,0.051582069874752785,0.04882168754119972,0.04696769940672379,0.04882168754119971,0.04618490441661171,0.04713249835201052,0.044166117336849026,0.047132498352010534,0.04659690177982858,0.0429713249835201,0.04589650626235991,0.04845088991430454,0.04993408042188528,0.04754449571522739,0.05009887936717202,0.0504696769940672,0.04634970336189849,0.04676170072511534
0.006135643996132041,0.008627064333251172,0.012009631975123714,0.014899224512239056,0.017876035721734514,0.020735291329326336,0.023871371418820266,0.02616180959784607,0.02718947308545534,0.026749587607364286,0.026597902959746688,0.02638933656927248,0.02734874196545382,0.02894143076543866,0.029934965207333953,0.029259968525435616,0.029373732011148814,0.02693540130069586,0.023222919550255027,0.024265751502626044
0.004749098279885499,0.006457743792116357,0.01012313950739516,0.01363171433319524,0.01715667343103041,0.02138615622637447,0.025145176353282356,0.027677716687849192,0.02888547159786442,0.029072720421122612,0.02867481667169898,0.02911251079606496,0.02992470256694731,0.030404527676546386,0.02987554975084202,0.028155201187157544,0.02623824135905196,0.022488583673306986,0.0178775814005744,0.01639363447625334
0.004250522508982459,0.005667363345309946,0.009264260385599889,0.013250592959631782,0.017579393967858858,0.021855356989095794,0.02553836037855482,0.029264416942598372,0.030201801971052593,0.031033511025526636,0.031330969322656145,0.03090630846425411,0.03134858198498619,0.030945447713876424,0.02906676373200574,0.025516833791262555,0.021853400026614695,0.017837713015366068,0.013252549922112895,0.012315164893658661
0.0040646013657897224,0.0051766149469963454,0.008495226010659988,0.012983368599385777,0.017872393827104552,0.021753983553354003,0.02617589335824615,0.029400384150146227,0.031938145551771366,0.033213998124566435,0.03296649666918815,0.03295952479720567,0.031655784736480674,0.0297925519491611,0.026733643116845087,0.02293920179037672,0.018562609153370727,0.014844858418709717,0.010863919516709834,0.010229479166303557
0.003653648722097027,0.004791540190135945,0.008173429916374512,0.012578786270290543,0.0173893972671534,0.022064923383033976,0.026298642476407827,0.03000314668310996,0.033030637251006766,0.03426865045436197,0.03450067860287271,0.03323088072163933,0.0314286894859464,0.02830743411830892,0.024389972569822983,0.020002097788739962,0.016542335601699844,0.012790154378180452,0.009498850983894701,0.009119024083250429
0.0034315683653028334,0.004422124182091279,0.007567728516952212,0.011914676587947943,0.01705465892893205,0.02170231144430998,0.02667277902498058,0.030988772226701676,0.03357129274904297,0.03492004062458081,0.03476379223681359,0.0337231190126281,0.030766191976203065,0.027191641595679283,0.02277688762055817,0.018390140431923607,0.014597431925083316,0.011531425825500034,0.008951853385946784,0.008879625357639292
0.00301199809272463,0.0043426553265100195,0.007119016200751822,0.01152820438895111,0.01634490635499718,0.02144437298322262,0.026994322529135844,0.031032035572903387,0.03428521528925163,0.03554240915492178,0.035417660039254374,0.033622658874929295,0.029841374568922493,0.02539198944345261,0.02108398664907242,0.017040729200164112,0.013237267273594215,0.010485856222485886,0.008542542220645148,0.00878649604683914
0.002883246321784528,0.004018351526657174,0.006769762168433266,0.010873806887095928,0.015770184042609294,0.021158308284554127,0.027036861256130352,0.03180403944523546,0.03509597637504614,0.03621262458471762,0.03510520487264672,0.03303142962611402,0.028705900965037185,0.02435268681115857,0.01971075251806149,0.015820281601012502,0.012289722090386548,0.010047197173443023,0.008177767230923378,0.008314876338132155
0.0027125599515061736,0.00370932111180718,0.006409199623614871,0.010401316840698293,0.015607047836926836,0.021035972171848723,0.026762910339685052,0.03185197209068752,0.03543701509344953,0.03606474635852459,0.03500838243164072,0.03193440144872767,0.02795623381531258,0.023219716087928038,0.018551678134915307,0.014463181976123379,0.011472898495220365,0.009329735186176212,0.0076710028736142405,0.007408497071855575
0.0025518844163857574,0.003686192113051434,0.006213444440475939,0.01013117818976315,0.015285442804905236,0.021245176729080273,0.027142098826404122,0.032146107698882556,0.03562662186910753,0.03615498017732641,0.03466350719072257,0.03159558051059858,0.02660881410039301,0.021614658063499062,0.01722275660170774,0.013604302733299753,0.010663231311326205,0.008688969381081818,0.006933933042592575,0.0068809740513258826
0.0025054100935337034,0.0035789849530642724,0.006084395046597975,0.009790037707809117,0.015138611783268158,0.020954009983039926,0.02719763186273682,0.03264873836860048,0.03573556765572263,0.03612398462737302,0.03488515161530798,0.030653577899315564,0.025513687476327065,0.02043411024769421,0.016274912364928593,0.012785190939510692,0.009977008610311628,0.007841921530121615,0.006157977143711865,0.006206227699196385
0.002432523600705052,0.00341004651251182,0.0057736802846812775,0.009524612672877837,0.014888517253338777,0.02111116917916581,0.027236425140511493,0.03249699497816905,0.03595930273991477,0.03664820102527067,0.03425962438414869,0.030293708220694503,0.024781334182182722,0.019133555997928542,0.014785182510535398,0.011521229944745607,0.009067326742081229,0.007032701288952447,0.005355590290810097,0.005137043248559254
0.0022645183136745886,0.0033227044415599072,0.005653065447636249,0.00968005154542205,0.01483694527531651,0.02149293601971519,0.02714364994262279,0.032335816543446784,0.035992437496472726,0.036266390127358585,0.03357271855070827,0.029238858475835742,0.024078437458848318,0.018267819854393588,0.013697631544293317,0.01052660044773031,0.007802359049607762,0.006111612769719886,0.004681885734710388,0.0041833624922399705
0.002280927639496702,0.0031085518444113214,0.005659128554902769,0.009716705051776122,0.014795679544841709,0.021192549280994177,0.02702093807526594,0.03283415181359429,0.035781614602606135,0.036061769481561735,0.03347734072319648,0.028657509493164802,0.02253028882800709,0.017272715599607316,0.01277973172835716,0.009534604380454994,0.006984027669963543,0.0052727482843431955,0.0037412349460526767,0.003405049091305977
0.002145842966584333,0.0031856531750808024,0.00564053470642498,0.009388498653474825,0.014797835335887742,0.020738114214147462,0.02755903682206117,0.03286962057964481,0.035704410421802786,0.035790383556360036,0.03267792372556445,0.027459122098116268,0.021927796508561286,0.01618850887730704,0.011986281476042533,0.008521796513208493,0.0061006071562178295,0.004439234420854758,0.0030938710449453606,0.00265703457746528
0.0021503237052656905,0.0030999825336805,0.005392581556723317,0.00928838050203523,0.014801259888423764,0.0206056301697703,0.027420964904264905,0.03268630837191926,0.03539069611958531,0.03520099569588244,0.032134557749320135,0.026608954554024712,0.020657682115298538,0.015218832162550123,0.011013034963870164,0.007692120839169898,0.005296574634971274,0.00355109939492505,0.0024071133032048954,0.0021179358280481327
0.001963995340844876,0.002922351258779162,0.0054433693533692375,0.009396731671875541,0.014648660492901712,0.02106307158261351,0.02758358224446725,0.03242956487642859,0.03561139878446796,0.03444199697846871,0.03138586799829318,0.025561924092675662,0.019673397838797846,0.014375338769014308,0.01018901869428331,0.0068803266021612046,0.0046234041817070515,0.002923504514998096,0.0019363171915904559,0.0015718882264072612
0.0019691197850530925,0.002828309317433151,0.005400126980621654,0.009421179999631938,0.014771848948269196,0.02100586135188355,0.02745035793812915,0.032470923277940336,0.0345849665985756,0.03385574817350338,0.0302418612782716,0.02470256169601943,0.01873539262776274,0.013617061410773117,0.0091750400265003,0.006183404184839618,0.004098115533962716,0.0025074072029297547,0.001519396750032206,0.00105817184710797
0.0019240173850353713,0.0028527346072869304,0.00549194461217733,0.009241252953183007,0.014772228944293036,0.02080946487979484,0.027039561746493492,0.03253954223080402,0.03436598116850765,0.03334312944412429,0.029546753852052694,0.023830952801879017,0.017635295387179808,0.012632390993394515,0.008319423621331336,0.005361074694579462,0.003378510241145044,0.002101954553699143,0.001157165587181178,0.0008632822634526246
0.0019732024893060903,0.002876154615655219,0.005460110256413194,0.008953893293517881,0.01460192759653166,0.02073237667770911,0.0267585508305899,0.03194250440876689,0.03366017602982949,0.03255096580355292,0.028526641098301466,0.022867148011958393,0.017080462430660033,0.011708584805882483,0.007600610982327119,0.004684350625019337,0.0028177148206757706,0.0016901705410722904,0.0009293073280065269,0.0006875269997582194
0.0020071561471303842,0.0028819235723486474,0.0051100615428653195,0.009053384857592675,0.014462287104622882,0.020437956204379572,0.02683612423071419,0.031100042936882778,0.03346672391584372,0.031942750822956924,0.027587233433519397,0.021748962358666097,0.016011449835408614,0.010853298983827107,0.006634034635752113,0.004112780878774865,0.0024319450407900367,0.0013167310719908415,0.000676685272649206,0.00046944325175325594
0.0020618344612085967,0.0027795905818510567,0.005240305434945351,0.00906338540874954,0.014062533930549091,0.020106314768060764,0.026187812089618942,0.03028405084182049,0.03256646958851317,0.03154469574798073,0.027161583132273993,0.020664061562445366,0.015246602944857359,0.009864574963797897,0.006226648638949239,0.00345048682837514,0.0019029680587097078,0.001000058289111708,0.0005131727677841795,0.0003223045000337164
0.001953880655782608,0.0027253896063135904,0.005244206549837085,0.008868929074816966,0.013771891281149968,0.020080917136971372,0.02580674613817543,0.03020069504282675,0.03184871120342843,0.03026574831232417,0.025969949954633913,0.019953093168836065,0.013711403153371634,0.008930558488025065,0.005631102310532352,0.003057503666379443,0.0016936675777928676,0.0008251493657306225,0.00040629761300152336,0.0002339635131048099
0.0018399862200660021,0.0027137800480700677,0.0050271663185560275,0.008737938280040653,0.01394647955767324,0.01979952933768481,0.025649156948657194,0.029529896639087793,0.031237558989638828,0.029544726038257557,0.02453581128791051,0.018597207281919426,0.01306013777652552,0.008168717496523648,0.004829821237296621,0.0026305072681166797,0.0014099336441423312,0.0006433677793659179,0.00028974364531727484,0.0001825156820896221
0.0018418053339411895,0.002703441987690907,0.004908821518121723,0.008793024846136314,0.013739457488032817,0.019758377023022564,0.025281513562799188,0.029395942557556395,0.030398905858217466,0.028509231821290174,0.023561659448370187,0.01757237291999088,0.012139275131069072,0.007677228174150898,0.004362890357875543,0.002321632094825621,0.0010576703897880097,0.000507180305447914,0.0002279462046956918,0.00015614315021654883
0.0017356978610143352,0.0026046857008791223,0.005015756810962687,0.008758212960105148,0.01347785333808638,0.019186067038482607,0.025011588402713798,0.028836046025604953,0.0296913669531783,0.02754452281406281,0.022699602406743253,0.01668388317978937,0.011219396081924024,0.006994042365150282,0.003982766023600478,0.0019475350015318333,0.0009384613106796666,0.00045898047112124477,0.0001890589533650785,0.00011161311704685363
0.001828245135114831,0.0026057615904594303,0.004973600868814875,0.008540158781837764,0.013262176727327366,0.01872186767876618,0.024424034479382722,0.027781129687012636,0.02845505317392917,0.026383193805368153,0.0216395465587782,0.01618440914441315,0.01053233125160797,0.00647057618181363,0.003325220448113583,0.0017792946115719056,0.0008264669788875261,0.0003437920490689157,0.00015709702904473632,0.00009676266281740999
0.0018005188861123466,0.0026604002998210858,0.004911333259780864,0.008473699116574212,0.013106367103393914,0.01865806178634677,0.02379232726449657,0.027035081114342604,0.027768710098260794,0.02518679103857979,0.020869185421597804,0.015368674156127618,0.009686177406274633,0.0057484664879417545,0.00306531800257282,0.0014490594193980605,0.0005698420479736486,0.0002559170874133152,0.0001035042442427186,0.00007165678447572825
0.0017981665975209853,0.002599498741169718,0.004871644776848889,0.008480481026614457,0.013099791426314376,0.018105559881107323,0.023327290190216933,0.026183669873889637,0.026834965360855195,0.024526446802343744,0.01977301272469978,0.014492177065987717,0.009188608580505466,0.005244463135879788,0.002818870519501925,0.0012593986030677946,0.0004921656995743275,0.0002250549850247502,0.00007729161101860116,0.0000477389362173713
0.001840936286558779,0.0026045839313535296,0.004872799257261758,0.008397851331894675,0.013036556221853277,0.01779003553461585,0.022581015401363883,0.025444694069344197,0.025789017337756126,0.023532165816085922,0.018770731840356745,0.013505881336883383,0.008610354471145595,0.004826207659885884,0.00237730784659319,0.0011193347174446896,0.0004261426589256433,0.00013977479212761096,0.000052273499494878916,0.000025000369323637734
0.0017889473720079146,0.002537465669248052,0.004863665172658979,0.008389311295016163,0.012830444136000891,0.017596427102950226,0.021948964455035518,0.024866936390710654,0.02499869378445853,0.02220793588412619,0.01771569026108409,0.012774787995538425,0.008090585479880875,0.00452291329227652,0.002145601006808222,0.0009552411046721629,0.00035778947440158313,0.0001522025065708321,0.00003521102763952085,0.000013630075215298394
0.0018388087332638352,0.0026283280906676766,0.004714428806566624,0.00813681372220943,0.012601681812355298,0.017428412941311266,0.021563180265646045,0.023767255138398443,0.02426864530502559,0.02109808983958918,0.016680865158941825,0.012060588804479386,0.007447118651373887,0.004173335798690714,0.001973798393509606,0.0007668320195474102,0.0003346382333823759,0.00010889922171087483,0.000034031006784648384,0.0000068062013569296775
0.0018187013293300743,0.002586320281921383,0.004698689718668222,0.007845133726704971,0.012258092313832557,0.017145001746134696,0.02089352206706063,0.022953734233764345,0.02292652174504619,0.020408232684920206,0.015867148630077967,0.0111729943261961,0.006678398272914049,0.0036612135862885337,0.001722323765119938,0.000792563733916286,0.00028686498523722504,0.0000873067346374163,0.00003061404980792519,0.000006803122179538931
0.0018665686888205465,0.0026172785746037797,0.004648277676473523,0.007611427119904926,0.01190362790191329,0.016372733128305617,0.0206445218590389,0.022018933311560476,0.02204047936568417,0.0194617568879333,0.015278420379392001,0.010288807845485304,0.0062483556958695076,0.0033112883179562524,0.0015354398570249206,0.000680401709169093,0.0002642226637273314,0.00008164820510029122,0.000020412051275072804,0.0000034020085458454674
0.0018502697790780155,0.0025006401729486707,0.004451751354560638,0.0074498002433790265,0.011746323821005378,0.015931808550897715,0.01959722357558686,0.02172055827613322,0.021176694532129878,0.01876896441544845,0.014197109817420416,0.009683040742192726,0.005775153131635424,0.003018443779218514,0.0014842948013424383,0.0005687908322701551,0.00020734805240127177,0.0000793134626671531,0.000027193187200166788,0.000011330494666736158
0.001704640700250543,0.0023830990254665382,0.00439808627180921,0.007337317246659811,0.011180404220713027,0.015795959605112337,0.019478210047979123,0.021216830297071866,0.020511188332782107,0.01762292668119481,0.013623533782467457,0.009155223109717694,0.005482033879875499,0.002883731045075005,0.0012889575527475858,0.0005482033879875502,0.00015970387955835665,0.00005889788465981939,0.0000181224260491752,0.000012459167908807952
0.0016019980255232815,0.0023220480214475275,0.004202555951054716,0.007292204439855443,0.01129663342662283,0.015553532773596352,0.018574119863416935,0.020193100200164838,0.019467389433832385,0.016863435046056027,0.012881649140921487,0.008679093189866765,0.0052611200173898875,0.002678676557164725,0.0011355505438868207,0.00045625809490168376,0.00014831218469508827,0.000041889701020750114,0.00001585015714298653,0.000006792924489851371
0.001630407092270852,0.0022236941175138554,0.004160934766732902,0.007202096884677005,0.011139982903370076,0.014994084113154782,0.018108840995680553,0.019493554796963367,0.018587773079035117,0.016094608900437613,0.01247601093731425,0.008253935904621182,0.004708932706079496,0.0025395854916413327,0.0010620290642708737,0.00034985818854978704,0.00014152839342628914,0.00003962795015936096,0.000012454498621513448,0.0000033966814422309404
0.00154896741167319,0.0023744039928937704,0.0042438083764262564,0.007183223143022457,0.010846168740071263,0.014501188334282569,0.017646679174654005,0.01871102812711949,0.017995423299504407,0.015272275181760232,0.01152214355349882,0.007701810185819475,0.004526879906337294,0.002206825647186438,0.0009794274934921854,0.00034647955261110815,0.00012341918704121188,0.000035100869708968505,0.0000022645722392882903,0.0000033968583589324354
0.0015671709393966823,0.0022907419150285354,0.004203279282543709,0.006897137421867919,0.010563683304647154,0.014195126370142227,0.016891249207355734,0.018106259624966033,0.01713243953256635,0.014552948636651873,0.010969064226832139,0.007216459824259445,0.004176102907872089,0.002106169037050457,0.0010111876075731489,0.0003351752876166316,0.00009624966029531657,0.0000339704683395235,0.000007926442612555485,0
0.0015275363893113207,0.0023184607864436247,0.004085876964298649,0.006725686146715912,0.01021865269027446,0.013694646607285105,0.01626317075820117,0.01742296690564125,0.016618464407270623,0.013845137229343189,0.010559236729669056,0.006760762908248244,0.0038731533782315904,0.0019869288145412437,0.0008814450720544588,0.00030663878629879065,0.00010409877616047505,0.000030550727786226376,0.0000033945253095807085,0
0.0015304771966815913,0.0022634773618328626,0.0038934977908189473,0.006391127983186246,0.010022193616111527,0.013460959822994027,0.01608415022883632,0.01656489879394325,0.015707469588411356,0.01337159714853886,0.009907945133580228,0.006341356367033996,0.0035394406122813723,0.0018166639895570102,0.0008008705508134268,0.00029410500453600397,0.00010633027087070914,0.000028279327359231165,0.0000033935192831077396,0
0.001544721786227227,0.0021888267007477234,0.003906439806135715,0.006522409765986512,0.009624283433282591,0.013166860463145334,0.01556812878482262,0.016068722604353478,0.01497826428415648,0.012826727867933624,0.009284150838070895,0.005904295049771229,0.003378725779677694,0.001655462631179874,0.0007039953714846834,0.00027007206064982257,0.00007571057767170761,0.00002938022417111043,0.000002260017243931571,0
0.0015170252739575816,0.002212234322753345,0.0037812589727184128,0.006495400316065773,0.009417539163443081,0.012688978167044602,0.01485034353500802,0.015726419978612433,0.014202612177349527,0.011983595327290857,0.008723460535864874,0.005734626836651874,0.0032386567882924542,0.0015543291741368665,0.0005539063966015014,0.0002339971920336956,0.00009043369740432675,0.000020347581915973528,0.00000226084243510817,0
0.0015185531261969626,0.002104958686089984,0.003741018899433142,0.006000770575321479,0.009288709263739007,0.0123506727845677,0.014542631910179392,0.014914361060863024,0.01378448522291885,0.011499876278595752,0.008122677398980632,0.005260701901468047,0.0030009502255797112,0.0014597995826238653,0.0005705872981618049,0.0001999880233161178,0.0000858705636837568,0.000029376771786548368,0.00000677925502766501,0.000003389627513832505
0.0014843605153319868,0.0020213530856158348,0.0037058139902956958,0.006021099851224794,0.009005648031328714,0.012012806424918272,0.01418790896223642,0.014648026806669108,0.01330611063629663,0.010958039965813357,0.007904530634578251,0.004970855434817018,0.0027855783014303216,0.0013475687237438894,0.000558472273095203,0.0002193190708106667,0.00007800523652544328,0.000019218681462790373,0.0000022610213485635733,0.00000339153202284536
0.0013939454870167628,0.0019418089888021206,0.00350180794955589,0.005940647744101429,0.00858394793828233,0.011693779320581476,0.013664958311541166,0.013779049473768637,0.012911504794652848,0.010382295762699422,0.007527757476077569,0.004447296095935982,0.00269187365928764,0.001308094711479264,0.0005343081161741724,0.00021801578524654423,0.00006551769712072313,0.000027110771222368194,0.0000011296154675986747,0
0.0013500105540122734,0.0019008509807330017,0.0033885716414254565,0.005684492600339305,0.008512064872747959,0.011262880692252909,0.013138898702928826,0.013634429332704234,0.012202018468957099,0.00998624027704564,0.00698709475696988,0.004381890443708735,0.0023975103818746407,0.001298087071165648,0.0005068183434377184,0.00019753498909042466,0.00005530979694531894,0.000009030170929847989,0.000004515085464923994,0.0000011287713662309986
0.0013507225688123134,0.00191992338376332,0.003386970722297765,0.005686361316028423,0.008235341949648317,0.010812556750676487,0.012517900462136859,0.013118723544585141,0.011828986777374722,0.009274359310273173,0.006638417441035763,0.004221572710886642,0.002371670062295868,0.0011350135298130223,0.0005240261470977537,0.0001886042382873379,0.00005195086803124281,0.000016940500444970478,0.0000033881000889940958,0.000005646833481656826
0.0013556941978320183,0.0019234828585393492,0.0034022167462661955,0.005476959407061577,0.008058535285864095,0.010412092656788127,0.01200483579845422,0.012496994558033537,0.011474297686063669,0.008870145717372192,0.006135052427324743,0.0040580521575404715,0.0021390845169789135,0.0010170528494976262,0.00047071147418480607,0.00015803262922271658,0.00003612174382233519,0.0000180608719111676,0.0000045152179777919,0.000001128804494447975
0.0013824109924808132,0.0018202685149971837,0.0032308919767122996,0.005288145233277621,0.00767153463419148,0.010290780277904109,0.011615637833146942,0.011951930466419826,0.011026561475534711,0.008452455782596973,0.005915590549048507,0.0037454874155459714,0.001974872846401161,0.0010133918948961385,0.00040287406066583667,0.00016701781786706963,0.00004626844954425578,0.000013541985232465103,0.000013541985232465103,0.000001128498769372092
0.001308649279734793,0.0018032035373049728,0.00322363562868234,0.005300086038891386,0.007552679061385696,0.009825596231451393,0.0113510364186142,0.011310388123471462,0.01020498031945043,0.008030296529313068,0.005555267002843122,0.003553338467062461,0.00189353308206665,0.0008468394821407199,0.00038502968454664745,0.00015468934540437154,0.0000643598006426947,0.000010162073785688638,0.000007903835166646718,0.0000033873579285628795
0.0013237649092831684,0.0017221357643359887,0.0032343650724685107,0.0051867208210276605,0.007469735664573997,0.009497702878539781,0.01119501099751837,0.010806796906475393,0.009699709629402255,0.007708983883472582,0.005501580505332863,0.003413801236642443,0.0017921045830704794,0.0008396258248138776,0.00034420144700031256,0.00013316646146241596,0.00005304087871808096,0.000014670881347554308,0.000004514117337709018,0.000003385588003281763
0.0012215195160886082,0.001703579436023762,0.003053798790221521,0.00507912782151816,0.007337019718169935,0.00928332253308376,0.01065160502245474,0.010425815832789564,0.009188491073424386,0.007288475042391919,0.005188635578505772,0.0032536222230752027,0.0017769609226649453,0.0008060674071046823,0.00032174959527287773,0.00011741037862589224,0.000044028891984709564,0.0000045157837933035444,0,0.0000011289459483258861
0.0012325659022427507,0.0016892806235678324,0.0030515309528535072,0.004872751384804141,0.007015363657687241,0.00904746224491637,0.01021800516031251,0.010009382386373888,0.008988822330079574,0.007222858740955924,0.005039649603955036,0.0031214477743896924,0.0018031773812316198,0.000764574274218285,0.00033379643830178774,0.00011953521101347812,0.000030447648088338775,0.000005638453349692367,0,0
0.0012333656438270214,0.0017185872603371957,0.002888761251781498,0.004758557108891633,0.00689353222153639,0.00878476810356209,0.00967057965928415,0.009617543808177226,0.008798309171929818,0.006863064817709012,0.004631045381762214,0.002998218221087281,0.0016170292475792525,0.0007582998285926428,0.0003328845973732588,0.00010155801275794321,0.000029338981463405823,0.0000033852670919314412,0.0000011284223639771471,0
0.0012201915768438767,0.0016509801002767424,0.0029095141111434384,0.0046134969878634914,0.006502425722811267,0.008386843583168123,0.009237143443556554,0.00928112447081802,0.008195131413054023,0.006580238309504638,0.004425167973692578,0.0027832096225976787,0.001568656638992451,0.0007318894023767802,0.00029095141111434397,0.00011502730206846155,0.000043981027261470585,0.0000011277186477300151,0.0000011277186477300151,0
0.001129581739104947,0.0016075684231174198,0.0028577741603104207,0.004359373837443945,0.0063355782173351366,0.007952165257132032,0.008988178848187365,0.008981414885677762,0.007866488398676966,0.006265683938069162,0.004307516791536931,0.0027134762934387315,0.0014114135103387166,0.0006899241759802671,0.0002525212670254574,0.00009582280221948156,0.00003043783129324708,0.000013527925019220927,0.0000011273270849350771,0.0000011273270849350771
0.0011342802957697887,0.0015074878284733674,0.0026372580634249853,0.004248477290716266,0.006016421131438959,0.007828338065138806,0.008768685745727277,0.008589410828205015,0.007556606900844057,0.005988233251325393,0.004087242616466684,0.002575244727175147,0.0013654209127010079,0.0006731265771118927,0.0002604560122493253,0.00007554351870434971,0.000029315395318105863,0.0000022550304090850663,0.0000033825456136275997,0
0.0011046261291420667,0.001469829053470667,0.0025519117922220796,0.0040713363045521865,0.005742928702019212,0.007563307476064556,0.008336545766464,0.008195649576522412,0.00734125508071661,0.0055603272398549106,0.0039304401146105965,0.0023952352290070316,0.0013706381357517887,0.0005872553196765479,0.0002615033285315914,0.00008341054444542131,0.000018034712312523527,0.000004508678078130883,0,0
0.0011101681256642686,0.0014381467292869116,0.0025347899640801442,0.0040067489205446475,0.005669183423442918,0.0070746449997914915,0.007865851115747143,0.007850072076397601,0.006937141942602618,0.005345713116777292,0.0037880965181295535,0.002278944111769699,0.0012668314449204455,0.0005511393029947488,0.00023330436752538435,0.00008903886490099213,0.000024795633263567438,0.0000011270742392530653,0,0
0.0010700022775601693,0.0015153667661126113,0.0024816385805162605,0.0039552876603594035,0.005512372112741483,0.006763902700825557,0.007453935781823266,0.0073490778136324365,0.0068090029021979585,0.005275596055536386,0.0036057610997233106,0.0021873597665613568,0.0011049549336237786,0.0004769346295131207,0.00019054835079838634,0.00008569038260755831,0.000022550100686199557,0.0000011275050343099781,0,0
0.0010282683600021632,0.0014792632547399544,0.0025097865892158094,0.0037759547561921594,0.005405173813432432,0.006565358180145401,0.0072768026265942615,0.0069814009705410135,0.006359028015802862,0.004976728663431532,0.0033599119657965457,0.002063301643425394,0.0010327783089495416,0.0004521223819746354,0.00016461313657929378,0.00008681651723702483,0.000027059693684267498,0.000005637436184222395,0,0
0.0010007618412214698,0.001394079276566394,0.002372301436679274,0.00376412674513481,0.005244983793969282,0.006476777366553818,0.007088729708652084,0.007021110665326308,0.006105999612317485,0.0047671425544671365,0.00335390454895844,0.0020612538373807085,0.0010097777136649068,0.000438396797562108,0.00015439681559385304,0.00007325396360292294,0.00002592063327488043,0.0000022539681108591676,0.0000022539681108591676,0
0.0010566240074436795,0.0013709076940927056,0.0022270209623839604,0.003561881782022296,0.004994745041583449,0.006276662014366935,0.006994220108974208,0.006594325095496056,0.005960125398064507,0.00468609367906792,0.0032014130374786102,0.0019138637405616333,0.0009755185399213502,0.00044833300102620975,0.00014869335712427062,0.00006533495994854308,0.000020276366880582338,0.000005632324133495094,0.0000033793944800970565,0
0.0010252308177624058,0.0013328000630911266,0.0022510012899882264,0.003517330344015638,0.0048456238980176996,0.006018442888447001,0.006624568360926313,0.0063654440883050434,0.005689467724945217,0.004403986007289277,0.0030396403805746947,0.0018938604446797835,0.0009103148359912347,0.0004179787180108268,0.00014984142721142862,0.00004055858180158965,0.00001577278181172932,0.0000011266272722663798,0,0
0.0009341487133200137,0.001334176208167548,0.002170290014299575,0.0033748798508967943,0.004718070763173584,0.005704054025121727,0.006262965679894618,0.006193101723048008,0.005403188275475834,0.004309028564216806,0.0028779442868749282,0.0017713893574656959,0.0009059777629786381,0.00037861757258808777,0.00014761577978880815,0.00005521506266909614,0.00001915624623213539,0.000002253676027310046,0,0
0.0009263652335804016,0.0012430423998043589,0.0022235019535938355,0.0032163581224312248,0.00458449363771907,0.005510858871299467,0.006007850438220345,0.00597629541809838,0.005229117620210541,0.00410440654586353,0.002766699085693292,0.0017772238118689697,0.0009173495135455558,0.0003809141714722336,0.00013072794050526348,0.000040570740156805914,0.000012396615047912917,0.0000022539300087114396,0,0
0.0009663620411188176,0.0012535675428499344,0.0019034403840219134,0.0031907968094284497,0.004336239928097257,0.005548134515794052,0.00591418074349057,0.005822950760587751,0.005093110897365142,0.003892479270520553,0.0026107543255401147,0.0016331293235690974,0.0008154383656993286,0.0003908247415713633,0.00014867108324904875,0.000048430731664462885,0.000010136664766980603,0.000002252592170440134,0.000001126296085220067,0
0.0008833573890479462,0.0012123629472137619,0.00195262545308685,0.0030196400543985903,0.004156512000252386,0.005195358317474589,0.005753090342447463,0.0056832329979054075,0.004977899164303349,0.003910884562991607,0.0025340188366949363,0.0014467230708387277,0.0007909654172342576,0.0004259044554338312,0.00017802355544588717,0.00004394252317968097,0.000009013850908652509,0,0,0
0.0008420171037538432,0.0012134952377628914,0.002022867293376545,0.0030573776120259855,0.004038980438862016,0.004896757221028366,0.005424706447847285,0.0055485324925169666,0.004873117703409609,0.003810465101880693,0.002490029189175803,0.0014757813141995826,0.0007080598372475502,0.00033770739455368044,0.00013508295782147217,0.000046153343922336326,0.000016885369727684014,0.0000011256913151789343,0,0
0.0008635860551681749,0.0011405641119756986,0.0018645352116799178,0.0029206547941411274,0.003881070576485915,0.004864004900034564,0.005280597912306046,0.005199531163972138,0.00471313067396868,0.003670522216229791,0.002446639501799796,0.001418668095843416,0.0006924451420188105,0.00031638550391428576,0.00011822234132028462,0.00003715559298637515,0.00001914076002328417,0.0000045037082407727465,0.0000011259270601931866,0
0.0008636152262007579,0.0010539033268890602,0.0017959143230641562,0.0028092829066113313,0.003971278882412086,0.004632220391903409,0.004957624303731336,0.005126519067655863,0.004493726685485295,0.003507381264166049,0.0024163210892135935,0.0013275128444467969,0.0007397590659894366,0.00030401057506415185,0.00010021089326188711,0.00003152702259924539,0.0000045038603713207685,0.0000045038603713207685,0,0
0.0007907649468092305,0.0010464681418600786,0.0017797843532173568,0.002712481469966706,0.003715018225892938,0.004588013715603983,0.004911303658245364,0.004966499502110966,0.004205022145924299,0.0033511762346972378,0.002241627128419329,0.001343849831258422,0.0006679823553530962,0.0002985081351915186,0.00007772475972911236,0.000024781807449861895,0.000003379337379526622,0.000003379337379526622,0.0000011264457931755407,0
0.0007722494523332964,0.001053681468489746,0.0016987236495203267,0.002662346872840008,0.0035370375790542523,0.004298029750741293,0.004898042809186841,0.004760703985302492,0.004222605970411363,0.0033490409922617478,0.0021647750682754073,0.0012844557217380345,0.0007047057684557484,0.0002780548319625719,0.00011594999065645713,0.000018011649034012746,0.000005628640323128983,0.0000011257280646257967,0,0
0.000806272711609989,0.0009605455628537997,0.0017127664725681464,0.0025843517781353707,0.003603453459709448,0.004199149359767665,0.004854527457752322,0.0047666932796719035,0.004291487854672721,0.003208199658347569,0.0020010427493449027,0.0013310256216801778,0.0006655128108400887,0.00028940235598291515,0.00010697752458512426,0.00003153021777245768,0.000003378237618477609,0.0000011260792061592029,0,0
0.0007578436252176127,0.0009954439297063442,0.0016857234872968301,0.002633872569664185,0.0034750452116219196,0.004160820498037261,0.0047013330390542835,0.00465516425950908,0.004137173074367769,0.003039256975426949,0.002080973282915524,0.0011778669122995875,0.0006260936933447144,0.00027025627050850955,0.00010022003364690572,0.00002815169484463642,0.000009008542350283655,0,0,0
0.0007783223155483121,0.0010249975501432187,0.0016760399501242953,0.002571504842831833,0.0034016402213544166,0.004062819959743504,0.004534769381183073,0.004603478008170699,0.0039907322199532105,0.0031358166808777145,0.001964390909285464,0.0011274973051575402,0.0005969765951383576,0.00028835095916116915,0.0001070052387512151,0.00002478016055291296,0.00001013733840800985,0,0,0
0.0007485628156768188,0.000991705023475605,0.0016490895112278787,0.0024426786616822504,0.0032486500542004506,0.004070380663890793,0.004370931448530958,0.0045026334777553,0.003996087211507829,0.0030617907648736067,0.002029562040098202,0.0012247163059494416,0.0005830910353693116,0.00024764484127654164,0.00010806320346612729,0.000025890142497092987,0.000009005266955510604,0,0,0
0.0007160888040191038,0.0009277628530058836,0.0015762961094760147,0.0023340441678169842,0.0031965033248588636,0.0039238513868027946,0.0043370661526440065,0.00428302171460483,0.003763969924270228,0.002924029283078007,0.0021403849315099325,0.0012024887463717021,0.000657540662809995,0.0002522073775161625,0.00007431110230386937,0.00003152592218952034,0.000003377777377448607,0.000001125925792482869,0.000001125925792482869,0
0.0007313494635270395,0.000848365377691366,0.0014998289767408366,0.002281810326204364,0.0030772935119176203,0.003778263843882767,0.00422945020522791,0.003997668682940882,0.003624117880031684,0.0029782800460862674,0.0020376521206884133,0.00111052603154029,0.0005794538057175776,0.00023065636926622004,0.00009563800676892056,0.00003600489666594656,0.000012376683228919134,0.000003375459062432491,0,0
0.0006280664669910559,0.00090495598469679,0.0014396003786407885,0.002195981500178403,0.0029489859202805825,0.0037965379805749637,0.003983382126669078,0.004034032648200614,0.003476876911353709,0.002808290027137423,0.0018999573410052003,0.001055781982146255,0.0005717881097337928,0.0002633827119639909,0.00007541299872473242,0.00002476247719319572,0.00001013010430630734,0.00000112556714514526,0,0
0.000628334508176231,0.0008366532967292826,0.0013760300519558323,0.0021304818807695853,0.00299416031763548,0.0035954696856750974,0.0039535527924852085,0.003889368084660755,0.003250899148933296,0.0025865311205749155,0.00185234814686362,0.0011429382182775523,0.0005292423276753198,0.0002375960237010481,0.00009909218050091102,0.00002702514013661208,0.000006756285034153021,0,0,0
0.0006508056253026022,0.0008050623219573709,0.0013376420118676314,0.0020965399209575183,0.002957900307387431,0.003552407868217492,0.003944242396946392,0.003722428022924572,0.003251776203934107,0.0025480503980273156,0.001784648643779626,0.0010752930314255795,0.000553972954409827,0.00022181437402182098,0.00007656536768265906,0.000014637496762861295,0.000010133651605057818,0,0.0000011259612894508686,0
0.0006356449433600983,0.0008404013675929081,0.0012555393925484418,0.002124066642590912,0.002817088386148115,0.0034043568116949676,0.003819494836650502,0.003602363024139883,0.0031973503168661916,0.0024492018437078465,0.0017910561943880997,0.001048532897719666,0.000507390919390096,0.00021600677721263524,0.00006750211787894843,0.000019125600065702057,0.0000022500705959649484,0.0000011250352979824742,0,0
0.0006313145521942966,0.0007967392209510906,0.0012513757255615992,0.002034610891920299,0.0027840859217980194,0.0033793896617459376,0.003700110958315235,0.0037169910265557227,0.0031520714094406843,0.00259727983326994,0.0017251429741779972,0.0010488149066757298,0.0005075273850973753,0.00019243277794157688,0.00006076824566576112,0.000024757433419384174,0.000007877365178894962,0.0000022506757653985607,0.0000011253378826992804,0
0.0005770489737977021,0.0007817720015387971,0.001334074235719445,0.0020404811666063,0.002824502871746647,0.0033756802541265187,0.003583777837269939,0.003525285543629628,0.0031473353385691443,0.00242630533427221,0.00160966292690938,0.0010112417688969476,0.00042294427709149344,0.00019009995433101696,0.00005736744183953767,0.00001462307341007822,0.000008998814406201983,0.000004499407203100991,0,0
0.0005774315439709056,0.0007687831277429405,0.0012775532210662335,0.00202269880022557,0.0026676661972924866,0.0032822424604662,0.003618796128394662,0.003417314166658225,0.0031325379861033716,0.0023513732852928296,0.001572459779585487,0.0009319947727249704,0.0004738765692236863,0.00022286831521684062,0.00006641025554441215,0.00002251195103200411,0.000005627987758001029,0.0000022511951032004117,0.0000011255975516002058,0
0.000567661929780781,0.0007418947993174563,0.001302812230922625,0.0019502840557814962,0.0026550841151330795,0.0033688768387188143,0.0034217087410944504,0.0032744538642602294,0.002970951446357633,0.0023504576142012144,0.001557979078566659,0.001000433896049298,0.0004687426232051199,0.00021357577556108598,0.00007756172901955231,0.000028102075731721854,0.000006744498175613244,0.000001124083029268874,0,0
0.000555564927433549,0.00073775423562026,0.0012382125204541247,0.001938854119221534,0.002669860602686729,0.0032715351698465443,0.003424484218694648,0.003259164290895597,0.0028250589022531876,0.00230548198631331,0.0015935941339541265,0.0008547152729746914,0.0004667195240585484,0.00021930194503955885,0.00009109465409335513,0.00003036488469778505,0.000007872377514240568,0.000002249250718354448,0,0
0.000538048953449761,0.0007192746469757266,0.0012697054801073858,0.0019034325947354502,0.0026587272553312436,0.0033273487581537507,0.0033858812802863587,0.003357740644645683,0.002861339831944125,0.002214105212208533,0.0015916343518367396,0.0008667315777328782,0.00042548641088704925,0.00020824070374101644,0.00009117565947579622,0.000024763759363796503,0.000004502501702508456,0,0.000002251250851254228,0
0.000541258893918883,0.0007258045458995425,0.0012074236864344327,0.0018398301279779086,0.0026072699734096716,0.003229548909661527,0.0033859626024987937,0.003227298352930055,0.002774936449904295,0.002100894708828596,0.0014774904942110054,0.0009463591055837441,0.00044223439773413903,0.0002149281678555231,0.00009227282599032934,0.00003263307260633601,0.0000056263918286786195,0,0,0
0.0005455383957796699,0.0007097623252308699,0.0012091830421920517,0.0018132121525707796,0.0025578439422741634,0.0031506248383069207,0.003377838768095565,0.0031731212669988637,0.0026849487643836535,0.002109040189869857,0.0014015275075081831,0.0008379919687749563,0.00047804910970383415,0.00017434732236257505,0.00007198857181422449,0.00003711910734170951,0.0000067489286075835456,0.0000033744643037917728,0,0
0.0005208737629248134,0.0007334982579416378,0.001122747333475083,0.001763995810509949,0.0023838693383103197,0.0032444922943307983,0.003301867158065498,0.0031814924439554446,0.0027472434752967433,0.002063245099792886,0.0014186216307736262,0.0008493729827391667,0.00043762396064309377,0.0001912495457823289,0.0000731248263285375,0.000025874938547020948,0.000008999978625050765,0.0000033749919843940368,0.0000011249973281313457,0
0.00055011317256679,0.0006974850040724124,0.0011306006920851202,0.0016739640097737899,0.0024096981914888834,0.003095933437431093,0.0032973041079616796,0.0031161830020654552,0.002715691612630328,0.0019957070922975166,0.0014230944034703246,0.0007852331174879742,0.000440990518703848,0.0001766212026441431,0.0000674985487812012,0.00001574966138228028,0.0000044999032520800804,0.0000011249758130200201,0.0000022499516260400402,0
0.0005365162883870661,0.0006411200930411472,0.0010707830325880213,0.0016230461302778527,0.0023530232186703168,0.002975022186129535,0.003157235265204389,0.0031909784279960285,0.0025970987628631745,0.002036962260521961,0.0013789705860849943,0.000810960679092399,0.0004948997209440438,0.0002002094325637268,0.00007198541395549725,0.000011247720930546447,0.000004499088372218579,0.000005623860465273224,0.0000022495441861092895,0
0.0005391399873037602,0.0006775830320602579,0.0010647733360946907,0.0016714465159625958,0.0023535317608604635,0.002879165109651393,0.003136916794604549,0.003004101515895061,0.0025741401899033373,0.002002359159526908,0.0014249503631034652,0.0008092727575603409,0.0004558490498079808,0.00017333519424797306,0.00006528208614534044,0.000021385510978646002,0.0000045022128376096856,0,0,0
0.0005353529786882277,0.0006365751805410436,0.0010617084283228704,0.001567819437586951,0.002360726685434012,0.0027903586977426303,0.0031255166549886237,0.002943316691653553,0.0024383303735211713,0.0019153489972816202,0.0013102651684281199,0.0007850344099251738,0.0004183851009916404,0.00017995058107167326,0.00006748146790187748,0.000017995058107167318,0.000008997529053583659,0.0000011246911316979574,0,0
0.0005497649726635275,0.0006869251498924646,0.000997221944279241,0.0016032001043316767,0.0022035569456452194,0.0027881740944898713,0.003056873130208854,0.0027398307533354096,0.0023856876727852837,0.0018460410738517612,0.0012985246286837916,0.0007791147772102744,0.00040136215795680833,0.0002046160020956275,0.00006520729737113405,0.000028106593694454338,0.0000056213187388908685,0.0000022485274955563474,0,0
0.0005544883630848523,0.0006199880067893767,0.0010479942992723877,0.0015776379699175929,0.0022529618825952746,0.0028627861515684327,0.0029655528339324294,0.0027385626893701954,0.002430262642278213,0.0019198171430636426,0.0012636914018165973,0.0006979099967137245,0.00039073925382354186,0.00019311101850816664,0.00006211173109911792,0.000019198171430636445,0.0000045172168072085745,0.0000011293042018021436,0.0000022586084036042872,0
0.0006063423643178533,0.0007860423002055534,0.001282245994140623,0.0020636508766458494,0.0030351898848645117,0.004049625006811209,0.004265264929876449,0.004156285613918745,0.003801523159843674,0.003015480859638119,0.0021645147116279777,0.0012949988928165233,0.0007628552117039147,0.0003791088970017934,0.00014260059428507828,0.000048692885853441377,0.00001391225310098325,0.000004637417700327749,0.0000011593544250819373,0
0.0013960811955366324,0.0016393722182115834,0.00270689684574326,0.003881287623421876,0.004500883919486587,0.004276919753753107,0.003907435723989746,0.0037801058429636036,0.003435633039830381,0.0027262237026847275,0.0019611075425901405,0.0011971282564332845,0.000741241807402186,0.00033651468556909054,0.0001750785864109458,0.00006707556232627146,0.000005684369688667072,0,0.0000011368739377334144,0
0.0020354153074258197,0.0025235933580217396,0.003746910120103287,0.005094281539748031,0.005303336610826751,0.0047749556619464655,0.004136303906343329,0.0037813697472041767,0.0032713672661110246,0.0027406890087573405,0.002025077419295552,0.001337033531514478,0.0007764902640066896,0.00037905589810977475,0.00018148736939801321,0.00006432463725499204,0.000020675776260533163,0,0,0
0.0033726695950370947,0.0040991795865707665,0.005256513468155416,0.005404356518896767,0.004957362295170961,0.004588909692151497,0.004238937470474703,0.003934011178320665,0.0035678686229690354,0.0028563739412762797,0.0021217787829051855,0.0014380046732264328,0.0007911913262330172,0.0004262037947153044,0.00018595883726060694,0.00007969664454026009,0.000017325357508752194,0.000003465071501750439,0,0
0.005378224291355918,0.005888278398918081,0.005962637084302998,0.00475779401017552,0.004449902578503602,0.004477787085522945,0.004441769597289627,0.004449902578503602,0.004017692719703775,0.0032241461241116175,0.0024096861482549516,0.001748590961004679,0.0010607731211942013,0.0005147015253987193,0.0002010008214311027,0.00008365352105803111,0.000026722652560204392,0.0000046474178365572855,0.0000011618544591393214,0
0.008626466639425602,0.00710641527056214,0.005599206117564651,0.004310314634288716,0.004209911855700192,0.004442239215457358,0.004938415737551808,0.005051660732006301,0.0048018212597046315,0.004076819800361917,0.003195376802288249,0.0021189656178857044,0.0012176755589282586,0.0006152588873971162,0.00027785885237289137,0.00009106298523145176,0.0000361916992586539,0.00001867958671414395,0.0000023349483392679936,0
0.011647820180255791,0.007311975675197304,0.004914894839067377,0.004242071171615749,0.004329983671718316,0.005075481672588062,0.005224346839428406,0.005866694173511142,0.005672114506617466,0.0049992908391658375,0.004008810004676946,0.0028870465033682207,0.001608212668542915,0.0008111393342796621,0.00031414066703316413,0.00015589816684854788,0.000043370166717265176,0.000022271166692649695,0.0000035165000041025835,0
0.01417204698069436,0.006966678699130017,0.004416345180410523,0.004321104509586971,0.004827878943228328,0.005586276877564002,0.006142435362743496,0.006946689916364581,0.006981964238891822,0.006291763328108817,0.004864329076506478,0.003541541981734955,0.0020870640828617353,0.0010746910263299291,0.0005161809196486203,0.00021870079966889174,0.00006584540205084912,0.00001528553976180426,0.0000035274322527240594,0
0.01622577034113004,0.006720084840629236,0.004391680904966711,0.004376362458021564,0.0052294821186590484,0.00637483061332705,0.00744712189948742,0.008534731632592944,0.008379190478996058,0.00770400047133683,0.0062782065633653445,0.004523655217109526,0.0025723207447121894,0.0014434690390620394,0.0006834384021681498,0.00022270665174100026,0.0000624521298532964,0.000023566841454074114,0.0000011783420727037058,0
0.01747216502144783,0.006610770528849837,0.0042990069683327345,0.004594025288970445,0.005614788678376923,0.007201987243407818,0.008752603536679629,0.010062484880311065,0.010324461149037352,0.009421705087885958,0.007867548574766493,0.005725715566936704,0.003397430980463887,0.0018125925619980996,0.0008307715909157964,0.0003481216183524997,0.00009558593588661854,0.000024781538933567782,0.000004720293130203386,0
0.01853876862950008,0.006488923670917353,0.004236892409649806,0.0047334032389056415,0.006217024883467724,0.0082976416917779,0.010541397772557845,0.011857151470085819,0.01236193747982925,0.011491861359990446,0.00919727202764383,0.006657973786592551,0.004110400365053677,0.0022449382494210317,0.0010261223804620627,0.0003853869769938161,0.00010166650313333798,0.00003546505923255976,0.000007093011846511952,0
0.01860472819895204,0.006607364046238535,0.004322884194262417,0.005043364893306155,0.006786005401830661,0.009339038814862493,0.011877875563873746,0.01366783828580014,0.014312603443400854,0.013518773313584205,0.011158577920165056,0.008108661266413417,0.005096602383383278,0.002803841144061832,0.0013415847499435077,0.00048623574270439317,0.00013960052953556796,0.00004732221340188744,0.0000035491660051415583,0.0000047322213401887445
0.01880934167304144,0.006521219125751651,0.004559050959532209,0.0052257381517962645,0.0073714525254773965,0.010587655747838298,0.013485317487572148,0.015519719967695866,0.01633679663317046,0.015355120465520549,0.013125330087131157,0.009564533662374449,0.006162415894391067,0.00323514992764727,0.0015074472393466233,0.0006501088251384882,0.00022617629435601355,0.00004263008689432713,0.000009473352643183803,0
0.01899077013326774,0.006494259126970984,0.004661059045600556,0.005580024505745602,0.008137042941824874,0.011442716636941222,0.014864295885589388,0.017149291083787887,0.018268134488288814,0.017473353549784985,0.01492343137208521,0.011291329791511933,0.007341079293591133,0.003827248686009491,0.001845027178669594,0.0007687613244456634,0.00023654194598328124,0.00007924155190439921,0.000021288775138495308,0
0.01961334104710965,0.00664189266729845,0.004573843436369043,0.006037331364664053,0.0086886461967652,0.012098324619842173,0.015942198733852258,0.01906320209265761,0.020351592031148533,0.01976004476829686,0.0167762803744731,0.01264018191261429,0.008024930167845633,0.004624716500974285,0.0021709784546655947,0.0008885039888031941,0.00025909770112902714,0.0000721687660679025,0.00001538022883414316,0.00000354928357710996
0.01997126981718881,0.006753489342334826,0.004666284229689753,0.006075532883258743,0.00914530076613821,0.013115849958279604,0.017232183493893646,0.020655152469088982,0.022382045058029286,0.02177164719714784,0.01898989228551923,0.013985815064856265,0.008903512098915274,0.004934148145338692,0.002465296214822119,0.000987303724493666,0.00032475536676022134,0.00006281764393537134,0.00001066714708336494,0
0.020176177328628628,0.006901877732412766,0.00500554921866764,0.006403217954594719,0.009619040512257442,0.013634376965471665,0.018243130398939655,0.02230466098834132,0.02412518374013786,0.023627708427350236,0.020641672085594177,0.015414627906233009,0.009857117983377222,0.005558694387886238,0.0026685997135963545,0.0011003680132849602,0.0003434948588295355,0.00009001934231394725,0.000018951440487146777,0.000003553395091340021
0.020563966454311695,0.006819519601677523,0.005106941389793934,0.006800569911919472,0.010119134330797629,0.014324781101474404,0.01964490650104637,0.023464453342902935,0.0259373878563282,0.02536771280797688,0.022177058794965537,0.01681074352660833,0.010775267338670038,0.006092325257212432,0.0028625875090751256,0.0011950148103669013,0.00037899379516095997,0.00010659200488901999,0.000015396622928413994,0.0000011843556098779995
0.020511339356842618,0.0069211565800703315,0.005129018549930691,0.006789764690145966,0.010276976471382015,0.015158599480824476,0.02078122540101161,0.024950254556990348,0.027678707766681153,0.02738159637595126,0.02381389226575253,0.018044486216280513,0.011457136059261295,0.006397956441812924,0.003120261458023843,0.0012275080166808516,0.00039417566977311785,0.00012310591488409704,0.000018939371520630303,0.00000591855360019697
0.020844012629291003,0.0069693134746769,0.004881005513180373,0.006975232714930578,0.01069961868254286,0.015534454121744562,0.02194499131647456,0.0266058010922182,0.02921618604408886,0.029062285797493318,0.024937759188732603,0.018942752659810602,0.012390153698992427,0.006823700164436494,0.003308855301804303,0.0012323858208151267,0.00036699289572784776,0.00009707554016026937,0.00002249311296396485,0.0000035515441522049763
0.02081519569695313,0.00685943198549226,0.004977263547407783,0.006928132910230395,0.010675886804566008,0.015951644024973972,0.022377549485394537,0.02759408177068341,0.030895279654221137,0.030094558531411134,0.026318376668218364,0.019862858740238246,0.012804430972745867,0.007394825398968776,0.003475319192787824,0.001355066515524633,0.00041339004713120375,0.00009239089878577038,0.000011844987023816715,0.0000011844987023816716
0.02078623357377391,0.006895996628939513,0.0048849601935519,0.006919669806519119,0.010851784602491841,0.016656447745011464,0.023082531798995772,0.028734502946126946,0.03195168777919553,0.03172797625106824,0.027510599665261277,0.020690357204576498,0.013246326514669077,0.0075659475544423895,0.0037332601043040207,0.0015198180006107682,0.0004557086684074342,0.00009706002807638868,0.000014203906547764185,0.0000023673177579606977
0.02086228406796193,0.007053523447431784,0.004941846013261906,0.006861767985360305,0.011133653557063817,0.017047297313292915,0.023770575242712696,0.029984872624658807,0.03327549104786074,0.0325534488758632,0.02780809302743997,0.021368897264052014,0.013793372836536756,0.008101076434674127,0.003828007187278804,0.0015245742910374434,0.0004699192496443052,0.00012310227194712277,0.00003314291937037922,0.000001183675691799258
0.020775646214068313,0.006879854592959689,0.00482205150779338,0.006994637168728022,0.011230942542445879,0.017513217746096214,0.024537438052908853,0.030559381641414498,0.03403954200568945,0.033321263412994816,0.02878557668186056,0.021535341200081413,0.01433953869237797,0.008228845689618448,0.0037878250003549963,0.0015761895971486586,0.0004792468369708762,0.00013253245861910646,0.000024849835991082453,0.000005916627616924395
0.020417065645281417,0.006787956165549528,0.004754642928916791,0.007081131562459365,0.011437386956059167,0.018043290657398535,0.02522845219940657,0.03114988592167017,0.03442210164201864,0.03431216086817747,0.02990507264366187,0.022430282181319528,0.014486174652149764,0.007894456857112462,0.0040583513612559245,0.001613646841862609,0.0004882316085635584,0.00014658769845491828,0.00003901124233074441,0.0000035464765755222188
0.020326929012436927,0.00663413065098442,0.004724305160549512,0.0069486901435266354,0.011574843281967107,0.018287022528845464,0.02559166157182777,0.031937248928901284,0.035862147258779606,0.03462283016034257,0.030654177314584318,0.023008962580428487,0.015034997699931529,0.00849547140760642,0.004028963124403547,0.0016295600779066876,0.0004765694567462951,0.00011116012142469435,0.000014190653798897152,0
0.020199835735261972,0.006427596475989579,0.004671500067951238,0.006952298229131586,0.011569437304640188,0.01826883874284295,0.02573992992159019,0.03264850300462659,0.03590661726906917,0.03580380408771028,0.03099285625653662,0.02360921536997974,0.015429067768067645,0.008680032380243322,0.004163342964683081,0.0016603737909110794,0.0005601545743002502,0.00015008360956989808,0.000024816974810770564,0.0000023635214105495777
0.020030137391047424,0.006403309203722857,0.004781799379524299,0.007110060570246717,0.01168385285862018,0.018563451026739543,0.026039887723445128,0.03336031910178756,0.03717535825084948,0.03672979760673659,0.03185935884177871,0.02385344954941646,0.015570985374501403,0.008933668193233865,0.004216871029694191,0.00154823459890678,0.0005519279066331807,0.00011700398877234452,0.000035455754173437736,0.00000827300930713547
0.019283600203532064,0.006340897311936495,0.004807323376318265,0.007200359840904984,0.01188726401673591,0.01847844437282257,0.02625964976901944,0.03332660402507081,0.037708918458492564,0.037318146347107166,0.03152739950014226,0.023768625131487135,0.015477409003814458,0.009011370169802881,0.004289048582063913,0.0015973252770527047,0.0005064689902850038,0.0001357667456474952,0.00003187567071723801,0.000002361160793869482
0.018922755011430398,0.006345765081524301,0.00469378790455138,0.007303415896767368,0.011893291012488422,0.01835359632715525,0.026450528065899603,0.03408929887207391,0.037735693098301486,0.03734011600445881,0.03207362693419487,0.024283710253358258,0.016272978896257253,0.009091188195507185,0.004173043133253982,0.0017263692871582687,0.0005242872527347958,0.00011926354172570807,0.00003070150579077631,0.000011808271457990893
0.018741644266608726,0.0062039106013293596,0.004667400475243408,0.007142823399360358,0.012176340814716486,0.01896367647545127,0.026973370307207544,0.034161072557291394,0.03814348004780777,0.03767933824953587,0.03274384569233895,0.024262923927985968,0.016106783320184618,0.009082062159570293,0.004303645579905615,0.0016510692976696086,0.0005042965594455807,0.00012755041784572065,0.00002243942536174715,0.000009448179099683013
0.01862616258544125,0.005989890510043958,0.004725318711057743,0.007202509779473317,0.012250170321645189,0.019194098192642346,0.02700823093371684,0.033731360554097346,0.03789582809380264,0.03793951544820275,0.0330795924560204,0.024813236559939642,0.016310732802236792,0.008831930024665646,0.0042506615091973685,0.0015408647970840464,0.0005655741285848721,0.00012161614873536918,0.000015349611005434942,0.0000035422179243311407
0.018212166785106343,0.006172635475714358,0.0047183063676477874,0.007278728311963043,0.01205015546683728,0.019450471358451998,0.027058548551219072,0.034168470805995804,0.038416953322174034,0.03815725169573357,0.033402351007996434,0.024517013997917666,0.01643557156786594,0.009230031896081577,0.004365348248076435,0.00164438348014345,0.0005465538774633291,0.00013693358485042354,0.000035413858150971624,0.0000011804619383657213
0.018235021822510245,0.00609329831654921,0.004656177376386345,0.007438311258903777,0.01233184386041151,0.019404084871615615,0.027468258166909128,0.034557031382848075,0.038917990817541125,0.038379513291892625,0.033163602698055815,0.025243495758308608,0.016254699869631763,0.008992338503977175,0.0043255332816898775,0.0017099023182874523,0.000558552345683678,0.00016768379088178057,0.000020074820035142734,0.0000059043588338655125
0.017876587486506737,0.00588807814592194,0.004737832465241937,0.007385167139545448,0.012537088049832187,0.019744114576267187,0.027538651204218757,0.034985164780067114,0.03887594452866471,0.03832028738445929,0.03348925552560331,0.025365571672103293,0.01659067180246447,0.009219661532835087,0.004361495673306632,0.001574951778161848,0.0005013891428605135,0.00011561443764783602,0.00001887582655474875,0.0000047189566386871865
0.01774690266321445,0.006036682277149742,0.004746813056211886,0.007273494720261089,0.012315067653286929,0.019615680282214904,0.027528214415408623,0.03493965675801866,0.03906983215193575,0.03858170979593186,0.033438739465281996,0.025187820993505864,0.01692393308714989,0.00932266538387168,0.004170262737163796,0.0015563321495776672,0.0005022708300909749,0.00013441050382716216,0.000027117908666883603,0.0000035371185217674272
0.01738420268115625,0.005863185262728058,0.004711319558939293,0.007181457794625654,0.012295222235728842,0.019521527260624956,0.028008275494175165,0.03494307352231327,0.039700420501793315,0.03866893420557263,0.03329316752446829,0.02507314229200033,0.016745719744937278,0.00953475719355475,0.004396208756775768,0.0016369239048719456,0.0004933195329751065,0.00011093788540588516,0.000027144376216333602,0.000004720761081101495
0.017596498162361144,0.005866285963742768,0.0045129814584304265,0.007293921928370432,0.012369698721616886,0.019746211160337677,0.027657202187468657,0.03484021685908289,0.03930246414686953,0.03896384305443303,0.03352348815121143,0.02558771997097531,0.017093875913657512,0.009484930181522147,0.004507082136262541,0.0016695081735108625,0.0005380181817109209,0.00012506562995911772,0.000008259051035036074,0
0.017392135596580822,0.005838291022344111,0.004797382859476209,0.0073194018436584145,0.012270206541199076,0.01944444772268885,0.02779295604936407,0.03501322378227317,0.039607617748310286,0.03911194719456365,0.034253195599861674,0.02556951956541495,0.01717144418336505,0.009605387230818429,0.0044456927999131325,0.001699441898559838,0.0005133730735232847,0.00012037713448132204,0.000021243023731998015,0.0000011801679851110007
0.01690948279927933,0.005860130361370778,0.004684566987067625,0.0072267080452397365,0.012338109477139593,0.019435116447982796,0.027686462980955166,0.03525393112165489,0.03965197664437382,0.03925226151509721,0.03426348655353589,0.02580933470423439,0.01686585607425504,0.009466999330270813,0.004497089979530812,0.0017238451887975994,0.0004716402705328596,0.00011201456425155412,0.000012970107439653626,0
0.016481101583774124,0.005743110682727892,0.004622532459651523,0.007138236462036435,0.012084805736983442,0.019827518149007437,0.028015633892601245,0.03548615537977702,0.03984474512442423,0.039047025400951375,0.034786235858738794,0.025687282085241715,0.016931218178111843,0.009481906373391741,0.004524732257216887,0.0016107575509415337,0.000527885430008637,0.0001119399907384386,0.00001767473537975347,0
0.016406170840962055,0.005800185210057896,0.004561916947662842,0.0073506714453689245,0.012261329977873754,0.019610823242212812,0.027861624994403655,0.03564586705876532,0.03998982051590191,0.03912385745894627,0.034441766046236534,0.025469917503764282,0.017100119467556425,0.009585680859035347,0.00442053522407825,0.0017778751740762464,0.000488945127396715,0.00012842173225600465,0.00001767271544807403,0.0000047127241194864075
0.016367296997187444,0.005598004568933609,0.0046785597250152645,0.0073484860987012264,0.012315845806742129,0.019448615999754816,0.027920475093653696,0.03523595548000915,0.03988740336988322,0.03921550136855829,0.03432594083961818,0.025797500524555077,0.016803443910328196,0.009789730036848519,0.004485240552704229,0.0016773974524305164,0.0005504881309100855,0.0001131624423284116,0.000014145305291051444,0.0000047151017636838145
0.016146986104027206,0.005645791099839683,0.004625708668698194,0.007420922997911537,0.01223274370370021,0.0196572004744679,0.0276694414636416,0.03541782741288957,0.03939449980034183,0.039425125831761776,0.03426228368892905,0.026124004801219396,0.01707283459233807,0.009707274035839519,0.004606861880132072,0.0017386162452249897,0.0005229983827099561,0.00012014827710904398,0.00003180395570533517,0.000004711697141531137
0.016051899688884697,0.005736777599698313,0.0047551145469972664,0.007473838031488641,0.012553031017252754,0.019854812859432438,0.028343311021023852,0.03582068445366268,0.039591779013858776,0.03914042613368532,0.03441595172998963,0.026237390402564335,0.017107806165739606,0.009399453191288772,0.00447228245498256,0.0017441312340906966,0.000544451777128312,0.00013080984255680217,0.000020033939851041766,0.000004713868200245121
0.016094908481779992,0.005603709262082077,0.004616551733886833,0.0072811702646477456,0.012522057905388372,0.019819720061915274,0.02802325827951873,0.035364506150297674,0.03948747912008689,0.03917884514349124,0.034515173718521114,0.02645181658189049,0.01743664168537712,0.009313206942615284,0.004522312351720222,0.0017976162148280956,0.0005465884165663412,0.00011779922770826319,0.000022381853264569994,0.000004711969108330526
0.0157096137414926,0.005675731416281195,0.0046893138092572425,0.007482395922335824,0.012514657788515366,0.019676497451459884,0.02826551957809139,0.035912907692760974,0.03927756990071007,0.039345923808962624,0.03456939984090039,0.0263504316313603,0.017036622374119792,0.009339736601750099,0.004435932942458975,0.0017901652868212489,0.0006140066586134765,0.00015792109837659484,0.00002003476621195604,0.0000047140626381073035
0.015887844962153567,0.0055618060259770875,0.004671163078373044,0.007326598533266577,0.012552646305186578,0.019550555179218325,0.028421641681147473,0.03563514269725796,0.03943451241421967,0.03893853267752483,0.03422849232762935,0.026163225635437222,0.017141342443966655,0.009568521191058223,0.0044920920095426016,0.0016552292875445474,0.0005595970900951317,0.0001484404912673402,0.00003534297411127145,0.000005890495685211911
0.01594712016473704,0.005504978394756311,0.00462144880004901,0.007400443885268379,0.012401221391311723,0.020031382971204017,0.02805265365168672,0.03552967010182972,0.040001507890508305,0.039188660663377575,0.03432806985302777,0.02625614347578187,0.017092174519477706,0.00942784979525674,0.004285707554060235,0.0017364301634647578,0.0005277616779051637,0.0001307623800166811,0.00003651922324790191,0.0000035341183788292174
0.015603159257030546,0.0054298994214466295,0.00448075629984915,0.0073929534955198325,0.012382431666994428,0.019956735088973335,0.028427189770922075,0.03537618922569467,0.03939768272477087,0.03932349411849214,0.03471791254458675,0.02638052631516968,0.01707515541335419,0.00958799416382964,0.004617357543155983,0.001679253215134006,0.0005428721824521569,0.00017428434490871848,0.00003650550467682618,0.0000047103877002356375
0.015653028077692734,0.005444992385490858,0.004407346205171272,0.0071751878893381565,0.01286163029408612,0.02007450794252784,0.028295586646989477,0.03564391186720958,0.040309197361245754,0.03945175534164001,0.03459213202722614,0.026229716726126194,0.01691681281263361,0.009685090284640124,0.0044203020598631146,0.0017337289187632574,0.00047583320868230716,0.00012838074194646408,0.000027089514355675898,0.000004711219887943635
0.01556023438088778,0.005310780767201748,0.004501799306654609,0.0074009439294596404,0.01284832127515261,0.020054968347275604,0.028306108222171975,0.03554337176878439,0.04018647788077473,0.03984027620770217,0.03465549400859144,0.02602282575928857,0.016897938804732837,0.009570003391363331,0.0043958192026527995,0.001729830808651744,0.0005781803451654234,0.00014837214560253214,0.000025906247644886577,0.000008242896977918458
0.015255979084241023,0.005513812193717973,0.004606222697271227,0.007419632420368143,0.01302879448336263,0.020323648062455332,0.02799990111865408,0.03580681881052804,0.03985035956317989,0.040111688834530305,0.034601408117452194,0.025898672517931064,0.01697109957233818,0.00935959025453706,0.004475558061596017,0.0016586168618592286,0.0005308986548605482,0.00012007020575560074,0.00002001170095926677,0.000002354317759913738
0.014961263850733411,0.005533231166886772,0.00453746142275016,0.007634234705047354,0.012830834492710635,0.01994835180097789,0.028187581362391936,0.03601484944573524,0.04045461714654294,0.040201555095728085,0.03479779753623495,0.02588412818357946,0.01695515740459561,0.009480999159598583,0.0043303036509203235,0.0017855587492378712,0.0005861623316548845,0.0001212343778322352,0.000025894721478729834,0
0.015149910446777612,0.00531788451988411,0.004587101982409439,0.007361957414559638,0.01275515607679218,0.019761724882145136,0.028345183542918484,0.03592484590020406,0.03996827391753571,0.04010125045011966,0.03445975047483213,0.026151659147020265,0.016982162316098157,0.009568426428673976,0.004497666438370673,0.0017428163252817817,0.0005836846032003808,0.0001317997491097633,0.000023535669483886298,0.000007060700845165891
0.014956877787059803,0.0052440846677883545,0.004578131802190818,0.0074396112529561955,0.012587215116894741,0.020269204974644385,0.02836064995117129,0.035706133590615474,0.0403513313174336,0.03962184231271545,0.034393053382122826,0.026105117012389545,0.017184172441787958,0.009501005988869412,0.0043345766022284725,0.001656645997811533,0.0005224082549917048,0.0001564871574637315,0.00002706168888470544,0.000005882975844501182
0.01487120911799684,0.005293501109870735,0.004665338978166071,0.0075132425752765285,0.01262794098099163,0.020190589566626945,0.028220242583510857,0.036411053300850864,0.040419998141392945,0.03982594968350746,0.03439364121120011,0.02551349901599698,0.016807454190629564,0.009557710337266602,0.004373608250333197,0.0016668646828192954,0.0005587584504863555,0.00011880969157709874,0.000028232005919310564,0
0.01468216274170491,0.005318448574223161,0.0045848694605372066,0.007619112557369648,0.012507288766834698,0.020306269279963884,0.02847909299525996,0.036219293130689945,0.04020812956135732,0.039529804002708606,0.034319511323451964,0.025616488601309148,0.01695578775110977,0.009434250620720787,0.004306250470243025,0.0016047043111880224,0.0005513599428184486,0.00015870701978782636,0.00003056579640358137,0.0000070536453239033935
0.015098815345441883,0.0052667002405079365,0.004618364263626822,0.0076105936451307706,0.012646669835786257,0.02017489774882688,0.028783293405564146,0.035929108991043325,0.04026036984567015,0.03961438717542019,0.03441475617389994,0.025753411117961846,0.016743776680613935,0.009428523017692156,0.004508935505278469,0.0017920429996187643,0.0005518504050040708,0.0001353151312909769,0.00001647314641803197,0.0000011766533155737126
0.015071715135990343,0.0053809896029533635,0.004614631206208096,0.00740577676486099,0.01291037256083777,0.020416211481955847,0.02854714457922093,0.03599765501393807,0.039728207639569045,0.03915020153695471,0.034262459504256756,0.025840757552926946,0.017045882618850296,0.009617739019061253,0.004575783545543584,0.001783460785052361,0.0005838921118059224,0.00013655541324493332,0.000028252844119641366,0.0000035316055149551725
0.014919349619897802,0.005295898473119876,0.004471098466530891,0.007370252840618287,0.012537901384040304,0.020296433828330997,0.028487956860959427,0.035837030814104665,0.03936096236864678,0.039393907304715974,0.03451570355675883,0.02603002930922705,0.017283148782861118,0.00944343060325708,0.0045016901928808355,0.001846093024733411,0.0005118231139318251,0.00012589671997863285,0.000022355492332654434,0.0000011766048596133912
0.014929269411225177,0.005386813419409463,0.004647170188497313,0.00731764678214038,0.012733857786244281,0.020184381651203537,0.02848390776213827,0.035815665384931986,0.03962206465116828,0.0396314718782705,0.034477487329641,0.026117990145929616,0.0170282569584083,0.009668277654307927,0.004481367810820663,0.0017791418257076005,0.0005609059159699443,0.00012464575910443192,0.000025869874531108526,0.000011759033877776602
0.014932202811639447,0.0052393281332158564,0.004530007328471996,0.0072720086483027465,0.012927753970373216,0.020258578605802307,0.02852575375628301,0.03540487161058171,0.03955728030170248,0.039544340784534684,0.034835532855198574,0.02606136389568867,0.017094278498404322,0.00960700333721911,0.004493541416453655,0.0017397768991976308,0.0005834545922934594,0.0001329241309055663,0.00002940799356317837,0.000004705278970108539
0.014421981007259162,0.005383861575302388,0.004522584723557155,0.007382540872462875,0.013144753261219508,0.020466194002317105,0.02820358563770911,0.03560022654048708,0.040141611304464295,0.03992423583710705,0.034634374463905125,0.026289506522439034,0.016977611501864737,0.009624445692558239,0.004414484491141653,0.0016814286150715213,0.0005828012530226938,0.00014452531072941816,0.000027025058103874918,0.00000822501768378802
0.014377861104968736,0.005239968195569022,0.0045742393518671005,0.007492389990072876,0.013095803791125817,0.020421173470587965,0.028541653924506825,0.03563766472672185,0.03997548800511882,0.0396038090040414,0.034794329778074715,0.026043406461568865,0.017318359531213967,0.009383718577833818,0.004368404462029933,0.001727836875261705,0.0005681042959505811,0.00010703414271532679,0.000023523987409961946,0.000001176199370498097
0.014597922639469851,0.005218075856558725,0.004596512666259339,0.007516332189688396,0.013105700991681157,0.020310664097382143,0.02883512713258449,0.03534215349908352,0.03986111763876486,0.039541523711049485,0.03446679513089251,0.02634417446068525,0.017145274239789458,0.009430370822954361,0.004298068336701601,0.0016026695492785629,0.000526389998590027,0.0001362974103492033,0.000016449687455938337,0.000002349955350848334
0.014345415517721463,0.005245887001361698,0.004637293615761393,0.007522825189186777,0.012874452354069765,0.02061345743312228,0.02906092160776742,0.0354558517193938,0.03975007724906393,0.03934004039274245,0.034111776751967644,0.02605907585446864,0.01734608638031447,0.00945787018162635,0.004317723343785944,0.0017635109493939329,0.0005134272384311444,0.00012101374269658571,0.0000187982512926735,0
0.014587732626391178,0.005280914324391969,0.004710989213726612,0.007519486150819814,0.012967265146788034,0.020324587039315424,0.028611415658721787,0.035513972566037874,0.03983952789048978,0.0389687763296588,0.034162603746934445,0.026280010669938153,0.017150632969403844,0.00967932605474336,0.004360808424080687,0.001698024298786469,0.0005334969077156112,0.000144537708478018,0.000028202479703027892,0.0000023502066419189907
0.014387508898218477,0.005213240079220576,0.0045836103625774395,0.007629561585069319,0.012708887881272505,0.019936708117289682,0.028449630797350862,0.03612500499239981,0.0394481812393838,0.039348333243274365,0.03430307273397908,0.026116711735311177,0.017198523659276353,0.009585407626507418,0.004400359922658915,0.0017232589446184267,0.0005591487782129323,0.000135088465324553,0.00002114428152906046,0.0000035240469215100772
0.014172606676386867,0.005068442775589232,0.0045644182158470475,0.007637910636093093,0.012649959055347536,0.01992130637526449,0.028321715704300886,0.03570585173688743,0.04044650231628069,0.039492497788283815,0.034171455291611696,0.02614113392602235,0.017155633150012506,0.009579991282372417,0.004444580208635623,0.001677732100959997,0.0004899259706584871,0.00013628636114240865,0.000022322766049187623,0
0.013996112908949476,0.005126776981088622,0.004405291520078211,0.0073887631577092,0.012750551689615546,0.019677517149967922,0.0285550784821074,0.03580283470932598,0.03974867864755552,0.039736928070014645,0.034529072103893894,0.025911198535408027,0.017077114340169803,0.00978000568727953,0.004481670274093972,0.0016286300471668174,0.0004570974663404707,0.00012103094867112717,0.000025851270589949492,0
0.01399559245736947,0.005007823623112816,0.004431036994225087,0.007541690748389461,0.012612949153498079,0.019528515109225285,0.0283318531884201,0.03593462928243514,0.03979945211143847,0.03987698351165556,0.034817472288398016,0.026270222773556614,0.017038112556797623,0.009427113435486825,0.004366427494044178,0.0015788212407843354,0.00046871255585784986,0.0001256948458064911,0.000024669081887255244,0.000005873590925536964
0.013941137159883812,0.004961024714688226,0.004353815960546696,0.007342880330547059,0.012531755138665552,0.019806515338187083,0.02852471762443959,0.0354858903242401,0.04019674973016208,0.03953668915022485,0.03494797618614179,0.026057124602289976,0.016957214685290867,0.009402927051561068,0.004399620876236293,0.0016712921801613032,0.0005097264976739322,0.00011392504671514163,0.000029362125442046796,0.000003523455053045616
0.0136149286065052,0.005008235451681048,0.004553582127777558,0.007340242810720899,0.012662153811451644,0.01987434181001364,0.02811449275021793,0.03535135185937937,0.039977772504164726,0.039768655471464937,0.03449491187714259,0.02596105723932622,0.01701601742485297,0.009505426469517084,0.004481918425560212,0.001711705149683152,0.0005298414704921765,0.00013157925653020793,0.00001997185143762086,0.000008223703533138001
0.013555490807925105,0.0049050246249859,0.00445505470130456,0.0073228786796496114,0.012240826722809127,0.019581328245422764,0.027945129516147218,0.03582489003345992,0.0402259013496748,0.039950984999436064,0.03487208165720515,0.02615229895860746,0.017199894732884687,0.009398849580811306,0.0043117222451971885,0.0017011917741268459,0.0005310350013158389,0.00014215759990977096,0.000024671980149629684,0.000010573705778412722
0.01350327450001468,0.004919679304572553,0.004380488091392324,0.007254999853161428,0.012173504449208538,0.019522480984405743,0.027725470617603023,0.03580629056415376,0.040581480720096326,0.04014801327420633,0.03461866024492672,0.026051510968840848,0.017164840973833365,0.00970309242019324,0.004378138674341431,0.0017644122052215782,0.0004640098675516138,0.00012216968664650074,0.00002466887903438959,0.0000070482511526827405
0.0136395035737614,0.0047826372996367505,0.004284519339664759,0.007322568972890163,0.012310797411666302,0.019650988482196995,0.028093148058514768,0.03593733112156427,0.04016076052274192,0.039991588385392914,0.03476017499917765,0.026494236399265042,0.01674569198453015,0.009417248979093145,0.004434894572863848,0.001749286892448814,0.0005392361877998696,0.00013510274857730925,0.00002467093669672605,0.000007048839056207442
0.013450361732323947,0.0048234889472961355,0.00431519721836471,0.007292166790120125,0.01224947850207718,0.019774074304503127,0.028114519417800535,0.03568254892454625,0.0402606961366307,0.04008461355155053,0.034506317256210714,0.025696318582699527,0.017023664325550875,0.009402810043281097,0.004460758822030984,0.0016939144684712398,0.0004906834704234083,0.00013617053246199842,0.000025825445811758316,0.000004695535602137877
0.01325152913541223,0.004808284611025262,0.004320181536797224,0.0072417600339794875,0.012337509195932317,0.019874947053723026,0.028053020196438017,0.035845069513621694,0.04036236959962642,0.03996578585181612,0.03425404122358995,0.02609474127603754,0.017001474869144967,0.009543823090795383,0.004459807175819184,0.001701320811612159,0.0005585025560878536,0.00013493234023130918,0.000028159792743925415,0.0000011733246976635586
0.013127934898769096,0.004835434514585485,0.004413125823355313,0.007134670722394209,0.012726741642100416,0.02003502815977814,0.028170335864448295,0.03588098871849255,0.03994336371218725,0.04024249903514196,0.03459763952903197,0.025948522916698448,0.016859501417666824,0.009520714827844693,0.00435212567906651,0.0017502349092094968,0.0005525205376928102,0.00012551952767119045,0.000018769275165785488,0.000002346159395723186
0.012985703532964884,0.004879604379216309,0.004335602353277731,0.007331130750417966,0.012633978085159769,0.02028752382939909,0.0288133486841951,0.03553599440991021,0.03983759663656679,0.03987394159950665,0.03430495534259232,0.02627389095104215,0.017193512306873417,0.009445000691726714,0.004504430568224186,0.0017961446201247926,0.0005604158801694846,0.00013834534280334566,0.000026965617665058887,0.0000011724181593503865
0.012565013706860941,0.004650709752525444,0.0045720830673326085,0.007545814713282511,0.012879520447632284,0.020107307822298994,0.028327903789102105,0.03529047279281984,0.03975341732697433,0.039560957978144136,0.03452415599534342,0.02622610687596231,0.017094849600060084,0.00981777385557099,0.004655403882984717,0.0017333076720868227,0.0005398250028164786,0.00012087385932629833,0.000017602989222276462,0.000005867663074092155
0.01260108686721675,0.004727755020598831,0.0044308031784410645,0.007446096785173534,0.013035364264838785,0.020291317973215647,0.02819164544184791,0.035447599150224746,0.03929506214861678,0.039534501578657025,0.034464019530745654,0.02595452998274627,0.017250202467165104,0.00964917428608317,0.004490663035951126,0.0017406307585769785,0.0006150306928485076,0.00013967300085681745,0.000021127008532964004,0
0.012681454853481038,0.004731640986593488,0.004382018121727419,0.007562647607136532,0.012765927491972166,0.020109180885249784,0.028253751113102986,0.03594428090906637,0.040138582056369075,0.039251619352212185,0.033868835110582904,0.026111431142480712,0.017285213651247675,0.009520770296604551,0.004444199369505611,0.0017140906227158658,0.0005314736838400322,0.00011497664683515043,0.000030504008344019518,0.000009385848721236773
0.012788213420342037,0.004736853850499584,0.004484331267346245,0.0075615832108892386,0.012755326758349984,0.019958680258254254,0.02831071788059557,0.03578068824736407,0.03991970956379366,0.03956735247102156,0.034263203701158894,0.026062679628709593,0.01700240424989635,0.009808446939132666,0.004453793652639332,0.0017077573763021059,0.0005813892030739627,0.0001139287933296454,0.000012919760068310292,0.0000035235709277209895
0.01297882457922141,0.004933691051374024,0.004535661240232712,0.007311302755094253,0.012666506202337668,0.020016555222233282,0.02793957930949456,0.03640857349168419,0.03974310052307453,0.03985933931747863,0.03427165828142698,0.02573456460352588,0.016862844093249323,0.009590287602956446,0.004557969695724408,0.0017118804266785645,0.0005459700949283487,0.00014559202531422633,0.00002113432625529092,0
0.012793610123098135,0.004765164743417367,0.004284890623146864,0.007218202976290429,0.012514135207146102,0.019719421275556395,0.02838079514136383,0.03595949727394531,0.040435792986588726,0.039858054925040846,0.03453746314277764,0.026001735562713346,0.017042098551310062,0.009341272926043656,0.0045678883321571126,0.0017942759309861383,0.0005025851429725569,0.00012212349268492026,0.000023485287054792354,0.000007045586116437705
0.012869902657504106,0.004948067579013058,0.004505814976526594,0.007461986218611212,0.012705670921832734,0.019869693848583034,0.028406224852015476,0.03574972960417804,0.04014292853338715,0.03955873278792754,0.03412148925337907,0.02600022992442995,0.016736386948738583,0.009464440309975675,0.004394372013035307,0.0018288376850833007,0.0005560417336302018,0.00013373155618954212,0.00003050017948182541,0.000005865419131120272
0.012572654125299473,0.004781034486804344,0.004488892747610658,0.007344607579728883,0.012733390744855844,0.01977060420543313,0.028534856381243798,0.03555681746186317,0.040082081269373425,0.03985329557000491,0.03452082888472253,0.025868036408604217,0.016716608433862162,0.00949519315379327,0.004451348427714277,0.001727038715233373,0.0005221006985590024,0.00017012269953046142,0.000030504759915806853,0.0000023465199935236047
0.012525677227715803,0.004850957697537212,0.00438991141576403,0.007426012630087202,0.01257612249518717,0.01993291952572063,0.02826342753302698,0.035263588253995434,0.04008052472463336,0.03965819225278005,0.03495153148312606,0.026196344712456115,0.01678888890192384,0.00942153355959404,0.004457953869562618,0.0018160296289691914,0.000556071087940179,0.00015602838543469155,0.00003284808114414559,0
0.012198728027973997,0.004836779235408702,0.004352162587125395,0.007379549881486005,0.012573044519020906,0.0198845368566802,0.02782262795991645,0.03549552932341414,0.04001666236417825,0.039373635915608655,0.034644810025580265,0.025959259346178227,0.017069536035296057,0.009369646335453287,0.0043603764286217215,0.0016861843186031767,0.0005033911431320549,0.00012555443430100203,0.00003520217784140245,0.00000821384149632724
0.0124326724680337,0.004726547991334271,0.004267250318403425,0.007176526139544475,0.012417440657451814,0.01957521995320319,0.028049965025419548,0.035204229287959715,0.039997562910306886,0.03978080252894922,0.034050126716947245,0.025953833553804033,0.01702330584186804,0.009546830201634021,0.004550796330774,0.0017106494961199898,0.000521396592995477,0.0001534897835559716,0.000030463621163780622,0.000004686710948273943
0.012292496699410701,0.004631377524100749,0.004394532395020153,0.007183911415231718,0.012525824326574259,0.01991023335107717,0.027995797757709787,0.03476112644481392,0.039203731366033584,0.03978060168042792,0.03479395646270628,0.02606820670717266,0.017208791878791575,0.009694235283358228,0.004524679965950579,0.0016884009201785014,0.0005932853233405015,0.00013249257220845193,0.00001876001022420558,0.0000011725006390128483
0.012440194750727501,0.004710615226732771,0.0043650217196732925,0.007216461028767436,0.012539772540897179,0.019770291610629757,0.027697855211550087,0.03471867517021945,0.03971630873332365,0.03944569144474488,0.034319192506126944,0.025968716172838927,0.01720469913449328,0.009572354393840701,0.004570034817081457,0.001736168059193724,0.0005517781078814063,0.0001218363550311385,0.000017572551206414216,0.0000011715034137609476
0.012486185384811013,0.004758204680151371,0.00433277899076838,0.007281459526546916,0.012367816253605274,0.019548486222887906,0.027786274571849467,0.035047810581262745,0.04022440912122053,0.03919659003144399,0.0345731620848437,0.026335373735882135,0.016953741109130477,0.009775415083040051,0.004506230786990644,0.001821243860333801,0.0005449667921848246,0.0001136812448213506,0.000022267460325831542,0.000001171971596096397
0.012499472299227448,0.004741098274301206,0.004307210972423531,0.00717555783835001,0.012540515692648307,0.01952961925802926,0.028034983043215184,0.03553888802893207,0.04031985702827067,0.03900646843880314,0.03417624736735948,0.025752970369015287,0.017461032229617857,0.009692104189240528,0.00460975941535445,0.0018410893620214935,0.0005523268086064483,0.00013016619056330296,0.00001055401545107862,0.00000117266838345318
0.012371542521389063,0.004778395462634496,0.00434229067556383,0.007092564413380444,0.012337545105192697,0.019506310623840863,0.027726651395183637,0.03512050325554567,0.04006185185098347,0.03961754079103782,0.03476294422313561,0.02592009903799036,0.01704794573543445,0.009650576900983119,0.004527517977599218,0.0018124139806754,0.0006096088421417906,0.00016647010689256595,0.000022274169232103876,0.000005861623482132599
0.012189832193442957,0.0046529567201168565,0.004305948609974606,0.007173454817433875,0.012165213374817995,0.019357425387394697,0.02747108461136263,0.035252975946241896,0.03994227473194793,0.03958471569953788,0.03447806932190396,0.02621552486148984,0.017344543883630364,0.009594305315554642,0.004548619822134895,0.0018346881499075038,0.0005533372567133179,0.00015005756114259462,0.000028135792714236474,0
