0.07114752768425751,0.07654240863180954,0.06798361254208415,0.0672940412931489,0.06960613312781408,0.06871374680566261,0.06834867967387336,0.06769967143958139,0.07062020849389529,0.06928162901066805,0.07191822496247918,0.07431144282643087,0.07427087981178769,0.07005232628888979,0.07013345231817632,0.07082302356711154,0.07179653591854951,0.07049851944996552,0.07183709893319272,0.07106640165497102
0.010033705529488629,0.01352304448535962,0.017814188988537163,0.021678446279028336,0.02516036110946131,0.029974906456019478,0.033991358317990134,0.036122082318702856,0.039856417414028636,0.04313416879491597,0.046233741165290755,0.04727683078933303,0.04940755479004573,0.04951520460889705,0.04942240304092176,0.048783928253251785,0.04938157035101264,0.04676827819682842,0.039897250103937756,0.0372431252598444
0.007795149221758795,0.010652907433181952,0.015439768229787855,0.020960753299506488,0.027130176212984032,0.03237094350022116,0.03746581227261251,0.04092337548951268,0.04521464450553144,0.05032804007345876,0.05294726579235632,0.055258483535468375,0.05526774693323637,0.05521679824551246,0.05303295222171017,0.049549914660948075,0.0450224290018457,0.039251332192391526,0.029953196682777263,0.02664616367960687
0.00740281984536332,0.009676888686749431,0.014674034004586854,0.02147301599589701,0.028033946525513134,0.035363222016857154,0.040820987236183826,0.04611230997009848,0.05041852543570196,0.055307289600247764,0.0586729114854992,0.06034701322830684,0.06031411180677189,0.058161971762838834,0.05273710796504712,0.04706645119461194,0.03977588325801491,0.03150214343084412,0.023292271069005888,0.021180773957557155
0.0070634834452838625,0.009095656940156885,0.014411367761351473,0.021790277626959138,0.029634570735667484,0.03766501714161613,0.04387012704962538,0.050014909500195645,0.05560467934232731,0.059836219571261395,0.06318180799666305,0.06440042263693042,0.06314733516384077,0.058548659265349474,0.05154895056078683,0.042827323856751566,0.03510885658784451,0.02735074556119186,0.019925297371274135,0.017991371449944588
0.0067065796601201814,0.008786737380481472,0.01426348874415792,0.022037704236530148,0.030611859261032243,0.03953401947569319,0.04697912598732693,0.0533188042478679,0.059760836976102606,0.06401405877980874,0.06745631826255655,0.06733349290132397,0.06414318287751476,0.05793105403056147,0.048898665927614895,0.03929624217381996,0.03152360136556607,0.0246044393494665,0.018318300348949993,0.01673574280999232
0.006369492006668061,0.008421428540066183,0.01441624454634201,0.021958062632362347,0.03171134726757281,0.04078260449581931,0.049815808692775916,0.058226992185956394,0.06357197950405191,0.06758657430512971,0.07034541907364289,0.06924041758811104,0.06410764909836271,0.05657461248110154,0.04606026722009434,0.036623115460214836,0.029002264155361755,0.022683997383122316,0.017303884189990005,0.015865186891608877
0.006223455352694583,0.0081970146131466,0.01421540697434373,0.02229268682064282,0.03236416985271247,0.04243565288478214,0.052575949001246895,0.06129043800904478,0.0677134513064852,0.07157799412611511,0.07300242497309413,0.0705334115049972,0.0634841991395612,0.05431416751306762,0.044491787846508264,0.034643259207878814,0.027395865159384875,0.02120131130213623,0.016381642871102078,0.01556276716680016
0.005966537103584112,0.008378820102882168,0.013885687644710787,0.022745130907605108,0.032687613280390576,0.04460497228886631,0.055215350606082854,0.06442052824021205,0.07163773323974061,0.07486851617093943,0.07463409779044308,0.07094757409716182,0.06319343314230637,0.05253721882890339,0.04207351569948352,0.033155140441492335,0.025906505044578775,0.020156051923016484,0.01570341229347609,0.015188739536296876
0.005910034462605051,0.00810677361494589,0.014156623470847866,0.0227029968358895,0.03397640016929,0.046188204115359066,0.05776013220742055,0.0680611257784316,0.0744321731594752,0.07825253431145328,0.07691987948165016,0.07184621818255105,0.06254156673854774,0.05138404643382575,0.03990532860396219,0.03161843245530947,0.02475236300610653,0.019235323162498236,0.01436319756544872,0.014217084181462747
0.006024369197627951,0.008264230154893115,0.014246984449489925,0.023161141472310794,0.03495284664296249,0.04829899083860149,0.060440750781809376,0.07154703402018325,0.07874763621230946,0.08070108871930136,0.07854690550357095,0.07288483075586126,0.06209310722569355,0.04937730641420294,0.038524384497224645,0.030034944278868807,0.023131766246641743,0.017604327949915243,0.013130725874065961,0.012741504133951032
0.0062380090204562045,0.00846012725586395,0.014522958488863615,0.023867373617025366,0.03609862269464233,0.04980328494346917,0.06367232634901897,0.07559401467893871,0.08245714443408575,0.08386816551661251,0.08041020398613455,0.072787570536056,0.060863482510417684,0.0487042243043582,0.03689772136893041,0.028413597155880627,0.021656054012351243,0.016081560858083196,0.011616926973659734,0.010781832863592895
0.006341427069449387,0.008542358769607033,0.014556188804696581,0.02442667562335093,0.03701846488266229,0.05214587884113435,0.06656133101374134,0.07870962248285442,0.08662635370308831,0.08749442671110316,0.08241608134813866,0.07281405852515105,0.06017259751333743,0.0475855388971215,0.03566904893968549,0.026456121511298544,0.019881710269398303,0.014352771151592269,0.009967465002111047,0.009221206053803967
0.00650005209876052,0.008729176593724502,0.015247960831098155,0.0253785355448184,0.03876733161856215,0.054132368315992475,0.06974911812603686,0.08255604714410977,0.08992597292971811,0.09013436797178936,0.08440818734948427,0.07277904154671268,0.05961268961900001,0.04569588138809832,0.03419200676230205,0.025028478704485293,0.0179723162406471,0.012788196879459856,0.008591027071452572,0.007234117780663049
0.006628438364139136,0.008994323970310004,0.01592315529035075,0.02626691893465289,0.04099548828409257,0.05672653180032017,0.07286974239557559,0.08599738029398926,0.09287498180759715,0.09348158928831325,0.08576684616504146,0.07322951535438803,0.05846834521903654,0.04441624217726678,0.03284878474748945,0.023455101149759863,0.01617930432251492,0.010906127201280745,0.007271139572114683,0.006009023431814875
0.006721557649436186,0.009424780196606428,0.016462660072951083,0.027576809525354445,0.042593425132438203,0.059139510847650865,0.07589068460008992,0.08920634405661822,0.0962917302014729,0.09624770000139042,0.08774060186966133,0.07364630308535834,0.05735281167588208,0.04297695134894629,0.030839679089362766,0.021610717414175876,0.01452069651141772,0.009610170512743273,0.005931331426902915,0.004887352209157354
0.006980831021602222,0.009722557604565156,0.017107773077931814,0.028925042142636786,0.04440372357203186,0.06165591966845098,0.07890580499657432,0.09265603174071332,0.10020646714722946,0.09830932637638028,0.08885250712583173,0.07354366716617779,0.057005498473159825,0.04116518180547262,0.02889962369138302,0.02002165189893162,0.012760062529390088,0.00799872445590072,0.005069825640978241,0.003923684566263014
0.007269699757830215,0.009943585840149509,0.01791572767817559,0.02985263686393007,0.0461550508464427,0.06465000535468145,0.0820878421094451,0.09519472039926352,0.10291467401505527,0.10096280626762585,0.09043999359741318,0.07410879100505642,0.05574165792452548,0.039702947608184685,0.02713384055025396,0.01779596706122416,0.011105494133457086,0.006901205551825829,0.004138650551186723,0.002954862914397643
0.007438497961134593,0.010399419994783625,0.01834002231319593,0.031193664063460483,0.04794809366946366,0.06734977370834518,0.08550825714636975,0.09892834614637776,0.10615198480588563,0.10266482983028416,0.0913496725980856,0.07303952377067734,0.054868401550204116,0.038027798427505685,0.025485530317566646,0.016120192523126107,0.009960509549749124,0.005879331799061743,0.003348128368666389,0.002277278801199995
0.0077158457656929975,0.010706955046163131,0.019115792758693094,0.03187762955450026,0.04975315030238083,0.06962503857922882,0.08873624198728063,0.10289668339102528,0.1084497976670036,0.10489419825765303,0.09119039724271807,0.0729511704565142,0.053702286529223243,0.03684445428605193,0.023405688270652373,0.014610197766592512,0.008531602842184854,0.004877332394046235,0.0027719677873478477,0.0017301851917717523
0.007971033577735613,0.011117765408164785,0.01977814853536123,0.03311855094602347,0.05167029853873929,0.07191221213644539,0.09227665131852415,0.10607051290125698,0.11160477597857289,0.10635106213650265,0.09147164677820693,0.07251911456371156,0.05266538949967194,0.03502743084461351,0.021823295205356315,0.012978551152141273,0.007597731330020942,0.004221979715717742,0.002195154628432577,0.001284800987533309
0.008381151223577108,0.011548406814349823,0.020809796400523328,0.03445062938759906,0.053165710308861795,0.07473212251910716,0.09538166746220073,0.11035258754594346,0.11460154047436723,0.1078068786793449,0.09161232425279896,0.07122032629486039,0.05096797603553915,0.03359442874361712,0.020206564128626984,0.011514067216329157,0.006331077221743375,0.003369859219094647,0.0017524641523212986,0.0009512068651724364
0.008863186562531088,0.012151437923965478,0.021202132561348865,0.03552592013299355,0.05501303981459567,0.07755745578982631,0.09769971039149171,0.11345038867908568,0.1170450556750348,0.10947041545615344,0.09131871913691404,0.07122791492164107,0.0496759197328239,0.031527653439343994,0.018804544555462946,0.010524462372045745,0.00547317777023172,0.0026685600408859057,0.0013159865497256538,0.0007408855640505856
0.009153459076438577,0.012352947888497133,0.021896644188089773,0.036978970549641145,0.05668709136343409,0.0801401202660916,0.10120494300482664,0.11588219856456598,0.11978342975159459,0.11052157144650221,0.09231164207715742,0.06919522130558314,0.0484898275881742,0.02983260877006812,0.01769988247241525,0.009577927634957033,0.004652038476020949,0.0021987927749061494,0.0010280811054439237,0.0005146110749780352
0.00926555865028994,0.012957170905438116,0.02280032875211176,0.03844573307154923,0.05919935162777954,0.08277361764303004,0.1042304004383361,0.11858590931920918,0.12138486827085519,0.11147778640244738,0.0917617916990092,0.06864983334094334,0.046487603305785094,0.028764668279987225,0.016450162093055106,0.008338660335144516,0.004084288388658052,0.0018869001415460483,0.0007659467604218984,0.00035843112186658137
0.009595924468581216,0.013308416159372614,0.023835884151103878,0.039553543228978416,0.06128803850227869,0.08550246910342645,0.10729625478456489,0.1210219841991063,0.12203676233326001,0.11259020408442497,0.09184312214166078,0.0679228631794025,0.0448338101270297,0.027243942401649186,0.015007314383966967,0.007705472618663483,0.003501554662905528,0.0015939998107267746,0.0005963246788341228,0.000287330437985084
0.009967538275552072,0.013848360791159104,0.024710334085722215,0.041363916554340074,0.06281668411859412,0.08767172297809266,0.1100086708923499,0.12351179116024737,0.12468310224246827,0.1130053130579537,0.09123806897746135,0.0667339676795621,0.04369514464210636,0.025816698930893795,0.013811899745798151,0.006908228688234134,0.003117419378361963,0.00134336164001782,0.0004796906280301119,0.0002096510108255124
0.010319642501352016,0.014054023282953364,0.02525261150485298,0.0426322830387385,0.06502490535963336,0.08972646799305496,0.11305040844789803,0.1261457888594769,0.12596362394330118,0.11305837816298073,0.09115418552358184,0.066182791108075,0.04241937779295817,0.02461275723678591,0.012737881763584109,0.00626988870862153,0.0027586599493353856,0.0012284746534597113,0.0004041784077647799,0.00016053283237981396
0.010767949995223335,0.014800813396476192,0.026416051387732627,0.043567662485954325,0.06719619323170427,0.09266714888157983,0.11432701449829177,0.12818728135420504,0.12784950345511534,0.1133409759847875,0.09098167128410192,0.06459973887607535,0.0408119862250306,0.023431777962778465,0.011849521651904518,0.005601199168406732,0.002406525368598711,0.0009519195337982613,0.00034460169503091183,0.000128514823559383
0.011147027288841493,0.01508441565086292,0.026861334118612818,0.04520321949433606,0.06881617978958907,0.09461897837108325,0.11685959452745089,0.12993722690976978,0.12943354136418062,0.11468112611808526,0.09036437044423243,0.06327677577579513,0.03952851394572247,0.02208371185548433,0.01113679439965344,0.004958403305450607,0.0020227010961698295,0.0007822475290415079,0.0002524112666383937,0.00008300010119190415
0.011312803153362947,0.015878136607862966,0.027830472663660222,0.046232662751468194,0.07069962400463463,0.09617756977497077,0.11881112764531486,0.13271500460054747,0.13107243874456165,0.11495234741517385,0.08976406574807173,0.0622084899980689,0.038019833471539075,0.02114320766076359,0.01043358740472323,0.004364272488725819,0.0016391580430065993,0.0006588438426499151,0.0002021969034339394,0.00007270001022343892
0.011817829167205437,0.01616770678081834,0.02867176175147511,0.04785205652232105,0.07195956598770015,0.09885054342278088,0.12152321711730714,0.13385259642890365,0.13169977564386134,0.11523716190618777,0.09007252442623588,0.06095840223947803,0.03677489751983249,0.019883534437192756,0.009565193719842928,0.003964230054648526,0.0015142337976983649,0.0005251612347073725,0.00018148120421853053,0.00006011564889738827
0.012120339192574691,0.016598978611633123,0.029500726403785232,0.04922647353361134,0.07385955739837438,0.10089697541568327,0.12344781517475088,0.13626904045519034,0.132751000577267,0.11469808027527359,0.08903861791614541,0.060320434231820895,0.035751995200404646,0.019189308425036373,0.008805306773757826,0.0034533950445765796,0.0013995039359630552,0.00048767154980884446,0.00017692270179111568,0.000046498915214331635
0.012587869499967673,0.01722395336464893,0.030172545807843544,0.05060897519519308,0.0758595812210812,0.10307261080603432,0.12635965892397935,0.13823969472402994,0.13282091013347883,0.11427884337250993,0.08759328601586043,0.05912112917624715,0.03496970721321109,0.01838098922028262,0.008072026616362074,0.0032589843267015507,0.0011967380663662158,0.00038000687415420085,0.00013045012097830788,0.000034030466342167266
0.013035193775590065,0.017317878165795234,0.03107214553868137,0.0518390817634316,0.07726525195930542,0.10563803604441464,0.128225339972099,0.13885492633465274,0.13455069242023834,0.11394027379237598,0.08659846431285376,0.05819165466320365,0.03373294468577392,0.01765246288378001,0.00784969773956833,0.0030146650183170945,0.0010502557588267989,0.00035273168573988616,0.000102076693622475,0.00002835463711735417
0.013211458085561859,0.0180162424819056,0.03225503188464892,0.052961364640320786,0.07942618958623578,0.10681867092550426,0.13013127640535982,0.14010556480569056,0.13442522681708524,0.11485269631995647,0.0859084576438207,0.05712279271013854,0.032966348386512155,0.016512057267774414,0.007431445173128549,0.0028679193992320463,0.0008993396536296387,0.00029789210189495603,0.00007588886245993179,0.000014724704656404678
0.013639067838384528,0.019073844288442034,0.03267098411835031,0.054119993427501366,0.08112616364388392,0.10924965862668777,0.13178879615622155,0.14095289898182933,0.13539913764285272,0.11378581586805149,0.08529063475605268,0.05605321457508227,0.032334426861121965,0.016027831132112893,0.007042772234592869,0.002537211107522679,0.000849892063707909,0.00024590210376615484,0.00006799136509663272,0.000013598273019326543
0.0141235933301857,0.019074889917719936,0.03399444974711364,0.05553196716949557,0.08286316962238581,0.11174554434258029,0.13266372510057142,0.14291504897515062,0.13476743172294475,0.1138786892707566,0.08441434188969014,0.0547461908530655,0.031179694815348224,0.015604566560575545,0.0066258832907044015,0.002528297571452994,0.0007189740071082181,0.0001947457153112026,0.000060008854136591464,0.000018115880494065352
0.014433405092891276,0.01988441504641735,0.03485545089676809,0.05692660830826277,0.08431974429149322,0.11299866667572153,0.13476309159190766,0.14250157893664553,0.13605680097248915,0.1135080010775252,0.08315959370960693,0.054585933768418096,0.030617788673761127,0.015213252654764083,0.006342911083795694,0.0022716314320446046,0.0007515512062170492,0.00018222853042310975,0.000045274169049219814,0.000010186688036074458
0.014900561145904715,0.020370659374710217,0.03570548095473967,0.05797716061529276,0.08578113726474731,0.1144208390725825,0.13600946325862692,0.1435750942593937,0.13548133924108466,0.11321870667290918,0.08270173319672226,0.05340385541841671,0.0300499173321934,0.014989901183133503,0.006201781824843761,0.0023104012159292143,0.0006400817857150938,0.00017189475517437146,0.00004410457534079267,0.000009047092377598494
0.015172047146121305,0.020981607583195713,0.03634029364522771,0.05897111055810692,0.08712304594710765,0.11539488270026921,0.13679614505802776,0.14483292989163632,0.13640363776214284,0.11326267447910777,0.08148994412143974,0.052896862203922805,0.029867882270434142,0.014721851458045833,0.005955478134968211,0.00216048684478429,0.0006255231545370225,0.00016062258217768016,0.0000271474786779178,0.000005655724724566205
0.015645190282549494,0.021367854724363613,0.03695764979599866,0.06012754464684425,0.0877527971755225,0.11755655116199933,0.13781311012454886,0.14539094887474233,0.13624056444328372,0.11296666225766007,0.08178820262889842,0.0522433364648585,0.02913335888296122,0.01437788351856814,0.005782581710762387,0.0020157073685805136,0.0006410017262956545,0.00014131431355724302,0.000036176464270654216,0.0000033915435253738328
0.01594434861295705,0.021959675366908914,0.037845205440714846,0.06103667675253797,0.08937703249158725,0.11797980940531058,0.13910584509232815,0.1465328167859062,0.1358448095467013,0.11237621242541633,0.08076464100896413,0.051857591267709176,0.028868591465656197,0.013885699742668898,0.005619432740434917,0.001926307157198201,0.0005463337386533948,0.00014365297061900853,0.000022622515058111586,0.000004524503011622317
0.016344281874174454,0.0220763622023934,0.03837883706451501,0.061588508269314,0.09074946413579818,0.11958274342132771,0.14058794217977247,0.14674939182096652,0.1365733391034542,0.11153432864153198,0.08120616619530198,0.050940149307528965,0.02827961885564038,0.013642644960164688,0.005433781647625655,0.0018790557038888451,0.0005163730948149142,0.00011638168220117308,0.000028247981116789573,0.000009039353957372667
0.016568627894253767,0.022719976850491243,0.03923434808360952,0.0626347938925085,0.09211311609569063,0.12057638659679616,0.14200211600978427,0.14715310777633597,0.13587224364857955,0.1116794245176809,0.08045132499287881,0.05064859316999063,0.02794670187321123,0.012977515135347763,0.0053974074358754094,0.0019102866108124481,0.00049848307418242,0.00011642575201993032,0.00002712833056775075,0.00001017312396290653
0.01713260587206615,0.02300173292984969,0.039763561899960324,0.06433657499358489,0.09299491651302405,0.12153004253760616,0.14228337529065854,0.14779529045509468,0.13596999420095876,0.11159480414953614,0.08018841796956692,0.050414354492109105,0.027264536884954022,0.01280649854345721,0.005203311218601244,0.001812059066569149,0.0004747753012844932,0.00011643299055310192,0.000016956260760160475,0.000006782504304064189
0.01728193205338259,0.023610924484562548,0.04028536359807453,0.06501981127068779,0.0946153316312992,0.12259501110537747,0.14310636659376,0.14802051022631932,0.13647024018554504,0.11084149063862415,0.07961545019404773,0.050471597446722985,0.026659680874247832,0.012374563435022539,0.005014639676515654,0.0017231119446887845,0.0004832843462167757,0.00011856274848776045,0.000010162521298950889,0.000002258338066433531
0.017811641579555768,0.02376768819288054,0.04069908687511511,0.06602612705554796,0.09567189426237567,0.12353683630081026,0.1437360943656545,0.14953281588459885,0.1365834145966645,0.11049703779620622,0.07936197644474528,0.04954671445666186,0.026659269161102526,0.01207819811228012,0.004871280013288392,0.0016339296913048026,0.0004678055962656904,0.00010169686875341103,0.00001581951291719728,0.0000022599304167424684
0.017956650755615058,0.02451332837453314,0.041375130224940646,0.06638170496192297,0.09628349588641559,0.1251807347226251,0.14475595592160884,0.14869402584972133,0.1369204496329999,0.11008875048393446,0.07894876445736695,0.04877043953104347,0.026319264713019788,0.012120090251668521,0.004891830056875708,0.0016704911131001487,0.0004605137663140945,0.00007562358417412832,0.00001580194296175817,0.000005643551057770775
0.018239539021504488,0.02448722464573117,0.04232033670216128,0.0673596246421185,0.09757069571264712,0.12590881585245794,0.14478509045257895,0.14947819293539616,0.1365143017133154,0.11076376658447808,0.0776817405912158,0.048958643798376084,0.025935685190704567,0.01213636076263762,0.00479696715166951,0.0015771624172469538,0.0004549724081249269,0.00009257503093360784,0.000010160674126859403,0.000003386891375619801
0.01863422082777097,0.024957816343540985,0.042094432660879554,0.06809131095736005,0.09836528448838625,0.12601449717307392,0.14578039199741585,0.15108186678774,0.13717650726101005,0.11050197986478645,0.07782912852066946,0.047818308723376814,0.025614006555125617,0.011861118075837966,0.004646413993905676,0.001505510416596078,0.0004167541963420508,0.00008470613746789639,0.000012423566828624801,0.0000022588303324772368
0.019129965728111188,0.025165068177022163,0.04297020027106051,0.06877737265403447,0.099077017521884,0.12715581691115146,0.14642684243846127,0.1509667110158675,0.1369532663242863,0.10993297966820478,0.07788306481189958,0.04764435777730383,0.0253636803742937,0.011744074642074866,0.004569209015639583,0.0014433238653996118,0.0003058176446624668,0.0000643232684345409,0.00001692717590382656,0.0000011284783935884371
0.01937220257002599,0.025931499061507376,0.04348537214842625,0.06949695892289924,0.10001714553855046,0.12770380630955822,0.14629092369332952,0.15169289633265964,0.13688907738954656,0.11022550895177594,0.07729366697949752,0.047532621643084055,0.024963678530176142,0.011177311940514004,0.004422872148426221,0.0014720347242275474,0.00035870271440947144,0.00005978378573491191,0.000012407955529887382,0.000004511983829049957
0.019627346564086597,0.0261119042946944,0.04358073894636648,0.0698245898940141,0.10006405615288666,0.1287754222856769,0.14804527236270223,0.15132025595395165,0.1376598302511948,0.10932851558887673,0.07684144523311695,0.04757297101007981,0.024855591718712287,0.010991043416087564,0.004267402861325195,0.001419836205710471,0.0003383247511621455,0.00005864295686810519,0.000014660739217026308,0
0.019894542566537006,0.026063148109708216,0.04415832603810364,0.07039971841917636,0.10066176006064816,0.12949107876140534,0.1484075340920372,0.15086346940064801,0.13770046839887004,0.10998574045829083,0.0768108715467992,0.04696849363284386,0.024361930633647104,0.011108679367887158,0.004276734384448076,0.0013526258314305562,0.00033505410503325715,0.00007558459608494349,0.000023690694295280815,0.0000022562565995505537
0.020154734382422063,0.02674736232825939,0.04463422367095305,0.07106002191148976,0.10165599863701952,0.12984645032737488,0.1483685417802013,0.15176922304474932,0.13745003063321046,0.1097424892219616,0.07668344441398048,0.04633907748340562,0.02444902532232568,0.010925280917258738,0.004207412221466266,0.00137426336437273,0.00036443929941904076,0.00009477678374984343,0.000009026360357127947,0.000004513180178563974
0.020254277901502554,0.02695232994108194,0.04523891410368446,0.0717492177148817,0.10215995264003605,0.1308251346094213,0.14883206946128041,0.1517469624785047,0.13720632593803733,0.10988188199475657,0.07615933245003242,0.04665971302117102,0.024143433033574822,0.010893919318918614,0.004096636878752854,0.0012787190257378851,0.0003427959292983396,0.00007555041862825247,0.000006765709130888281,0.0000033828545654441405
0.02040894578778621,0.027088626723911404,0.046121713868767907,0.07214799727985977,0.10317586518389701,0.13135954005722222,0.14833560575560015,0.15213275005948898,0.13760165283477632,0.10928828636806022,0.07628685073850902,0.046728444975240195,0.02444855698366675,0.01082530091269049,0.004187346837047586,0.0012721053682169887,0.0003191540950402548,0.00008683697992261359,0.000012405282846087655,0.0000033832589580239057
0.020645735765691137,0.027633974109704074,0.046051363551828504,0.07283885911373363,0.10343832597877603,0.13155809536691065,0.14889343500092994,0.15223877232432187,0.13762771850925098,0.10929041202427853,0.07688527454196041,0.04636696141252585,0.02437655333322062,0.010900524681443414,0.0038829808217942857,0.0011789834367479893,0.0003122164550470296,0.000049593949538156325,0.000005635676083881403,0.000005635676083881402
0.020764619550146877,0.027482883081924484,0.04611028322666025,0.07352778723394662,0.10375320977439711,0.13103319227985852,0.15055560941188145,0.15219459517953315,0.13824405332227144,0.1096091458562066,0.07615985860084275,0.04600545126215434,0.02410233403296459,0.010846163037376535,0.0040388486970401325,0.001236566291000006,0.0003201320206417516,0.00006199739836371958,0.00000789057797356431,0.000003381676274384704
0.021335157756635612,0.02750611178049213,0.04705930089571821,0.07377305090839827,0.1048724049588547,0.13204263650206657,0.1507921927005786,0.15345218384145556,0.13771089728489294,0.10823571579121773,0.07542314710765413,0.0461463378346545,0.023533031792529715,0.010688430503786537,0.004080155902531611,0.0011981231282848358,0.00026374488430729216,0.00006988112319253035,0.000006762689341212617,0
0.02135583095226019,0.027984513162121492,0.047122142007765926,0.07375747431540623,0.10530824330340788,0.13239781110340904,0.1516876032033183,0.1529590117278419,0.13693340321571676,0.10843266212431174,0.07541887162493444,0.0456895531472433,0.024535479398786066,0.010593943902480262,0.003955117475667968,0.0011203724054756228,0.0003358862945993313,0.00006988238344012936,0.000012398487384539086,0.000002254270433552561
0.021342600154321868,0.028582210181863254,0.04751423534646384,0.07411279012790693,0.10521146036913334,0.1336686360538662,0.15152941971602532,0.15293183367032576,0.13759764799972968,0.10812217334737624,0.07526964083559089,0.045394281079802395,0.023802738368130853,0.010758598937769996,0.003981954480684423,0.0012142989901493093,0.00031990808274805536,0.00007321839922050564,0.000013517242933016429,0.0000022528738221694047
0.021519315238202497,0.028504336073882187,0.04797499718436762,0.07440815407140443,0.10624957765514137,0.13413447460299574,0.15218943574726887,0.15382700754589476,0.13629124901452874,0.10816082892217592,0.07499267935578326,0.04528663137740737,0.023326951233247,0.010571010248901915,0.003993692983444084,0.001226489469534857,0.00026241693884446437,0.00008109021286180873,0.000014641288433382134,0.0000011262529564140106
0.021827100076831404,0.028655180260866227,0.048140162089453334,0.07522153802477985,0.10613096485358098,0.13500019151520068,0.15277054901775236,0.15354900198049248,0.13664158944097834,0.10664242309538133,0.07497594794391535,0.04534516671961498,0.023867300244012894,0.010301264676260453,0.0039001507337285304,0.0013045564845920387,0.0003233227211380963,0.00007435296026172244,0.000006759360023792946,0.0000033796800118964734
0.021782046647499557,0.028774329122648174,0.04859912227654033,0.07541281944730674,0.10664891849919875,0.13538495842807088,0.15225923135569655,0.15358358699924207,0.13637372054969774,0.10771313285561927,0.07462113405835047,0.045581032884786696,0.023672857128378036,0.010179294780619812,0.00387283933516446,0.0012635433946073052,0.00031532277227276813,0.00006644301272890467,0.000019144596887989466,0.0000045046110324681105
0.021913386997238722,0.028846976788183726,0.04901035590250404,0.07559943963711545,0.10732255550700676,0.13561885413898261,0.15243762359289909,0.15386668408416254,0.13684070648966892,0.10806692822940644,0.07416587462105685,0.04500020270361579,0.023352582669291303,0.010245541646583999,0.0036419082968842205,0.001224104613083843,0.0003085599484682364,0.00008220757751161036,0.000015765836783048572,0.000003378393596367551
0.022046635858353834,0.029007783152717355,0.04856926015007791,0.07624043996432725,0.10742935257501646,0.13569395274257043,0.1535753857795313,0.1536485780432217,0.13664432613571875,0.10790904341089458,0.07445117062580507,0.04454818978641371,0.023275139853525386,0.010386545235071029,0.003730553378554888,0.0012330081344755816,0.00030177733336936595,0.00005967984577827024,0.00000900827860804079,0.0000022520696520101975
0.022148582657469343,0.029295576593284994,0.04878051528665722,0.07710595759352613,0.10842518247763956,0.1365782315837865,0.15306375393518465,0.1535054410899758,0.13710893222130327,0.10769504656869926,0.0735206297196864,0.04419575754980811,0.023244913273825753,0.01032331049029527,0.003790396909992725,0.0011999918873787899,0.0003008430365541189,0.00005971790613246556,0.0000067605176753734625,0.000002253505891791154
0.022279008245855967,0.029515098640700184,0.04936256437677651,0.0766656347620522,0.10895336729237609,0.13645681479188357,0.15379281231531258,0.15415979512002925,0.13719753468606644,0.10656572763346746,0.07353052092421132,0.04458615934483438,0.023077139560408622,0.010303661385191233,0.0037835251737821157,0.0011651141192694102,0.00032983423859510893,0.00006641713336898096,0.000009005712999183858,0.0000033771423746939466
0.022603984408249872,0.0296128409006465,0.04962720764905505,0.07755454522936137,0.108733541853851,0.13690407831003795,0.15356657907003454,0.15426915360035676,0.13666087943415717,0.10679695821257845,0.07371853333063111,0.04446373521947578,0.02285506472918232,0.010279656188848435,0.003751567844604926,0.0011383058496085168,0.0003298947714493527,0.0000641774811351983,0.00001576289010338204,0.000003377762165010437
0.022671837733018924,0.030044436036206462,0.04985259307806824,0.07738919706582521,0.10878833537158031,0.13725284847829655,0.15415228069701292,0.15400701337135053,0.13695105279397488,0.10625347684393785,0.07345909654984475,0.04462634766412392,0.02315493604859361,0.010300466882428057,0.003722897508834281,0.0012094349438862726,0.0003063000975205459,0.0000867099540775074,0.00001238713629678678,0
0.022950823362054222,0.030246963599204105,0.05050914296518379,0.07776472282995256,0.10915061808425391,0.1376858079212021,0.15401237068849094,0.15321669412707412,0.1362126245847176,0.10690876842323242,0.07379196715555196,0.044717698007544854,0.022937318243614332,0.010141218521819775,0.003604741196913634,0.0011288028162673653,0.0002914854729942645,0.00005064419414958272,0.000014630544976546113,0
0.02327712259239538,0.03044295084439932,0.05017880801411104,0.077932603392906,0.10932559492921406,0.13711991337069715,0.15385368697960228,0.15371748446334527,0.13643102130500012,0.10788364928189757,0.07414482267220335,0.044019302485527066,0.02297094834097455,0.010024955452772058,0.003657206407596722,0.0011188867864423341,0.00030842553268128735,0.00006753843781342052,0.000002251281260447352,0
0.023275971727073276,0.030462401262578216,0.05039618795034789,0.07833590929609238,0.11014238901502915,0.13753389745604444,0.15400504986260907,0.15381255621433648,0.13689000057410386,0.1071255294982445,0.07305415375402013,0.04441087375230909,0.022733387291591856,0.010094096748883593,0.003639368215583879,0.0011358250941924327,0.0002735436054398031,0.00005065622322959315,0.000014634020044104684,0
0.02350066352033839,0.030829214704826316,0.051293104903747326,0.07863869713645111,0.10961986306380941,0.1384095546928728,0.1538061530115044,0.15372623792409862,0.13645107226912695,0.10671140410808573,0.07327313063415437,0.043926284522473574,0.022694759258613115,0.010256144738604511,0.0038269196785837753,0.0010906721083963743,0.00027576332978030104,0.0000450225844539267,0.000005627823056740837,0.00000450225844539267
0.024054472132343505,0.03131382045722185,0.05094378283200148,0.07839263077072035,0.11021645197098968,0.13800755206398319,0.15479366923580953,0.1542285028494743,0.13597993321579677,0.10671624819585826,0.07310573565074069,0.043509930941621255,0.022619039577408663,0.009957961528155862,0.0037546412319276238,0.0011033128657538442,0.0002747023869836104,0.000040529860374631,0.00000788080618395603,0.0000022516589097017226
0.023841002969435855,0.030906212410869095,0.05100813416133972,0.07913844727422892,0.11000077639664188,0.1386115552574993,0.1549473906884163,0.154529936841821,0.13616309280415337,0.10677141645128228,0.07338748606142982,0.043225039129265536,0.02237147541241852,0.010039146143727896,0.00357705061543499,0.00107907881101043,0.0002723014309327675,0.000049509351078685014,0.000009001700196124543,0
0.023696890500646623,0.031017332023217402,0.051595381278623634,0.07926651517044449,0.11080609271433733,0.13845021390681292,0.1544980083761879,0.15476700984050124,0.13644564650956528,0.10635349943892373,0.07313350688992662,0.0434060312604463,0.022522963608266323,0.009577127447041044,0.003543165730789187,0.0011289057268048137,0.0002588717020589303,0.00003601693246037294,0.000006753174836319926,0
0.023648409128506496,0.03165537738535069,0.05184779220369999,0.07934382248050591,0.110711106559637,0.13835455958298493,0.15555350489139666,0.15455530659992509,0.13617810468365446,0.10658889647884703,0.072403699748256,0.04329727290426185,0.022180933849950655,0.009846939177426087,0.003598915598789558,0.001049965057432976,0.00031847814710989547,0.00003938775670970436,0.0000045014579096804975,0.0000022507289548402487
0.02409635844008022,0.031698453599551,0.051739011603908244,0.08006213045370751,0.11049750477169533,0.1388521162482834,0.15446458597880766,0.15483237487023346,0.13670274446995107,0.10564876498289845,0.07269735473182343,0.04339459024155969,0.022097701375665427,0.009762714304513451,0.003674514704244869,0.0011292356177110034,0.0003048036378482886,0.000059611043564425514,0.000006748420026161375,0.0000033742100130806875
0.02425285804302817,0.03157012332343145,0.05185660275452336,0.07972252227923309,0.11078179854172297,0.13949500405076967,0.15569808263570084,0.1544817265280404,0.1362588891889459,0.10582973264920338,0.07218471509586821,0.04339499504905932,0.022048564227203162,0.009886128364389235,0.003541047799081828,0.0010768295976235486,0.000272301737330093,0.0000450085516248087,0.000004500855162480872,0.000002250427581240436
0.02454244566911588,0.03145682507993064,0.05169016287730014,0.08008931073405635,0.1118229810833653,0.13957165509580988,0.15526067908118882,0.15437725007118075,0.1361763616904667,0.10519219926557226,0.07231063389688976,0.04294590375913109,0.02216337697210052,0.010032827546779541,0.0037565427202636103,0.0010218516446972316,0.0002858483675694897,0.00003488700549076452,0.000005626936369478146,0
0.02440292628024761,0.031476646032639284,0.05190095666854247,0.08002476083286438,0.11253685987619583,0.13976252110298254,0.1558041643218909,0.15382779966235238,0.13570287000562745,0.10523804164321893,0.0725391108610017,0.04288801350590881,0.022516601012943154,0.010021384355655596,0.003646595385481148,0.0010782217220033754,0.0002734946539110862,0.00005289814293753521,0.000003376477208778841,0
0.024635322774909436,0.03167414708095154,0.052456616033764766,0.08026553877538627,0.11194868259614418,0.1400331304943371,0.15556262799268114,0.1539522115673334,0.13463396201801378,0.10598159491954098,0.07230567323166272,0.042994294942370274,0.022608807133514982,0.010116833912311026,0.003695410875483997,0.00105936611220509,0.00029126945123260974,0.000057354216265880645,0.000005622962379007907,0.0000011245924758015815
0.024403797071094413,0.03140041462270572,0.052618613477375155,0.08056908822374778,0.11225409195265247,0.13979286862444473,0.155630871056388,0.15373211053755845,0.1358074962795318,0.10533621446994995,0.07252860233003108,0.04327329215602683,0.022182202269738726,0.009976366730746082,0.003719905826877584,0.001188975040523014,0.0002463439298718451,0.0000539931901088975,0.000004499432509074793,0.0000011248581272686982
0.02433697979452671,0.031474342827326855,0.05232192014969683,0.08079715360118031,0.11199261411684266,0.14016197664585545,0.15549600568560062,0.1543107558610267,0.13532201910793643,0.1057559959697008,0.0726117328487378,0.04318964896813544,0.02245789776714226,0.009841846740675435,0.0036074776444340482,0.0011368952302128505,0.00023839939545511763,0.00004160744165961964,0.000010120729052339911,0
0.024187661064536042,0.03210548398381566,0.05242703375788943,0.0808328843304946,0.11264590717508409,0.1397030619556427,0.15592340667733776,0.15415401678501978,0.13491119867447615,0.10595529619001873,0.0719004462282074,0.04349684535667322,0.022409272367934115,0.009817695473713929,0.0038143681658299655,0.001140598442981889,0.0002485919683422063,0.000043869170883918814,0.000010123654819365878,0
0.02439471753484959,0.031642578397526204,0.05275263425590428,0.08144813182757267,0.11260009272220697,0.14033235960012425,0.1554098456580351,0.1537737038020607,0.1351279881531627,0.10489649771120184,0.07263952216555863,0.04333075271527529,0.02256840513302936,0.009852859759912501,0.0038326679239677895,0.0011590275871071127,0.00027231521949506895,0.0000675161701227444,0.0000168790425306861,0
0.024756677165815255,0.031849793881975764,0.053132521169030285,0.08066520624185265,0.11303620517692833,0.1407411243169737,0.15578852808541002,0.15344591962860485,0.13504389154432042,0.10513032377753215,0.0722302397993529,0.04343788203880107,0.022426451550444315,0.009854490356017952,0.0036686982031371366,0.0013069526277515238,0.000305068184427789,0.000052908504310354506,0.000013508554292005412,0
0.025021159542953874,0.032384230287859826,0.05287071969458227,0.08111870953800158,0.11278599148215843,0.13981955862093803,0.15642529780931197,0.15337967423307908,0.13560340713661856,0.10512128469939945,0.07211689972177453,0.04326113577223326,0.022407730886629874,0.009818928336679843,0.0036376405758997326,0.0011570218168393943,0.00029938502264521296,0.00007653451706719728,0.000012380583643223095,0.0000011255076039293722
0.02482556648717223,0.032229150078050835,0.053018340823515156,0.08145741393038859,0.11293754582956576,0.14088964465497927,0.15564620250032613,0.15398396696222516,0.13468269070722613,0.10573527493240839,0.0725321762914378,0.042700784107318764,0.022353581566505167,0.009792344269448602,0.0035426535487266693,0.0010774165395809993,0.00029353415118020965,0.00006410515945314922,0.00000899721536184551,0.0000011246519202306887
0.024853853844837383,0.0322850142768355,0.05297066267936121,0.08144889613489581,0.11298966843513265,0.14166719210225276,0.15516713355371603,0.15402768895414296,0.1348091317702375,0.10524099478467648,0.07221061259784364,0.04290256622740253,0.022389185634891326,0.009804628036642381,0.0036187499437033313,0.0011709707347390985,0.0002758536827029606,0.000060800403534530167,0.000014637134184238733,0.0000011259333987875949
0.02474543470189138,0.03219618123924074,0.05280218729255041,0.08179168963848914,0.11309000078760535,0.14088459331435585,0.1560009901324302,0.15393296353387262,0.1355795087592965,0.10520719646252688,0.07236855429413686,0.04288061028162519,0.022066451387873116,0.009848442229148149,0.003609482768320264,0.0010970217266559406,0.0002756618697750824,0.00006750902933267329,0.0000090012039110231,0.000003375451466633662
0.024764559513685468,0.03260732621499891,0.05300841871285035,0.08138389060622832,0.11269421309107601,0.1402091404453683,0.15633000814423845,0.1543366945190625,0.13562969362364624,0.10561524997412738,0.07235885944664176,0.042923736630625035,0.021880329189220803,0.009833830536844806,0.0035715410609108056,0.0011350188757351183,0.0002834734952281961,0.00006186921522837616,0.000013498737868009342,0.0000022497896446682236
0.024615055723391448,0.032385388713551955,0.05283173842354278,0.08196879940141656,0.11237053664354467,0.14039144205723667,0.15687161398119867,0.15443002368455105,0.1353417382547693,0.10567922904254784,0.07217205898072043,0.043109258352882915,0.02217796605401877,0.009645969406986102,0.0036263804267719813,0.0010621480368826406,0.0002790388910454393,0.000060758468211507004,0.000010126411368584495,0.0000011251568187316106
0.02506368835726216,0.032266518201092116,0.052577058694515226,0.08146823455311301,0.11266512577396115,0.14039107182022167,0.15617903598603072,0.15493844864721992,0.135757146311699,0.1053509467492225,0.07215651870722478,0.04313599784050073,0.02181881576209517,0.009787480527952582,0.0036081633571215686,0.0011089928522823775,0.00026206423385577476,0.00006186065606037597,0.0000033742176032932363,0
0.02506079331622196,0.03251570728327548,0.052596060188194974,0.0815147827299742,0.11277075802123099,0.14028465443976798,0.15619551940324697,0.15531933081236962,0.13601393803468312,0.10558916090601721,0.07149316482918261,0.043092956973403915,0.021949705200218654,0.009620078328335651,0.0035452457489669074,0.001076395996751691,0.000271067330425452,0.0000539885139436585,0.0000033742821214786556,0.0000011247607071595519
0.02504310791159615,0.03241534866759409,0.05329848683351566,0.08144581459320989,0.11311606045462527,0.14156390550925874,0.156165444337894,0.1546122088809051,0.13592723654650482,0.10460590589644195,0.07168856953767606,0.04256653025207437,0.022133605262091596,0.00969308967796251,0.0035713160181345877,0.0011187797422079356,0.0002858853667211425,0.0000506489822931158,0.000014631928218011228,0
0.0251226613377536,0.03209717994190525,0.05308820933002112,0.08143498302477294,0.11359626286355602,0.141134478209971,0.1567534864158824,0.15511162940813292,0.1354633241756697,0.10490116808005065,0.07125097133834961,0.04259831743393492,0.02198851374830332,0.009841021010146899,0.003655943241228153,0.001139178869075397,0.00027439254102112236,0.000051729741340047725,0.00001349471513218636,0.0000022491191886977264
0.02504018243900346,0.03245769689959869,0.05303404240419185,0.08125832310182449,0.11311060082205984,0.14159128106020644,0.15746659181757916,0.15479755166676645,0.13505591656058655,0.10479286418617992,0.07142816803093059,0.042199749925734484,0.022248025328208354,0.009847097771808923,0.003771445223683184,0.0011645283095589585,0.00031287521023068014,0.00005082810274505643,0.000004518053577338347,0.000005647566971672934
0.021544372555199198,0.028974944847147802,0.0490338981479765,0.07650025027344692,0.10885041063384067,0.13732596726052532,0.15543603196084602,0.1547582080421202,0.13655660814593718,0.1074090209673532,0.07439957546207895,0.04573283773011251,0.024584731465860845,0.01142220203555737,0.00452114347157079,0.0014564524202369256,0.0004101703713316401,0.00010775662297695629,0.000019697447210841473,0.0000023173467306872323
0.02478188623661841,0.03156917256861334,0.05228097421288633,0.08058401539747652,0.11080487952709712,0.13941440642979586,0.15474441035235575,0.1520123417681709,0.13270717233760537,0.1025972377402854,0.07130824801098774,0.042585504369136884,0.02321400593987619,0.010807052373606074,0.004290800053520634,0.00144094031648081,0.0004025484058740042,0.00010406791174583641,0.000012579637683562644,0.0000011436034257784222
0.026572443956579515,0.033839556457903236,0.05485519862719668,0.08285328107510449,0.11421960526210916,0.1403172159512095,0.15386419768550094,0.14943583658903464,0.12952472264385337,0.10003495774894869,0.06832019476134792,0.04132301984848605,0.021833220792914627,0.01027211248424339,0.0040970026292326475,0.0014825729358701786,0.0004270083340639917,0.00009109511126698492,0.000027328533380095486,0.000009109511126698497
0.028571135891024012,0.035626847443428526,0.057462106424123534,0.08586592668388389,0.11721768901828974,0.1411153692496634,0.15279673199564292,0.14751206209117224,0.12657939695804252,0.096131366672775,0.06512561761662866,0.03957185409621674,0.020813153967941426,0.009849996414665043,0.003921104419750531,0.0013555980737076573,0.0004416222104102193,0.0001058527463096659,0.000018211225171555432,0.0000011382015732222145
0.030981575165506658,0.03812152618304941,0.059655344934281665,0.0890539365461783,0.1184058022216474,0.14184056882559484,0.15144103927599867,0.14401161538400178,0.12304192684085949,0.09343021937257324,0.06286461900697131,0.03791866723953422,0.020061381925268122,0.009189054278443262,0.003797337077486415,0.0013390969585974001,0.0004114161719605633,0.00010142947175759034,0.00001595519780456478,0.0000011396569860403415
0.03250256278100794,0.039562040965726575,0.061843127014733566,0.0901118273341262,0.11879102872709316,0.1405624092764121,0.14975763332447725,0.14267078840152023,0.12084581465648474,0.09082564308984156,0.06165498068934534,0.03638179792628542,0.019505642679340508,0.00910856271031053,0.0037093333120480926,0.0012714130473205133,0.00034322450873854195,0.00009122246079429683,0.000025086176718431606,0.000004561123039714839
0.0346705786992111,0.0413434863516491,0.06337606886395032,0.0912767001929378,0.11876633977600952,0.14018928453186902,0.14801411071660983,0.13963330403114396,0.11747171577637479,0.08867146918132725,0.059726233831470577,0.035538227940588876,0.01863619238980284,0.008955053486009158,0.0038085235121527988,0.001290057424680054,0.00038359229618805155,0.00009247314283104813,0.000026257805989063057,0.0000034249312159647462
0.03678093998652922,0.0428062604883729,0.06482071303811775,0.09228055755334086,0.11937166797949698,0.139106362090026,0.14547073529915408,0.13669874539082394,0.11449364704270694,0.08639907759398154,0.05763781864675729,0.03445095151660444,0.018198111807481994,0.008534538854070345,0.0035857392376451246,0.0012683082753975593,0.00041668093656175437,0.00010959279427377653,0.00001940705731931459,0.000006849549642111031
0.03852281981375914,0.04502742900610258,0.06588215407072034,0.09275949621544814,0.11947008279528014,0.13893365527056084,0.14362565431571392,0.13392984616228057,0.11189526836795416,0.08367017576721836,0.05556843659804943,0.0330335921090353,0.017422530047411115,0.008155032420251436,0.0034401901470304365,0.0012655148349633883,0.0004168889122397444,0.00010622101051588001,0.00001941674385774151,0.000002284322806793119
0.04028763154613965,0.04648907199138066,0.06731914085687847,0.09333842685628599,0.11911409300788162,0.13764978903436184,0.14069446525443408,0.13054478201742392,0.10886947809308563,0.08147082337789785,0.05407903119363432,0.03220013885187572,0.0170373767746791,0.007960535872164772,0.0035136158332313484,0.0012592744246053768,0.000399170548762285,0.00012581306694513288,0.000021731347926886597,0.000006862530924279978
0.0423962522700441,0.0471483445964093,0.06864361936174761,0.09404411285704987,0.11928460324372017,0.13512262523957608,0.1387215523044448,0.12829049250099717,0.10647864015643728,0.07893410500546869,0.05228330150414349,0.0311068900767215,0.016489463223856905,0.0077121498360539584,0.0032720635715208185,0.0011817372451807635,0.00039086473680060066,0.00008914458909487382,0.000019428948905293023,0.00000457151738948071
0.04382889280756044,0.04840436116123812,0.06958348485784144,0.09448610891924715,0.11805646089066676,0.13326266001559847,0.13541945414582487,0.12506089569853365,0.10388062842073727,0.07687610212637486,0.05151947633130007,0.03035750635259352,0.016146222865677243,0.00767571696822903,0.0031974530159666814,0.0012076217399359136,0.0003453615203225816,0.00010978379453962859,0.000026302367441786006,0.0000011435811931211304
0.04525852950089484,0.050882539609932914,0.0706969404149966,0.09427135448531392,0.11743980605284367,0.1317056714676974,0.13328606633770365,0.12269216034947082,0.10120130594134696,0.07424310864357064,0.049272412274933834,0.029713024535001402,0.01563012813548856,0.007423967797453299,0.0030681616759961794,0.0011595661347223733,0.00040939317182505866,0.00011549919093388518,0.000016009788842320735,0.000005717781729400262
0.047597490488732824,0.05144429506877375,0.07122247219783434,0.0950315060725782,0.11629581870061459,0.12972133816213058,0.13117546458882062,0.1203426799824407,0.09839817456833479,0.07289951894937079,0.04727625658472343,0.028278872183201628,0.01514715027802166,0.007187179909277143,0.0030248573309921,0.0011123152619256665,0.0003841088674275684,0.00008916812993854256,0.000021720441908106525,0.0000034295434591747147
0.04846194779597999,0.052169762412100695,0.07201975978568444,0.09481476913801021,0.11582038966882031,0.12931902735812212,0.12940124560646235,0.11767030025647526,0.09629583952825,0.0702372224848638,0.04650698055766809,0.027619621841734433,0.014714782612667555,0.006683658437990314,0.0030078175851130156,0.0010197346634418846,0.000351711395677604,0.00010391473054111023,0.000017128801737545645,0.000003425760347509129
0.05036302672027567,0.05290209882146357,0.0727116626978184,0.09536210643525017,0.11516252462191144,0.12714795096538467,0.1270919336160114,0.11538545080819317,0.09312369888273965,0.06832401806730999,0.04532946775515619,0.02682545108256386,0.014178105447515745,0.006812395610526231,0.002765427921104708,0.0010117419223553811,0.00034753620835710274,0.00008802726330097666,0.000020577801810617917,0.000005716056058504976
0.05213517931670611,0.05411122476004348,0.07307486826363713,0.09575429912601945,0.11446908190942383,0.1255182695732381,0.12578767842628702,0.11257180430871519,0.09184216294212735,0.06619923469620725,0.04382916738965653,0.025881514899679454,0.01379350496351565,0.00647266185079316,0.0026746819605658508,0.0009897350660736629,0.0003173544963880946,0.00009132503493182589,0.000014840318176421703,0.000004566251746591293
0.05329862558694962,0.05520496264424597,0.07395765396041809,0.09553044485386084,0.11418833330858559,0.12416319341725474,0.12280625607509303,0.1104875951026898,0.08972119963312436,0.06551106166640586,0.04288744387499273,0.025364905351335974,0.013313519916025226,0.006240998011424319,0.0027047370591238625,0.0010039965688217374,0.0002741287559922834,0.00007538540789787787,0.0000171330472495177,0.0000034266094499035404
0.05554997351065968,0.05711764007380478,0.07525941285007033,0.09526114835857434,0.11272241911616945,0.12281006229562101,0.12088730155830399,0.10845786368037412,0.08768085825462654,0.06390553353185113,0.04181319534518352,0.024818913388991393,0.012886150642138154,0.006145070242423137,0.0025564496976561483,0.0008997241454904174,0.00025690092986718803,0.00009020077093114603,0.00002511920203145838,0.000004567127642083341
0.05670861680981777,0.058462279693246,0.07548285668943612,0.09560088642178562,0.11230178528818414,0.12226204244640541,0.11988500720988347,0.10673367729177824,0.0855903941288828,0.06230412578877725,0.040452983909914725,0.024133415384053315,0.012500556582458121,0.005723380230876113,0.0025003396580129027,0.0008882485177780996,0.00031739471457880664,0.00007649440962870531,0.000026259274947167485,0.000002283415212797172
0.05851418421905752,0.058861198752574076,0.07696302925423835,0.0962942500604993,0.1118665272520558,0.12085466026820574,0.11824862678130321,0.10474017286802949,0.08349009867084302,0.060759505230330885,0.03947176169233509,0.023202030948217208,0.012105556341918898,0.0054689033884142806,0.0023434895964129644,0.0008778097903758253,0.00027852482295409814,0.00007419718644269012,0.000021688408344786332,0.000004565980704165544
0.059881722725285594,0.060446741553539234,0.07753998792343596,0.09654402523979055,0.11196161981195721,0.11889137598635731,0.1154179370078201,0.10314390173466487,0.08250416344682028,0.05941601023654315,0.038936075253659205,0.02248889081667479,0.01186082958461414,0.0054173320381655935,0.0023091577566812043,0.0009314249774848561,0.0002967775663554688,0.00008560891337176978,0.00001369742613948317,0.000003424356534870793
0.061817534555429036,0.061658934435394996,0.07913917788087418,0.09640605281954501,0.11162938232669802,0.11830884349705277,0.1142959181577741,0.1017277144011191,0.08097049581364146,0.05793810715891275,0.0373874110298967,0.021793253903959066,0.011632577149259827,0.005296559404302515,0.002308259300927183,0.0008728711642161618,0.00028296999833412847,0.00006731947541013531,0.00001369209669358685,0.0000022820161155978084
0.06325752386171625,0.06320043841622142,0.07907361739051012,0.09698360506005389,0.11162830524729417,0.11805955153674022,0.11340708772891263,0.09930127414714346,0.07984084577796044,0.05736630588665117,0.03704046216376673,0.02159314061286935,0.011124811618029867,0.005306663013198155,0.0022354660455770193,0.0008368726309540121,0.0002625930492761564,0.00006964424350367631,0.00001255879800885966,0.000005708544549481664
0.06485077642836105,0.06493868259480738,0.08055743925912227,0.09798455134747595,0.11150840131790749,0.11714809563277598,0.11240915411435105,0.09832247635095796,0.0773802592432763,0.055348918982480406,0.03624245662344424,0.02094221710768162,0.010906072831971357,0.005107690762089379,0.0021462804275207952,0.0007432066799553393,0.00025001883703566703,0.00007420650414300622,0.000020549493454986334,0.0000022832770505540373
0.06702228939455858,0.06575519792881913,0.08146028296093022,0.09866190575122545,0.11205083890587224,0.1165701318003429,0.11077347372554572,0.09673501350422704,0.07624580204606733,0.054313704450344856,0.0345596343470826,0.020360219263899772,0.010698361456675739,0.004878872905018368,0.0020478937743572652,0.0007408489741125218,0.00023515391165975286,0.00006050076367945099,0.000012556762273093601,0.000004566095372034035
0.06878434336457369,0.06734125131151267,0.08258048606171725,0.0990287670810609,0.11193781917280234,0.11688703123769122,0.10986794109353037,0.0947086244158845,0.07488209230080704,0.0525860917436639,0.03431453698322976,0.019626736933680562,0.010179279070484316,0.004764258811252922,0.0019808265127064027,0.0007786303640724886,0.00023518747067292187,0.0000673595182995261,0.000017125301262591377,0.000006850120505036551
0.07091419504455022,0.0687400117036312,0.08379389289466388,0.09919568904843544,0.11159743158908161,0.11497962130882187,0.10914605698276736,0.09368380347481496,0.07318191617873022,0.051345404271483125,0.03336789668864805,0.019292740212467678,0.010152272683200042,0.0047498947699825805,0.0019220875810328163,0.0007608500988420714,0.00020304545366400106,0.00007072369734364078,0.00001482916234624725,0.000005703523979325867
0.07259047697323362,0.06924353670675688,0.08522597554404898,0.10063422919920005,0.11205172461028466,0.11492036747851656,0.10784636037368837,0.09197122453266124,0.0714112855355561,0.05072577920239628,0.03239294813840717,0.019166141566897707,0.009712062683214158,0.004454215866231974,0.0018298585426883287,0.0006392518926422108,0.00020433230139813534,0.00006506671050108217,0.000011415212368610905,0.000003424563710583271
0.07407301804180445,0.0715159837453823,0.08587506572216827,0.10086713344137813,0.11189705256747003,0.11443241708171899,0.10676245470730397,0.0908750828298911,0.0707210448940861,0.049523435869420186,0.03148961504202226,0.018393083005530362,0.009704640868981077,0.004451429464288771,0.0018339478807523264,0.0006763253067699814,0.00023266502964768335,0.00006272831681677747,0.00001938875247064029,0.0000034215445536424054
0.07628958419130691,0.07282498708048661,0.08721498640741703,0.10135629223083774,0.11189952782458212,0.11328673562397541,0.10545973503874709,0.09006469453478914,0.06956915561710784,0.048880822194412164,0.030948651636300593,0.01840560085149005,0.009323724789836877,0.004397768146925382,0.0016393236905659608,0.0006205929628864876,0.00020990644332925305,0.00006274377382124413,0.000012548754764248826,0.0000034223876629769525
0.07805402643730464,0.07347750571067217,0.08862803595072002,0.10260278924854054,0.11166459679746184,0.11318364130478166,0.10493381550451782,0.08905227360591741,0.0681950626491817,0.047596727896020735,0.030254303104119543,0.017592177605041587,0.009117688315331744,0.0043632614752294255,0.001744848420570052,0.0006078458876887825,0.00020299543716435924,0.00006272330923617836,0.000017106357064412273,0.000005702119021470759
0.0799416847095757,0.07536840616280366,0.08937228928582025,0.10266092031384393,0.1120071091723381,0.11187820408982745,0.10355983363259087,0.08738966067162972,0.06781776243591818,0.046930576057420924,0.029478196789008614,0.016940181197197396,0.008867072622613832,0.004184281793354887,0.0016232914372802621,0.0006000360477929851,0.00017453520021354875,0.00006045990595632742,0.000005703764712861077,0.0000022815058851444307
0.08198187815851418,0.07685865260308923,0.09087734952379105,0.10344807913272579,0.11170799668188422,0.11131320023596501,0.10177646990361722,0.08651975522620355,0.06637829030318312,0.046016606553392805,0.029001564352391193,0.01672522053261006,0.0085075211005008,0.0038943360402372896,0.0015780447534861311,0.000576220246211494,0.00019397513238802777,0.0000513463585733015,0.00001255133209569592,0.000001141030190517811
0.0841061815312372,0.07815602011971019,0.0918112870616488,0.10393967279813807,0.11187968312938804,0.11038815167552123,0.10126449482354208,0.08483256191052864,0.0649420549152689,0.045474604624431696,0.02822734679588712,0.01629281453581786,0.008218247085641048,0.0037094432870251586,0.0014881105101653333,0.0005416494194088384,0.00016990687050929876,0.00005131415552294253,0.000013683774806118015,0
0.08554852513161136,0.0796499639608405,0.09249632765526494,0.10433906918606244,0.1116506847440307,0.1105284526883388,0.10052872640347431,0.08404879428482796,0.06393985566088517,0.04444677609189529,0.02782542448655603,0.015913113692143464,0.00833348539729752,0.0036620804175068224,0.001458673576453199,0.0005029515615448476,0.00017791483809749726,0.00003763583113600906,0.000015966716239518987,0.0000011404797313942136
0.08730583213495978,0.08039270917556848,0.093633928357603,0.10615897445839415,0.11141623226815901,0.10927797665138907,0.10006580125284674,0.08282290795921461,0.06298103623858597,0.043891830495060326,0.026840524904690806,0.015567641293080156,0.007879044296673555,0.0036242007200504543,0.0014540138194035024,0.0005120409450291543,0.00016992004634597773,0.00003307168687270708,0.000011404029956105889,0
0.08883581898906409,0.08244804300942828,0.09445833917824528,0.10607859439276206,0.11177182376079309,0.10950228721384166,0.0991798875724056,0.08169305145461324,0.061992561850573266,0.0426604442589279,0.02669499595703164,0.015029121917450447,0.007718705200888198,0.0034807163524099845,0.0014027788707287945,0.0005337402532529079,0.0001961609477767097,0.00005360211945061247,0.000013685647519305314,0
0.09070906542866662,0.08280266407380525,0.09545427571064033,0.10659604771230197,0.11138005961755304,0.10865823986707025,0.09738979197765031,0.08133847340719338,0.06128830519074421,0.04178820704546182,0.026535745424832138,0.014848468248859915,0.0075925646960006915,0.0034076955031201064,0.0013911523169133988,0.000489585187822681,0.0001689011836777546,0.00005021386541771089,0.000013694690568466607,0.0000068473452842333025
0.09239535663225865,0.08413196795884724,0.09645750534133218,0.10646637525908599,0.1112000383070998,0.10851170076682602,0.09713129986478507,0.08015304598448106,0.05975337524312468,0.04118241248081792,0.026067069347251573,0.014455229717188718,0.007358155421936746,0.003268644498712835,0.0013088259101926524,0.00045603690250615,0.00016645346941474506,0.00005244424378820735,0.000010260830306388394,0.000004560369025061508
0.09421070695944381,0.08500640264726374,0.09720507057735571,0.1076728002088985,0.11121335581956732,0.10837178912656033,0.09594620636022902,0.07957641043534583,0.059440284339113414,0.04062687789131122,0.025181845444770177,0.013866891072896676,0.007171192990498094,0.0031916312896174536,0.0012850905549835184,0.000491458765925374,0.00017218160940772964,0.00005245267571361294,0.000010262480030924272,0.000005701377794957929
0.09545164524655912,0.08649165983046213,0.09845159967186218,0.10781264242092788,0.11156343997812415,0.1075562847507064,0.09624806307538059,0.07817427764105368,0.05849056603773586,0.040056740497675686,0.024644517363959534,0.013525430680885978,0.006819114027891716,0.0032061799289034745,0.0012316561844863728,0.0004284021511256946,0.00015153586728648255,0.00005696837116033181,0.000006836204539239814,0.000005696837116033178
0.09688974622946855,0.08786942885384282,0.0997809905247905,0.10834413559662125,0.11206307837711814,0.10712082915778826,0.0949481890390375,0.07737726747771996,0.057735959622906965,0.03920281007055957,0.02425179363173802,0.013441549779907446,0.006903187779248483,0.003073657184616665,0.0012666295000404732,0.00042068972593603456,0.00011172789469303908,0.000025081772278029174,0.000009120644464737878,0.0000022801611161844696
0.09920788220452842,0.08947706094782917,0.10109501652951897,0.10856834195420961,0.11144804511800856,0.10773645303075363,0.09419717590804097,0.07668762343009454,0.05642713963540474,0.0382076326378514,0.023430778294764473,0.013239569195495033,0.0066630884047219376,0.003048360096225618,0.0012341584987709685,0.0004524108254959136,0.00014586545507173042,0.00004786210244541157,0.000007977017074235262,0.000003418721603243683
0.10019731465132532,0.09011386343455162,0.10070342502214234,0.1089037808952454,0.11142407375532756,0.10695913158755646,0.0945400494027556,0.07633603448845806,0.05626146300093812,0.03787620585925343,0.023222942758233132,0.012884156579605803,0.00660451236151783,0.0029089947439754054,0.0011683854281249188,0.0004502558479115541,0.00012652759270425935,0.000026217429118900597,0.000009119105780487165,0.0000022797764451217912
0.10186932932111435,0.09093831213240318,0.10187844800072945,0.11009665800392102,0.11223270870377981,0.10723111293484702,0.09387110746363929,0.0748700588154835,0.05542561437103909,0.03700930105320749,0.022605206766060284,0.012765011626316504,0.006404732594720286,0.0029590115351297124,0.001220763233483792,0.00043085761181780826,0.00013450052432407785,0.00003989422331646378,0,0
0.10308977558951912,0.09268073078720326,0.10286411141883499,0.1110199336684104,0.112173328318574,0.10573962001800755,0.09164928596665184,0.074067995577894,0.05397476664273259,0.03654163959836335,0.02238634161908344,0.012409249951561986,0.0062570520053338834,0.002762676513830479,0.001235454348594158,0.0004125779282205584,0.00012878813781470454,0.000045588721350337906,0.000009117744270067586,0
0.10494092484007014,0.0935922006879466,0.10351691876552693,0.11111807849249172,0.11209059825356885,0.10509598074570484,0.09166426292009036,0.07369715985465791,0.054091708727481265,0.0359342061308649,0.021775093689110618,0.012193550814442546,0.006206796693204787,0.00281836910830313,0.0010557482986604764,0.0003785188284614237,0.0001299733326644648,0.000019381988204349997,0.0000034203508595911765,0
0.10678305138094706,0.09392013794644993,0.10401636745576842,0.11075402971049035,0.1118670896902819,0.10526855993303393,0.09164497948365878,0.0725826868994209,0.05320677598071302,0.035501595461999706,0.021852925545866965,0.012079437813475778,0.005907428991106927,0.002694836815827347,0.0010400724401331116,0.00041169534088602265,0.00011860475194500383,0.00002052774552894298,0.000005702151535817495,0
0.10822725500523264,0.09501334956713658,0.1044207473477568,0.11118901208643132,0.11151619618277617,0.10491437352795656,0.09065735503008497,0.0720010214527886,0.05235857552936565,0.03547952420364303,0.021384387732534416,0.011869828610254207,0.005949734490675824,0.0026596532988593,0.0011422943015246538,0.00038190478144786347,0.0001140014272978697,0.000023940299732552652,0.000003420042818936093,0
0.10883200948158953,0.0963612120935851,0.10497099682047661,0.11160696987999866,0.1117049766948911,0.10361257678150178,0.0903850756133973,0.07166121551242752,0.0518022997413076,0.03488244880283537,0.02106006906061609,0.011741444346944121,0.0058063339753159585,0.002604018279410591,0.0010302111704976696,0.0003692349770367753,0.00011624064091898481,0.000022792282533134283,0.000002279228253313428,0
0.11042912612947431,0.09689253492449657,0.10578468680245057,0.11220071638823591,0.11205365387640817,0.1034191463990205,0.08921336376425311,0.07060026585254077,0.051500379626484,0.03442858804028373,0.020544290896488508,0.011375114286952016,0.005623716053070183,0.002484102428469479,0.0009496362197866341,0.0003693663087765539,0.0001174220055678551,0.000031920545202912065,0.000012540214186858311,0.0000011400194715325738
0.1124256509708555,0.09768068652499733,0.10678669681101523,0.11213948487823121,0.11213720467032189,0.10406640877515218,0.08850398979378939,0.07006394843081797,0.05074716712669861,0.03318500580882966,0.02048994827348358,0.011267647384088482,0.0055534463632394,0.002565233898026822,0.0009736487772955126,0.00035001191408632595,0.00012085101919593019,0.000020521871184214577,0.000010260935592107288,0.00000456041581871435
0.11297730809350368,0.09945336502562169,0.10684405228087575,0.11283936683823821,0.11164691598693549,0.10371586381436068,0.08780929906462145,0.06957255311023332,0.049989454904039644,0.033013560423399875,0.020041382376579618,0.011205161966973898,0.005339808592258183,0.0024088419204614745,0.0009165683407719013,0.0003283229877391883,0.00010830098553896836,0.00002280020748188809,0.000004560041496377617,0.0000011400103740944042
0.11453596898482744,0.0997269534339366,0.10761635817874746,0.113044241292937,0.11212458946149657,0.1032198070440544,0.08789797448678416,0.06906619441918349,0.04915749863818596,0.03245447894373371,0.019763967425863747,0.01081929924125875,0.005394834907111743,0.002395425216465757,0.0009754919054684529,0.00032364451069280423,0.00008888828110577018,0.00001481471351762837,0.000009116746780078997,0.0000022791866950197493
0.1158176088083935,0.10086795958260435,0.10885341570305869,0.11354370287629151,0.11220443497141948,0.1033253737127356,0.08740689238554959,0.0678911944560008,0.04875163134228835,0.03196690013620639,0.01927178020049126,0.010402977164057466,0.005326296952738088,0.0024323384757421523,0.0009505952618411239,0.00033852133425277356,0.00010144242002860907,0.000015957234611241872,0.000012537827194547184,0.000004559209888926249
0.11648843803766466,0.10168894382007096,0.10942618324692693,0.11447488589681173,0.11236099820194126,0.10307653892506412,0.08745497727057645,0.06812556082443899,0.048371998627227186,0.03201274261536022,0.018912111755564346,0.010472523450585313,0.005019058054379588,0.002184578653382848,0.0009360851119140494,0.00035231461581174323,0.00007297131201278821,0.000023943711754196136,0.000004560707000799264,0.000001140176750199816
0.11800421333752616,0.10315612933510616,0.11028849626690092,0.11435371754687594,0.11210235060482701,0.10267304250138719,0.08654546200305574,0.06684486190438756,0.04776748939544646,0.03147925973778867,0.018792533573965257,0.010090134432583754,0.004845679961808794,0.00218984173209417,0.0008704677852861319,0.00032129831865273454,0.0001025420165912983,0.00001822969183845303,0.0000079754901793232,0.0000022787114798066288
0.11951736265840314,0.10350467103321183,0.11051720424102686,0.11437050747125975,0.1114791054318925,0.10228975791773466,0.08675345811455967,0.06724190789226249,0.0471160629521021,0.030784257187761073,0.018587258912117103,0.010096543424026331,0.00475594036668494,0.0019967427563939645,0.0008376746152680164,0.00029176149865117274,0.00007977853478743005,0.000028492333852653612,0.000010257240186955298,0.0000045587734164245765
0.11990100398195636,0.10467198734164226,0.11203056975149536,0.11406315727074678,0.11190061182822297,0.10190753151764637,0.08563771150937008,0.06697506973838559,0.04717586612965925,0.030630170529874934,0.01799803239144239,0.009660205629914029,0.004713824673081725,0.0021887650235349236,0.0008390265923550538,0.0002986752271698697,0.00012425801435693066,0.00001595974496327549,0.000004559927132364425,0.0000011399817830911062
0.12248417189521253,0.10476125348332277,0.11252970440907462,0.11507587802529075,0.11164412835723932,0.10147425048011442,0.08553502128459814,0.06563406447495138,0.04637022093811794,0.03003550282369971,0.017827774263587098,0.009406253739763733,0.0046227753748311765,0.002154103909869557,0.0007556459747320196,0.00027923569202012807,0.00010029690162355607,0.00003305238803503553,0.000009117900147596009,0.0000022794750368990022
0.12296004149164752,0.10603281715748021,0.11304536154157427,0.11548698541522986,0.11186216565882237,0.10059786728372194,0.08479912457183236,0.06559783878671128,0.04586764848367407,0.02973264104595427,0.01767270613312663,0.009513442039930011,0.004564081227879196,0.0020175883549815622,0.000793356776874106,0.00025875285682531925,0.00007295234729876837,0.00001823808682469209,0.000005699402132716279,0.0000011398804265432556
0.12391057045870596,0.1065537892656282,0.11356284210310337,0.11571149466427445,0.11151905746534228,0.10063673067409559,0.08494871730571507,0.06492464327808009,0.046139606562908234,0.0295795936139994,0.017458229510289587,0.009348063477009982,0.00445460700745702,0.001859125903061003,0.0007865094255745508,0.00024165217133594895,0.00009460910481548945,0.000017098030990751108,0.000010258818594450663,0.0000045594749308669616
0.1243458421086221,0.10789046616157479,0.11371634619767879,0.11579506395703987,0.11164788526936717,0.10029699224127718,0.08426214636725843,0.06476391054219888,0.04543092366182543,0.029376703773602113,0.01736709426255664,0.008888113928320705,0.0044571629149457994,0.0018918155046816737,0.0008490376813179799,0.00030770493148436865,0.00009345112733969713,0.000025072253676504112,0.000005698239471932752,0.0000011396478943865504
0.12510065524141883,0.10842747754263395,0.11407214375447752,0.116425226965468,0.11134206608906409,0.10018599152388899,0.08325427080046971,0.06421775928619348,0.045122022057022974,0.029225612388197215,0.016907802646250494,0.008935110256640967,0.0043792860340069505,0.0018861112281704836,0.0007824628102373919,0.0002551261564675049,0.00007744901178477831,0.00002733494533580411,0.000004555824222634018,0.000004555824222634018
0.12625858710140475,0.10889982569465805,0.114406963099673,0.1162229285575948,0.11174909144764571,0.10006038028185057,0.0829545325085159,0.0637205646125978,0.04518040033266118,0.028761520671702148,0.016990783462638277,0.008728938104514852,0.004203834717522814,0.001969764289050663,0.0008589949531198389,0.0003144331658634949,0.0000945577998792394,0.000011392506009546921,0.000006835503605728153,0.000002278501201909384
0.12761679210265633,0.10919876575540553,0.11448301775080565,0.1163343846425359,0.11166953214842816,0.0995206485477131,0.08282760426748041,0.06355448779987932,0.04424265886344746,0.028764502943286238,0.016486957313810103,0.008708028282874288,0.004193471255991894,0.0018581985038769397,0.0008004372231773826,0.0002892049142063377,0.00010247418219909596,0.000014801826317647195,0.000002277204048868799,0.000002277204048868799
0.12916142669994407,0.10985630614555457,0.11520933833329722,0.11626284243158778,0.11205680713007919,0.0995732396277163,0.0826670071932439,0.0622456739632847,0.043683935088641435,0.027893915329738794,0.016467272393517984,0.008845329864218824,0.0041775314027452685,0.0017227756412522101,0.0007011959095765118,0.00024057290556202284,0.00009235263199300399,0.000022803119010618273,0.000003420467851592741,0
0.12922051661777686,0.11076239569390248,0.11569390254321757,0.1164662660553071,0.11043659043659045,0.09878620453962922,0.08245834875971865,0.06253866089482528,0.043509811181044064,0.027822174123543982,0.016322159883803724,0.008482328482328483,0.004139777290462225,0.0016700367385298891,0.0007176829094637313,0.0002882123430068636,0.00007974254549597018,0.000017087688320565036,0.000004556716885484009,0.0000011391792213710023
0.13120780605132967,0.11142391195415492,0.11538251291442315,0.11637216315449024,0.10997417115368849,0.0983887719681854,0.08107615637612627,0.06201656326017437,0.0434853909858693,0.02770679020781516,0.016506318273339347,0.008689334098632482,0.004148786909740252,0.0017617824181630991,0.0006844416504951665,0.00026079390676105344,0.00009907890780878447,0.000013666056249487525,0.000002277676041581254,0.000002277676041581254
0.13175138128468875,0.11212238905587439,0.11729444741209157,0.1160871402423954,0.11082054745685299,0.09802081352001794,0.08051258162136794,0.06159658400409119,0.04291863091366958,0.02751749171684776,0.016298646790897806,0.008647052860691562,0.003952222527212815,0.0017084535420228322,0.0006583240981927989,0.0002471562790793029,0.00006719917265289803,0.000019362473476258758,0.000001138969028015221,0
0.13266290561958757,0.11313439193937674,0.11758340765444837,0.11680317832397635,0.10970366092714029,0.09757650518767076,0.08082036842770689,0.06117909167637683,0.04262444088310569,0.027270438876150833,0.016076141270486722,0.008382054953203327,0.00396493182390281,0.0017916799077848666,0.0006765784267159633,0.00026425285353216067,0.00008087048534820439,0.000017085313805958672,0.000005695104601986225,0
0.1337973290435187,0.11235471177048274,0.11772191701851802,0.11708391342291209,0.1102561356577931,0.09788798024011719,0.08012071939462574,0.06066844548145346,0.04230647414148642,0.0268303297795014,0.01566298827212676,0.008475194192344413,0.004109426730983505,0.0017294454609462018,0.0006812966967363831,0.0002517835618373591,0.00008316832585577928,0.000021646550565202823,0.0000011392921350106752,0
0.1334434784590317,0.11271834372115813,0.11780135136674912,0.11712908628921068,0.11090892517347861,0.09759237947654485,0.08000182309173569,0.06001731937148914,0.04237890682861797,0.026574980344792234,0.015445005298360352,0.008151498923236442,0.003965224525141572,0.0016590134794845193,0.000636942675159235,0.00024611738431913204,0.00006266877841459387,0.000015952052687351165,0.000004557729339243189,0.0000011394323348107973
0.1346417332654533,0.11370368978347849,0.11792911087345494,0.11737673102746073,0.11045888528608151,0.09782020662423026,0.07902904151276909,0.060364297355751995,0.041469489840197084,0.026261390698834517,0.015276434792413364,0.00824241844424779,0.003932716717975352,0.0016560006104651484,0.0006913290031309112,0.0003086493572462554,0.00009794776650619181,0.00001594498524519401,0,0.0000011389275175138578
0.13495842213600012,0.11482754066706742,0.11809843889465733,0.11768288795380437,0.11052516530957979,0.09670268867151215,0.07876682696686518,0.05965945315773176,0.041450352478277525,0.026381223017651244,0.015403847204765283,0.008145936936444621,0.003883408929449696,0.001562016139315445,0.000687651419931873,0.00023908410295644602,0.0000762792138003898,0.000015938940197096378,0.0000022769914567280544,0.0000011384957283640272
0.13577525565796683,0.11446938085034401,0.11862279043963948,0.11750982248331976,0.11041621811893602,0.09715515365678896,0.07905376079504872,0.059618401222100326,0.04129373126779239,0.026042538842809503,0.015047281202688898,0.008001521929569749,0.0038321639765194525,0.0017224232855224174,0.0006709704465427942,0.00022555543024698336,0.00006493262385898005,0.000014809194915205964,0,0
0.1366331986867976,0.11518999742553998,0.11902548715390031,0.11778496196406234,0.11096036470757102,0.0963679609593395,0.07840255896766435,0.05901550827358536,0.0409304964151214,0.0259530628099889,0.014896554552351525,0.007705153704374533,0.0037922023479986418,0.0016073287813235457,0.0006869023778441517,0.0002471937246968178,0.00007062677848480499,0.00002506111494622112,0.00000341742476539379,0
0.1375452114306792,0.11563196956190588,0.1198807340389561,0.11777684423360008,0.11062726199461956,0.09626889715417025,0.07805112406688279,0.05889183752232824,0.04021981549979338,0.025604156776221486,0.014624766471647007,0.007893002175613319,0.003824115723047036,0.001684933393899856,0.0006352654282406214,0.00023452451293470966,0.00005464648845080619,0.000012523153603309756,0,0
0.13817168371906624,0.11657260997915458,0.1200756855588356,0.11843173328809804,0.11010723259306149,0.09623040833543003,0.07803877860266334,0.05799827180086775,0.040067351950371775,0.02555981470244351,0.014620245886988525,0.007772342210751495,0.003685230955940032,0.0015699516491323123,0.0006102205104676719,0.0001969555005800509,0.00006489285279227111,0.00001252318211780671,0,0
0.13767893969087605,0.11689682620117768,0.12020032818658125,0.11802873967015082,0.11035814698704902,0.09570362542546398,0.07804850829974978,0.05814322918742509,0.03985041433271196,0.025411115754664006,0.014948318015302454,0.007776496055953422,0.003697508082249344,0.001547555738767125,0.000569372972320502,0.00020269677814609862,0.0000706022485677423,0.000014803697280333062,0.0000034162378339230143,0
0.139036372773924,0.11715025806356037,0.12101579834460971,0.11842889491360088,0.11052915280622043,0.09578722206457685,0.07766750199715781,0.057947776459634635,0.039765378115252825,0.02488783437436253,0.014294065962618684,0.007530510075817927,0.0037618362228018986,0.0016102619154253514,0.0005686629128076793,0.00017208036038869658,0.00007179511724826406,0.000013675260428240781,0,0
0.1407367336131152,0.11750496831100206,0.1210297643112982,0.11818828902188334,0.11005335595884132,0.09527768445388439,0.07721068485818246,0.05765518498061076,0.03995376196523036,0.024773792373001993,0.01426887531105328,0.007244338403193385,0.0036751265566899952,0.0015215274495623899,0.0005717116614373652,0.00019019093119529884,0.000056943392573442694,0.00001822188562350168,0.0000034166035544065644,0
0.13988541428325874,0.11877254632775884,0.12119494256484865,0.11944075431233202,0.1101609732386686,0.09510864925227866,0.07763506737289533,0.057304241811606316,0.039510785241141134,0.024525623556437386,0.013681757694352337,0.00729564731367868,0.003608550785514345,0.0014320368732419705,0.0005065631228876601,0.00018099671132390554,0.00005008714024057764,0.00001479847325289794,0.000007968408674637353,0
0.14113195936205492,0.1192335086409764,0.12198562971151158,0.11879134591825684,0.10925293872969385,0.09494760713614164,0.0758434424875072,0.05695124244306299,0.03882598959550088,0.024695015982814907,0.014162882262779121,0.007386852496566971,0.0035373017817562297,0.0014518435792388647,0.0005709369177383601,0.00019828946843607735,0.00004900256978592715,0.00001025635181565917,0.0000022791892923687044,0.0000011395946461843522
0.141718196622368,0.1196588204479975,0.12063817430221042,0.1186339152517281,0.10969332558960518,0.09481284092332563,0.07622903214785966,0.05683327070023802,0.03874711033673828,0.024147905207657167,0.013868106089075639,0.007366790794073772,0.0034721510482502594,0.0014553653787024708,0.0005318119185086489,0.0001708175327115576,0.00006491066243039182,0.0000136654026169246,0.0000011387835514103834,0
0.1429186710815066,0.12025235687281664,0.12145443607103547,0.11863439245436092,0.1097014058059855,0.09464636083341117,0.07615257176583728,0.05652620760534429,0.03791050150060503,0.02371457284599943,0.013694587567196784,0.0072204510702492805,0.0033396152890801086,0.001535926785970653,0.0005104563799071607,0.00016065703028328053,0.000041018816242539704,0.000013672938747513233,0.000004557646249171078,0.000004557646249171078
0.14321232027989864,0.11966648140386689,0.12249895220219771,0.11926444594274468,0.10976934781420264,0.09483481239863696,0.07582753248173187,0.056258769612041494,0.038207035734460694,0.023918262660130845,0.013527980756965574,0.00689154837181333,0.0033597864314740228,0.0014828616724675172,0.00054667711427374,0.00015489184904422625,0.00006036226470105872,0.000009111285237895657,0.0000045556426189478285,0
0.14397122488983244,0.11981694364684434,0.12154818840043234,0.12008004729031722,0.11024839945283554,0.09479590105025053,0.07577043238976698,0.05590667679596712,0.038277593706469736,0.023705524379229164,0.013516237822914166,0.007116327118696192,0.003280253217324748,0.001425998968087008,0.0005592376144814067,0.00013098233333067575,0.00005922679420169685,0.000012528744927282024,0.0000011389768115710932,0
0.14449887799585354,0.12120718765761282,0.12231609890941882,0.11929562503771327,0.10924028194125505,0.09458307100105996,0.07571564054425459,0.055680096181542654,0.03826654628793667,0.023971382347817857,0.013617748955699336,0.00693240309265557,0.003276639201948221,0.0014595731260936859,0.0005590096762184079,0.0001639458113552969,0.00006034116667938004,0.000012523638367418504,0.000002277025157712455,0
0.1461975307797772,0.12133095825027951,0.12263816567002069,0.1192772635943303,0.10953873926853365,0.09321631148689997,0.07571090087903143,0.0560799960795174,0.03790559614698619,0.023600393415868615,0.013269238001784731,0.006899593477866937,0.0031352463920733317,0.001474739669699342,0.0005151331767419645,0.00017095127546746635,0.00004672668196110745,0.000018234802716529733,0.000004558700679132433,0
0.14634882592421297,0.1220175376645152,0.12314069544654065,0.11984754215259001,0.10968330595683703,0.09383949095664335,0.07491667445055257,0.05565896099931429,0.03733873117343789,0.023570365948954407,0.013129327176089724,0.006893865006914372,0.0031211484003544907,0.0013931257276034827,0.000492093470420854,0.00013213620965004413,0.00004328599971294548,0.000004556421022415313,0.0000011391052556038283,0
0.14696072557109566,0.12222027306880033,0.12357809890713244,0.11987027751135129,0.10876162182727818,0.09415474202448183,0.07547894116923386,0.05571072841888473,0.037210351371609135,0.023048865782561042,0.012988196483777853,0.00665471354659097,0.003073333986426298,0.0013225132536104282,0.0004966544173765256,0.00014808503270400997,0.00005695578180923461,0.0000136693876342163,0,0
0.1477613470652571,0.12302223842508207,0.12312705067444406,0.11979356543930005,0.10941829201604085,0.09373518957345975,0.07490544112285819,0.05505719103171709,0.03758658403208166,0.023007427998541746,0.013208621946773608,0.006840138534451329,0.0029415785636164784,0.0012691396281443673,0.0004773514400291654,0.000136711629602625,0.00003759569814072184,0.000014810426540284359,0.0000011392635800218738,0.0000011392635800218738
0.14741213802690123,0.1228842768513824,0.12393708233873224,0.12034227572337648,0.10919438731620054,0.09392301075023782,0.07449852162865817,0.05519025129464309,0.03692225304931894,0.0229292831465667,0.013239826583338552,0.006810193071309341,0.003102585868023312,0.0012396670673556242,0.00042727495428158,0.00015837658305370572,0.00004215779548911589,0.000017090998171263195,0.0000011393998780842131,0
0.1483567422768709,0.12229901185860789,0.12453816120964185,0.11976373899217779,0.11010669558047044,0.09371967581308684,0.07498986346428066,0.0545106445014419,0.03711566584511373,0.022668255103574904,0.012920096764053346,0.006710614433515716,0.003036404969408161,0.001150325963654255,0.0004145729215546032,0.00011958834275613552,0.00004100171751638931,0.000005694682988387403,0.000002277873195354961,0
0.14833077874200148,0.12350015099629066,0.12368134654503392,0.11990814867151757,0.10985920308146395,0.09440402048991177,0.07498646731357657,0.05464698206847823,0.03609096244465844,0.022838616304180614,0.012790810308773173,0.006761215035811761,0.0030712075714668294,0.0011464322140614588,0.0003806246118255737,0.00012193662714172566,0.00003646702867789926,0.000014814730400396578,0.0000011395946461843522,0.0000011395946461843522
0.14855946034287773,0.12370748907508666,0.12433957944920447,0.12126226739358956,0.10994386354136887,0.09380221151907826,0.07438052296082523,0.054352938764679025,0.03631273781688515,0.02259580724774184,0.012597390320931073,0.006361904197877313,0.0029554495870912348,0.001199263358461298,0.00043392150007004227,0.00014805720474830847,0.000023916933074726742,0.000012527917324856867,0.000003416704724960964,0
