0.09993694829760404,0.09924337957124843,0.09886506935687263,0.09962168978562419,0.09936948297604034,0.10372005044136191,0.09627994955863808,0.09508196721311475,0.09905422446406051,0.10018915510718793,0.10372005044136189,0.10145018915510717,0.09627994955863807,0.09892812105926854,0.09974779319041613,0.10334174022698613,0.10453972257250947,0.10050441361916769,0.09697351828499369,0.10069356872635561
0.014033892731735388,0.01759814917029747,0.025137696562577076,0.03280642623104838,0.03873706709257672,0.044321264577045494,0.05042219116628109,0.05116205329356084,0.05380441803384577,0.057591807494920794,0.060727413653392216,0.06157297037028338,0.06544256673438949,0.06780307923571068,0.0662822515296356,0.06591232046599571,0.06272973893436365,0.0587661918239363,0.05274160021608671,0.055783255628236904
0.01016469424061294,0.014286597810625272,0.021457182044071266,0.02991563376541167,0.038505055061792165,0.045177227301335526,0.052031301728434586,0.05735012169256349,0.0605952567185573,0.06405139828211573,0.06827516707715928,0.06998504764018297,0.0696503476150804,0.07091638684046814,0.06987226828389838,0.06677265500794914,0.06005682624339239,0.052042215859687935,0.04099347698755425,0.038232201780458615
0.009547559237294088,0.01291728602692729,0.020731145249265157,0.029677403601090276,0.03929516547983506,0.0470937632583793,0.05601560330013461,0.06222395863538276,0.06754409794184169,0.07069711222960537,0.07389896313750868,0.07490621842788815,0.07412178021689567,0.07295885819982113,0.06906108545492837,0.06276726603443594,0.05343336701025264,0.042594689628017574,0.0313775284397005,0.029195141977211615
0.008879167876516608,0.012043321221265496,0.01944081866362011,0.029665972868606224,0.04007565745733412,0.05014884546394466,0.058916752373793436,0.06663446430558231,0.07314730137882186,0.07715812354309193,0.07947289438620582,0.08003191290165888,0.07633859154470927,0.07189900760645095,0.06522606328849428,0.05563319701603515,0.046344263140327205,0.036428468696319966,0.027364770436061583,0.02516126055961552
0.00835813805031213,0.011334704087767876,0.01883179061602298,0.028135105911811502,0.04060798155172372,0.052430119978127306,0.062228292470500324,0.07126685916611615,0.07781381987692905,0.08155494028310781,0.08410345484551793,0.08134215168857649,0.07636636257691935,0.07014600761585225,0.06245345249494629,0.050742656937774196,0.04078860442847706,0.03239830066038693,0.02512637415657776,0.02397088260255296
0.00797844308084303,0.010980097427742613,0.018103870988437906,0.02815826738095348,0.04035277458263257,0.053218644168770875,0.06470054488046081,0.0754606737453772,0.08161750216531555,0.08583585762534769,0.08748333050734831,0.08370720351216468,0.07640928817256534,0.06813067965703237,0.057056637322249366,0.04702744566089097,0.03765128567042294,0.029995921416230913,0.023305210963599787,0.022826321071613507
0.007723975944041503,0.010307238296810609,0.01740959657228403,0.027850192292801283,0.04035352622839394,0.054863674298152774,0.06770900549776732,0.0779581687874799,0.08556384379113646,0.08915373960027191,0.08879023307436183,0.08571655955054246,0.07615354171506251,0.06488699033803956,0.053786060277555524,0.04438866375861446,0.035029983911072114,0.02805237935455007,0.022126577704359503,0.022176049006702288
0.007409375127712614,0.009906412195022272,0.017095099922350723,0.027825003065102782,0.040569700437288,0.05573582900813273,0.06990886427724878,0.08113122726715434,0.09034083942948219,0.09256201724631169,0.09163431280395605,0.08521190077240588,0.07451264865748496,0.06255874780334299,0.05144877191548489,0.04163431280395604,0.032780252564469335,0.026104458702848502,0.02108790714781969,0.020542318852425516
0.007326331523876956,0.009788765636063252,0.017113130359531114,0.027672881755959423,0.04109432774762017,0.0561737864841476,0.07168004090944849,0.08455274958697193,0.09317126897962395,0.09624144441822045,0.09284084651089604,0.08542600896860988,0.07369207772795214,0.060553850995201004,0.04908937141058925,0.03905475572338919,0.03128786090787506,0.024848556368499725,0.019182204389898518,0.019209739595625833
0.007228122296153934,0.009628563334124544,0.01718784695369867,0.02821762467362425,0.04129371138046416,0.05769481091262701,0.07402699826188162,0.08730216460823426,0.09722169049241586,0.09907657674902946,0.09459154217808438,0.0851678011653816,0.07264301192180764,0.05847007297034479,0.04713784733654413,0.03697904303948668,0.029151767597491593,0.022545769174814892,0.017444353412301588,0.01699068154148896
0.007146506194264764,0.00985297542578527,0.017305626300645346,0.027645052476578988,0.04261609081415704,0.05975831473926989,0.0763089093736618,0.0922772656584552,0.09993088267333795,0.10171328329839906,0.09575003568557627,0.0849128896301472,0.07077388867602755,0.05707626195466805,0.04522677244622748,0.034196173003673724,0.026657125470486147,0.020566161058396624,0.015557033063625506,0.014728752056616116
0.007154378093772594,0.0101206918926936,0.01707855169728768,0.028417286193663214,0.042987448784738314,0.06127662730121063,0.07958249133280186,0.09461984834720699,0.10334081091603474,0.10479615862363041,0.09771408442870647,0.08525000463486532,0.06977140844287064,0.05547006803982278,0.04248317543892176,0.031897143069022416,0.024438717810860416,0.017658836834201594,0.013526390923079772,0.012415877194608727
0.007131231561118807,0.010176976519474032,0.017326578074310303,0.029335042967415306,0.04419269388609868,0.06355650426367551,0.08171891705213036,0.0970707208018135,0.10680865447144018,0.10683437246264461,0.09927512004790891,0.08533780581447044,0.06904545838645325,0.05308560784472212,0.0398849303593538,0.029142158033381948,0.02199806747666092,0.016064559505920655,0.01156942204325766,0.010445178427748978
0.007330404577033101,0.010253079572654563,0.01760537684628408,0.029852516200595484,0.04543464300309418,0.06584958257925155,0.08501298966664723,0.10072099947457522,0.10894170704652924,0.10984295638974834,0.09984164282795256,0.08483602370249288,0.0680023644112324,0.05065240235857319,0.03717744760347948,0.02736587074551929,0.019688831805709617,0.01396389164574698,0.009578054760931754,0.008049214781948743
0.007293438810100062,0.01023114953819115,0.018138275756260785,0.030457414996123595,0.04766608142433579,0.06821008444556609,0.08715087450455634,0.10325562985571082,0.11210870619079864,0.11004795113740966,0.1015126123656197,0.08446735382710355,0.06729136897683057,0.04880993665220811,0.03502194204829974,0.024970541188774245,0.017442884403443184,0.011790787063178937,0.007741902685154756,0.006391064130334134
0.00742403252467745,0.010315878567785668,0.01882864862714175,0.031255086502186516,0.049327767871029805,0.06964484007132858,0.09062564429027693,0.10647563723699391,0.1141980778899471,0.11313285129870837,0.1006340720592331,0.08435183946004408,0.06458817869763844,0.04670901047864662,0.03312872784093581,0.02269710309006137,0.015618500580539449,0.009822148755547678,0.006210506136356239,0.005011448020921122
0.007561760385027896,0.010472902940884881,0.019049507449100063,0.03293466602976034,0.05059619839030941,0.07186646598109112,0.09338188241868178,0.1091344983912107,0.11823204419889502,0.11371301361837897,0.10104638901156343,0.08276837940389174,0.06280857660450824,0.04446026695988392,0.030717511018178874,0.020945805881769756,0.013164132560633778,0.008203473542851478,0.005194992474290916,0.0037475327390877216
0.007622277404865386,0.010866105769663015,0.020052757164203523,0.0340332258650359,0.05230403518582785,0.07378630651301037,0.09494491425612223,0.11236161134117202,0.11984723078831862,0.1165458622307973,0.1006557783839477,0.08093567545892798,0.060552062186563275,0.042335196796449766,0.028928331891831627,0.01871135142133266,0.011662677812681495,0.006978546498769178,0.0039433013325949,0.0029327516978852183
0.008103227288883465,0.011158542496167394,0.0206099141567725,0.03479864000775497,0.054062204925125014,0.07596820461636225,0.09862277448470727,0.11500335689743692,0.12134914964582039,0.11669257640980715,0.10135317074221538,0.08013829699387143,0.05797918364562652,0.039864503412546534,0.026707978645105938,0.016543939453777134,0.010013248076515723,0.0055918371743181195,0.0032671408209499135,0.0021721101062359316
0.008318567264296809,0.011694010022413371,0.021091142329377994,0.036183886381593436,0.055239729892913904,0.0779361783323091,0.10021517551764851,0.11722676202949396,0.12333445011995003,0.11662835551080444,0.10134390637625437,0.0792136150024456,0.05677516218787456,0.03789489903233721,0.024600957808757155,0.014628710254788596,0.008646436704177557,0.0047281281521600865,0.0025082907969019032,0.0017916362835013594
0.00849362843729041,0.01218332215515314,0.021496087636932698,0.03667873910127431,0.057330650570087203,0.07925240330874136,0.10278381399508162,0.11912005365526494,0.12505969148222673,0.1183617259110217,0.100921976302258,0.07726358148893359,0.05479991057455846,0.036777107086966236,0.022166778448468583,0.013179521573887772,0.007127207690587973,0.003797004247708473,0.001928012519561816,0.0012787838139950815
0.008831974499304054,0.012460892202740539,0.02187535176916438,0.03758636770531259,0.05864338155809394,0.082069644487565,0.10439526078714104,0.12136415858602642,0.12724975923354967,0.11945946815182486,0.09982829197868034,0.07553723526857743,0.052893574975297994,0.03407358966249815,0.02049060966174771,0.011521054333706766,0.006112519676738655,0.003133984072785619,0.0014687200158664641,0.001004161373378288
0.009273746804232597,0.012709921553165263,0.02284538819318939,0.039214496875150516,0.05987793194375808,0.08440037323351894,0.10684612324199341,0.12260863825072661,0.1292633276658454,0.11899048539982553,0.09836094821295718,0.07414894015596595,0.050295536005794755,0.0324920116965533,0.018424390774780686,0.010315660642953615,0.005409388285962528,0.0025798072102578558,0.001277414911856587,0.0006654689415118812
0.009562800119111512,0.013100483400170107,0.023422886885073445,0.04000577726503559,0.061674087361519504,0.08669642077033765,0.10876592982762712,0.1247336484676874,0.12929126866243837,0.11860511145307129,0.0978479687742391,0.07288269477317993,0.049076439992225655,0.029959755286464985,0.017201628332848922,0.008751486665038099,0.0046788714362387875,0.0022395817545411262,0.0009521788669784723,0.0005509799061729361
0.00975246218469416,0.013674841856783224,0.02443642535711484,0.04125095385142026,0.06350154399127092,0.08810377903452404,0.11153643177555429,0.1257907160838961,0.1289125737229088,0.11874291297309246,0.09686673180194125,0.07087561777479838,0.047334208142860226,0.028308883833377315,0.015744788583735674,0.00805870732629207,0.004125630255097312,0.0018595645445404038,0.0007078112408269801,0.00041541566527125045
0.00993620193351196,0.014204232092597932,0.025095803844963228,0.042185715353166606,0.06500072942574624,0.09103233313051738,0.11373882288475431,0.1276228192838818,0.13030924093466126,0.1172258337692097,0.09531103781271903,0.0688862558398537,0.04545034033937869,0.026775262148496844,0.014394594421494222,0.006998928989514061,0.0033624747814391407,0.001514003195240586,0.000633355038197002,0.0003220147806563408
0.010253253949477285,0.014390843936722979,0.02588039412056646,0.0431760894971743,0.06664437182809968,0.09215654534361029,0.11494530945650992,0.13018288290051105,0.13065427642872263,0.11700876791962472,0.09409014823102911,0.06766720684214364,0.04326858935931393,0.02500164543023998,0.01320613416393466,0.006526576811351867,0.0030329281720782053,0.001238075077868874,0.00046249931069814273,0.00021346122032221975
0.010812925714488969,0.015072293656298353,0.026303153177186143,0.04418182788240942,0.0677088335200697,0.09507193796795246,0.11758523181987943,0.1312863469028437,0.13018549147237188,0.116944992797311,0.09285066424798591,0.06565651176439204,0.04138967436731937,0.02309484429742659,0.01200626011488734,0.00578349250386811,0.0024684771203471526,0.0010261608778388378,0.00040904159775204953,0.00016183819737146314
0.011034862352742734,0.015402643750610331,0.026774855073107087,0.04527400726188047,0.0701455039372176,0.09556563656862833,0.11853555036708897,0.13219640812123254,0.13081682838702796,0.11644931331729447,0.09188853279830973,0.06396491570714558,0.04003622062622622,0.02203243876672318,0.01120353683761974,0.005227133510293581,0.002144829239278073,0.0008202906527702566,0.000342675532434328,0.0001438171923688112
0.01126804564730023,0.015540601707957392,0.02764647305556097,0.04670878279191212,0.07074479509658957,0.09776289887692306,0.12013746021659218,0.13167886424916084,0.1318474944218914,0.11579922714129255,0.091218273120528,0.06214288123288182,0.03886126706936736,0.0208071882604999,0.010149761343929222,0.0047216448364553595,0.0018549319000360338,0.0007526230867131849,0.0002449575140717441,0.00011182843033710059
0.011715016747136852,0.016277259533633463,0.02807738613454095,0.047328171184285873,0.07252778038820731,0.098156485104889,0.12145176133069258,0.13358700798082193,0.13178728919796376,0.11477063780969791,0.0892359085565546,0.06156102110547062,0.03702455951217867,0.020302246368202957,0.009448966890493762,0.004099457956618797,0.0017305670266695267,0.000643643269140408,0.00019858965879814244,0.00007624424400285827
0.0120178841149065,0.016277948361568303,0.0291840106652295,0.048610470929449215,0.07339791091980512,0.10063537537494949,0.12270686928711737,0.13422659357958858,0.13121458810514897,0.11486040888107275,0.08761230756139245,0.059841227068692895,0.03574695608393195,0.01900984973656031,0.008812642268063168,0.0037299938306185683,0.0014005204972379621,0.0005034782547032671,0.00016309858955176258,0.00004786589041193031
0.01219847341778885,0.01734204484002802,0.02957420590242994,0.049324030815329656,0.07445855976454109,0.10132711589436263,0.1233003253517256,0.13516192232338364,0.1325218748060744,0.11410537140628185,0.08615881064884177,0.058274306078846844,0.034675224510421016,0.017989202223384546,0.008343897660481733,0.0033403959184758994,0.0012340316131949183,0.00044680454960505686,0.00017907642662742346,0.000044325848175104824
0.012293461863678181,0.017735556733395854,0.03027896497382654,0.05000522937454908,0.075524577174046,0.10295131718195205,0.12391135944238914,0.13630231811969423,0.1326399832660015,0.11374687345445389,0.08545329813993806,0.05654460656490362,0.03320564205197112,0.01720907393981079,0.007812153775519791,0.002827407595179048,0.0010086488537033715,0.00036694255310474157,0.00015067689378697117,0.0000319080480960645
0.012614471863019613,0.017517248215000017,0.031214932759395807,0.05104020276608624,0.07657003890361888,0.10361672678615044,0.12557656295908215,0.13701755441727761,0.13176963676976067,0.11278155564916655,0.0842286357538063,0.05531110505393054,0.03231938490511271,0.01657917187328536,0.007593108501803588,0.002743430810674955,0.0010407337526947568,0.0003239018311958172,0.00010796727706527238,0.00003362915187278977
0.01311085256788822,0.017925532479197686,0.03229354164530149,0.05167426382960666,0.0776625728036891,0.10471530972731546,0.12728577945477243,0.13591259667375108,0.13186706320438787,0.111427217528759,0.08274778008423478,0.05475792220835204,0.03158981685473918,0.016169756808272127,0.00700542115630117,0.002586807458775518,0.0009141349666349578,0.0002740636747164766,0.00006542165138393316,0.00001414522192085041
0.013381706773460886,0.019102320085473114,0.032220461186859214,0.05258577382173764,0.07839221402240129,0.10647522482682499,0.12764007896356777,0.13686487748618492,0.13071088437780812,0.10964331958310632,0.08239522822310749,0.054326368595707934,0.03061253369749029,0.015338106997049482,0.006672279966886245,0.002497682744762296,0.0008402261358088458,0.00023172552377043976,0.00004776022245650282,0.000021226765536223476
0.013994247437953118,0.018769192148654405,0.033062205101642164,0.05332522482546966,0.08024771020098612,0.10728864107654586,0.12845679656189843,0.1375717965353807,0.12974732215938525,0.10881782551740356,0.08142332598499812,0.05273476516853735,0.030152335055801987,0.014851651430803962,0.0062705401291586315,0.002326481762044758,0.0006965302539860443,0.00019976629111782493,0.00006010667166377035,0.0000035356865684570796
0.014155256795071567,0.019328832469891557,0.03366096364700826,0.05465418405194446,0.08102261692723213,0.10759976157333298,0.12978865280089424,0.1372651329299418,0.12903339918956158,0.10845406483861095,0.080591043435042,0.052179711447133126,0.029035698556528173,0.014243693986094137,0.005951822955818546,0.0020818114766711538,0.0006791976270532906,0.0002051742831723482,0.00005306231461353833,0.000015918694384061493
0.014496340995525034,0.019692675449220376,0.03380888309750332,0.05537924047589158,0.08204338470732385,0.10921319469369209,0.13028672662754537,0.1371697923057475,0.12906676379221024,0.10801091247915895,0.07849488411237096,0.05085653767475084,0.028877757955837337,0.013836853839612015,0.005880574478731098,0.0020615603855082556,0.0006011411072665584,0.00016442977345820564,0.00005127380032567702,0.000007072248320783039
0.014806551302269334,0.019889397271705075,0.03441661303895847,0.05619417709165741,0.08297679747112946,0.11091742275842072,0.12947909226558799,0.13792457233376001,0.12904240949882254,0.10715700071425037,0.07755273784183245,0.04981365844689442,0.027899962519535814,0.01375992701917161,0.005517760789777025,0.001935901334445961,0.000525080087973014,0.00013789982108382187,0.000042430714179637506,0.000010607678544909373
0.014767008634541699,0.02019670510126606,0.03494605618632245,0.05695442586477848,0.08406582734448112,0.11093355464128686,0.1313951229848322,0.13773948051489415,0.12887362491833382,0.10581639680045203,0.07661963872653756,0.049006762841452875,0.02783006374375364,0.013169000406123642,0.005156004449702469,0.0017887097628591097,0.0005438525241466988,0.00014832341567637237,0.000038846608867621354,0.000010594529691169458
0.015506106754328048,0.020385860718686775,0.035708358785499154,0.05819512660172099,0.08442115595792533,0.1116252546687805,0.13119723457069116,0.13870047420474488,0.1282436063570977,0.10530664416283263,0.07580920232618081,0.04799954804015381,0.02660737047642922,0.012877324680185447,0.004992743925906834,0.0017495789358464178,0.0005049238906680885,0.00013064464303999494,0.00003707483113297153,0.0000017654681491891205
0.015507366131333248,0.021044323912030177,0.03625859852818623,0.058869019873723456,0.08562862833170895,0.11249417348192721,0.13194591578739215,0.13823855530601578,0.12741005974829442,0.1051880729409438,0.07495903781233668,0.046841674082235114,0.025965083266240082,0.012348687091260928,0.004903103238837804,0.0017355961410794236,0.0005049648996426402,0.0001165303614559939,0.00003354661920702854,0.000007062446148848115
0.01591604629737486,0.021090791001733143,0.03717450467527242,0.05976194762424154,0.08730881506817885,0.11308546800376988,0.13258253647206664,0.1375719646027695,0.12778195475451729,0.10384787803698568,0.07407191694993628,0.04594262598879631,0.025017737443478447,0.01201910349136425,0.004652328458624987,0.001588427774189107,0.0004535843755184451,0.00010766010469503951,0.000015884277741891076,0.000008824598745495042
0.016066843716637698,0.021531864583241425,0.03707285223974096,0.06033580673907481,0.08822029486760956,0.1142095836384651,0.1329657046559437,0.1382207360220224,0.12709658634715323,0.10323719108162242,0.07333221574215407,0.045262442760214926,0.0242670219430205,0.011441780852133862,0.004603887452686191,0.0015916851216262724,0.000421743618701418,0.00009352473552792945,0.000024704647120585148,0.0000035292353029407355
0.016156029144347772,0.02166071986045142,0.037529256346444516,0.06117773219441559,0.08797628097380639,0.11556675738265271,0.13365057472075292,0.13757670145386627,0.1266978381610347,0.10294000927737043,0.07235290693880288,0.04499877418774503,0.024078832956182936,0.01108345929509622,0.004541678498547545,0.001440990809053726,0.0004673960396563494,0.00008113289744978137,0.00002116510368255166,0.0000017637586402126388
0.0162689689968704,0.022074778687685894,0.038206144173196954,0.06089837451441838,0.08899948134061103,0.1154599309159807,0.13446509281180427,0.13794046354741854,0.12610126912777012,0.10216355059398846,0.07200191939256868,0.04446181149730263,0.023865388482938933,0.010759536099751962,0.004392727478009899,0.0014448368692731358,0.0003722351397028467,0.00011290544521792511,0.000010584885489180484,0
0.01662903908564978,0.022624171017355726,0.03819317059404546,0.06248765344997883,0.08997107379709328,0.11606286157753634,0.13388598842951885,0.1375881896430083,0.12552031889374907,0.10148158600253984,0.07156236771553551,0.04465218004797518,0.02284464512487653,0.010547481303795682,0.004090235642726119,0.001363411880908706,0.00038274305065613104,0.00008113447156765912,0.000026456892902497524,0.000005291378580499506
0.016824080324144657,0.02274581821322134,0.039190977809344704,0.06309646969251022,0.09013554787531217,0.11652781718749172,0.13370790675377728,0.13774385311270163,0.12462967107918385,0.10091099592704281,0.07095863419345401,0.043796186471296315,0.023322130204211842,0.010523421707046694,0.00419632676008678,0.001237220237539236,0.0003701086180672929,0.00007225930162266193,0.000008812109953983162,0.0000017624219907966324
0.017098838336653217,0.022688571982583863,0.039574115531738625,0.06364117118228772,0.09129016904933988,0.11639196883428228,0.1343545629219623,0.13668494068289588,0.12435614941211726,0.10068747906714375,0.07029209046519416,0.043295316328509234,0.023062278552415865,0.01073525004847609,0.004121348869185072,0.0012903453260237274,0.0003384512330554036,0.00007756174090853006,0.00001762766838830228,0.0000017627668388302279
0.017219465329255293,0.02340881245978511,0.039739804147973165,0.06367218143195863,0.09156214467665025,0.11751121609829623,0.1349792425057072,0.13698888526526404,0.12321754382872203,0.09902250271037344,0.0700043189690885,0.04333776982539024,0.023174354137836813,0.01037257719055468,0.004110953434461847,0.001281587970348955,0.00032612623729650166,0.00006169955840744625,0.000005288533577781107,0.0000035256890518540715
0.017547878273157676,0.023864691568596007,0.04037298271642356,0.06454250237431126,0.09207217906271531,0.11839663949056702,0.13322573312917485,0.1368537159953694,0.12345537616314821,0.09899160048842978,0.06958714295027778,0.04297723656597943,0.02258018476458637,0.010131569441776952,0.0037601337719568744,0.0012422185141656957,0.0003312582704441857,0.00005109835022809246,0.000014096096614646197,0.0000017620120768307746
0.017907539664363557,0.02417033390999193,0.04131330178740676,0.06393687526205083,0.09239339156293273,0.11791493874617277,0.13436380228244055,0.13662052223424082,0.12352767080428023,0.09858748004890441,0.06920607852187485,0.042449589350959584,0.022153203273917534,0.010145550509303467,0.003840475796194053,0.0010904837237817062,0.00029772495851229126,0.00006165901507651003,0.00001937854759547458,0
0.018202797449177327,0.02453933692703379,0.041202480357960765,0.06475178804213791,0.09163055350033471,0.11821160553852653,0.13486594088010426,0.13699749850262483,0.12259098756297786,0.09818024874044326,0.0693548955360603,0.042063911496318225,0.02197618292639961,0.01007469259768171,0.0037786703308318346,0.0011943769157594336,0.0003135679808335977,0.00005284853609555014,0.00001585456082866505,0.0000017616178698516718
0.018334008846282623,0.024554602005392355,0.04128852626570568,0.06382011383861702,0.09273617988616138,0.11829876469240667,0.13442648950605315,0.13674203041570476,0.12376160854318292,0.0986748198142633,0.06845119565792025,0.04205332440481435,0.021844326572329813,0.009868363085273231,0.0036389588876945046,0.001198301231783178,0.00025023349251942817,0.00005462843850776254,0.0000035244153875975823,0
0.01876629324314803,0.025096878743042342,0.041252730219122104,0.06476784330303671,0.09266539843584867,0.11858662721059679,0.13431445078559853,0.13714859437751006,0.12245473120552389,0.09837595998027195,0.06868350595363909,0.04093743394631157,0.021965053195237085,0.009821743112802083,0.003684915098992461,0.0011466920312830267,0.00026421475375184943,0.00005284295075036993,0.000014091453533431974,0
0.018933271355173593,0.025053614629662876,0.04150423810882097,0.06570213155568705,0.09242845220110503,0.11805959059199704,0.1347426321701864,0.1365878910170405,0.12310235904370517,0.09718774100172198,0.06796996876441606,0.04159755749706836,0.021924774008613555,0.009872486979304226,0.0037961622841769056,0.0011638512383306742,0.00029228336696352804,0.0000757119565026006,0.0000035214863489581684,0.0000017607431744790842
0.018979405663002394,0.025016466311863144,0.04241264049198169,0.06614878501512789,0.09274848280987483,0.11816295837105029,0.13490400228238933,0.13619136848259855,0.12190177977056355,0.09690820779605018,0.0678658603163645,0.0417751212519328,0.021943341798367804,0.009918531381092091,0.0036243497127641244,0.001093644884172265,0.00029938748842074875,0.0000898162465262246,0.000015849925857569045,0
0.01884334869095921,0.025042212908160923,0.042426175880654685,0.06623813367832178,0.09408279017628958,0.11867379204106018,0.1352663731444827,0.13691258843560197,0.12179701848202738,0.09612557767351353,0.0670929671003698,0.04080639873660907,0.021695143488636888,0.009831465625121176,0.0037277787373845984,0.0011333152378904478,0.00024323095307757654,0.00005111375100905595,0.000010575258829459851,0
0.01891448672128346,0.025477662128575534,0.042593704917801775,0.06618661189720863,0.09409684118559908,0.11942654122769783,0.13661304215334158,0.13586794736072622,0.12202468500809385,0.09599744941546169,0.06649838915085615,0.04045706193094047,0.02141398911069502,0.009363886329888521,0.0035757504231891824,0.0011220458224490192,0.0002853554524909592,0.00007221958982795885,0.000010568720462628124,0.0000017614534104380206
0.019438019089465585,0.02560812024039629,0.04205878935749971,0.06658780203569327,0.09506708774746421,0.11940421996190557,0.1370079322327492,0.1357351838355672,0.1211399459918108,0.09658980885889219,0.06674271470367674,0.03994986462745263,0.020554094447437075,0.00917329446433664,0.003566512106072929,0.001059743478704789,0.0002570141991543176,0.00005105076558544666,0.000008801856135421838,0
0.019674849995774527,0.02522430209301671,0.04245366066649766,0.06735577058508689,0.09515584946054816,0.12014246880193806,0.13525733119242797,0.13631898081636096,0.1212692611059466,0.09632489647595709,0.06596312572185133,0.04019303360658047,0.020762908814332796,0.00908828417701907,0.003292346263275021,0.0011496802726837377,0.00027289501112707387,0.0000757063579255754,0.00001936674272514719,0.000005281838925040142
0.01960877501482979,0.02513408424028317,0.04285943113429899,0.0673985633139886,0.09514128351225902,0.12125932692967774,0.13636547658652415,0.13573708047518715,0.12106746369120226,0.09574151621244363,0.06609248512179794,0.039453418598060605,0.02037094732914051,0.008945403467267956,0.003323282515978337,0.0010948526085479476,0.0003062770962819016,0.00007920959386600907,0.000019362345167246658,0.0000017602131970224233
0.019321205806569697,0.025643101530490115,0.04356159272348394,0.06742886107317347,0.09586507187812399,0.12136561395604241,0.13472924263970826,0.1361548371654253,0.12057537699055235,0.09500619517621052,0.06657174436450165,0.03919152950452672,0.02072040043366234,0.00905164524168227,0.0033545471185390647,0.0011052757557410981,0.0002780789321769005,0.000058079776973656404,0.00001759993241625952,0
0.019581965164936876,0.026045351042975444,0.043297470604176116,0.06772389569893608,0.0962081938769405,0.12073140258816986,0.13593522888445447,0.1356483974392815,0.12041289650487964,0.0946156634604894,0.06611552796342635,0.039329342328930574,0.02065362375457082,0.008888255396126546,0.0033487131298413817,0.0010839765044573253,0.0002903508494082122,0.00007214778682264665,0.000015837319058629754,0.0000017597021176255283
0.019475328316000406,0.026251192995925317,0.04306935400371195,0.06845771599829545,0.09574958883461467,0.12197965127540511,0.13680097482294357,0.13600857900538474,0.1194070061877309,0.09429158053030648,0.06481973875590334,0.03945778995523843,0.02052305167477258,0.00899809472827867,0.0031871920661809008,0.0011322455793117785,0.00032048008621266515,0.0000616307858101279,0.000008804397972875411,0
0.01986845855811154,0.025745243147563584,0.04354099145226959,0.06858418757851839,0.09675404424831698,0.12165471955068985,0.1358258641864524,0.1361179438995808,0.1201925614687035,0.09423617635984217,0.06479770840591337,0.03885012087877283,0.020320654258557398,0.008936583511924244,0.0031636103867768816,0.001048671741111803,0.0002780035823752766,0.00007917823548662947,0.000005278549032441963,0
0.019841172060081454,0.026751173080917064,0.044314825701120455,0.06921617426015818,0.09636336115403706,0.12032659699170305,0.1363255550353596,0.1365930843667827,0.12009426888809883,0.09346630010454765,0.06443936764514348,0.03888327624867557,0.019871093103727453,0.008821427691397878,0.0033423565813975593,0.001024355729527846,0.00024816865612272543,0.00007040245563765264,0.000007040245563765264,0
0.019970562654713316,0.02671016539140049,0.04393066026275295,0.06928515843700371,0.0972013394696348,0.12059628230273284,0.13604384615113754,0.1358466581922794,0.12069311567538635,0.09361498346790234,0.06449630800759173,0.038331930716602174,0.020275147626878126,0.008674509582982682,0.003149725521403694,0.0008873458148616338,0.00023416070114404213,0.00005105759649005434,0.00000704242710207646,0
0.020366570126803086,0.02669177758200173,0.04369615792444567,0.06928713487621266,0.09682649377414594,0.12102652296470581,0.13667688336261186,0.13658720152212944,0.11919244140346806,0.09305809800642542,0.06461136989890572,0.03868980106457621,0.019965639545823026,0.008758926420446053,0.0033305373700712347,0.0009319877540326062,0.00024442697700100425,0.00005099555635272746,0.0000070338698417555135,0
0.02049723202929985,0.026647105284915387,0.04467453695641087,0.06810949448252933,0.09619731664283065,0.12179071080643206,0.1367590379036954,0.13629990835000097,0.11975893059755444,0.09392277827912615,0.0638928908802094,0.03812006677608375,0.019849876949761373,0.008790307968624386,0.0033176947826347005,0.0010836161114013653,0.00024451727189089237,0.00004045969247115485,0.000003518234127926511,0
0.020372803661546205,0.026826595462117173,0.04444655525124756,0.06818081874677882,0.09631787343250608,0.12201518725494853,0.13753665328063355,0.13615759283592177,0.11975310596426053,0.0935685475714288,0.06371294434681962,0.0378010318327256,0.01989787213084188,0.00880558238039201,0.003331556737607366,0.001025500305187484,0.00020228565196665644,0.000036939119054780716,0.000010554034015651633,0
0.02051622257963476,0.0274969117445212,0.044467359515170286,0.06893232585230573,0.09737771036210897,0.1223741029981593,0.1356386441942557,0.136400589847998,0.11908700257970514,0.09378618362010412,0.06308487687450948,0.0378562051939002,0.019442811843415765,0.00892690600793268,0.0032747825903336725,0.0010012634572272219,0.00028506973650405966,0.000042232553556156986,0.000008798448657532703,0
0.020460048000730896,0.027264836829140583,0.044513122893818584,0.06838874266899528,0.09765478127338982,0.1223930788990052,0.13697778121365248,0.1362328211146992,0.11978396157130361,0.09294255725123776,0.06358515561583955,0.03700905548195756,0.019279356523144713,0.008748010218603622,0.0033751612030402797,0.0010770295770243063,0.0002740890930110796,0.00003689660867456838,0.000003513962730911276,0
0.020462134413206053,0.026925897075657325,0.044708277871459756,0.0691953178163173,0.09759472770784355,0.12288885880124983,0.1362190505161691,0.13536624178622106,0.1195215830943417,0.09254645170025444,0.06381998526487184,0.037910425191090696,0.019477448044606292,0.008601938777125034,0.0033373834421470375,0.0010391957925758167,0.0003094728587027814,0.00007209310912962519,0.000003516737030713423,0
0.021015253602351087,0.02697388438356839,0.04490605659292246,0.06977648099587222,0.09725688417076014,0.12255292505808255,0.13636963208796543,0.13511037009287938,0.11980928160510176,0.09189095072521886,0.0633799225096599,0.03809795158876302,0.019427106142067965,0.00859850823180973,0.0033767919421302276,0.001099216126995517,0.00027084685369169545,0.00007386732373409872,0.000014069966425542617,0
0.020742634492168545,0.027214927241653357,0.04500889698487163,0.06973934999261514,0.09766638768347831,0.12183066892666493,0.13636299698276164,0.1351075726352658,0.11887672928549828,0.09330053522573024,0.06338134657448498,0.037704929562605946,0.01976326283732936,0.008663131316683432,0.0032792246611760894,0.0010092627107319437,0.00026022801600753974,0.00006857359881279756,0.000014066379243650788,0.000005274892216369045
0.020571117089553545,0.02708410261820612,0.04482425137592095,0.07008492904995516,0.09867770920152624,0.12191978336937981,0.13630672926447573,0.13514620808496416,0.11877934272300467,0.0926236570484078,0.06305322572136943,0.037722213430395085,0.019718309859154924,0.008793585482935063,0.0032740764185613036,0.0010690861774894052,0.00028309683318387214,0.0000580260589755763,0.000010550192541013873,0
0.02064766579755653,0.026836339469848678,0.04554828659888428,0.07037330712523801,0.09793576086402327,0.12246365472826977,0.13536668770581298,0.13562337701153868,0.11894912101494248,0.09248726662810469,0.0627165816017061,0.037731569795756176,0.01953651757003134,0.00907906558060132,0.0033334446825755443,0.0010531294118474423,0.000268996327233153,0.000040437356381454376,0.000008790729648142255,0
0.021246852448408286,0.027172689802636204,0.04564477330594905,0.07022556866937694,0.09790116336320284,0.12214610266293419,0.13596895353580826,0.1349314923966408,0.1181984751079663,0.09264000450152628,0.06325171972371882,0.037805787274747836,0.019588673034450745,0.008814902865502837,0.00323371361852378,0.0009425070688030161,0.0002356267672007541,0.00003516817420906776,0.000015825678394080493,0
0.021187387504684563,0.02773256949417355,0.045351777140072186,0.07047331166854634,0.09710446075266072,0.1219937468879595,0.13597087745906183,0.13476388959755928,0.11849418587261176,0.09303659495704285,0.06296746587092267,0.038178468814495124,0.019702405354381138,0.008501698756239474,0.0032268450991190397,0.0010134475338563612,0.00022697002060324755,0.00005630264076979787,0.000015835117716505648,0.000001759457524056183
0.021393138932312504,0.02798200064358778,0.04588991835579151,0.07047461960621573,0.0969777751205848,0.12242938558468897,0.1358058123361357,0.1347155816820149,0.11820562101824027,0.09256234097139555,0.06266012762732401,0.037746598744124615,0.019858023833848843,0.008804491750294975,0.003184528571956102,0.0009917582079421547,0.0002549732981411568,0.00005451153270604041,0.000007033746155618117,0.0000017584365389045293
0.0213149278388968,0.027835202091554788,0.046224275617939375,0.07089786604407959,0.09836007889074405,0.12050367623126043,0.13607069905573904,0.13458577960910023,0.11958000003518769,0.09226205661343362,0.06256894583034972,0.037068445285820595,0.019259968225538857,0.008816269368610142,0.0032671746592514523,0.0010591487048300346,0.00024103550259421048,0.00006333779630212834,0.000012315682614302729,0.00000879691615307338
0.02164878283856013,0.027785154869085452,0.04624527548599398,0.07088925510528914,0.09759276228197765,0.12167217456914363,0.13577228765848773,0.1348911405139497,0.11973576138324277,0.09170965410137943,0.06258607013649864,0.03693782900117311,0.01898247730738317,0.00871297994818644,0.0033205704768219605,0.0011607926454992026,0.0002778867242255665,0.00006859229268858924,0.00000879388367802426,0.000001758776735604852
0.02153278256284057,0.02825276850061523,0.04611706802601511,0.07059764457725436,0.09769027948672875,0.12105290912286872,0.13610300580066795,0.13524345227632276,0.11886447530321673,0.09274213394269644,0.062202496044999105,0.03758481279662505,0.019047284232729826,0.00843557743012832,0.0031341184742485493,0.0010370891193531373,0.0002636667252592721,0.00008788890841975745,0.000010546669010370892,0
0.021310835338314123,0.028607910176860415,0.04681806030419429,0.07065974420666074,0.09705338173427322,0.12200308133890506,0.1361856823266219,0.13506183782871128,0.11797729095437083,0.09193540444331884,0.0627277587832229,0.03741223812136817,0.01932344209474766,0.00857041351849507,0.0030549575788274036,0.000946210234547578,0.00028843583357955914,0.00005452140756686787,0.000008793775414010947,0
0.021888654055962856,0.027933991451144505,0.04638799435698236,0.07041298385977485,0.0981748035397111,0.12274617488786875,0.13591907224011288,0.13507402507734556,0.1177865737641844,0.09201527058199331,0.06233847916106671,0.037554528381111014,0.019082956927190673,0.008497906707495971,0.003020033415378453,0.0008731568396992969,0.00022136370583925843,0.00005270564424744247,0.000015811693274232738,0.000003513709616496164
0.021650013711440968,0.028157674539611998,0.04607219952607636,0.07145770196249394,0.09798230872539851,0.12157301869678026,0.13629348108875874,0.1346902972218511,0.11799925466013209,0.09189478051147192,0.06306559693988764,0.03717558379096731,0.019123944394833243,0.008553829710934699,0.0031378105289803617,0.0008824542776180065,0.0002408291554455517,0.00004218904912914772,0.0000052736311411434645,0.0000017578770470478214
0.021721212802862423,0.02831490134949186,0.04652135479914028,0.07192252064481774,0.09907755140774895,0.12148589966416473,0.13594386226361052,0.13388597066230368,0.11843157378622175,0.0917686093327405,0.062031987824873604,0.03701393074869647,0.01900430382282801,0.008498688116071414,0.0030718996747090208,0.0010456409075811602,0.00023021673763551595,0.00002987545450231886,0,0
0.021697527989582664,0.028484265909382456,0.04684993084978325,0.07159815201097967,0.09890853368151539,0.12253383264417425,0.13589643107559776,0.1342726750326421,0.1177135265556163,0.09177736266169466,0.061479551041998,0.037207561360932506,0.01895787899502857,0.00839292084540753,0.003024333495591783,0.0009401617781183053,0.0002056054729716669,0.00004569010510481487,0.000014058493878404571,0
0.02174581882176305,0.028377335403191636,0.04664213544679226,0.07158416241941351,0.09863589774243628,0.1218268667842243,0.1367495371827306,0.13419503198845287,0.11767074133393339,0.09224172335042782,0.061779292860922756,0.03694275130582156,0.018871341194341053,0.008428284859853835,0.0030485285663301082,0.0009476106673886558,0.00024613264088017026,0.00005274270876003651,0.000014064722336009735,0
0.02183407649135639,0.02843282742323436,0.04687346152223142,0.07175811964609738,0.09874917361765574,0.12146941330370079,0.13519790978014712,0.13390558845455955,0.11763992235522486,0.09171964891058194,0.062275821810867445,0.0375968801429114,0.019360204239517263,0.008738553725401938,0.0031455276890833134,0.0009775927306485874,0.00023912340174138096,0.00007560519319764251,0.000007033041227687676,0.000003516520613843838
0.021895988342763528,0.027858193725974083,0.046998068259517654,0.07145154741377038,0.09805648275583254,0.12196682468620207,0.1355575593627893,0.1339123281603468,0.11779398400821209,0.09173218589003318,0.06286681537025614,0.037411432599131336,0.01940880655701974,0.008612855653812418,0.003206091573990582,0.0009790531835047996,0.00021620025416712801,0.0000580049462399612,0.000015819530792716687,0.0000017577256436351875
0.021852268334680396,0.028864602733949463,0.0467934075974277,0.07158871279474294,0.09787222827423835,0.12224760164458655,0.13517587939698492,0.1334961520891169,0.11781459746283866,0.09105316793759005,0.06358365252837615,0.03724039779316162,0.01924833960009839,0.008720174298063745,0.003262817584425625,0.0009400147591102361,0.0002143585058157922,0.000028112590926661283,0.00000175703693291633,0.00000175703693291633
0.022327971293110413,0.02884395724894652,0.046972034681633995,0.07212922317779086,0.09799108005806045,0.12148236923217505,0.13474454453117585,0.13320692648604196,0.1178079014237464,0.09186696704401279,0.06315656290527218,0.03716818202586011,0.019514569589956808,0.008463049720417106,0.0030506342015457007,0.0009524445491000981,0.00026183438711423364,0.000052718332976020175,0.0000052718332976020186,0.0000017572777658673395
0.021873956227476482,0.028629691482816213,0.04724795640326975,0.07201371187483521,0.09828425771292959,0.12149424277050186,0.13477190823591456,0.1327379801353608,0.11726817262898831,0.09232838182297615,0.0633013975564736,0.03766194954733235,0.019687087984530185,0.00843807682165773,0.0030482552518238553,0.0008965456623011344,0.000253142304649732,0.00005976971082007561,0.0000035158653423573877,0
0.02193009452626951,0.02891009012969884,0.04708727192789624,0.07102923719498792,0.0991268410639701,0.12141217850076938,0.1341464058034733,0.13425719938448016,0.11754143767861068,0.09169839525170365,0.06251571774016268,0.03783688722796219,0.01951901516816883,0.008643657946801494,0.0030652890745218723,0.0009690041767421416,0.0002550010991426688,0.000052758848098483164,0.0000035172565398988788,0
0.02229454383785275,0.028369442399171975,0.046246197696915806,0.07150702119097532,0.09846712929851355,0.12211126008895325,0.13412750433607523,0.13371805933613676,0.11842274054015109,0.09220068779730892,0.06281729790901887,0.037350873277651166,0.019388011520692795,0.008805703410694421,0.0029750660295960202,0.0009418992273263242,0.00021087296134171448,0.000038660042912647644,0.000007029098711390479,0
0.02177630326406565,0.0281718693809628,0.04638195702912908,0.07094530274931776,0.09819697215425513,0.12219092210383803,0.13433509381808953,0.13467708384749363,0.11849601951811142,0.09196182404084133,0.06280629261654103,0.03744967105495111,0.01954631673212661,0.008505679855024434,0.0033088416762447376,0.0009501681744783771,0.0002309314116079174,0.00006346206731209939,0.0000035256704062277443,0.0000017628352031138721
0.01881985878311413,0.02574843681205688,0.043145980283267236,0.06743224071735425,0.09392897845147005,0.11966110846377265,0.13438977237519412,0.13572149435512945,0.12144036150363184,0.09542920402886666,0.06604435087159845,0.04080504858520395,0.021959823669138654,0.010088473448000332,0.0038157911425087472,0.0011577827825560729,0.0003424427948405284,0.00005979159909913988,0.00000905933319683938,0
0.021083615460134465,0.027414381099309233,0.04400290441182999,0.06732518938149877,0.09318262110740468,0.11746712564421669,0.13260166772889553,0.13373964326863502,0.1204461006140807,0.09528636683999639,0.06658133329545997,0.04163463706391659,0.022665419213500907,0.010415760517397175,0.00420039021376542,0.0014557565406963845,0.0004012207051187598,0.00007988907845285038,0.00001597781569057007,0
0.02252648754253572,0.027519850002325826,0.04341953190134219,0.06629310375674043,0.0922975908054861,0.11679208218384017,0.13180258416794585,0.1329708628086635,0.11958843672509847,0.09614593285170915,0.06800168890510999,0.042435529983432994,0.02278232804119211,0.01095104679913122,0.004515674256005096,0.001456322838505605,0.0003936007671636769,0.00009840019179091928,0.000007156377584794129,0.0000017890943961985322
0.022981990152889344,0.028294247214304225,0.04456213469234976,0.06687469407733723,0.09302388356223552,0.11574853876939908,0.129288315913737,0.13144777000374305,0.11888514583513289,0.09587796205119345,0.06800660792951542,0.04304151910397053,0.02347326595836572,0.011455903947482079,0.0048569721574386,0.0016501828337796203,0.00042289309262618394,0.00008457861852523684,0.00002159454090006047,0.0000017995450750050388
0.02361614417174589,0.028748360617238906,0.045351740184477976,0.06812245060173927,0.09196801803592013,0.1150602823170666,0.12980840447863115,0.13068996788074325,0.11781516794866698,0.0953876891838674,0.06841329426514106,0.04297440937058541,0.02363782196032242,0.011621101159400394,0.004628207861088731,0.00160596283704445,0.0004407817010560693,0.00009032411906886666,0.00001987130619515068,0
0.024829304199316123,0.02951596001203845,0.04659279215905258,0.06824024686075647,0.09246944155368533,0.1141078311571054,0.12850683327108625,0.12957470184891742,0.11771574027405607,0.0945888615324367,0.06811514850444007,0.04303383457283444,0.024127665592150353,0.011561626351152899,0.004726542245171023,0.0016607260055913524,0.00048045020904116637,0.00012147231700286099,0.00002356925553786854,0.000007252078627036474
0.026066475600957387,0.030357275914271217,0.046775357248653796,0.06879455953417282,0.09232762741096273,0.11367258703818466,0.12693390422846468,0.12952546765361736,0.11701108774786595,0.09372699896591895,0.0683384007545702,0.04368401826815956,0.024061921282623987,0.011551176108184142,0.004774219577753263,0.0017446710295558178,0.0004943234583741484,0.0001399371554956229,0.00001999102221366041,0
0.02661387420747655,0.03124079254164044,0.04750048197065982,0.06966021977862089,0.09254927922651894,0.11441255960976748,0.12688741529138306,0.12814781403571313,0.11594213442070765,0.09333498233986755,0.06791966913168893,0.04337190311116607,0.023514711927046014,0.01143452655931149,0.004874269314292157,0.0018642261369960684,0.0005583584624954079,0.00012731300447778025,0.00003637514413650865,0.00000909378603412716
0.02801927259270333,0.03222854392754731,0.048340081414490144,0.06884683466076993,0.09298679612287643,0.11483708898534502,0.12726619767350708,0.12734458600932272,0.11509959876109968,0.09282455049758363,0.06629283330082344,0.04326489241656657,0.02369150726185896,0.011568659978744,0.00485096189779984,0.0017008445887437998,0.0006362216092943044,0.00015859965618511323,0.00003828267563088938,0.0000036459691077037503
0.028526001600883946,0.03331406681046665,0.04900200019327301,0.0694470021715863,0.09286767910117112,0.1143319226835045,0.12726662740428887,0.12603770282269755,0.11341661090315017,0.09164422451029908,0.0671240794461452,0.04302147700689401,0.024022375908702206,0.011999336307792726,0.005302244337192109,0.0018452102026266896,0.0006308722629533934,0.00015133640989922452,0.000034643274555244174,0.000014586641917997544
0.029760602214538925,0.03426116387296307,0.0498654208061622,0.07128320714254452,0.09337753658074024,0.11354800355960148,0.12624549579120894,0.12590448889083403,0.11210009190774217,0.09062759858199483,0.06604410112769339,0.04300151720717173,0.02405648679008563,0.012000889900360334,0.00518804615811049,0.001936627423519629,0.0006163654135118969,0.00014588530497323002,0.00003100062730681138,0.000005470698936496126
0.03080817773878394,0.03443094892111973,0.05040440874071232,0.07156526745811971,0.09298567890402953,0.11317230097149485,0.1249161480181686,0.12489969749312264,0.11227483343843384,0.09053637850830298,0.0655772763414032,0.0430053281422788,0.024516765826775973,0.012548094937807876,0.005434156773503686,0.002080077500251327,0.0006708158546504721,0.00014622688929710563,0.0000274175417432073,0
0.03226443343918129,0.03526437311132683,0.05101908371129648,0.0715689446830137,0.09361054896519448,0.11378747410929578,0.12436495792589179,0.12317119765416047,0.1101531779068428,0.09020476736299636,0.06584145474222639,0.04285837030699565,0.02487701344214284,0.012336132180157255,0.005694583838350602,0.0020602876358976323,0.0007257623704093702,0.00015904616177736826,0.000029249868832619457,0.000009140584010193579
0.032977167265349515,0.036015931598583614,0.05227624267016807,0.07212317222160335,0.09416334453999431,0.11311727183244429,0.12278324515925208,0.12175327936361266,0.10991780361620261,0.08972207359142131,0.06548500614509734,0.04306498828505218,0.025193986022414537,0.012792394323500569,0.005578981393047,0.002142109713271402,0.0006428155320302927,0.00020818457571435614,0.00003834979026317088,0.000003652360977444845
0.03451785943135425,0.03653539847311475,0.05281485143076838,0.07301038062283734,0.09414510902400175,0.11304077186430127,0.1222954541293642,0.12134343933651895,0.10924552827667013,0.08832500320389593,0.06497867120704492,0.04272349462660882,0.025096574577543437,0.01328243715786968,0.0055674557404661205,0.0022372347631863195,0.0006481023782061845,0.00015744860035517467,0.00003295435821387379,0.0000018307976785485436
0.035390543831391924,0.038217902697076804,0.053912218111588146,0.07398225158912959,0.09475775049978107,0.11187582342475065,0.1217688308880252,0.12042936275399047,0.10707499372410624,0.08722667795411358,0.06492297600134865,0.042947269665536095,0.02504493906427798,0.01321694069875893,0.006010199014547248,0.002303298829660333,0.0007109625663549791,0.00016857875284705695,0.000036647554966751505,0.0000018323777483375752
0.036032320388313936,0.03877823359692634,0.053981574152487985,0.07401317598407443,0.09453970209224657,0.11169157785525477,0.1208880041353673,0.11928224981577819,0.10760203688835611,0.08681155116600495,0.06444830607583706,0.04357533297405496,0.02553442656606871,0.013241973977981368,0.006225047567722138,0.002384801791992492,0.0007368872562497943,0.00019613665775802987,0.00003299495177237883,0.000003666105752486536
0.037722395140210224,0.04018235210012869,0.054639640135059335,0.0746767411252745,0.09473217264425209,0.11112699756937189,0.11984316399590864,0.11820074861879465,0.10608610215970289,0.08641011258610762,0.06452529429663928,0.043197724081548865,0.025728730170950512,0.013197980708951527,0.006347862110430438,0.002395800109249952,0.0007020592516011721,0.00023463076815913848,0.00004216021615359517,0.000007332211504973072
0.03891511596770586,0.04082620800457783,0.05596271719872789,0.07442437981211872,0.09402866271243018,0.11078098004907949,0.11907093782898477,0.11704796804331317,0.10626185262215763,0.08636962207329643,0.06451494576680275,0.0431829769751925,0.02599415301207912,0.013249259956202611,0.006057904988280346,0.0023622711549818607,0.0006694324313419094,0.00023109174342213857,0.000044017474937550214,0.000005502184367193776
0.040593199214053216,0.04119805566145635,0.05722125282266343,0.07550074782251677,0.09491480688583248,0.10937087597876774,0.11789018739552481,0.11615626557963582,0.10475563799524913,0.08665943282794217,0.06356308102876916,0.042950306460600024,0.02600882723833543,0.013600105574943542,0.00638215196926596,0.0022947887034810406,0.0007111645502800667,0.0001979530191501217,0.00002199477990556908,0.00000916449162732045
0.04173616271708915,0.04319305681703502,0.05752529839723301,0.07613280855787666,0.09477701630290185,0.10955696841255425,0.11763043697648604,0.11539371920843305,0.10328718612097357,0.08538426958045489,0.06409233112230386,0.04270864870319911,0.025693813704712888,0.01321846989421921,0.006319324030495693,0.002396352260112478,0.0006990889824677286,0.00020000183487921898,0.00004220222203873429,0.000012844154533527831
0.04289328005279173,0.04363566374601313,0.05849800197968987,0.07704109689481983,0.09553103347142279,0.1090772445650182,0.11669721743593502,0.11464237269494441,0.10240678960296215,0.08467940022729774,0.06314110789309675,0.04289328005279173,0.025787293324045904,0.01368918869377131,0.006197529053781575,0.0023224694797815007,0.0006763940316017158,0.00014114455401987016,0.000043993107746453046,0.000005499138468306632
0.044656591417031356,0.04496643926157209,0.05965029362208461,0.0784006717647943,0.09558897675041117,0.1091452783038672,0.11580425683269496,0.1130357938430116,0.10160442514057741,0.08368641931397122,0.06293394740653688,0.042432653929292345,0.02538368880275893,0.013455463497540468,0.006015448390166277,0.0023412763164408195,0.0006765316842338781,0.00017050798545731888,0.000044002060763179065,0.000007333676793863179
0.04674001667323214,0.04678215780939381,0.06086829062726164,0.07892851580750664,0.09516934323955405,0.10784283188435004,0.1148529182736792,0.11221268448198465,0.10067334206693108,0.08284764147054245,0.06278846065758495,0.04224190844380113,0.02574823419478366,0.013050926646939732,0.005984041334957904,0.002268292459484962,0.0007310571012394991,0.0002143701274311312,0.000038476689538921,0.000016490009802394715
0.0486424159231297,0.04843925875085792,0.06232532601235413,0.07872981011210252,0.09494943948753144,0.10818943033630742,0.11520292839167237,0.1103417982155113,0.09916632349576757,0.08242324410889958,0.06222283230382063,0.042278654770075495,0.02492427362159689,0.012948981926332648,0.005919011667810568,0.002285975749256464,0.0007174559597346146,0.00021230839624799817,0.00007137954701441319,0.000009151223976206818
0.050315121437041616,0.04964352116181358,0.06378372641164158,0.08002108129474282,0.09539468868490782,0.10807457508015286,0.11356998550660984,0.110080226038327,0.09850564363828013,0.08189680413427615,0.0609728871125946,0.04118721360914694,0.024655232992226283,0.012806154566881873,0.005777226345762513,0.0023478560030450756,0.0007301594272914927,0.0001848273237003528,0.00003659947003967383,0.000016469761517853223
0.05260161321621711,0.05145193120947279,0.06443162138115623,0.08070291704348656,0.09452290027423943,0.10721333924040438,0.11260476202680883,0.10960789985317754,0.0972726174304973,0.08023608756622573,0.060365628169406,0.04126223367835998,0.025479735939279217,0.013296401934687807,0.005816146075520195,0.00220599811803646,0.0007139744946342073,0.00016293264108319086,0.00004210618814509426,0.000009153519161977013
0.05446965730125193,0.052446566604539786,0.0657184077452334,0.08214480569175056,0.0959402703068873,0.10655371534656186,0.11130660534535348,0.10748378781165667,0.09734270240976646,0.08034690970607511,0.05895890471151276,0.04059912778243628,0.02441623306004825,0.013156497508211367,0.005970406119437414,0.002195190719780885,0.0007341713750059506,0.00017942342830569352,0.00002929362094786833,0.000007323405236967085
0.05626880898662759,0.05428872320119353,0.06694445155463245,0.08217813093065864,0.09665122333831856,0.10587699699787545,0.1105045105001225,0.10696119909460897,0.0954170978487821,0.07897671799409814,0.05894183338026057,0.04006611255955798,0.024746501482778918,0.012884270110760473,0.0059823090396492525,0.0023311259246799497,0.0007551019661904465,0.00017186340150581594,0.00004388001740574023,0.000009141670292862548
0.0584971728868038,0.05544583090037468,0.06787085153857558,0.08310559620147279,0.09658494976359877,0.10692693070140598,0.11044503465936441,0.10564562332858031,0.09439757503427496,0.07763441371950718,0.058460564104723084,0.03939104951886907,0.023850621525597776,0.01276914318975979,0.005634091562224861,0.002333809857646752,0.0007413278371348503,0.00019951786233999666,0.00004393053849688002,0.000021965269248440008
0.06036664245316333,0.05768790928901957,0.06936711269525568,0.08309196068995676,0.0972047126674437,0.1055428185615716,0.10884183215101906,0.10454561256808902,0.0946101473486214,0.07705749212756184,0.057362216322340884,0.03953144126456699,0.023404150206668653,0.012401949034539924,0.005697797181109075,0.0023255941609472168,0.0007483619290538252,0.00016650595487505644,0.00003842445112501305,0.000007318943071431055
0.06206326477241762,0.05874586010208242,0.07060731913835258,0.08437070808484802,0.09674056761635144,0.10529376587608559,0.10827833281213142,0.10395327104512879,0.0931342159019628,0.07612291587800583,0.057884505306201574,0.03842264174406972,0.02311576352427613,0.012254646469634048,0.005698474615636423,0.0022402539807941657,0.0007955187605269071,0.0002212822299396686,0.00004754824775563127,0.000009143893799159858
0.06467854235047996,0.060379418239969604,0.07227822543840115,0.08602994600081054,0.09755086840481506,0.1053896959761659,0.10704180099527917,0.1025893323305086,0.09074711657472079,0.07526661871606795,0.056507468244898544,0.038062309003881085,0.022729679108264907,0.011980956066785207,0.005628110247432391,0.0021468237596433634,0.0007210845111047009,0.00020445940568032038,0.000049289321012220104,0.000018255304078600038
0.06752162373602592,0.062043488751270366,0.07378757192679734,0.08647300962923428,0.09680780282369798,0.10438616373354,0.1063036023718478,0.1015438214241323,0.09044314949806607,0.07448399148942392,0.0555161547404055,0.03764504171205886,0.022345745808687513,0.011983534521206984,0.0056079139583683655,0.0021020537979542443,0.0007567393672635279,0.00019923814258870673,0.00004569682169465748,0.0000036557457355725993
0.0694660758549586,0.06389613998142746,0.07441083349785393,0.08682848180402308,0.09752963198572691,0.1045656290901646,0.10600061421019148,0.10004496896044923,0.08816292656532199,0.07292100818215719,0.055481825959155025,0.03772457060126791,0.022572224537697142,0.011796126088577885,0.005526063716995342,0.0021515636767791995,0.0007092665306629818,0.000168176600054109,0.000038388136968872705,0.000005484019566981815
0.07043499559484251,0.06448711902699027,0.07570838954021852,0.08778875716066578,0.09752762819739494,0.10434008547102286,0.10489758465762242,0.09991664930193793,0.08809949441221306,0.0726613366088695,0.054483207393353154,0.03691375761763233,0.022473614751611262,0.011778769699827819,0.005448869099190985,0.0020709723882534,0.0007238350094866253,0.00019923741422737918,0.000038385189897018025,0.000007311464742289146
0.07237294207094187,0.06595059508143991,0.07668070298564203,0.08711473228645787,0.09817564406234461,0.10338077901570313,0.10469120098254231,0.0989140129251104,0.08744188086674272,0.07258860426353188,0.05453329239406967,0.036841682018890536,0.021990233061379642,0.011181536392081177,0.005133856771061789,0.0021091031377021376,0.0006561248062695556,0.0001882475070912653,0.00005300172529754072,0.0000018276456999151972
0.07469488842363274,0.06723579489498911,0.07732654416002217,0.08767079318067421,0.09771230148598271,0.1036084504781844,0.10372881726862217,0.09846368205659428,0.08626469021965119,0.07038174509961263,0.05407569247379284,0.0368340616132068,0.022324392147708292,0.011485909790561778,0.005347203478235495,0.0019860520422232096,0.0006401324764190511,0.00017872644640759834,0.00003100356723397115,0.000009118696245285634
0.07631090669259806,0.0689018505308212,0.07826305889478996,0.08914037798775071,0.0984559753189579,0.1033527757962318,0.10268320583529307,0.09724819517143364,0.08554805304745552,0.06960608487665862,0.05268074283952397,0.03627901545849121,0.02183856248620266,0.011723859861014058,0.0051193823171499335,0.0020360765024730306,0.0006057145150726221,0.00016784860056229289,0.000027366619656895567,0.000010946647862758227
0.07775985048148172,0.07069276426741039,0.07979127273258234,0.08955049535309875,0.09810510100530755,0.10196352565834138,0.10195622494944255,0.09624524541332964,0.08515181824155126,0.070081329897133,0.05188796332123847,0.03589393530111776,0.021584545859402945,0.0115259941740343,0.0051159717608579795,0.0019474640987639895,0.0005676301168843496,0.00015514006410022405,0.000020076949471793708,0.0000036503544494170384
0.0801434337649357,0.07161474245212641,0.08151138040407323,0.09078605861742542,0.09808906974156752,0.10181353245772587,0.10123899486928811,0.09528021930920516,0.08384600933486785,0.06842469088965779,0.0516025950859709,0.035203650775990525,0.021378270076440865,0.011053008844231008,0.005229204019209618,0.0019716670892101847,0.000611016165481417,0.00015321002358340005,0.000043774292452400016,0.000005471786556550002
0.08239474145230519,0.07352221962685042,0.08174691231860784,0.09154281876843122,0.09847185319279392,0.10192450874478093,0.10032409705392856,0.09423815293877191,0.08333272504306695,0.06810782796578004,0.05033723612368245,0.03417800519723204,0.020799877368682294,0.011184633127974542,0.004950874478086951,0.002071228357032322,0.0006989255160734619,0.0001350404391369091,0.00003649741598294841,0.0000018248707991474203
0.08390717770746887,0.07424761612821999,0.0827302949687807,0.09198843917979484,0.09837644920793058,0.10202569801006463,0.10057147236241419,0.09344813870064847,0.08210444879921465,0.06752752445909008,0.05082856194052457,0.03376102529294344,0.020481408901977534,0.010597418521397369,0.004860799404442594,0.0017644117958318275,0.0005583350667265143,0.00016056694729389955,0.00005108948322987712,0.0000091231220053352
0.08532056543547652,0.07584860921112631,0.08416051071591425,0.09297218422252619,0.0985663474692202,0.10026082991336066,0.09964797081623346,0.09273689010487918,0.08112722298221611,0.06705335157318744,0.04985134518923847,0.033539443684450526,0.020762425900592806,0.010925672594619244,0.0047259461924304596,0.001758321933424532,0.0005088919288645688,0.00017692658458732328,0.00004012767897856818,0.000016415868673050617
0.08666777172022229,0.07753286471776506,0.0851231254314718,0.09305036676241774,0.09826901253750049,0.10074263241972119,0.09912330394012306,0.09154215081066606,0.08097553156415473,0.06563471665394642,0.04971465938545664,0.033353795039281,0.02049570759554311,0.010674088740657893,0.004679476787500024,0.001684903086195999,0.0005774208414314936,0.00012022011209614696,0.00003278730329894917,0.000005464550549824861
0.08844081855886239,0.07888063442869515,0.08590492684927757,0.09320814912720475,0.0977749418896131,0.101102046397156,0.09815414064992484,0.09040426598605347,0.08004557677407595,0.06601886878446743,0.049106239460371,0.03312155325646051,0.020133995715783237,0.01066131899184176,0.004564969691445238,0.001766555763183082,0.0005560366437263571,0.0001221457545234948,0.000027346064445558545,0.000005469212889111709
0.09047420168481027,0.07935277607051472,0.08687952640016341,0.09422207469848319,0.09831281881997625,0.10016395804570763,0.09736080436102869,0.08937810840927868,0.0789278347507163,0.06477528264069114,0.04891931768649545,0.033356981712932984,0.019937590163246772,0.010605295170076835,0.004807490639436377,0.0017435360589154701,0.0005963768737085341,0.00014043125160720826,0.000034651867279700744,0.000010942694930431816
0.09243364825594653,0.08117633538072556,0.08767058814944806,0.0938693159326276,0.09845907435007306,0.09984731209080279,0.09663119758764047,0.08796246467837947,0.07826121854802372,0.06381880305083941,0.04858649669723464,0.03316811905643616,0.020168668149156202,0.010578699945455575,0.00472657554038203,0.0018753066983839162,0.0006111164824500115,0.00014046557954821169,0.000012769598140746511,0.00000182422830582093
0.09381715971046248,0.0812961744370661,0.08837420410901219,0.09398485961512872,0.09759040756545312,0.09962650314710747,0.09549051310702349,0.08820650420434598,0.07755938308308985,0.06355461821840729,0.048204608466293236,0.033817050340959436,0.020360955816543597,0.010628892870748946,0.004970843913313731,0.0017462663985898619,0.0005650757657232331,0.00017863685497057053,0.000025519550710081498,0.0000018228250507201071
0.09503054774577135,0.0818220413875036,0.08911049847580144,0.09453675477803915,0.09794593058109048,0.0991120837152181,0.09643175362099661,0.08726651883246203,0.07697157319524137,0.06294311541454009,0.04812750426830268,0.03245732152846233,0.020028680078642447,0.010715854034069884,0.004901487391880295,0.0018257585006186074,0.0005502785101664864,0.0001822114272074457,0.0000309759426252658,0.000009110571360372295
0.09510189423562458,0.08255447454148054,0.08932676339281645,0.09477923067527833,0.09816264066399419,0.09938584546056123,0.09524590791510122,0.08813637183967449,0.07683950131161826,0.06316731655118227,0.047542743806956035,0.03226817899259697,0.01973898887813344,0.010241377864550578,0.004819900867545697,0.001954210941758316,0.0005614710541619045,0.00012760705776406915,0.000027344369520871964,0.00001822957968058131
0.09756764691401701,0.08333713227048192,0.08900818564585275,0.09570039332675662,0.09890973542986038,0.09887326563323424,0.09514058194854474,0.08669053007025908,0.07686374336933513,0.062022359632311494,0.0465646363323055,0.03216089015479602,0.01947122441871702,0.010477772570701255,0.004640781620681291,0.0018198428516463373,0.0005561643985492313,0.00015317314582995225,0.00003099932713225225,0.000010940938987853734
0.09904371335481119,0.08368146642780781,0.09036562184171835,0.09569433853495864,0.09927357241107554,0.09887587975817366,0.09461436582616085,0.08688307471149041,0.07510918305172559,0.06226626435250895,0.04656835023223062,0.0315454190549509,0.018985263480503948,0.01005177301600622,0.004699340705849729,0.0016199590631966463,0.0005418106326232025,0.0001240509192537973,0.00004743123383233423,0.000009121391121602738
0.09892354764581858,0.08544374730066862,0.09149024960500922,0.09666749886559743,0.09836955828460113,0.09801055859986482,0.09345654737064617,0.08625650800824419,0.07498719810768899,0.062229041798861774,0.04622713199343232,0.031712246262849735,0.018977780288548275,0.010201422513471597,0.004605036565120174,0.001720282753254232,0.000559456361492637,0.00013120800660413638,0.000029157334800919182,0.000001822333425057449
0.10186192358078208,0.08673185858928176,0.09159847751899004,0.09656166357834053,0.09825796542167951,0.0973451327433628,0.09300325595208815,0.08562953569430853,0.07437673205901163,0.060946612953478335,0.04602243637046068,0.03151368064703621,0.0192405450758963,0.009756924136498549,0.004658908499911634,0.001743674397503102,0.000528386181061546,0.00015851585431846381,0.00005466063942015994,0.000009110106570026657
0.10422839950243407,0.08761494373243629,0.09320072194407664,0.09735499651230343,0.09883385269353986,0.09676855354388215,0.09244854509327541,0.08383584696388277,0.07397194908509436,0.05997198915262633,0.04556589014575476,0.030414899293900812,0.01859133484982871,0.010158940614453816,0.004627799946455206,0.0017174401218052983,0.0004935591442303668,0.00013295135619489578,0.00005828004655118717,0.000009106257273622998
0.10519838033092516,0.0887904917268702,0.0941305202749942,0.09716193777674202,0.09858206129107441,0.09601673560941507,0.09154152586809601,0.08383098345374039,0.07272670997436494,0.06016407888604055,0.04515992775576788,0.03071108133302261,0.01876929911442555,0.01000822943369844,0.004633608133302262,0.001791540433465393,0.0005753320904218132,0.0001620397343276626,0.000040054765788860404,0.000005462013516662783
0.10615430320063134,0.089463122843661,0.09413986108301299,0.09810214827410864,0.09917200226728852,0.09626316585653022,0.09059129937139243,0.08270864431091016,0.07214497524026149,0.059293969267669465,0.04549704468781952,0.03036963728851247,0.018701485219793944,0.01027752413550512,0.00445985131398848,0.0018335146799642044,0.0006306124048385832,0.00015674181160727792,0.000038274163299451584,0.0000018225792047357899
0.10761772625921383,0.09099958614176559,0.09473342607161023,0.09830135807488465,0.09879543552653888,0.09573434312311645,0.09032501545131516,0.08260026946364339,0.0714224508064766,0.05854544327498603,0.04410963049934638,0.030640094658676353,0.018862455036217148,0.010118560356756734,0.004721994833153145,0.0017228900066910125,0.0005907051451512041,0.00013309097406184538,0.000023701132367177944,0.0000018231640282444572
0.10921235695606887,0.09221462234945331,0.0957675021670564,0.09831333814092058,0.09891246549099304,0.09525578549419811,0.08907694324861781,0.08146493010787932,0.07057865868315813,0.05782398403298298,0.04426804484167743,0.030815905829563745,0.019077380302003885,0.010254365070693387,0.004479797207228863,0.0017409293211832504,0.0006209800193760334,0.00010562123496718455,0.000014568446202370286,0.0000018210557752962858
0.10995176260427311,0.09270903326723226,0.09687176209440253,0.09796434183906663,0.09822109807906271,0.0949579265749992,0.08982098080883676,0.08131524749662662,0.06971933447325819,0.057165593207067544,0.04427861511875431,0.03091818580775331,0.018952616637440165,0.010046270752186524,0.00453602690659718,0.0017991146462135738,0.0005918140283597283,0.00015296116425297582,0.00002367256113438913,0.000003641932482213712
0.11142395299717714,0.09347533317660867,0.09730962052582945,0.09905546048806979,0.09828459378240417,0.09497332946988786,0.0885676640551962,0.07963253531316684,0.06980626279082905,0.05747604026001717,0.04433303628540656,0.030359027067808925,0.018466175717516537,0.009767956364935227,0.004572351216347478,0.001762241381509769,0.0005503587354870219,0.0001549022931006518,0.00002915807870129917,0
0.11241271089557346,0.0939645819225084,0.09768187809016171,0.09839548244751734,0.098930685715534,0.0943013594891175,0.08845417276507125,0.07960329423072722,0.06942897088057323,0.05735230938389731,0.04354806999148044,0.030401001958771146,0.0187339347998631,0.009988640583699238,0.004352622496013282,0.001718475799346105,0.0005843545885488347,0.0001165068338539733,0.00002730628918452498,0.000003640838557936664
0.11326975670202143,0.09332336195555457,0.0971900002365473,0.10002492844444688,0.09834544273463218,0.09379281733272925,0.08808111024377108,0.07920330875061181,0.06984877350233726,0.05724080331457331,0.043626597376508675,0.030456372492826247,0.01871452928000466,0.00977850076331989,0.0046090328309432976,0.0017959397568657854,0.0005531567234926025,0.00011281485808072813,0.000021835133822076413,0.000010917566911038206
0.11407792169973921,0.09484774747064785,0.0979326561700904,0.09884447874143006,0.09831485724789742,0.09422530571536208,0.08714002573487256,0.07908286301367368,0.06907465479052652,0.05681874022884743,0.043918543850293666,0.030412285762645857,0.018605912468673155,0.009955428074307172,0.004413512446105099,0.0016307245986433678,0.0005569215705188288,0.00012558035413659868,0.000020020056456559203,0.0000018200051324144735
0.11559296259377025,0.09552558626861764,0.09791759133275607,0.09882346093119025,0.09789212511914547,0.09427046574066658,0.08684706447317679,0.07878518885016404,0.06902799100678857,0.05717528758631227,0.04367273732692069,0.029615387413869623,0.01820652371632094,0.009860881713075809,0.00445476836659706,0.0016443897931415852,0.0005202383637593953,0.00015461629692149862,0.000012733106805299885,0
0.11646801928850875,0.0963861341097261,0.09887544354471837,0.0996287871895187,0.09806023109817122,0.09379128377763626,0.08674551906104999,0.07826403420980803,0.0687125830224729,0.055938495132381014,0.04270585024110638,0.02961150031844236,0.018435083249931768,0.009729778910017283,0.004281685015012284,0.0016577199526885632,0.0005477208625238828,0.0001382949686106814,0.000020016377035756528,0.0000018196706396142298
0.11745631778549331,0.09724697815752727,0.09921875426717476,0.10021465595875109,0.09781502446058364,0.09317415899106238,0.08558382233259478,0.07814277989480221,0.06821471421991036,0.05630394846800461,0.04273638099885116,0.029325390395283753,0.018246666824457313,0.009505672270055039,0.00451159852235135,0.0016822909744360957,0.00047701324166910924,0.0001256256247143838,0.00001638595104970223,0.0000018206612277446924
0.11786802363038756,0.09839988934630604,0.09977760063480277,0.09942452799283666,0.09737343073770346,0.09274344722655985,0.08621706323640216,0.07798173486064551,0.06807932122694564,0.05568719947876285,0.04244697540503257,0.029335968638413586,0.018256039544135894,0.009667638526413107,0.00437882874520895,0.0017180441959589558,0.0005095893801573175,0.00011647757260738684,0.000018199620719904197,0
0.11869030633044085,0.09888947935472597,0.1008695620522975,0.09960653136101563,0.09718966571545047,0.09264894298526585,0.08603896103896103,0.07739793838448547,0.0667986721798381,0.05548599382680099,0.04222963135519189,0.029573845437074135,0.018142871702288753,0.00955462698736241,0.00438966862733679,0.0017926300157241858,0.0005714576902917714,0.00010737580804845376,0.000020019218449711722,0.000001819928949973793
0.12063102330910197,0.09972077163928723,0.10008141883707672,0.09943480391174708,0.09767710418514683,0.09240400500534596,0.08511273867831909,0.07752093301980097,0.06643922821499673,0.05474551604424667,0.04226493726013774,0.029410961124782118,0.01807243180033988,0.009732009988834507,0.004325944922979965,0.0017558782761063945,0.0005409707966842314,0.00011475138111483702,0.000014571603951090412,0
0.12064896004189654,0.09969886857504462,0.1007008215650833,0.09976615035477497,0.09734036943152352,0.09305979349948905,0.08568971097929541,0.07704672992366246,0.06701810789087986,0.05387815815218775,0.041400115651924065,0.029251208344395426,0.017856948025734377,0.009623112927921212,0.004447871168120801,0.0017584184053854519,0.0006237202823652635,0.00016002153016951364,0.000023639544229587257,0.000007273705916796078
0.12167768796561503,0.10061651338751179,0.1017101513624072,0.10033991942381111,0.09734287825134384,0.09168362017825751,0.08543478023517766,0.07620709609092663,0.06665732555473465,0.05407593960061289,0.04165104759963752,0.02913881013644089,0.017554618209345237,0.009284094755268932,0.0043454367455080765,0.0015904152912789198,0.0005240727733276072,0.00013829698185034085,0.000023656062684926723,0.0000036393942592194953
0.12103287494432982,0.10191868972851129,0.10224952964380178,0.10140061623478727,0.09696154440435181,0.0910755023949538,0.08511856611799352,0.07642583823382385,0.06584077874626218,0.054026885287621666,0.04159312143824471,0.02875217000081801,0.01776719413213601,0.009325322887032712,0.004248202648537124,0.0016869200076347684,0.000454450433091263,0.00009270788835061761,0.00002908482771784081,0
0.12365014725666292,0.10137621350398139,0.10221612187761335,0.10130349416427296,0.09733665418318002,0.09159182634621678,0.08493618877940587,0.07527724248263828,0.06519652401556193,0.054039559320801386,0.04135548849216448,0.028844126095335064,0.017309020834090822,0.00908809948005672,0.004243173471984874,0.0016416390939170285,0.0004708577246118606,0.00010544304257717345,0.000018179834927098863,0
0.12419466908220474,0.10182729630720984,0.10295321350227549,0.10279678558825993,0.09729998144692181,0.09079730943987896,0.08407090913720912,0.07474344003172215,0.06451378202679647,0.0539367085384176,0.04095682953359018,0.028508077864722585,0.0175126506528137,0.009123749031420185,0.00434178407854864,0.0017207070541713511,0.0005474976990545203,0.00013460076322270606,0.000020008221560131985,0
0.12343938966837306,0.10255426331917833,0.10346539605175814,0.10222872886981352,0.0974948396424577,0.09153337637420095,0.08346048575559456,0.07527847744446366,0.06422849244814635,0.053793203786383935,0.0412955907359079,0.027901393978522,0.017167850290525852,0.00955325398052249,0.004188300764733162,0.001682231093086485,0.0005510443472488702,0.00015276476953434025,0.00002909805133987433,0.0000018186282087421458
0.12388221315436629,0.10272011453113815,0.10328150605539789,0.10175720997496449,0.09806547024261562,0.0915286200669309,0.08397981170673927,0.07444342299852112,0.06503602716480927,0.05348843969492277,0.04099066527620826,0.027746185626196813,0.017341366016373014,0.009440098252600754,0.0041314055862998675,0.0015424640909272591,0.0004796354770374517,0.00011082486401244146,0.000030885617839532865,0.0000036336020987685723
0.12490725249145262,0.10220048010475014,0.10419000509202012,0.10222412162653666,0.0982032443442206,0.0915126936786208,0.0835873281443224,0.074448970684513,0.06397941369025967,0.05230232050629229,0.04073979777405982,0.027800611042409246,0.017483814650469193,0.009534807594384229,0.004466429039063068,0.0016549065250600135,0.0005837637302684221,0.0001563977595111661,0.00001818578598967047,0.000005455735796901141
0.12542889127969525,0.10413698351312839,0.10425874502049953,0.10231056090256173,0.09803436945712542,0.0902161902823413,0.08266879416126313,0.07444534907388561,0.0639084353464569,0.052390160216335704,0.039814195574423526,0.02812690820272746,0.018020703090924954,0.00948104155156872,0.004408856968392893,0.0016792184001628333,0.0005306620918263499,0.00010358814806199294,0.000029077374894594517,0.000007269343723648629
0.1249388757500786,0.10416299315226621,0.10515370590192125,0.10238152802444608,0.09794604342048577,0.09073838093905026,0.08168926521834763,0.07401260477469013,0.06420545746388444,0.052224195568514604,0.04030655742770979,0.028238040097507956,0.01774375623740023,0.009358145385732649,0.004428213317724305,0.0017232948379321189,0.0006216949731780429,0.00011088711509900762,0.00001636039403100113,0
0.12668102155959554,0.10427466906520572,0.10549392642663107,0.10282100902177764,0.09747335713701653,0.09029772774764458,0.08177201159293884,0.0738277594556043,0.06359944397503337,0.052197298009394266,0.039843004715309785,0.02776490682947659,0.017483896172331398,0.00937792435516549,0.004526333960224227,0.0017389408269508572,0.0005887323175883777,0.0001944270308085076,0.00003634150108570234,0.000007268300217140469
0.1266665091416035,0.10382476911975602,0.10539335522931713,0.10326313168307656,0.09763403413810465,0.08997286327854491,0.08177186614489518,0.07362357932083671,0.06309242298387607,0.05208323866682907,0.04052332249439724,0.02811822377162261,0.017519816350010996,0.009560559601728172,0.004420395618137437,0.0018066913011630808,0.0005180151115004811,0.00016721891318612027,0.000036351937649156545,0.0000036351937649156542
0.12564260408324843,0.10407144504429906,0.10560407053709082,0.10302366671569614,0.09835315395804167,0.09070092193597475,0.08225877037674623,0.07359507816571602,0.06269782036684952,0.05230538470897368,0.04025502597654937,0.02738750910223375,0.01749081605043863,0.00948992988783143,0.004585165129501406,0.0017886683772510448,0.0005792743272518609,0.00014345665157647965,0.00002179088378376906,0.000005447720945942265
0.12739888638226937,0.10428850079712923,0.10598455914299063,0.1031868809068913,0.09748063530382711,0.08989291018525758,0.08206522825891341,0.07336134041327107,0.06300320487766749,0.05173614203988738,0.040189129593036874,0.02758230791184859,0.01733869721631924,0.00957282234652308,0.004455561635269288,0.0017233261649266772,0.0005780777641842649,0.00012543196770035942,0.00002363210985658945,0.000012724982230471243
0.1271867260030274,0.10507006063865938,0.10511003817855064,0.10374716750044069,0.09839926295953726,0.09059819119803603,0.08193760232887339,0.07303533105945931,0.06261391327417869,0.05154922052883018,0.03945419755083051,0.027513633249683363,0.01749017370241082,0.009505568689590757,0.004368454813568377,0.001709948410801931,0.0005469654321481204,0.00013992138961928656,0.000016354448137319215,0.000007268643616586318
0.12992099509468052,0.10632857098718873,0.10505089791519376,0.10383138350365942,0.09767565278552723,0.08962431322800557,0.08121675187516246,0.07309634890834377,0.062302465018474466,0.05135954956117472,0.03934251634349231,0.027490871816494882,0.01677513862661958,0.009487131487644006,0.004285566292694365,0.0015230299208133496,0.0005379676092610396,0.0001254046116182829,0.000025444413951535666,0
0.1290323167261016,0.10632095595388988,0.10583541401088557,0.1035677331010491,0.09731206162563806,0.0892669771467955,0.08222207270035878,0.07219299473905302,0.06276584330634061,0.05122012871407762,0.039081580138970465,0.02765406864144637,0.017053978807094368,0.009499891798705586,0.0044535289079307,0.0018276016955779306,0.0005528267815479514,0.00010547353069006963,0.000029096146397260594,0.000005455527449486362
0.13087928989999692,0.1068128124528994,0.10620084513231749,0.10375297584998991,0.09719748022001772,0.08897133196412456,0.08122640430156734,0.07099184104103448,0.06203387429791731,0.051968192226743905,0.0396035468681619,0.027338777481781713,0.0171423486833623,0.009114136445105442,0.004300114584979015,0.0017451056233804187,0.0005338824695877663,0.0001652493358247848,0.000014527414138442625,0.0000072637070692213125
0.13097753164441892,0.10668923562501591,0.10627652185928463,0.10386750979058869,0.096573203058809,0.08990433040373229,0.08092098804039143,0.07175037907850293,0.062339777970902774,0.05146377027660913,0.03933325818427762,0.02777000025453712,0.016528549974728104,0.009116065292408613,0.004263496831012805,0.0015454039685973916,0.0005054380038471465,0.0001272685621197852,0.00004181681326792942,0.000005454366947990793
0.13041881504214328,0.10687819529187602,0.10673274815100321,0.1030911153613998,0.09758775916862415,0.08927909124626382,0.08136131251499924,0.07235995258423208,0.062425912862617915,0.05116648606980007,0.03904346687804985,0.027440421214919974,0.01657733788098061,0.009052266430072654,0.004216148996051109,0.0016944591911684493,0.0005345182427076438,0.00010908535565462118,0.00002181707113092425,0.00000909044630455177
0.13081419115950427,0.10668442348187405,0.10719496220014932,0.10364844412871393,0.09756195051226473,0.08888279230158484,0.08041439028777304,0.07206045069122582,0.06253281710177525,0.05102298514350496,0.03960763010107212,0.027361968317529645,0.016829609065423454,0.008813606129371604,0.004220574528660118,0.0016188256155988655,0.0005559603124278933,0.00013444791869171276,0.00003815413908818875,0.0000018168637661042261
0.12932170398224702,0.10734128534741746,0.1076320797067339,0.10397352317358426,0.09735431656964433,0.08957556745793017,0.08082265724250615,0.07192616731216957,0.062315413736762026,0.05117071991596047,0.03911911118704075,0.02695663710863168,0.01688243002306363,0.009198189078127358,0.004167446661953375,0.0015484799633599105,0.0004961678755836336,0.00015993689762402826,0.00003271436542309671,0.0000054523942371827845
0.13055535363814785,0.10711455986043471,0.10738714836083448,0.10402340626590098,0.09714872428581817,0.08900559715054156,0.08031729301446536,0.07124736497782949,0.06243367013156939,0.05123573453514575,0.03911099803736278,0.02765137748055536,0.016964091008214,0.009151704586755832,0.004334157156356763,0.0016682416224467545,0.0004997455840662935,0.0001381115068692302,0.000012720796685323833,0
0.1310312462483766,0.10794125457925428,0.10660431241155262,0.1040231954918674,0.09621436185112832,0.08957512523601127,0.07958534784142958,0.0723986015766823,0.062037754519228334,0.05157686417031371,0.038856814403323635,0.027200861463687918,0.017094670057224755,0.009311301981584755,0.004321870191100873,0.0016261582284697732,0.00046201810965472304,0.0001018622603963169,0.000029103502970376278,0.000007275875742594068
0.13137341050537032,0.10753916093565045,0.1072886180928243,0.10389902760328537,0.09770807764649492,0.08878475828062249,0.07998852586400972,0.07168611702166292,0.06093274558645181,0.05098909957080919,0.03942963377172281,0.02735818911990472,0.01714947603866348,0.00909761003914278,0.004422625834235046,0.0017501688440897307,0.00045388196164152726,0.00011982483787336334,0.00002723291769849166,0.0000018155278465661107
0.13325291749625778,0.10765670188492782,0.10683195512214967,0.1035220683340842,0.09778154020549637,0.08944505805926552,0.08015666555247133,0.07055581391969074,0.06134190294874219,0.050487581566364854,0.03879398043860543,0.027014998038047338,0.01694909096193812,0.009580868781700067,0.004234547806246274,0.0016767428679387868,0.0005540699617782558,0.00012534697495967094,0.00003088258803354213,0.000007266491302009912
0.13193533500724922,0.10861255146201168,0.10762600698393548,0.10400322670901117,0.09703564278005694,0.08943034777963901,0.0797665723120751,0.07045163025112372,0.06101495986598983,0.05045184827200284,0.03882043437026485,0.027347085605898203,0.017476190303158032,0.009347645192821299,0.004440358571672547,0.0016224387088803536,0.00048146277475172864,0.00011082728022586961,0.000025435769232166804,0
