0.11810012836970475,0.11276476251604622,0.11573331193838259,0.11625481386392818,0.11846116816431324,0.12018613607188708,0.11573331193838246,0.11569319640564826,0.11677631578947363,0.11737804878048781,0.11765885750962768,0.1158536585365854,0.11681643132220797,0.1165757381258023,0.11665596919127093,0.11601412066752248,0.11609435173299097,0.11212291399229783,0.11653562259306809,0.11729781771501924
0.015690477426628203,0.01996261876330409,0.029445140810075123,0.03944313824382357,0.04719381132859146,0.05620906791666361,0.0600955298271118,0.06332559502176865,0.06682637750598913,0.07152869974114975,0.07363139430529492,0.07291566229316084,0.07295645530939647,0.07302691597380345,0.0740430329236725,0.0738909862267943,0.07062754492794471,0.06866948014863493,0.06171612510847233,0.06266548984995585
0.012069093645205344,0.016112251627945863,0.02627936572814001,0.03703170430372222,0.04861078856675738,0.057331097713908825,0.06439327084746078,0.07036163156868026,0.07600254526200406,0.08067737410706818,0.0817479633259329,0.0793861645502596,0.07964858663644558,0.07910284158995275,0.07745167253439353,0.07307410056571699,0.06573789374924524,0.057804850860651555,0.04527593798478415,0.04228246834678732
0.011254143518339654,0.015218012811101921,0.024870768588847073,0.03653250295551658,0.04902680441048068,0.059521785827428744,0.06898137058700807,0.07671207473400356,0.08257481513533561,0.0865657283706411,0.08762430555018967,0.08572736615180153,0.08436551047373265,0.08178088225067418,0.07609006405550965,0.06892535099174002,0.058919092250751426,0.046907718341201825,0.03578106769485159,0.032334896730773686
0.010447814965594264,0.01476247089966152,0.023987085196870105,0.03560148705517442,0.04874617642568069,0.0621602101228862,0.07251366879568776,0.08152383697291289,0.08774792115931289,0.09237824178199579,0.09255666095382203,0.0911756279411285,0.08707198698912501,0.08299579514047935,0.07395817785989636,0.06301971017177993,0.05028332621372214,0.039634789679823396,0.030451349037651596,0.028876456732493044
0.010166292050413538,0.014002717272209312,0.023464647286797445,0.03598507378583638,0.04930847300571627,0.06304040220637495,0.07556865495025639,0.08590712438720505,0.09349701663546603,0.09560540699603677,0.09666977629461738,0.09380850118019773,0.08906736205460838,0.08122233422448177,0.07040959435007733,0.0569390617271583,0.04534526261747192,0.03541219266336504,0.027714298236277468,0.026559144497523772
0.009839746059812044,0.013805016860034814,0.02271851521183736,0.03510580598818416,0.049700387220980614,0.06466430427455318,0.07830355623864908,0.08992454789078715,0.09760498806928972,0.10082722499385649,0.10080977605744189,0.09590807900296772,0.08848937287068452,0.07886483035998613,0.06616782096227979,0.053238159079045125,0.04110096972464125,0.03224127226011712,0.025457998228932955,0.02504358598908569
0.009697738518611873,0.013049958628096726,0.02200108498501296,0.03480445611016433,0.05038878629631051,0.06634025787573083,0.08046424207221177,0.09388134209358269,0.10168720649237495,0.1044654256922259,0.10356949109819116,0.09720753352220107,0.08846052682050078,0.07604210618605851,0.06245102498205391,0.0495257300360018,0.03862930226696113,0.030320673348274707,0.023821722715092808,0.02399981368944222
0.009327201356588896,0.012789166086844142,0.02178870788562985,0.03494600144379071,0.050569226893147745,0.06741693308043065,0.08321247351636142,0.09663868288690262,0.10537975220582765,0.10829474739536757,0.10619172130922834,0.09901584645168195,0.08683369906754095,0.07359285884922305,0.05873591292349346,0.046727385942491165,0.03661824006349545,0.02819047072015916,0.02222210618519423,0.02239703200489792
0.009174023728566513,0.012395801134407428,0.021654013274125007,0.03457881920098916,0.05118404089295001,0.06884727216982438,0.0861900848669446,0.10031488978857399,0.10919362580638677,0.11200451350407242,0.10898503959368408,0.09827300668229809,0.08540097558033456,0.07098716566520155,0.05567492718330707,0.04416875881151092,0.034394107313836804,0.02659348557613773,0.02060354294991166,0.02053066342981074
0.009126446029372386,0.012124576477392363,0.021666750219785463,0.03526104643556282,0.05200509144175595,0.07063825208505788,0.08921883539994843,0.10423638766853788,0.11255216465751984,0.11539745403457634,0.11018496215043727,0.09913516408406017,0.0842068710009134,0.06818668130680337,0.05209679608433402,0.041192502717514255,0.03183251553170963,0.024472912282675275,0.01904522017061953,0.018598924243406135
0.008852008849610578,0.012429026243052515,0.021704329474119686,0.035476386049272425,0.05256404875679759,0.0728498024426364,0.09222901065430762,0.10810914519716767,0.1166577730878306,0.11801279476218172,0.11189241367732496,0.09897174240198575,0.08240090654547413,0.0656669884343504,0.050184966454220055,0.038520987846774636,0.029209710588954777,0.022409420398472307,0.01674351118492448,0.01595807826749087
0.008842966413278636,0.012394339555723692,0.02159788147114805,0.03578209417522789,0.054205729012732455,0.07519949874094127,0.0962216416234173,0.11100287278186956,0.12083298852069473,0.12073368248075945,0.11349025263929446,0.09802097248986251,0.08088949838627685,0.06320356555971957,0.0478217693026115,0.03573007672573801,0.02639176232754441,0.019951056308889065,0.014661827467577753,0.013526901296889594
0.008755731733196392,0.012499311195448148,0.022094505156947785,0.03631494840707351,0.05560851045869108,0.0776924637161211,0.09885019468254615,0.11455259359827978,0.12414075296010087,0.12358150228565866,0.11428176151065686,0.09816432121389054,0.07935966383993001,0.060902046716776466,0.04521019970056055,0.033122412586305744,0.024168539628831073,0.017300425476037214,0.012350412168919496,0.01125418705235032
0.009203408618055043,0.012630209699245757,0.022451374974794363,0.03753745878222679,0.057046913373032894,0.07990973759329001,0.10146128588962205,0.11806145629721322,0.12743737054792684,0.12656318659864352,0.11541209614158517,0.09814055246094433,0.07744337327771189,0.058650749525318124,0.04189905389985114,0.03044025069264509,0.02169258330681641,0.01487161734520824,0.010269913036180727,0.009020412778005065
0.009228717234980281,0.012994664810948737,0.022820691254929262,0.03846439341220133,0.058612850846671324,0.08257944792391556,0.10424031547204825,0.12250869867780095,0.13004407330085824,0.12857225701693348,0.11612502899559271,0.09724077940153092,0.07614706564602179,0.05587102760380421,0.0396265367664115,0.02757596845279518,0.01877522616562283,0.012935513801902112,0.008712595685455812,0.007232660635583393
0.009559968599740334,0.013241059423488459,0.02325191540427835,0.03917402056277684,0.06036110298614618,0.08390782937034152,0.10786266664046126,0.12570393347214498,0.13407540918029834,0.1309515689146678,0.11673127458925896,0.09681708192623707,0.07367384194200662,0.05243589017308294,0.036723043004251055,0.02517801380640284,0.016744107537796503,0.011074487751470867,0.007284721507674912,0.005534353572010761
0.009524105947897538,0.013437727309929984,0.024181453699957226,0.040152948242213375,0.06205539474548781,0.08733427629129328,0.11057507755195205,0.12844977941930844,0.13677270909055278,0.13227579099532785,0.1178593701548042,0.09532059994259254,0.07138122591451361,0.05044594533841008,0.033946486559390775,0.02254914505529215,0.014572043486731152,0.009401913351616114,0.0057338299424887825,0.0043021015973800075
0.009753942985442703,0.013703829802896743,0.024542438853819685,0.04157158105894694,0.06363182545963156,0.08995481899994479,0.11407052284815142,0.13218778180613577,0.1384059204593555,0.13351284575887518,0.11714393507186634,0.09422331928520161,0.06942667979461509,0.04770230229861788,0.03163705210077847,0.02017041794725509,0.012767543294624286,0.00767662918453356,0.004683732999613525,0.0033563685886228538
0.01017460045983134,0.01406583416457278,0.025055412774954697,0.042472988065735476,0.06587778312168772,0.0926216928817972,0.11645463843092602,0.1345632233648497,0.1413126198792684,0.1348983974774704,0.11715827449611965,0.09277665351605678,0.06723569742042196,0.045356403719514354,0.02893861148384564,0.01780095937850455,0.010634890936409902,0.006298288890240809,0.0036134524196242165,0.0026217043603626775
0.0104187790070883,0.014275124964627243,0.02576854821062569,0.043795762602151345,0.06777018194483109,0.094921561281645,0.11989386456045564,0.1372302362269676,0.1431602560357084,0.1358428223961359,0.11677762540284836,0.0911900940256425,0.06506638620514246,0.0424770893409727,0.026560210437797233,0.015946666483358483,0.009065735461083099,0.005309063329541144,0.002913454477130586,0.0018812002561731922
0.010381672052213865,0.014848777496040941,0.026731689902327833,0.04454061129774905,0.06930192323535603,0.09730715011488153,0.12232591561930742,0.14070924452825356,0.14538803401590947,0.1363931785102935,0.11608180844539233,0.08863268127019579,0.06226829178986298,0.04075432750839873,0.024435204086303005,0.014046666605640643,0.007722462766493047,0.0043011909229882005,0.0023617073862856205,0.0014817883068022658
0.010743556038177978,0.01517402983368578,0.0273349717094359,0.04579870835000287,0.07083614333885803,0.09933017088643768,0.12414813968108822,0.142730753843516,0.14698519746242208,0.13738240841287072,0.11532605589529629,0.08759444476195916,0.060777276104475045,0.03839286734868834,0.022299822826770302,0.012287820769274727,0.006787449277018918,0.0035240326913185097,0.0018620334914556786,0.001051608847230954
0.01107408713837416,0.016076318850605426,0.028107017165348754,0.046884221509139755,0.0729741361104738,0.10084485433368832,0.12720873872300392,0.14425993340251067,0.1484585204033292,0.1371287281295055,0.11479334116430308,0.08577080829078237,0.0585747406704726,0.036168578176708245,0.020465543162227803,0.011007877772945266,0.005504509656864261,0.002810473408378224,0.0014520398763026405,0.0007808138957476463
0.011240259695835702,0.01600522675496507,0.02873689035444788,0.04864051920923665,0.07451774519797585,0.10314061384725196,0.12958794836185017,0.14665471719196474,0.14966603042555185,0.1371863547944987,0.11305936198014649,0.08454367373373196,0.05640311689733257,0.03409363006341886,0.018793057446415483,0.009590365621999804,0.004647524702802427,0.00227473301817734,0.0010467192534770913,0.0006077356885656749
0.011594001349650728,0.01645912746904011,0.029545268015101496,0.04963158182713529,0.07601702566160243,0.10516218606941577,0.13181322840102863,0.1489403417899287,0.15046439840230533,0.13724602856152768,0.11228774918382607,0.08206195626402082,0.05414561637089861,0.03205192507614585,0.017498723303361354,0.008427337722737967,0.003988537088037352,0.0018170128946360501,0.0008127541994200146,0.00044342410038483254
0.011908353150232396,0.016814672056407864,0.030078808458903608,0.050346117462511025,0.0780651117468203,0.10725486334592735,0.13410870626859075,0.1502483325915039,0.151135112737191,0.13723463474106365,0.11124480482299115,0.08020294629572927,0.05187493098710356,0.03018126059383535,0.01570022049976151,0.007737412901455846,0.003498171229391469,0.0015014929552773675,0.0006761840905494734,0.0003585824722610843
0.012253730731947085,0.017220075638627586,0.030583127397840054,0.05158968547620023,0.0798267411220185,0.10939839529602377,0.13663763089988124,0.15211692584956926,0.152202258236282,0.1358980835483709,0.10993769598004817,0.07820428800932054,0.04973967933226837,0.028577247427512987,0.01439045369523367,0.006934678626853988,0.0029229186861998184,0.001234475194444065,0.0005279230324627159,0.00025599716013817024
0.012545253047654229,0.01770566337984143,0.03148986956892386,0.053128356682106206,0.08061151999090678,0.11193884800090935,0.13878207496234826,0.15315620471143188,0.1528424881361712,0.13590179307209227,0.10758205222926319,0.07592054786735246,0.04810207155238555,0.026997811940552993,0.01342843340626865,0.006015174334346851,0.0024142536443977156,0.0010025290557244752,0.000384189139268563,0.00021596430905629292
0.013167298198571814,0.018041550443965982,0.03269157572417869,0.05439279201486137,0.08249529901662814,0.11440063172127005,0.13977287575201533,0.15417180318928345,0.15315832230282855,0.13562578468075923,0.1057701375357189,0.07381822106835882,0.04609633749367993,0.025277940315974266,0.012428775131087842,0.005466206888715936,0.0021417168957035006,0.0007714725581870965,0.00033176728570048926,0.00016020269617729097
0.013439837563636238,0.018546635157524898,0.03351272043434467,0.055847720451378674,0.08477829094324157,0.11555875542675312,0.14116769306068305,0.15582830167467074,0.152748551824854,0.13490031126822785,0.10516005727971325,0.0719301014886593,0.043904604975522094,0.02389645136050674,0.01131512813553625,0.004922830235603134,0.0018930468287774922,0.0006291229412973788,0.0002611882247263484,0.00009993288598225514
0.013483750395729858,0.019009784598137038,0.03414567170818003,0.057163249489664524,0.08629691030009658,0.11778849699812659,0.14346129449904296,0.1563833638002775,0.15310064984800567,0.1336721575248813,0.10339811388623181,0.070252121055325,0.04208977139012098,0.02248199500047091,0.010586837599272878,0.004407210850544036,0.0015817847388409853,0.0005594116759315682,0.0001781493572439273,0.00007148668475393262
0.014038046043792439,0.019459902320345696,0.03508773920621663,0.05812665674134867,0.08759509241439419,0.11892225571008391,0.14460855513998327,0.15734163368314022,0.15387495914884342,0.1328763299320962,0.10214377791495696,0.0685300846072842,0.040601510584988565,0.0210338066015469,0.009797469043901379,0.004002278586731546,0.0014661026181052319,0.000503830930680126,0.000171347906605178,0.000043120665238389196
0.01446269047529985,0.02013940133824378,0.0357854955956749,0.059182657920360544,0.08932318145184599,0.12121727361451635,0.1462036429339799,0.15802861252707717,0.1527679066335223,0.13173868540162614,0.10030253876384179,0.06690312071738752,0.039497801521422,0.019911562104327703,0.009288132749792847,0.003748578838609339,0.0013160266197839278,0.00043867553992797556,0.00015529340819155725,0.0000385399699161529
0.014846194557679717,0.020384618435800406,0.036616835584628415,0.060555474335916105,0.09076804690944162,0.12186572466995547,0.14781709941623858,0.15914780576644325,0.1521315622163216,0.13092190335014012,0.09900031845653971,0.06510226308136738,0.038102588337690875,0.01910625908762768,0.00880458668081022,0.0033500268024810142,0.0011525633484855181,0.0003773879990616297,0.00010992983756449867,0.000026065837773025488
0.015374733643954615,0.02089273597078211,0.03747279798175466,0.06134147156546551,0.09183038854847426,0.12415335311249995,0.14870625445342772,0.15961991374652082,0.15248196821965979,0.13014374447038615,0.09727135861124418,0.06347231992858657,0.036711537960480184,0.018284967266951904,0.007873150517645484,0.003004258298244004,0.001034271427713717,0.0003489108430841454,0.00008722771077103637,0.000024922203077438945
0.015624699034758441,0.021422493448163722,0.03782106263816076,0.06262116506548437,0.09333576560458753,0.12503611582898716,0.1496923214631698,0.16036674420475497,0.15244448926269324,0.12843525267483746,0.0959791610250437,0.062198539050983645,0.035788378804342276,0.017677777689652015,0.0076401265838561385,0.0028711375891282004,0.0009608226817603445,0.0002741970388985889,0.00009177669483795746,0.00002379395792095194
0.015879091076886145,0.02238336970097757,0.03837343210536388,0.06399761751354022,0.09472535162623948,0.12627065000888907,0.14986564542849096,0.1605256870314151,0.1518257614274989,0.12792163159557515,0.09460079197292297,0.06107386274205621,0.03449622980576621,0.016612860670968885,0.0074328142215418,0.0026916208721213986,0.0008934324224248139,0.0002479869461483323,0.000062279826658257,0.000019250128239824894
0.01625068079165454,0.022231456707312233,0.03914113249762502,0.06488609690396904,0.09577507209880849,0.12729020577175446,0.1511612239190274,0.16011087421008352,0.15178851469094604,0.12769783154412037,0.0926748516412033,0.060208591166070136,0.03374801707046152,0.01639561439960686,0.006923976661159945,0.0025216183196080442,0.0008696016477139557,0.00029099950971677954,0.000052085515357867086,0.000005661469060637731
0.016623936749162186,0.02296214498905917,0.0399458729235636,0.06508939340111286,0.09679061736999432,0.1288041129337011,0.1521045521504879,0.1609250932854819,0.1509561620463293,0.12553431253860964,0.09202960696772962,0.0592467466051778,0.03272742084028214,0.01625961988853262,0.006679896724089944,0.002292254533029509,0.0007320279777246265,0.0002670148419521048,0.00007806789870633575,0.000005657094109154762
0.017140807816145007,0.023506811748654276,0.04055032503162075,0.06672368578843643,0.09768144864771916,0.12946282104367618,0.1521279219471577,0.16137203393090285,0.15049654151874503,0.12461393302968389,0.09063438298295991,0.058033926377453006,0.03256085999316676,0.015667813837092738,0.0063354579744183265,0.002229854940639022,0.0006935063818425777,0.00021155904307432633,0.00005204126193272195,0.000006787990686876778
0.017445520895854747,0.023621646733288357,0.04134748959248194,0.06723770963391987,0.09891296116071377,0.13053847814562503,0.15262626639403098,0.16134563585046635,0.1500852834360239,0.12355868732458686,0.08965216339605533,0.05745809017098512,0.031767938627575314,0.015053741563495752,0.006275594921199012,0.002068504810121432,0.0006793286288978037,0.00018085287957345862,0.00004747388088803284,0.000004521321989336462
0.01770617918517656,0.024161133014561808,0.0414399216676824,0.06800484375936332,0.0993355094823034,0.1312665571431317,0.15385606888902212,0.16103351623688286,0.1493763829419167,0.12329538452145258,0.08934836511814861,0.056611154892886685,0.031102271840730316,0.014752887995414033,0.006076181797007585,0.001988835835678516,0.0005743766938741818,0.0001560314640839312,0.000033919883496506814,0.00000904530226573515
0.017807312273059015,0.02436332249514767,0.04238867887864321,0.06841388161447541,0.10005400263460554,0.13240135481086654,0.1544746492653155,0.16179889780396817,0.1492754834817464,0.12231483761927463,0.08809659918973457,0.05541935644224315,0.030206452749954246,0.014344591037370277,0.005896229079627903,0.0019522291338564888,0.0005908656464160545,0.00014799885216157415,0.00003954167805843582,0.000014686908993133307
0.018114681510531964,0.02474178361331249,0.0422465051552913,0.06913331465801575,0.10144989743636093,0.1324821756142523,0.15595659795957106,0.16137055745822906,0.14901547942853524,0.12156841039913976,0.08729882616592718,0.054522514300172575,0.02970505046853962,0.013998581278295362,0.005608243044197248,0.0020241634511986837,0.0005907575250987233,0.0001344171041811626,0.0000384048869089036,0.000009036443978565554
0.018690174330940768,0.025204854385380372,0.04306939918792389,0.07003958729818102,0.1021736306804384,0.13365485071466082,0.1554611835529177,0.1623214759680817,0.14808247259666693,0.12084460432467234,0.08633306414723542,0.05379128853549587,0.029021273231419117,0.013437092338361276,0.0053852278952094285,0.001780016602946741,0.0005387486799527895,0.00013101645047069915,0.000039530825573055776,0.0000056472607961508276
0.01892414646566724,0.025343225979827032,0.04365425719902308,0.07013112536569562,0.10359728151700293,0.13473066400494102,0.15584983080051631,0.16133060687118145,0.14851390123085997,0.11932713142232576,0.08556627346746593,0.05322811387458348,0.028737377786258757,0.0132886801762791,0.005271887819105032,0.0017670816956306223,0.00048665316985098964,0.0001208164481996657,0.000028228142102725594,0.000007903879788763167
0.0190216623990946,0.025795185907637477,0.044162876302155395,0.07162857100904829,0.10393636931459445,0.1348752314033064,0.15730906897653946,0.16085904136062323,0.14760791949932175,0.11904210608352088,0.08464927786355589,0.052600131697989196,0.028524022458686255,0.012931477513641362,0.005072518605447058,0.001668249828600601,0.0004800312641538632,0.00011068956208724369,0.00002823713318552136,0.0000011294853274208542
0.019435336873529243,0.02597134360027764,0.04481188241734057,0.07180691071821584,0.10448130110664043,0.1352968064874748,0.15775918014932042,0.16220831475765085,0.14660474145471583,0.11860747278544949,0.08393763085275083,0.05208263968442972,0.027602241497040107,0.012699559262540697,0.004828360693667717,0.0014864308166340318,0.0004096996100517488,0.00010383571384231646,0.000016929735952551593,0.000005643245317517198
0.01939721574845806,0.026483683292797867,0.04517439662323444,0.07216594906636722,0.10484112160080358,0.1361642335972372,0.1577836590279385,0.16081168776204638,0.14695250294846254,0.1185400454825039,0.08368103560162747,0.05159160548724404,0.02716422795424663,0.012327677175796085,0.004754783845246628,0.0014920067038727844,0.0003792089655834007,0.00010383102629069304,0.000014671775454119663,0.000004514392447421435
0.019585625320238623,0.026862801306460748,0.04546767818810957,0.0728372183310799,0.10564545436077548,0.13634321906692343,0.1575066192055148,0.16086983019170295,0.1460107577607785,0.118777777526979,0.08347421952061827,0.051190779836082966,0.026823300506287395,0.012083859070173737,0.004649808477548874,0.0015405312067607317,0.00038936503028018485,0.00007223003460270093,0.00002031469723200964,0.000002257188581334405
0.019808112086907973,0.026873332543671143,0.046311431488344025,0.07386274542983005,0.10648707492202086,0.1371609387955395,0.15681788697677823,0.16090946522948152,0.1464304448618374,0.11725581106767974,0.08170296292535997,0.05067713533117871,0.026792110146595143,0.012129211296681727,0.004709770941559356,0.0015364570113542138,0.0004083681630765241,0.00009024710786221522,0.000009024710786221522,0.0000022561776965553805
0.020309327196426138,0.027133252109561832,0.0465649113307161,0.07439533414557106,0.10747935562474623,0.13762804025089123,0.156557691439917,0.16071928162086546,0.1461012589684581,0.11683137042552236,0.08158815035422586,0.050136501060421446,0.026528586255132897,0.012044808447272232,0.004357880962050449,0.0014439781598303324,0.00036889129551915525,0.00008347998736519112,0.00000789675556157213,0.0000022562158747348946
0.020351194578127785,0.027364258637471498,0.04691241339407263,0.07564364431200805,0.10795246274944142,0.13733785531974405,0.157606715758867,0.1606282658738529,0.14480996040066269,0.11590052682570316,0.08180855395311014,0.04989674396676859,0.02612811868748105,0.011619264383943263,0.004421230478068102,0.0014267491211112642,0.00037896261240583757,0.0000778226793333416,0.000013534379014494189,0
0.020396086476250592,0.028242295813701832,0.04716066638111769,0.07590229716630216,0.10836357898059017,0.13750197254221236,0.15821366577244758,0.15948961879212784,0.14448139047318467,0.11542189860005866,0.08084379720011725,0.04961338172636892,0.02614689240064022,0.01173493541333213,0.004486124574494466,0.0014698257399851208,0.00035731193218963486,0.00006537568475393943,0.00001803467165625915,0.000003381500935548592
0.02074755209994714,0.028493364998889756,0.04798526582272777,0.07630843033446087,0.10894860058003425,0.1386728194330633,0.1577600714165753,0.1586257268744315,0.14410909062217858,0.11441643212438385,0.08061416451286028,0.04932319945355501,0.02604180169050789,0.011672822814529941,0.00452778382058389,0.0013683668305175113,0.00041366608467868754,0.00008453666580627129,0.000016907333161254253,0
0.021602097264711975,0.028385043001146103,0.0483627527953001,0.07630672947631548,0.1092456976292968,0.13953826786149393,0.15693951863984626,0.16001570241221533,0.14364999864634384,0.11383233613991389,0.08059217947676678,0.04869327052368449,0.02547355406954183,0.011521870572416095,0.004441120466379688,0.0013999061465017016,0.00036548718087554453,0.00009137179521888627,0.000010152421690987356,0.0000011280468545541507
0.021932183779724144,0.028711775989282554,0.048325456511712585,0.07690191129920759,0.10970151525915697,0.13950713762955588,0.15769092411976376,0.15976021083043246,0.1435306880293737,0.11384572706390209,0.07941211959236745,0.0478743858390873,0.025182147975989493,0.01151921730216886,0.004350576637471116,0.001396063731775335,0.00041611269549684865,0.00006540524753066995,0.000019170503586575687,0.0000011276766815632757
0.021845199367184952,0.029037099515014694,0.04902174145919571,0.07759088259206098,0.10975371857772229,0.14006389041429548,0.15796358043415262,0.15975986405527098,0.14232926002812252,0.11337109325226562,0.07951345859583173,0.04769792666246442,0.024763455494902636,0.011408036029412589,0.004159755353613035,0.0013497498395973985,0.00034955927341286,0.00007667751803894994,0.000012403716153359545,0
0.02206193262349372,0.029622254520689114,0.04894984253557747,0.07718744749776461,0.11055885493540743,0.14043142883882254,0.1582503351686329,0.15963272959756084,0.1428038251507836,0.11282413259259845,0.07850444316904336,0.04759338209675182,0.02480191505603434,0.01088663801900397,0.004215964738793979,0.0013711187810573624,0.00033939700090317946,0.00006765388722322513,0.000013530777444645026,0.0000011275647870537521
0.022290645392597667,0.02953896663224212,0.04982614852463006,0.07810463558836664,0.11087935925246122,0.14036533613540123,0.15873248519669347,0.15975169228965327,0.14168669754353058,0.11283772509369037,0.07721621170645031,0.047213866628183304,0.024625576686314214,0.011006083674196473,0.0040914851110078875,0.001275136307674267,0.00028749757600082955,0.00008117578616494014,0.0000135292976941567,0.0000011274414745130581
0.022824116660353885,0.029930514221813403,0.050356898075500985,0.07842175748065584,0.11135761051891137,0.140630918240355,0.1594261223238281,0.15952983244052443,0.14198704074454843,0.11129448262179173,0.07699912522771132,0.046591769925869796,0.024458678282199737,0.010793743123568355,0.003875601969590391,0.0013144130007394985,0.0003325487437548477,0.00006763703262810455,0.000006763703262810454,0.0000022545677542701515
0.022966251439125954,0.0299214161112195,0.050665127088494535,0.07869214037073917,0.11155326372906431,0.14173403260853631,0.15917832532534673,0.1596045659618661,0.14152316753173969,0.11115746885229633,0.07667482688202716,0.04630349009892616,0.02378377646948715,0.010617676808111655,0.003971480216458076,0.0012832323924841828,0.0003394138401913346,0.0000631467609658297,0.0000033828621945980198,0.0000011276207315326733
0.022604416511875346,0.030073848983787486,0.050043056031451184,0.07931326756956592,0.11212602117184542,0.14176818271987882,0.1594234098573516,0.15909316333339338,0.14141990225604592,0.11183747813384791,0.07634893870263838,0.045865944707940344,0.023707868207967397,0.010626499071252092,0.004013678743395069,0.0013232403383167115,0.00032010243277848894,0.00006086454707760006,0.00000788984869524445,0.0000011271212421777786
0.022783464163380434,0.030570189222037105,0.05027973863276687,0.07953205307994095,0.11249356550457144,0.14161071330816982,0.15957098107329068,0.15880503675969507,0.14190244798055413,0.11109684352095585,0.07571134262153449,0.045839514391305174,0.023560672363940695,0.010755885662536196,0.003987415985483102,0.0012638081174327796,0.00030637772543824955,0.00007659443135956239,0.0000056319434823207665,0.0000011263886964641533
0.022791711490478584,0.03035139991100947,0.05115152607478585,0.07928041588987703,0.11232293420897005,0.141672909145184,0.15945974868626336,0.1595329687350392,0.141171633426642,0.11044174218657593,0.0768855570637634,0.04544148873256094,0.023654581603744375,0.010569595656361416,0.003850248103319119,0.0011670149312576392,0.00032442113919131297,0.000059702501309512435,0.00001239108517744597,0
0.02281859834083436,0.030765104785257263,0.05127141849422042,0.07979184930935708,0.11189902573036418,0.14215592370812927,0.15940340352071256,0.15923775739942347,0.14126120928429622,0.11043525490346323,0.07590423625869643,0.045677763078719104,0.02364570210291694,0.010380490267445239,0.003785070213672227,0.0012181187558736764,0.00033579962002808076,0.00007549857228819271,0.00000788791053757237,0
0.02321687386908889,0.030641502300081926,0.051445765778742,0.07964765085566645,0.11262974532556741,0.1418252567899679,0.15934031309921423,0.1597206593268097,0.14084063268006805,0.10989305294239443,0.07572490840182562,0.0455222671335848,0.023537580007741962,0.010384127184177598,0.003765202596256851,0.0013030796791588277,0.0002936993059243986,0.00005401366545736074,0.000012378131667311828,0.0000011252846970283482
0.023376096775283555,0.03088992262032146,0.0517734250926416,0.08039264273565885,0.11250351981798319,0.14174222542603881,0.15907662502956638,0.15916673236993573,0.140957165223072,0.11031954315578438,0.07518218577880896,0.0454681639503058,0.023537163646193522,0.010334185598594324,0.003805908788844712,0.001278397891488236,0.00032326008357455815,0.00006420148001306555,0.0000056317087730759265,0.0000011263417546151854
0.023653920032265588,0.030782992520557488,0.05203389238570442,0.08034176286821247,0.11255102052312163,0.1422614977135821,0.15894519469195037,0.1587311422626243,0.14092986628482715,0.11027981158879846,0.0755796596115737,0.04469865361021954,0.023337347755209646,0.010583202742574916,0.003998274061464592,0.0011998201959593669,0.00031319250185605964,0.00004168389413192163,0.000009012733866361436,0.0000011265917332951795
0.0236124278543553,0.031393911279153815,0.051932478657499864,0.08099115673986129,0.11279153821382805,0.14149779199985593,0.15841415822387162,0.15912125872897567,0.1405553666451234,0.11003519739138465,0.0748355540943146,0.04542670362805613,0.023408629778839687,0.01031601087223325,0.0038935566029450514,0.0012137808033472423,0.00029274861676278566,0.00006643141688078602,0.000013511474619820886,0.000001125956218318407
0.02385622313247477,0.03134141151196754,0.05227359219234503,0.08091502149402015,0.1129466286252159,0.14213638625733824,0.15914920160242474,0.15872922939039846,0.14013785897490755,0.1099719192842683,0.07499825480716182,0.04506650873609755,0.023087212352812688,0.009953228831936806,0.003967780362414626,0.0011552050657881393,0.0002859864392886817,0.00005517061230372212,0.000015763032086777745,0.0000022518617266825348
0.024236117446062803,0.03144838957081126,0.05190042920001668,0.08109639149888898,0.11301103351499167,0.14194008318213922,0.1595078896896267,0.15830284109913942,0.14004466563280263,0.10949386832985904,0.07573786701894629,0.044850331838847804,0.022931962055610176,0.010144932432812904,0.0037806991759494844,0.001194912667763599,0.0003389903044268079,0.00008446602269770957,0.00001689320453954193,0.00000675728181581677
0.024115976496607145,0.031528914172978297,0.052380405431274625,0.08055700068240015,0.1135745831841287,0.1426205066877467,0.15907468340461373,0.15861974996678083,0.13930985246193311,0.1091603775497105,0.07537481335342247,0.044694958121350124,0.023218496422466504,0.010190959436603222,0.0038230173798086157,0.0012386801525153094,0.00031304825672659654,0.00007319473628499553,0.000015765020122922113,0.0000033782185977690247
0.0240361183368546,0.0313086368614597,0.051999464213153115,0.08120322417614331,0.11380180163955272,0.14249116120543034,0.15896660674708712,0.15764177246393285,0.1396929130933473,0.10948624119638052,0.07485707660738868,0.045268360548528654,0.02327633656869047,0.010312771199881133,0.0038473097534592595,0.0012224044447796249,0.000341057593709232,0.00006303374669213528,0.000007879218336516913,0.000009004820956019328
0.0241952744977436,0.0315266296719365,0.05259807996899832,0.08145261768131808,0.11422066613044586,0.14275640029109127,0.159012001883532,0.1570901684589509,0.13893526372826667,0.10892830186978844,0.07529734345393797,0.04473838958019319,0.02334700921714015,0.010325630228434574,0.00383578124894389,0.001203117290417642,0.00029739977965379964,0.0000889946310327658,0.000012391657485574986,0.0000011265143168704532
0.024396501090315003,0.03149761345914524,0.052704183704010435,0.08130441729471362,0.11453258230246621,0.1421066370815115,0.15909147168894178,0.157845879644528,0.13879631025706227,0.10864780688034892,0.0750213224654396,0.044756923893988526,0.023388325415703688,0.010276415665429701,0.003878550837483433,0.0011859566529467765,0.0003353084274934906,0.00006863695999027831,0.000010126764588729587,0
0.02433628069480115,0.03171012645543096,0.05276651515134453,0.08171018275292491,0.11397089869941533,0.14312511892845606,0.15863057471859698,0.15673672702133332,0.13888479168238296,0.108852330547358,0.07539698177875306,0.04499858693290124,0.02340174229484349,0.01044543703181597,0.0037978289434424115,0.0012419227170521734,0.00032765141492491564,0.0000619272433706886,0.000009007599035736522,0
0.024602245876184262,0.032027364583567745,0.05300425321241306,0.08119022436258072,0.1142167563066814,0.14278304115939422,0.15818349573553572,0.15700542340842089,0.1387188604091186,0.10895762540225493,0.07492292458986878,0.04540698066926209,0.023289150932781232,0.01028309741881765,0.0039415352071471964,0.001211827981186848,0.0002756711749217996,0.00006413574273690846,0.00001237707315975426,0.000002250376938137138
0.024564710227170366,0.03181916445981734,0.05286980489650329,0.08178065719072582,0.11435532976634422,0.14236880505863908,0.1586465708263525,0.15704660505503606,0.13892454376767735,0.10863328469257241,0.07507453746239352,0.0449893260552343,0.02354010160514512,0.010416103694896322,0.0036322938622565712,0.00116309967752977,0.000297249094741393,0.00007093444306328706,0.00000788160478480967,0.0000022518870813741917
0.024572427164364186,0.03179100665144558,0.05335784912212397,0.08251123296488384,0.11417395932614584,0.14241700321488404,0.15881437504430734,0.15755070165942933,0.13828615281783416,0.10790397882700052,0.07464787622977478,0.04499937547753462,0.023208605131886766,0.010462720509880393,0.003833780251361851,0.0010633760896791747,0.00031169859983188534,0.000048386425244660876,0.000012377922737006273,0.0000033757971100926203
0.02462790291994217,0.03217732360206855,0.05329499350061056,0.08198909453094665,0.11490132745105766,0.14230342863895462,0.15907016527018875,0.15663922480009457,0.13834977406884288,0.1075916245097322,0.07512393857373573,0.04469666702305454,0.023246993680680204,0.010447416844391677,0.003874874091914311,0.0011704528189343249,0.0003207490898041179,0.0000630243825580021,0.00001575609563950053,0.000004501741611285866
0.024591326189559826,0.032099715734532526,0.053480395135751986,0.08221303929975717,0.11430375216912783,0.1432299579341125,0.15825911596365547,0.15716639320463738,0.138543966617376,0.10820093494754711,0.07419598787314066,0.04480163311974038,0.023124984526325505,0.010282397372963943,0.003857727721847477,0.001147865308134314,0.0002464534338053084,0.0000450143258091888,0.000011253581452297193,0.0000011253581452297193
0.024314574801361063,0.03212069690611288,0.053732028039968426,0.08247142140690113,0.114914843326564,0.14288846758468998,0.15837814375768866,0.1565373742553149,0.1385749722816321,0.1079318386779744,0.07462594259317984,0.04461813872002986,0.023274433207166975,0.010282221337633336,0.0038052315186517076,0.0011930705204756082,0.00030473337516389253,0.00006409521175033908,0.00000449790959651502,0.00000224895479825751
0.024500098990298952,0.032190970284912086,0.053633618905347256,0.08298649232375223,0.11502222782167344,0.14273613685858785,0.1586364536275444,0.15647666528680185,0.1380127247529742,0.10735047965299399,0.0748715375893162,0.044941595723619096,0.023161480174942854,0.01017462788646713,0.0037751300372563493,0.0011755098000395961,0.0002947211173305016,0.00006524360612659954,0.000013498677129641295,0.0000011248897608034412
0.02447966779764014,0.032515768921298864,0.053577758646883064,0.08212442958986738,0.11506220354146621,0.14375291886812627,0.1583846772786865,0.15687896333057624,0.1383017392233982,0.1074053442717037,0.07398704725893669,0.04473140786504841,0.02316751349009414,0.01019564153204706,0.003812674780416718,0.0011748620043550916,0.000313971742543171,0.00006639545810052722,0.000009002773979732506,0.0000011253467474665632
0.024517549190400948,0.03256739906458336,0.053358811957847696,0.08264234943528384,0.11576118516117707,0.14258463990060638,0.1588869082184319,0.15735976628088608,0.13799871256420304,0.10735571490949683,0.07356840290438312,0.04467874875645408,0.023544094676047844,0.010087914759145972,0.0036518611550009675,0.0011062494654440528,0.0002554614737088501,0.00005401828518953666,0.000004501523765794722,0.0000011253809414486804
0.024752581089824744,0.032660984049286884,0.05340084957943003,0.08206262131825469,0.11532787577010717,0.14413705797957635,0.1585202689397137,0.15646327397530038,0.13864911244268144,0.10757588544743583,0.07368498044842042,0.04466312206374661,0.023056798042028873,0.010043041606886656,0.0035794863138942793,0.0011612794328635324,0.00025656173516752455,0.00004163501842630883,0.000006751624609671702,0
0.024951520959592542,0.032354979056154726,0.053573276463257165,0.08272931373475326,0.11539023940322415,0.14223930424140985,0.15915972662770345,0.15716320002159626,0.13840597315768394,0.10788779857914789,0.07368026779327008,0.044226157535510034,0.023087721192651862,0.010018626749632185,0.0036702345440720605,0.0011304277403593067,0.0002991977899856474,0.00004836656003527386,0.0000033744111652516636,0
0.02481844485484028,0.03241827064292973,0.05383463148216297,0.08295998190356899,0.11515429795863703,0.14293704625281203,0.15878717899373496,0.15734666707181055,0.13830039850411835,0.10770189956255705,0.0739207695934943,0.04426423040087871,0.022909766558290662,0.01001605945712958,0.0035213764091413997,0.001063502942358141,0.0002599673859097678,0.00005964619676717611,0.000009003199512026586,0
0.02490571640348993,0.03234942462542446,0.054129413445240165,0.08321588890900966,0.11534935826416955,0.1430984857261439,0.15912979024219606,0.1570219768230505,0.1385589259824559,0.10756821993244649,0.07337530214054416,0.04359597018467549,0.022675303377787885,0.009879953614607574,0.003564386726399296,0.0011033964590084276,0.00026881932079817964,0.00004724021537039141,0.0000101229032936553,0.0000011247670326283668
0.02501629368480416,0.03289467019218106,0.05364477628404929,0.08241396427883983,0.11541331928530665,0.14310864370129484,0.15906576119930524,0.15716454989469614,0.13832353460958752,0.10711845480711545,0.07397389183244579,0.04392147063028137,0.022691840550394478,0.010029480594474673,0.0035851734784962765,0.0010997533715826886,0.0002802851479263964,0.00004052315391706936,0.000011256431643630378,0
0.02525714452855618,0.032653952032687714,0.05366651029309357,0.08295449304025102,0.11585031786584943,0.1432246930746757,0.15850205366876022,0.1569315679994419,0.1375164951619816,0.10772451701378226,0.07428419715670093,0.044017473340555786,0.0226741680982161,0.009775035802798298,0.003633716842333814,0.001020365689163085,0.0002677475568035439,0.00005062453805109029,0.0000033749692034060185,0
0.02545447997046669,0.03252041670793529,0.053953458009562326,0.083263927031091,0.11517206760248869,0.14358438155608183,0.15858289588604457,0.15674719298403583,0.1383440181521866,0.10747247008400786,0.07365884513915777,0.04400847282124238,0.02248651641890493,0.009790790646581608,0.003727681184214081,0.001083863822583985,0.00026111776411161426,0.000040518273741457386,0.000004502030415717489,0.0000022510152078587444
0.025098385897665207,0.03266108124948688,0.054036605515008995,0.08325938222991545,0.11550768697819473,0.1431479663165377,0.15872100020132687,0.15701253288434047,0.13843196667195284,0.10715655476711868,0.07309068373559353,0.04369132415777287,0.022572238699540347,0.010133831814383296,0.0037071153895901635,0.0010684950303733766,0.00025531407567869104,0.00005848604376780591,0.000008997852887354756,0.0000011247316109193445
0.025067547958488104,0.03277285213240074,0.05406311375278685,0.08270097345550834,0.11534896591443397,0.1435290068144135,0.15902510466840192,0.15681137640354656,0.1383535171057753,0.10735007277856638,0.07316776865639743,0.043695261406662335,0.02243312133435621,0.010067514212630397,0.003857151534649123,0.001184479605128471,0.0002890895142621242,0.00004724420077435494,0.000006749171539193564,0.0000022497238463978545
0.02547242708465727,0.03255953632916758,0.05383436117600349,0.08320183020856416,0.11553079085210653,0.14371726247048913,0.1598260671998776,0.1568668251077802,0.13746359997255586,0.1071929491080095,0.0733973021520022,0.04355968367265449,0.022477192690413334,0.009665057885744687,0.0037679441309489935,0.0011798726547359683,0.0003048098088021425,0.000056237972103716355,0.000014621872746966242,0
0.024949322918189982,0.03275280608169979,0.05397981016061428,0.08285843489373,0.1156191153277643,0.14380592196291864,0.15963337015530477,0.1570674562017274,0.13795302836341714,0.10754115474002261,0.07320897856151333,0.04342480330992776,0.02223942080763857,0.009940807368593933,0.003717819209370029,0.001193526832418034,0.00027222760927913663,0.000080993338297925,0.000006749444858160416,0.0000011249074763600693
0.02502547422548232,0.0327622158189879,0.05410095666120066,0.08342949431694208,0.11574745763855619,0.1438287142320505,0.1588635683710217,0.15679526370603306,0.13866526305371288,0.10705810372789705,0.0733601459397571,0.04282031729750524,0.022344213583104455,0.010013113883846533,0.0038385665152834126,0.001148308353971393,0.00029354405522677136,0.00006298263253907734,0.000007872829067384667,0.0000022493797335384767
0.025168243687699238,0.03301680469114563,0.053860468777232454,0.0825493205597441,0.11582024771317895,0.14361067539228753,0.15945509847245415,0.1566102762176233,0.13831121006145042,0.10737236249557253,0.07275211253352228,0.043388599346702895,0.022824919743403786,0.009997357576166464,0.0035048659953785693,0.0010850804252615714,0.00023950479852923818,0.00005622178369230939,0.000012368792412308072,0.0000011244356738461884
0.0253345783460375,0.03303724763370432,0.05376399933609359,0.0823402023559645,0.1155434265926132,0.14329426296791012,0.15924156596102146,0.15788891310165107,0.139272435350984,0.10674892482163163,0.07300486525974212,0.04359426285500081,0.022384259546759672,0.009824234164759442,0.0034267958499074706,0.0010557015221296486,0.00027662767157407895,0.000045163701481482305,0.000009032740296296464,0.000001129092537037058
0.02179999002235688,0.029322668857107378,0.04930347929697061,0.07846372140564105,0.11232273730837991,0.14084371414284502,0.15844961348234826,0.15942069339978915,0.14113608229003152,0.11020306824127801,0.07809594083953748,0.047661808946697345,0.02544415014264549,0.011460367293285863,0.004455133671413006,0.001428195195184742,0.00035965922868177953,0.00007193184573635588,0.000009281528482110433,0.0000023203821205276086
0.024690908553075444,0.031146360360749848,0.05093139859399944,0.07800697880532043,0.10819992559278323,0.13687742264323102,0.15429826826873522,0.15651796979795138,0.1403645498534041,0.11152777129906576,0.0800878778811464,0.049965470045406635,0.027678574476049187,0.012671981359513149,0.004841019993241917,0.0016007791140990307,0.000395928309670549,0.00011035932769552655,0.000010239525250100407,0.0000011377250277889339
0.024887667835604952,0.03126516152898511,0.04974191548380335,0.07592375126622178,0.1050938127708908,0.13374989484165167,0.15250783933878728,0.15553294250921074,0.14173040511029242,0.11466581541223798,0.0824913943017428,0.052015640647706286,0.02872061760506327,0.013808299500195336,0.005533922066427809,0.001836957887106606,0.0005404850997823078,0.00011754686605073636,0.000023048405107987544,0
0.025591536456065173,0.03140731966484924,0.04936215676369317,0.07429639823250359,0.1044773866137115,0.1318015805273457,0.15065758531189577,0.15505310037684142,0.1415448754797614,0.11575127307355078,0.08399207994379314,0.05342670173788329,0.02970601726850964,0.014310682204841453,0.005839009180065147,0.001967239767508027,0.0005655524006944569,0.00012309764778975846,0.000019742075588923533,0.000002322597128108651
0.026142698142501725,0.03208884378682729,0.04999041321386484,0.07451387979573128,0.1032485175555098,0.13132026412764922,0.1507183074879814,0.15390182195701374,0.14045576984230915,0.11466731513870439,0.0839194522905404,0.05481069604743825,0.030512869675826334,0.014798724255971856,0.006029153182812997,0.0020599898988009503,0.0005915748517555515,0.00013678707046521632,0.00002221328494734282,0.0000011691202603864645
0.02700323761509399,0.03233737006939427,0.05028116131079346,0.07458854084036973,0.10383284269656315,0.129820726612491,0.14986103521420555,0.1534312256517831,0.13937257252316568,0.11435891108016474,0.08471739909628818,0.054816172798157335,0.031096382214857783,0.01510926216456016,0.006336559196648393,0.0021670280338686267,0.0007027563797469838,0.00019037881859366472,0.00002350355785106971,0.0000011751778925534853
0.027578129975633404,0.033247550956383085,0.05069337478564235,0.07510832875329349,0.10375736246317291,0.12958878711896238,0.1495679823371648,0.15250942937814468,0.13986851944020517,0.11434256181874365,0.08339132096211499,0.054678599144692315,0.030933549715644396,0.015187254830271196,0.0063004050091876014,0.002197239710242699,0.0006298046190389699,0.0002040378260182431,0.000040099919564279,0.000004717637595797529
0.027541649687885715,0.0332193540385876,0.05137099965156588,0.07551453088366432,0.10362548647898473,0.13004624134082168,0.14888884951780262,0.15104559762356118,0.1386472488469193,0.1140891400764193,0.08352733436091865,0.055135269209645114,0.03152442877475212,0.015461025577426192,0.006633240614425173,0.002297302883735213,0.0007700984474012135,0.00015118497126894974,0.000031890579877044096,0.000005905662940193351
0.028282068387957583,0.033730299546256726,0.0521580010693011,0.07592629392532872,0.10380619153738062,0.12966932099378764,0.1463239225371772,0.15108254910032035,0.13737562277327517,0.11426381456615234,0.0839626123121035,0.055395475815342085,0.03141426901912913,0.01587273424081986,0.007011965763438417,0.0025005559419549253,0.000816170104043946,0.0001833425596040748,0.00004376564326032753,0.0000035485656697562845
0.029202587100266127,0.03439005238392453,0.052136394806376087,0.07550485999173324,0.10303277222645298,0.12917972909113948,0.14568605412729188,0.14948072051287212,0.1379699956060511,0.11382459498094966,0.08476176151161316,0.05553667170806178,0.03227361392230409,0.016193655895767475,0.007102563768515875,0.00251911841514645,0.0008148347294878973,0.00019304950713158056,0.00004500540657055249,0.000009474822435905787
0.029392975789906586,0.0347619346741113,0.05239416454614521,0.0761515113085919,0.10321319744612965,0.1279969279599498,0.14459566287679002,0.1491124625032149,0.13700326759815531,0.11437186144056394,0.08447636058070095,0.056409624303250167,0.03281939083057675,0.01634984278313555,0.007228538683170982,0.0026832942414656683,0.0008592704616000912,0.00025244773561492346,0.00006163043310786865,0.000013037207003587603
0.030062698303541364,0.034843325381430486,0.052397190433054616,0.07486922044476904,0.10257598967991612,0.12664393339372357,0.14445983182436892,0.14773465622643475,0.13755566727214955,0.11420268341150858,0.08568372926853561,0.05725844316602718,0.033282981821286126,0.01680096371371253,0.007521899350726346,0.0027531289868200767,0.0008773968347316358,0.00023594860825891273,0.00007232595529544562,0.000018970742372575895
0.03054314632179225,0.03540600861631731,0.051889140043069694,0.07513799292307438,0.10106415201017711,0.12603769371569482,0.1437608906616177,0.14713543677269383,0.136977352175044,0.11479395788766004,0.08596481017138802,0.057742629390265504,0.03420751617489677,0.01780990650808716,0.007805048397001513,0.0029041764313907617,0.0009965660637778523,0.0002541896753855307,0.000052263297742819465,0.000010690219992849432
0.031126557277423268,0.03522271915831055,0.05160380583409298,0.07444664425706474,0.10057258432087517,0.12446943368277119,0.14218583827104225,0.14691108325736857,0.13663566355211187,0.11556731426618051,0.0869832022941355,0.05917060733819509,0.03510283728350047,0.01793124240352476,0.008043955104831352,0.003108620100273473,0.000980420085080523,0.00026350273473108477,0.00005341271649954424,0.000008308644788817988
0.03140222252305529,0.03544803148297248,0.05250882905477458,0.07397406027269729,0.09944710048378705,0.12379795417679011,0.14098343913949077,0.14564556006013496,0.1352383191664708,0.11589514859174496,0.08833923520316925,0.059974635022194356,0.036051280955129154,0.018735171106725283,0.008149805368920297,0.003181309716353998,0.0010711240627664447,0.0002778747568595878,0.00005224995428129002,0.000011874989609384092
0.03196994694424993,0.03545833283877933,0.051807100212460384,0.07315521477489881,0.09786115298334738,0.12203178597286679,0.13915680526047167,0.14529323094087904,0.13690045222015168,0.11657309705522785,0.08874672110716787,0.06129778875028188,0.0372553441502178,0.01941698021388471,0.00869425882185375,0.003312720323794376,0.0010551803539423862,0.0002896108058064591,0.00006409419472765902,0.000009495436255949485
0.03244720349303473,0.03558499420797815,0.051218106751418316,0.07274304214809753,0.09677607152404431,0.12031484836783793,0.13793328778922984,0.14487539727329435,0.13635904595004011,0.11740636231324444,0.09026880921971071,0.06252532153146996,0.037929129414560246,0.020079009118721614,0.009250601479193274,0.003373035910535541,0.0010716725576974484,0.00030415540440193665,0.00004871238898624765,0.000017821605726675975
0.032703897529213065,0.03510674436227756,0.05126033651733302,0.07201770243657932,0.096012913371611,0.11951757772134582,0.1368981302217081,0.14365650811599234,0.13680073356312614,0.11799605187203498,0.09152078943555075,0.06287429417116633,0.03910950947716999,0.020561384837953334,0.009225363990317346,0.0034991531241759877,0.0011877641290481973,0.0003088186735525312,0.000052261621678120685,0.0000071265847742891835
0.03300750343333159,0.035817132918640734,0.05064104696417454,0.07054961817551098,0.09460669939221711,0.1180745306196154,0.13562728987773062,0.1431794313737603,0.13735108369725854,0.11917937434956782,0.09273321706734079,0.0642472568987393,0.03964606984513178,0.020904118572304294,0.009709556779463691,0.0036816244291640733,0.0012379001791510045,0.000325513098932222,0.00006058820454577853,0.00001425604812841848
0.033386002637425305,0.03559098523279435,0.05028215698620698,0.06984424934361372,0.09359176933220867,0.11600750834590662,0.13499697052499018,0.14251482066695964,0.13810366744680597,0.12010383377092416,0.09390184500968253,0.06521925082865052,0.040297957777434563,0.02152828104023857,0.009724020766754191,0.003781497629881315,0.0012771316217789557,0.00033977641286398266,0.0000570254119491999,0.000016632411818516625
0.03384061633223479,0.03543862895973768,0.04981362451092744,0.06934568085777808,0.09264676921470787,0.11556585306825543,0.13365886760578086,0.14204635778873967,0.13771855521625964,0.12084510785102297,0.09496845496973622,0.06644031120317184,0.0410180301380199,0.02153935951369165,0.009856190727018634,0.0039291891776463295,0.0013524383039000048,0.00037844545521412436,0.0000664355658056143,0.000013049843283245662
0.03418754745634015,0.035467682232346254,0.04902358580106304,0.06882830296127564,0.09151361996962795,0.11428673120728931,0.13297147873955972,0.1424390186028853,0.13844794039483674,0.12153450075930147,0.09501471146545183,0.06711394267274108,0.04138074221716023,0.022018555429005306,0.010198367501898252,0.004044466590736522,0.0014367406985573276,0.0004413439635535305,0.00011270880789673506,0.000013050493545937738
0.03438352642621971,0.03602794564886436,0.04928044811608556,0.06861185190275176,0.09096315813792032,0.1137800672221518,0.1329693021999439,0.1423180861234949,0.13817505008488665,0.12115270470235177,0.09580045185986417,0.06687502295433893,0.04155357335377406,0.02225652702925241,0.010345150325744285,0.004012714630473646,0.0013648205651921,0.00038741000418213265,0.00008885550554636066,0.000017771101109272135
0.034651431277937315,0.03616470797193689,0.04943488943488941,0.06877120274710632,0.09111038749592969,0.11326366892631953,0.131490482815784,0.14177318611053547,0.13724519700423313,0.12183416713537196,0.09540984577129154,0.06734791746839941,0.042577780409105724,0.022996358899973354,0.010324146709688875,0.004046061395458984,0.0014742014742014737,0.0003919362955507533,0.00007815043959622277,0.000014209170835676859
0.03517637392148749,0.03622924637808317,0.04945417811329525,0.06849717870494314,0.09035021051520799,0.11257317048589824,0.13112411919749306,0.14148210768940736,0.1384894837249394,0.1223679670669084,0.09624179073685662,0.06750358960739003,0.04211371259664669,0.022701969511754103,0.010354431490371789,0.004254173844893391,0.0014014586077658832,0.00040075550712763777,0.00009011070574467603,0.000013042338989361011
0.03571792495977365,0.03593475628396136,0.04885932505029775,0.06836585013282397,0.09001225156225191,0.11274043987137046,0.13069715417773534,0.1403325220919128,0.13811681402507656,0.1223461860199485,0.09685961889821251,0.06794166644944039,0.04231646946469915,0.022815868735292785,0.010524020882159875,0.004215769680108628,0.001324685357605802,0.000389822435288291,0.00007464684931052373,0.00001895792998362509
0.03558436420194008,0.036675349535827795,0.049761250712220324,0.06854728373081445,0.0899133016106545,0.11238451961700605,0.13029397375712365,0.1398249922114783,0.13748902795694343,0.12221286415041148,0.09670441878674374,0.06838736731379508,0.04286233802539948,0.022943859861097777,0.010502362616990706,0.0041566422764516536,0.0012935461287789144,0.00039446049531444914,0.00007462766127570657,0.00002013762288392082
0.035915890738957915,0.03654113275380031,0.04961792739377101,0.06740061553181685,0.0894261865092194,0.11134636631366546,0.1305571640537945,0.1401276298946207,0.1378942843643313,0.12342253689579184,0.09692909068732808,0.06863215283377916,0.042776974515467046,0.022919619691807783,0.010784240585548622,0.004246435350804585,0.0013783744418116388,0.0003623561676927502,0.00007341856992467493,0.000016578386757184658
0.0363874590325952,0.036695195406679544,0.049594083886568364,0.06745581319928654,0.08958087489451151,0.11272383382709246,0.13017130263623544,0.14013841035225166,0.13783275474949663,0.1220032691071739,0.09704703277037305,0.0686358638337561,0.0425611241373025,0.022876648608854046,0.010535236406633373,0.004032530101943594,0.0012131914747555564,0.0003467952215642711,0.00008640290503137136,0.000007101608632715454
0.03693347217949021,0.03703642344922254,0.04943435969043617,0.06745674863323312,0.0892291671597283,0.11199323124985207,0.13011502141859752,0.14043026530660546,0.13773578207464562,0.12198542115352753,0.09803800913544604,0.06904361820462451,0.0422561711594443,0.02283151492201737,0.010021773601874418,0.003933448512531653,0.0013466499420159508,0.0003218706364045155,0.000055617352614015575,0.000008283435495704447
0.03709433980118571,0.037421990698026555,0.049950793222712744,0.06719563952250501,0.08886909577815312,0.11181057283312754,0.13107573585423438,0.14072783447597143,0.13798124464758008,0.12241486990958256,0.09658722610987307,0.06802600388922797,0.04224804000889507,0.022859860044569986,0.01050612009292511,0.00403826773218265,0.0012349008530751868,0.00030754235804554493,0.00007215416861837783,0.000009462841786016759
0.037243533615732294,0.037097995598362396,0.049905341126913895,0.06748231062309205,0.0896159216224531,0.11185010767446814,0.13087654116477743,0.140024138012637,0.13819722176207494,0.12230163049908892,0.09687389071633098,0.06800766736871995,0.041778876872470824,0.022529995030409162,0.01037342925432472,0.004026551813900657,0.0012648791916132233,0.00035023783041862887,0.00008400974986392787,0.000014198830962917384
0.03742504538319717,0.03766953001078331,0.05008273501527733,0.06770216339368283,0.08905618303985331,0.11257749394989132,0.13053116942784693,0.14028338957267167,0.13855428090220728,0.12170019570581066,0.09673677981856173,0.06748602480987483,0.04211749671363053,0.02219613336341163,0.010090010499847047,0.003971989384406608,0.0012425015856068226,0.0003389714401798087,0.00007086510944525611,0.000008267596101946547
0.03793780293081132,0.03802047410738751,0.05005149233283886,0.0683607959108474,0.08959902117326934,0.11230997439555557,0.13083422303266223,0.1403803818935952,0.1372849368392211,0.12120893604557775,0.09659182169480633,0.06688334388375011,0.04193672584348222,0.022285787171323033,0.010296104534159736,0.0037946070048468926,0.0012684120520403243,0.00040036469799038197,0.00008975727742557228,0.000004724067232924859
0.037859186907267715,0.03772911099023247,0.050101695716954824,0.06801906203438733,0.08986826857129346,0.11230045171818467,0.13168531088144175,0.14075633233214302,0.13783080670718725,0.1220064801456851,0.09611664262233047,0.06707069034836695,0.04089586831587162,0.021937894662157374,0.00977106638601802,0.00395785540288059,0.0013031241870255174,0.00038313270108554287,0.00007568053354776147,0.00001892013338694038
0.03847031383179316,0.0378792267161919,0.050723549738207536,0.06830720925311413,0.08967737283056254,0.11337050877232388,0.131353743177377,0.14051441129496553,0.13727052520454558,0.1217166588446138,0.0961284976102348,0.0663317961127747,0.04070107660607235,0.021618420166000907,0.009997647473279903,0.003929547144517253,0.0013110312224036194,0.0003818422766784215,0.00006974827964095001,0.000008275219618417801
0.038646183956733866,0.03832707726636664,0.05057604666994441,0.06834083431035137,0.09060857191482925,0.11308904731288526,0.13200852842176922,0.14100615521349427,0.13760471426950566,0.12078542793389059,0.09536089784803903,0.06609881434136379,0.040654192352785445,0.02138251200786657,0.009731572179569601,0.00382691653114481,0.001232697326122309,0.00032028856699822247,0.00008627699406225181,0.000013000642940887258
0.03850353482233816,0.03869240494225888,0.05036221747686046,0.06842056181778047,0.0897227504683389,0.11278615298715801,0.13174163039770143,0.14149441121510772,0.13828361917645543,0.12183067085486161,0.09522241227278043,0.06616710519947634,0.040051089367438564,0.021382458451524713,0.009614669542214242,0.0037207413624382206,0.00117217518175798,0.00036829673384540745,0.00009089374521184739,0.000009443505996036089
0.03865356416441987,0.038835674755214974,0.05082659287640131,0.06775578260252593,0.09053497942386833,0.11301026441511755,0.13248781987607022,0.14182512653138457,0.13815689891679678,0.12119814578307554,0.09513859325481289,0.0657880421928953,0.04006078236601862,0.02093680525992149,0.00937751288964571,0.0037616479825930667,0.0012014568847263606,0.00037013386310959733,0.00007213471453573627,0.000008277754127051701
0.03963161274482029,0.038996543713524824,0.05101445785408049,0.06887902052996396,0.09023528245226364,0.11359354637656527,0.13218879256615107,0.14167823483861214,0.13788906831359657,0.12047188698132096,0.0944364175496251,0.06542863618335315,0.03979923319545962,0.021009216763933747,0.00932300224753055,0.003699454171152286,0.0011922299658148716,0.00034114302982227504,0.00007082554252365575,0.000014165108504731151
0.03978422436127764,0.03895213600862346,0.05116043230772141,0.06873948070122354,0.09059007356417476,0.11314983263677449,0.13289420185706993,0.14141483386599593,0.13729457818793853,0.12038096408782314,0.09432974337638762,0.0654796800242062,0.03968848692297509,0.02117688496378524,0.009751035382666086,0.003521010230904518,0.0011535770343614662,0.000322670625390041,0.00007564439569583386,0.000014183324192968853
0.03990254076646987,0.039413591145996345,0.05140939137582628,0.06907417271259564,0.09012498922303065,0.11381896817457628,0.13260927846861925,0.14241071059497137,0.13790623269041571,0.12010681305235654,0.09327599788830451,0.06435002179014612,0.03982223020078821,0.02096105764290852,0.009667974862792946,0.003596259889714698,0.001172770466498093,0.0003058887722286064,0.00005314669787755709,0.00001535349049796094
0.0399533904658238,0.039345388690222506,0.05168133151208269,0.06977145036167252,0.09105505426563423,0.11366327563022634,0.13284425591798238,0.14205282649990503,0.1374249294895028,0.11983774026400265,0.09370546977286705,0.0640881094922654,0.03889794660681882,0.020725186739186136,0.009560385201590957,0.0037070399522098826,0.001105028469830716,0.00030104942287054767,0.00007201574429452313,0.00000826410180428954
0.04002345852808357,0.03978155720730235,0.05201468400017463,0.06928289828462464,0.0908711161562942,0.11438510454267073,0.133134226912879,0.14229933695437985,0.13672616652486919,0.12049871792299989,0.09290544726374204,0.06356104704331686,0.03905703325140156,0.020753953316585107,0.009292550737327026,0.003634419843932347,0.0011009460111652207,0.00029264159782312434,0.00007198039301294584,0.000007080038657011067
0.040686163325867324,0.040019893585854296,0.05269555725666981,0.07040368385737103,0.091074584408343,0.11424872180166898,0.133489032538535,0.14173589256518582,0.13651796093107657,0.11909807868598381,0.0921200608620869,0.06384966875525692,0.03930282668481189,0.02052559704384149,0.00939511213177965,0.0035971477984746664,0.0011175375426459896,0.00030950828348123594,0.00004725317305057033,0.000007087975957585553
0.04105071706860516,0.04013365294847329,0.052643257336217913,0.07013711111819268,0.09168634754723708,0.11459878739809908,0.1336328840073224,0.1420623202312371,0.13674523675479688,0.11873914895977544,0.09182561854617605,0.0637153017518639,0.03894512840668076,0.02007036726234524,0.009194246455376046,0.0034617105075247694,0.0010527943309621868,0.0003021472519353361,0.00006963549946947193,0.000010622364325851649
0.041375556935514736,0.04064596255693314,0.05278343797149151,0.07099614424718372,0.09238931533824608,0.1152298694521903,0.13335167157391697,0.14148110019998913,0.13622046500426194,0.11853547505094175,0.0916113174491114,0.06293755002679907,0.03850440235831346,0.01990446799819608,0.009093957116850794,0.003539359137520276,0.001203004323259894,0.0003045879444563811,0.00007673727282815812,0.000005902867140627545
0.041501144359035125,0.041016516266878,0.053672266420461454,0.0707144314227667,0.092525053857392,0.11570937879168419,0.13323145531104047,0.14054214672557672,0.13587981223314502,0.11765260773541902,0.09234582400335818,0.06301933913707898,0.03790947241570005,0.01963392302313599,0.009057003347589179,0.0034820115721170236,0.0010718416928731371,0.0002735613561568405,0.00006131547637998142,0.000010612293988842942
0.04143635329893676,0.040539871048105705,0.05333833476062745,0.07094241517036701,0.09265026104147647,0.11618645887151761,0.13282446169779588,0.14195206650954634,0.13662271544473772,0.11783669396219204,0.09189414903781506,0.06285048327470812,0.03759091627563524,0.019454844424942018,0.008835068498321455,0.0033441147119814838,0.001091113265814064,0.0003090504601549026,0.00004718327635952711,0.000008257073362917247
0.04161999667162775,0.04065099184312745,0.05326339817364423,0.07113392449316094,0.09287574903129021,0.11568808194877378,0.13413812272723522,0.14225486597400336,0.13608203375347142,0.11827642249554736,0.09156092396557852,0.062211054208797495,0.03723527932951002,0.019711753521051943,0.008705699896489987,0.0033732226551204413,0.001032739616245762,0.0002620207940646388,0.00003540821541414038,0.000012983012318518141
0.041550212297345845,0.04064095542639081,0.05251076209152636,0.07068412157188374,0.09331307527869544,0.11652150357165991,0.13483030934756107,0.14132466477041855,0.13590092397929437,0.11882997956527633,0.09156405137536883,0.06269867910416993,0.037301909792767166,0.019102638847175356,0.008470693543922877,0.003245999917554427,0.0010364586093787726,0.0002756037665848099,0.00005300072434323271,0.00001413352649152872
0.04222662553589257,0.041283619633854386,0.05327511843564752,0.07128653116457694,0.09300985087540417,0.11578344340962649,0.1345233281978804,0.14146031536474882,0.13593547953618257,0.1172026672921939,0.09171793278961189,0.062449387105101554,0.03757760643884429,0.01914773484088544,0.008495304419986539,0.003337062135837643,0.0010314127053542691,0.00026875668208088384,0.0000648316557651255,0.000018860118040763788
0.042005202933247866,0.04180373065394839,0.053757752559051415,0.07123989104002115,0.09313792485908724,0.11629309857296354,0.133491290742172,0.14159024072991877,0.13607037155729826,0.11773521594058102,0.09146252379964936,0.06216774746922537,0.03704144437951251,0.018893622636529873,0.008496003544026997,0.0031752502497784984,0.0009814409862951724,0.0002780553094425695,0.00007540482967934099,0.00002002940788357494
0.04190608761302574,0.041608814387080396,0.05360827174547749,0.0721913873340372,0.09381801452156112,0.11628455653794655,0.13347921741643615,0.1422806282846037,0.1358432473560967,0.11727428763543929,0.09048194831928567,0.06181631581741289,0.036971587993464713,0.019118679257524723,0.00845931072719873,0.0031945075232539624,0.0009614193616883224,0.000281937702384674,0.000054264160291610864,0.00000943724526810624
0.04201331850616692,0.04176331644247063,0.053858935156304334,0.07136497589013116,0.09401964403008041,0.11723917532338116,0.1340329460266771,0.141187486217457,0.13485842453888186,0.11745733750160674,0.09114815806262558,0.06148281884402347,0.036936625656108,0.019366905151339694,0.008462334005115606,0.0031592241917091303,0.0010141593149943456,0.0002688701439752451,0.00006367977094150543,0.000011792550174352855
0.04266207579652383,0.04148409310661978,0.05370138905266136,0.07236516284225171,0.09412895314010802,0.11658962809235197,0.1347982454071646,0.14090984128481476,0.13524514774898005,0.11741268306487751,0.08996061599415137,0.06152394877720917,0.036907765959955624,0.018774615003655407,0.008435723887460793,0.0032426950923283722,0.0010612456665801938,0.00024526566516520047,0.000048345635921986645,0.000012970780369313492
0.04266375916853105,0.04133508916012955,0.053526757478783764,0.07254703444630095,0.09462584841361996,0.11645922422663381,0.13511724391832583,0.14158831525586923,0.13454022825748355,0.11673534215022703,0.09040266017199552,0.061580196916919155,0.03682398308364723,0.018951837482182134,0.008323657406096299,0.0032331756865188336,0.0009970925018643862,0.00027965789697261483,0.00005427959181746955,0.000018879858023467668
0.04270419384374324,0.041106606507395636,0.054434779735890726,0.07257695320980548,0.0946883170821495,0.11676900350194919,0.1344403960695104,0.1423728773562643,0.1344569146978035,0.11681265987672382,0.08980234281345274,0.06158380608074308,0.036029488111307253,0.0187510029167178,0.00850355386488706,0.0032824874222444566,0.001001736815774818,0.0002442397183337897,0.00005073578690025577,0.00001415882425123418
0.04220872505981876,0.041489251464852946,0.05408416074759311,0.07240188782335098,0.09478210901143623,0.11708461292085082,0.13493485879005968,0.14162560996288406,0.13528576407860277,0.11629213218531563,0.08990947114569403,0.06131657780206116,0.03617503815211863,0.018633306328541554,0.008551255722817792,0.0033253574994818852,0.0009867739322116926,0.00026965540629651254,0.00005887672626561413,0.000007065207151873693
0.04199403827681183,0.04162231563146827,0.05400362990113358,0.0722994644833763,0.0943561881789839,0.11773223224758853,0.13510643068375722,0.14184936146310034,0.13584751583066437,0.11701592861037097,0.09013153081285713,0.06089170952294415,0.03593790933743684,0.01882214664517363,0.008255782942296844,0.003232216906653952,0.0009499578714335282,0.00023955459366584636,0.000036582228589365654,0.000011800718899795375
0.04243525252370448,0.041578200946175495,0.05434673689695459,0.0726961286496899,0.09425327465614783,0.11717910963304753,0.13544480033763356,0.1416257101326603,0.13539882370555145,0.11627961808744286,0.08965443255994347,0.06095086748473636,0.035957262952147746,0.018929404649770054,0.008233353806688302,0.0032549097738067594,0.0010209170098213164,0.0002298831604101117,0.00004951329608833174,0.00001178888002103136
0.04219744285051255,0.04174863413726243,0.05472167969900367,0.07323003272416291,0.09506970081775074,0.11718972711016667,0.13551902784027597,0.1414713386750601,0.13483933590446148,0.11637692392869008,0.08956266476934058,0.060351225212447915,0.035760984033718364,0.018517776830161835,0.008298838280438302,0.003070982455231037,0.0010130590377823896,0.00024737488131895544,0.00005889878126641805,0.000008245829377298525
0.042612457563183694,0.04170006601282534,0.05516550358355337,0.0733225669558657,0.09436887023764612,0.11692639569973602,0.13437735760090525,0.14196293851376843,0.13530153715579024,0.11693936250471516,0.08910434741606939,0.06065046208977743,0.03580370614862316,0.01855667672576387,0.008367125612976234,0.003117927197284046,0.0010550264051301396,0.00022750848736325944,0.00005186721991701247,0.000012966804979253113
0.04218240620042479,0.04174396375542453,0.05512352998027011,0.07355697040984938,0.09478489212194355,0.11655497384667243,0.13516520558471953,0.14242425671040881,0.13447571948169504,0.11652197280242514,0.08922657338371491,0.06027758592646897,0.0361361434508249,0.018752843393544532,0.008151257929090189,0.0031515997256198885,0.0010572120246376366,0.00022511426611570619,0.00004950156637099304,0.000007071652338713289
0.04277822760760854,0.042074607322129615,0.05545164290032989,0.07336037026691607,0.09546371169718638,0.1171250805863267,0.13486762627744794,0.14078770114170347,0.1342677222149542,0.11625999299915497,0.08902034134423302,0.06066220451189141,0.03608263825785032,0.018630026553710276,0.00814643787810751,0.003047842643632237,0.000935803193752512,0.00021568260007142292,0.00003417920984738392,0.000008250154101092674
0.04275536119041848,0.042234011754487974,0.055785566505593596,0.0736220722639746,0.09520334981723348,0.11746602990639252,0.13405623983486292,0.14148576351212988,0.13475764900825923,0.11546065871265526,0.08908837990956998,0.060650710000258935,0.035680072682937165,0.01865913161778378,0.008215666844764971,0.003029240289131218,0.0010403451498026404,0.0002212498734874394,0.000040013274992409253,0.000011768610291885072
0.04320012431690451,0.04243727058468969,0.05475241393762022,0.0735223829290287,0.09561217834766825,0.1180798689021734,0.13429875141563516,0.14078536262628874,0.13468253276857042,0.11537574078041815,0.08825793874096172,0.06031724355518092,0.036076624419324674,0.018742892392888507,0.008370200672912338,0.0031926841385285882,0.0010677597764179312,0.0002684114983718725,0.00006945736142079151,0.0000035317302417351622
0.04297857847429525,0.04220666345330032,0.05521254768490312,0.0735016304495138,0.09631613868072066,0.11900808330554045,0.13523951167830828,0.14110488734165427,0.13440513635790458,0.11544784623924184,0.08759998067266203,0.05946338353334374,0.03597359697079334,0.01847999915148273,0.008386179067785923,0.0031524773758189067,0.000998186294324716,0.0002545551824960312,0.000044782856179857364,0.000008249473506815832
0.043377538041173995,0.04227752390823007,0.05523390022141613,0.07383167663824376,0.09613228435483116,0.11886159136948227,0.1349119046497386,0.14134946059264142,0.1342806331558864,0.11493381071277141,0.08773142695623494,0.059915437885711596,0.03591769915673435,0.018431714326094126,0.008234795307862622,0.0030385829368257357,0.000929241060912987,0.00026734818862769104,0.00005770952089320209,0.000005888726621755312
0.042779014975661465,0.04267762893416156,0.055388609160346755,0.07430535825229327,0.09713372229420104,0.11870890770687179,0.13496014703333825,0.14147007402359935,0.13470668192958854,0.11422316482423078,0.08689962664000761,0.05963031819891233,0.035718538201906756,0.018682146507545593,0.00823938423305586,0.0029802780571133503,0.0009537361345746437,0.00029236904990668957,0.000044798483453444345,0.00001296798205231284
0.04285384051082579,0.04179119264237239,0.05497227208503071,0.0744278095300997,0.09745695745398537,0.11943996924100288,0.13525466987151508,0.1409429614026481,0.1349173587834156,0.11447819389962283,0.08728573079744582,0.05929598694157912,0.03537048787449198,0.018614618543618087,0.008508259404020847,0.0031891230147591287,0.0008998893713983783,0.0002594700677688642,0.000048355785356924676,0.000015332322186341972
0.04260752640653155,0.041724853545834745,0.05500619285164613,0.07475968082360801,0.09696556161681152,0.11922093808444671,0.1360023286536352,0.14093068366489545,0.1337255276297818,0.11506919377438693,0.08743057347809634,0.05949969300897171,0.035692273607374383,0.01854202241682664,0.008415443121810036,0.0031865786586436533,0.0009439532195168528,0.00024394296684143377,0.00004949567443159521,0.000012963152827322559
0.04282671930189073,0.04183036473188142,0.055674262886500556,0.07491665564852765,0.09718234705249044,0.1200028804563398,0.13522325897663526,0.14214343728160478,0.13402031430028516,0.11483694728292697,0.08698505940350947,0.05894428914115184,0.03473547022269234,0.018225969438830446,0.008228188806829989,0.0031472527057401353,0.0010553803146780498,0.00024200555314205836,0.00004604008084165988,0.000007083089360255369
0.043004617573657776,0.04223482548825212,0.05558535438139012,0.07456609307528987,0.09734628030098515,0.12085735740868887,0.1357816572574418,0.14147316749992048,0.13296419464776416,0.11411666652913362,0.08700418847056576,0.05947675357576084,0.034815114331218075,0.018207410044548927,0.0081671050041201,0.003248923410992349,0.000994953323250196,0.00021690925530573,0.00004243876734242546,0.000008251982538804946
0.042562721373888335,0.04215253508094699,0.05570989928040593,0.07444409738388369,0.09819246930969655,0.12056648141490692,0.13573630207627338,0.1413410027168948,0.13392228855662752,0.11382551759498823,0.08694770714113118,0.05873914862770292,0.03502849498170075,0.018245039162182706,0.008061103613293338,0.0032331637975235587,0.0009453143877557047,0.0002628492624308255,0.000030646102346194864,0.000009429569952675346
0.04279300522533061,0.042332015996679934,0.05614282884684314,0.07534049536888571,0.09809874365697682,0.11919342211993737,0.1355096112127672,0.14100611193903148,0.13358430325781445,0.11466370187319615,0.08716233423251776,0.05919408236026486,0.035171945445284944,0.017905481881119015,0.008070259002848468,0.0030665805210239403,0.0010021504970666466,0.00025230612514383805,0.000057771028654430214,0.00000471600233913716
0.042585464394059046,0.04240042805857993,0.05577372295464133,0.07469575076430614,0.09739982698513346,0.11944036526408336,0.13664638731287168,0.14180383319858286,0.13411598596080995,0.1139482039689705,0.08696000622287797,0.05883684038082127,0.035235868291843574,0.017987417529187418,0.007921205164045908,0.003081974632343409,0.0009169316496991098,0.00020742926779825625,0.000045964440023477225,0.000004714301540869459
0.042155005443004025,0.042673386773735986,0.05589917954373018,0.07527603805861477,0.09751459714701771,0.11963652043600582,0.13641675973967837,0.1412695158789627,0.13385548471010705,0.11429248017191405,0.08746860258530909,0.058312009010410025,0.034722124043939886,0.017981941479460316,0.008191603164953662,0.002971267536604795,0.0009342645347056311,0.00023444973821742815,0.00005772883001333653,0.000015315812044354592
0.042048374549140725,0.042409061976944294,0.05610457577972135,0.07475423748791814,0.09687404229236901,0.11991206770550934,0.13554539239491742,0.14169829557509608,0.1342935948513638,0.11461844927980386,0.08768122775171502,0.05884627171786227,0.03466489073292628,0.017852848959192803,0.008110752257243215,0.003124778990546688,0.0010078031070982342,0.00024045828520238561,0.00004950611754166764,0.000008251019590277943
0.04231850028760831,0.04242694277065829,0.05615198921233039,0.07498561958376944,0.09751218799211675,0.11894018689826216,0.13603520137297614,0.1422482484181542,0.13465845332729828,0.11433373881392209,0.08680820768149972,0.058966778881062144,0.03505992625911153,0.017917762878723587,0.007943411883410188,0.002906730034795892,0.0008734334776089853,0.00023338708308580163,0.00005186379624128926,0.000010608503776627343
0.042120967313940674,0.041911040611382046,0.055689544352912713,0.07491906617998267,0.09720549819262539,0.12038352900939361,0.13674365944699643,0.14160971323776556,0.13401461231373424,0.11430273081617849,0.08727997499749383,0.05898350660148716,0.0350884227782266,0.017872074441423958,0.007900556069889082,0.002891799295919994,0.0008845226231402918,0.00021582352004623096,0.00005189199389089708,0.000009434907980163105
0.04201401174722242,0.041841813506946886,0.054992569527988096,0.07496048875993679,0.09734625999575404,0.11953978251126368,0.1364847970183757,0.14212605854740168,0.13457528365532054,0.11424645578279437,0.08721369093954195,0.05900974217441556,0.035542424456867894,0.018094968508951943,0.007789021772462437,0.0029733682447573894,0.0008810416814096668,0.00020404312032646925,0.00004245984006793573,0.00000589720000943552
0.04226799628035033,0.04156908872118775,0.05514887438167897,0.07480314496615662,0.09809338489298935,0.11985027113606071,0.1363859761192834,0.1418028043518487,0.13451790110870543,0.11344931505880605,0.08733044420112986,0.059222102922093595,0.03520231193434746,0.01809734497629254,0.007858879602860214,0.003028992288444923,0.0009475913618325756,0.00022275468580392635,0.00004007227152028307,0.000008250173548293568
0.041870517154062675,0.04146890126844668,0.05562203351902669,0.07535421107800302,0.09801547575582695,0.11957789110438477,0.1368308855571389,0.1432072738407905,0.13385351031128181,0.11363020716784245,0.08648167995571625,0.058604119801665334,0.03516671181410248,0.018130425053293597,0.008065294969790474,0.003053929593555301,0.0009162966539861266,0.00023672959826633873,0.000038866053446712276,0.000007066555172129505
0.04151926291645609,0.04181966616363848,0.05532131955954992,0.0745683323143184,0.09773354585390509,0.12034154082126715,0.13647142811703708,0.1429919456588197,0.13462424265985287,0.11349352483745827,0.0864395618117968,0.05916294696763541,0.03522846550487183,0.018107836519374833,0.007845825985234292,0.0029239249392419707,0.0008800048064519548,0.0002179396107009525,0.000038875714341251024,0.000010602467547613916
0.041294396955469014,0.041551249801174715,0.05538831319552037,0.07456862271498173,0.09789628093574555,0.120203597118064,0.13705691411335696,0.14223992176592226,0.13453669284287792,0.11383883073044006,0.08719564999675987,0.05924699700141974,0.0351770576210478,0.017793539797463287,0.007698516026792817,0.0028654409208999274,0.0008589253418322564,0.0002474270532027077,0.000042416066263321295,0.00000589112031435018
0.04160623586920792,0.04185836631254513,0.05561596998940818,0.07434313539522623,0.09771468494887289,0.12060553720868035,0.1371719211515057,0.14307931387530384,0.13418052304107023,0.11361893193302755,0.0868506904721791,0.0585142919081444,0.03509679334846901,0.01781761072237728,0.007878487264467158,0.0029112818947956273,0.0008553584199197193,0.0002415268265613532,0.00004359264674521982,0.0000058908982088134905
0.04176402934947801,0.041952378317737626,0.055714801992261226,0.07447082768776923,0.09737523940919635,0.11960630356909527,0.1375465427958285,0.14351014200335027,0.1345753378215323,0.11399939022021525,0.08642274690489675,0.0583528647289482,0.0347656879975797,0.017653007050137316,0.0077081815260268876,0.0028570184122888296,0.0008793542455623212,0.00023661339137620723,0.00003649261260031054,0.0000047087242064916826
0.04196652152650526,0.0418863900165566,0.05543215041155779,0.07441035581925631,0.09760135752205093,0.11932760235916592,0.13696124816610789,0.14309837910453044,0.1355695523830286,0.11449143005285145,0.08600585667065364,0.05813423206320961,0.03466041326647852,0.018148608598818065,0.008027291849564877,0.0029177296857784236,0.0008743761820870725,0.000207399202220114,0.000029460113951720756,0.000004713618232275322
0.041542495001697544,0.04201167528009353,0.0558112339205553,0.07449946244671622,0.09722523482590824,0.11970344977177559,0.13702893356973106,0.14203430910256887,0.1354528179108982,0.114645026217511,0.0867759534497718,0.058158314157455954,0.034825436644158575,0.018117667584593912,0.007793343770040363,0.0028869912105322715,0.0009029952091742426,0.0002169074653891131,0.000035365347617790175,0.000003536534761779019
0.04192996461322764,0.041755448041817925,0.05524274901333282,0.07442188437805478,0.09760664672303865,0.11966530551602075,0.13733746670329944,0.14250339305023124,0.13483527640241155,0.1141892585050297,0.08723941904848377,0.05870595962299704,0.034863222637157645,0.01781955694015849,0.007928712338911183,0.0028771650962140516,0.00090913700376272,0.00024290820074594064,0.000035374980691156365,0.000003537498069115637
0.04209531361734368,0.041940729307533106,0.0555889898210362,0.07476806453363921,0.09696330333689705,0.12022529188113762,0.13659116816176828,0.14303532782493972,0.13553149861818148,0.11481838113646609,0.08643740987498734,0.05805525858060924,0.03443099993627822,0.017615531121007652,0.007748096016916949,0.002970142807581474,0.0009098053653735864,0.0002619673036484258,0.00006372177656313062,0.000010620296093855097
0.042377117205477384,0.041991634916443484,0.0561448470330831,0.07497453694971518,0.09719104832321104,0.12017263005017167,0.13613065374023917,0.14292551586253727,0.13502253951488166,0.11389999622769628,0.08613819834773098,0.058299775547927105,0.03425841223735336,0.01776990833301897,0.007800416839563919,0.0029235354030706547,0.0009147836583801725,0.0002593458825304614,0.0000577634011090573,0.000012967294126523069
0.042320170199532096,0.04222121698319916,0.05605228499468719,0.07520091036959028,0.09744653581281822,0.12100918144485832,0.13621145831124562,0.14275415073402076,0.13459286641551396,0.1136583710886974,0.08610814644133606,0.05790530177196937,0.034466347660345446,0.017643122869266305,0.007653560077560476,0.002902627679099431,0.0008917569614765707,0.00025327311323310777,0.0000801049846504713,0.00000706808688092394
0.04267679654710312,0.04193544204882566,0.055672304811025315,0.0750158819584488,0.09765489181999587,0.12089735717139666,0.13695610922072918,0.14334542994435712,0.13388343644328993,0.11378082543753473,0.08654753920987404,0.057647678641093665,0.03411998628081658,0.017331665973242875,0.00778481154391494,0.002888807432874416,0.0008745390106865835,0.00024397516874949157,0.000057752576177415944,0.00001178624003620733
0.042487217354978034,0.04244014662532287,0.056721406002694805,0.0754484957959955,0.0978153297598805,0.12040574968962738,0.13651688368234316,0.14295027565796048,0.13343375088993095,0.11383349906152732,0.08587583918285212,0.05791817930417694,0.03428984978553398,0.01733732650023242,0.007857281547685592,0.002921915543343316,0.0008931670952064347,0.00021299505168954482,0.000060015180310313745,0.000017651523620680527
0.04187082510224601,0.041866116017715595,0.056444264452769066,0.07482264410387297,0.0985634937639948,0.12058788211277788,0.1378113587827958,0.14314792882689634,0.13366500985375943,0.11337121006990636,0.08625512407260466,0.05770983092031992,0.03404432661268484,0.017422435491428287,0.007722898629891857,0.002921986951126766,0.0008935487896475487,0.00022250424406243297,0.000051799929834640514,0.00001412725359126559
0.04227621212299649,0.042078362559325455,0.05562281393897283,0.07470234239751274,0.09856441298741067,0.12134419935698888,0.1377857336332481,0.14313238255626348,0.13472966448011486,0.11379647403813317,0.08580311613062781,0.05722798629185166,0.03346248513184084,0.01734834477641822,0.007679625027969807,0.0028558642375136893,0.0008408606456019692,0.00022493611107839774,0.00004828471494353041,0.000009421407793859597
