0.04898106546854946,0.04448812580231065,0.04452824133504492,0.04521020539152759,0.0474165596919127,0.046935173299101414,0.04653401797175869,0.044889281129653395,0.04669448010269577,0.04721598202824134,0.04589216944801026,0.04653401797175869,0.04488928112965339,0.04673459563543004,0.04773748395378691,0.04685494223363285,0.04645378690629013,0.04364569961489088,0.04785783055198974,0.046774711168164305
0.0061523285395358495,0.007576375651761142,0.010999280559531838,0.014529730691923724,0.017325906532074435,0.021868765158313992,0.0234263166873104,0.024587063422014867,0.025740393244676498,0.02727198558152299,0.028217641866985096,0.02776521023237184,0.027854213176885943,0.026923390715509497,0.028213933410963673,0.02777633560043612,0.026786177842716967,0.026055612006497208,0.02461302261416482,0.025443716762962917
0.0043032577495796635,0.0058476001151870375,0.00950757540570919,0.013443906698497921,0.01747545308450456,0.02081262598582457,0.023694624295176075,0.02629329964422068,0.028566850284716352,0.030355036181735417,0.030617458267921335,0.029372695098048306,0.028980223128442853,0.02903363647341873,0.02827423804702233,0.02713165692840754,0.02471876712710517,0.02175548764061643,0.017157295333995973,0.01668354218725326
0.00383637642077284,0.005329588391194494,0.008661788454554583,0.012803375084029395,0.01721926455929964,0.020781338134277044,0.024584875481961692,0.02753459692935349,0.029371653312110283,0.03137097335012633,0.03236580409368022,0.031425061235212756,0.030148200805136794,0.029108940727404782,0.027345289331551018,0.024712368353951117,0.02141300736367921,0.017124610760398395,0.013465951676338088,0.012374535423701307
0.0034088355232571093,0.004788152966990738,0.007896763922271002,0.012046725236190953,0.01654666261792392,0.021458336550025128,0.02508504933118543,0.028581378871395804,0.030758435881467906,0.03287544797794464,0.03329061566623263,0.03241052878982051,0.030797893967544874,0.029036004645760737,0.025613444570824675,0.022070794668697904,0.01774584532087144,0.014340440935534068,0.011259279083611686,0.010854404809082908
0.0030725837251673253,0.004399914850456116,0.007348843907111867,0.011700236039544452,0.016203457321921626,0.021321821448919677,0.025416512750518098,0.02918876276460533,0.03243821962321328,0.033366412261534306,0.034156862990627306,0.032857706346771515,0.030639748558405695,0.027761255705332506,0.02398587519330824,0.019581264595946633,0.015776144353520868,0.012360771104251846,0.010167857299382039,0.009895503978862876
0.0029110642251727096,0.004148484632576293,0.006883605415568231,0.010933212741794998,0.015971593131517,0.020770050645537934,0.02578661986474166,0.030038344037771128,0.03284907687855976,0.03443693009229033,0.03450963399401793,0.03248119513581817,0.029650105202545806,0.0266721533877837,0.022512036130931015,0.01825594972379787,0.01403185303342489,0.011343262747538609,0.009005105267979308,0.009073446935603243
0.0027809590609947886,0.003918001435687238,0.006681151399247087,0.010626551446372699,0.015591179839005756,0.020813355179159523,0.025660169542607577,0.030456296474894656,0.03323862546646137,0.03471541062298962,0.03447567277290388,0.032272824413258724,0.029135683403565107,0.025376593914220424,0.021366807130214646,0.01699535867522234,0.013132154462411842,0.01044709054145136,0.008207254056364422,0.00833328766898094
0.0026043060470811535,0.0036186147180496033,0.006314299924677465,0.010426362104279288,0.015443077963393498,0.02054986756548948,0.02601303588981762,0.030514112205775434,0.033869032777704526,0.03528018808441868,0.03462617438537724,0.03198270584134753,0.028310569044134825,0.02404838395956341,0.01987627261797375,0.01600049083662842,0.012569856103932046,0.009636585082482746,0.007525726496953811,0.00744740150305663
0.0025206261607320112,0.0034705730089440766,0.006153293274728145,0.010063656491177807,0.015098626095391745,0.020675165926562565,0.02612730795618181,0.031045419019544277,0.034395363857286816,0.03534405416204888,0.03459012809203928,0.03155683220370076,0.02775201863705244,0.022847729551640165,0.018380717586833434,0.015108678442991878,0.011866796341950706,0.008981772580714068,0.0069499418220382615,0.00668104152373485
0.0025518345208065613,0.00337106266117091,0.0060427245816128536,0.010049606097991912,0.01479990658353743,0.0203241942524421,0.026321677877049747,0.03138744233306392,0.034074999724886076,0.03596533809056261,0.03421439078160478,0.03141067417585038,0.026847451161164167,0.02196020507603538,0.01726370464746902,0.014003910285959521,0.010835820567028146,0.008195949589346614,0.006363079466352346,0.005829969810831663
0.002343108275824856,0.003447510897132271,0.005884151642514103,0.009835298914183957,0.014519117197383498,0.020541169275782877,0.026416926978721375,0.03141731669734452,0.034644186897060336,0.03548717825729822,0.03412376264337148,0.030890896772530246,0.02588331224855655,0.021028017771169225,0.015996450562693738,0.012896688590837417,0.009920437444165315,0.007484995833008565,0.005358930851924908,0.004981203571021723
0.0022804922742265367,0.0031411446203317307,0.005721919443886178,0.009552295269958736,0.014767044581318643,0.02076914892359346,0.02675824890349581,0.03141026398855616,0.034776029413503266,0.03569342806814286,0.03354889049144669,0.02934020594181139,0.024848972064265194,0.019664960336694758,0.015515386525116148,0.011787863383262208,0.008891437218485109,0.0066357714542423785,0.004817525151619043,0.004222871126768891
0.0020904485377998337,0.0031679147218929625,0.005598368910821208,0.009251671010531969,0.01475038309257416,0.020605514891661313,0.026797135042037592,0.031758872681952856,0.03513430809436212,0.035494245111246346,0.03331469164418525,0.028966136609580886,0.02387074157577377,0.018767139509008386,0.014562793767813666,0.010652728779836963,0.007824819709072405,0.005787130668861461,0.004070688347302875,0.003587645836044584
0.0021994468163968935,0.0030013648925394797,0.005501530987489847,0.00955308219776838,0.01458954732423949,0.020641231410478314,0.02699480035386966,0.03171306252280163,0.03467246658577551,0.035845038656414245,0.032784229255323497,0.02812774275214088,0.02281270434049815,0.01813873415832987,0.013138401968429138,0.009684792579460413,0.006941020557309755,0.004882608751397236,0.0033568663652480423,0.0028148723166923676
0.002130596149385294,0.0029517513337972627,0.005470888424959404,0.00930294595221526,0.01450823474831826,0.02080027835768963,0.026418464393412194,0.03191950823474831,0.03407794015309674,0.03484690327070288,0.03229877058687079,0.027344003711435853,0.022217582927395035,0.016731616794247263,0.012044769195082343,0.008707956390628624,0.005867548132683831,0.004176525168174438,0.0027209464161447464,0.002190906982138714
0.00200124629896608,0.0029827934438662563,0.005436083245371757,0.009164575050204576,0.014250353484145523,0.020428666726014247,0.02650755351975407,0.031710100224171964,0.03467092735973068,0.03458884273394984,0.031540150365160974,0.026446279080790915,0.020915393873249772,0.015190280255410358,0.010844419574986617,0.0077899465987483815,0.005128554929066164,0.003478769563020761,0.002275247092065423,0.0016902496181908785
0.0019769839870060852,0.0028334849213183426,0.0053522662691949,0.009004211033530338,0.014253881632262535,0.020760061004077315,0.026608014220451583,0.031555661609507034,0.034338425075765164,0.03385541849235088,0.030866310924825033,0.02549675325049599,0.019803269919986904,0.014380685269913068,0.009896447538453205,0.006762092167800407,0.0044508076815338166,0.0028553873678216174,0.001786778530530281,0.0013314381953306285
0.001964591346596242,0.0027996576918122105,0.005150726024624104,0.009122467195465335,0.014157020078399621,0.020781189612970905,0.026593297384839062,0.03152432964646557,0.033399203121261774,0.033086340799087184,0.030127951487936393,0.024802390636214738,0.018835001932384923,0.013179325321604068,0.009200682776008981,0.005921379538804133,0.0038452159670206315,0.002344166958058046,0.0014090306789112394,0.0010605112538417656
0.002013340388824928,0.0028512756703769214,0.005081560947165309,0.008877522558250852,0.014286222622186467,0.020551223672475208,0.026176868624374284,0.03076485125500895,0.033278657099664946,0.032510741067667284,0.02919573135106161,0.023986758326838394,0.017483003114134827,0.012392259314568943,0.007932836617542235,0.005149284483619515,0.003187597639547792,0.0019398775696203708,0.0011030901446184474,0.0008551531298030627
0.0019820197583310726,0.002806906594168281,0.005122318115316887,0.008936274054903097,0.014276270640788133,0.020269302638377642,0.02623140137962322,0.030540289420711762,0.03276060982050692,0.031952908127082985,0.027993451315064373,0.02250566250442517,0.016442744261021693,0.01122991772899489,0.007374717447616824,0.004487613522186592,0.002745040081480488,0.0016841439565009684,0.0009520568896954455,0.000646161354739147
0.0019257526798055703,0.0027518925697756387,0.005147927098303783,0.008917047316532865,0.013956271797735323,0.020281619874957666,0.0259490310591983,0.030646128356050278,0.03221144604230934,0.031023726920718028,0.026779747901467366,0.021247356810047326,0.015371694296202044,0.010684895142022833,0.006702946641890098,0.004020852594674258,0.0022930531018005725,0.001362787547028185,0.0007368893201395057,0.00048172422947008047
0.0018746070754986567,0.0027261816311367672,0.005119734811682002,0.008761501971766584,0.014052694747671034,0.019698233982968515,0.02541349945704979,0.02990569811967766,0.03144310453220552,0.029758244270446363,0.025961021889466765,0.02035320340629823,0.015011716294221862,0.009543350288620904,0.00595873578327713,0.003312567868777504,0.0019180430931016754,0.001064182431273933,0.0005555238040806995,0.00031433960107446983
0.0018333144979104093,0.0029177782420043625,0.0051586227995374535,0.008840091825540616,0.013663101634800567,0.019435873375730172,0.024900429105180442,0.028962031212008108,0.030708588610391014,0.02883874480741636,0.02508193408971828,0.019169894373231345,0.013905108280851008,0.008725937747214937,0.005221407542616579,0.0029771383627337157,0.001543363138963184,0.0008310416902109452,0.0004098131411891886,0.0002385820237006697
0.0018152255463350004,0.0026692481180717554,0.005015814810507327,0.008728361530901022,0.013364484063186266,0.01912486060846543,0.024673156782125057,0.028148538355761393,0.029436983624202703,0.027878306914504256,0.024019812411490652,0.01848177819129649,0.012782973366810108,0.008338407299213476,0.004727339896422684,0.0026247796530547546,0.0013374746016651718,0.0006670269752550095,0.00029417599934323515,0.00018699559648174637
0.001861469295445841,0.0027813748198945794,0.005130724616535045,0.00865189954221306,0.013281064764996622,0.018759461234018476,0.0240235550529829,0.027824007368363463,0.028741633077386045,0.02690410184391472,0.022722920352368278,0.017127113388900037,0.011897216801327763,0.007417379488956575,0.004306571339984314,0.0022159805942110933,0.0011193893742362615,0.0005289171788651986,0.0002473599737365264,0.00013108938700322824
0.0017746986484286679,0.0027218117180198504,0.005037229967477141,0.008349848996936679,0.013300563828249241,0.018436830859493724,0.02383833508450593,0.027005244410951448,0.02812538775287178,0.025903314781907858,0.021960045944090737,0.01629558123942039,0.011106949783655245,0.006772086118987912,0.0036962453569261635,0.00194659056370303,0.0010450117763037318,0.0004325756808228953,0.00019465905637030284,0.0001252192760276803
0.0018090465983097367,0.0027659070946484078,0.004799093428723567,0.008274965980821834,0.013144600849227918,0.018468204014945686,0.023216098011641616,0.026552025449531023,0.027436068975874833,0.024845377715276545,0.020792658229000265,0.015373482790164247,0.010373004928798652,0.006270223775650915,0.003285865771017936,0.0016975456130051123,0.0008226042079106538,0.0003424673120070634,0.00016270041733225927,0.00008988344733740203
0.0017845471853598924,0.002724560256883862,0.004740984910914721,0.008414651473388083,0.012628228808502177,0.018079622630786288,0.02266261259981245,0.02584410786848909,0.02632036600267113,0.024001591315961458,0.019553863203660034,0.01436958313205081,0.009534255917706234,0.005859452700974679,0.0029894006990423684,0.0013662584183455997,0.0006274331505214404,0.00030916995822795616,0.0001159387343354835,0.00007729248955698901
0.0018156305566759648,0.0025473364881523856,0.0048992484107551705,0.008144205150346253,0.012458316053787206,0.017631386094178733,0.021981855056326587,0.02532793264669624,0.02522794798525226,0.02306009873485318,0.01833355110295579,0.013450209342884892,0.008797514017735913,0.005185568123072029,0.002672317314957364,0.0012748044334107839,0.0005078766325620501,0.00022496548824896183,0.00011816369079743446,0.00004431138404903792
0.001728384687102185,0.002555102198409931,0.00467526922260164,0.00800598688835112,0.012638103273824051,0.017175964778200097,0.02172858909527806,0.024315488121045996,0.02419625001845352,0.021872810419366086,0.017711968439377643,0.012492746348758963,0.008055953331342248,0.0047956429261711755,0.002348422820582995,0.0010822277311487395,0.0004337995732411524,0.00019305216610208362,0.00008062766937204674,0.000029525625403848103
0.0017883018281301239,0.0025099769313603006,0.004662520438950938,0.007865804741496205,0.012347906404639602,0.017105742423262443,0.021090841420973734,0.02374833055896914,0.023392031844481284,0.020722060904386,0.016472574644013326,0.011780551763735376,0.007438019342254417,0.004246082132527234,0.002219491355217336,0.0009633681802553777,0.0003188533081881757,0.00015432046232594977,0.00005900488265403964,0.000022694185636169085
0.001741847924761247,0.0025395802316714477,0.004588946584843311,0.007675478412433278,0.011853643923163508,0.01691464831693234,0.02050501107520246,0.022920903082900613,0.02255891644576783,0.019711817785685745,0.01552230473147173,0.01098669160100221,0.007034342205599329,0.003829795925777987,0.0020402883183848358,0.0009009949526126584,0.0003188659718944038,0.00012936199571516755,0.00003290787610298123,0.000012482297832165292
0.001667420463137086,0.002443887504094873,0.0045545176212677145,0.007496024148691741,0.011660607956690149,0.016218526163538687,0.019989775572686944,0.022086803347536443,0.02177054888851861,0.01897300048401668,0.014642921511084204,0.010439797733169649,0.006422572633674192,0.0035026031482621334,0.0018895920544184388,0.0007628646986344384,0.00030945328785616914,0.00009181581068259956,0.000030605270227533176,0.000006801171161674039
0.0016036156716883068,0.002385590804879073,0.004462924745659758,0.007531893819109888,0.011453102458008504,0.015862762230827724,0.019179923411768846,0.021521315622163206,0.02102039821800334,0.017989961252565495,0.013924823857268006,0.009837020516080928,0.006099406038887965,0.0033239609647079905,0.0016489475634674812,0.0006822449712765803,0.00023572583725170872,0.00007366432414115896,0.000023799243184066753,0.000005666486472396845
0.0015938881695434816,0.002317764886201822,0.004485996553939009,0.00742794934448942,0.011220655521910577,0.01567380008088388,0.019215018572705425,0.02079078150364714,0.0200884285078284,0.01726542259560214,0.013290331204750625,0.009141917219769646,0.005542924529904942,0.002960078029152181,0.0014341595043653496,0.0005584839144171548,0.00023109679217261572,0.00007136812699448426,0.0000203908934269955,0.000003398482237832584
0.0015137489420186548,0.0023567348797895256,0.004254586285389262,0.007382925229186802,0.011221683773767048,0.015174879925490919,0.018404059929048682,0.019952933285141125,0.019051028975375518,0.01621728189155167,0.012659518659561716,0.008429859377708685,0.0051349627284644865,0.002673987652068885,0.0012905389558078202,0.0005608575795652952,0.0002096134388274337,0.00005212009830303758,0.000020394821075101662,0.000004532182461133703
0.0015071718051298192,0.002325868435564724,0.004355058424139209,0.007260695427868075,0.01111298579680243,0.01480787805836413,0.01784486887831767,0.019153877598625774,0.01803737016071593,0.015594868595227554,0.012149095640298898,0.008107701070420368,0.004729869744573444,0.0023994718670699382,0.0012444641726804444,0.0005163563810211849,0.00018910420094416205,0.000056618024234779106,0.000009058883877564654,0.000002264720969391164
0.0015863436307906908,0.002298556438618917,0.004035495146422576,0.0071187311968458865,0.010639032658750427,0.014602061001196834,0.017255025403011676,0.01830692635447817,0.01740675277383676,0.015039126412678065,0.01116781386901399,0.007424450526120314,0.004485015789837208,0.0023517742477889123,0.0011119125235092505,0.00046084358153591155,0.0001958868294980656,0.000045291752485101835,0.000007926056684892823,0
0.0016620542492696696,0.0022718889942365526,0.004073107758591429,0.0069355973778237375,0.010319671073920112,0.013942474141422826,0.016803832341833306,0.01788433731668187,0.016867191795855843,0.014091821425904509,0.010555006188860952,0.007100784525811061,0.004163621264337903,0.0022266322413633135,0.0010148826831823644,0.0004039165193936503,0.00014595302801619284,0.00005770235991337859,0.000019234119971126193,0
0.0016019658021029194,0.0023282808055987347,0.004018490486631054,0.0070029437252945425,0.010196693343470068,0.01341080693370622,0.01617804447038966,0.01725280966247848,0.01604341598843326,0.013384786302739857,0.009901415748590929,0.006571906316677869,0.0036915356018798217,0.001997931925504064,0.0009605006821930643,0.00035184418393644634,0.00011992116880148983,0.000029414626309799362,0.000009050654249169036,0.0000011313317811461296
0.0016016783147224417,0.002283267604614915,0.0040047609520547705,0.006727727120132658,0.009935605071566876,0.013099400133605067,0.015558999295804093,0.0165729057519128,0.01534988815379729,0.01270491479003546,0.009285665035599761,0.0060868297281442135,0.003509676194222429,0.001785922185787903,0.0008274019240485731,0.00032779584422689366,0.0001333789986854256,0.000030518923428021117,0.000006781982984004693,0
0.001544485361874277,0.002224013694587631,0.0038012882771751976,0.006395028701874753,0.009453471530476446,0.01265550853254669,0.014979020552057413,0.015851892220700856,0.014884044878267189,0.012336661627679529,0.008874572185469401,0.005826305321916654,0.0031816850719723396,0.0016089331405176393,0.0007609360531049688,0.00031432425373429637,0.00011532760388812313,0.00002374391844755477,0.0000067839766993013625,0.0000011306627832168938
0.0014709504237738116,0.002206425635660718,0.003815207051523935,0.006211432741865146,0.009094585953440234,0.012050043947750761,0.01445982678485486,0.015444979449625027,0.01427115649240461,0.011930289151345207,0.008499201258103219,0.005637513528902709,0.0031011973220116083,0.0015873159334886375,0.0007072311561308799,0.0002632345996461585,0.00010393812518217419,0.000012427384532651258,0.000009038097841928187,0.000004519048920964094
0.0014548674805490542,0.00211339833548702,0.003535508706613774,0.005965182581350588,0.008693059107380063,0.01176093183810307,0.014070872830123893,0.014456051254710247,0.01359194129925992,0.01117356297949631,0.008080840027832248,0.005221935064113569,0.0029199009605739945,0.0014650334800249403,0.0006302919675049475,0.00027561154134624923,0.00009714177276957966,0.00002146155444909319,0.000003388666491962083,0.0000022591109946413886
0.001466028902680755,0.0019257159314874327,0.0034753242939512194,0.005843785471856875,0.008673063130728437,0.011350994200263156,0.013354642330737474,0.014229967754140857,0.013144564229120664,0.010667675643928915,0.007664462352535905,0.004844220310938179,0.0027502160077254537,0.001401650129604636,0.0005726322447296943,0.0002157253624129615,0.00007228493819073056,0.00001016506943307149,0.0000011294521592301655,0.0000011294521592301655
0.0013707585805083548,0.0019183845373012317,0.0034449624622166315,0.005739345852326168,0.008380370827457172,0.011134308370999085,0.013087695804507696,0.013533700449730757,0.012662015421598598,0.010282947605180877,0.007329154815551675,0.0046734512065272505,0.0026895773795476935,0.0012589751377815616,0.0005397220770041134,0.00019420961766675228,0.00006436016399421435,0.000011291256841090238,0.0000033873770523270718,0.0000022582513682180477
0.0014118566592760682,0.001900923806049298,0.0033534419371125156,0.005599988253352595,0.0081458481813592,0.01094923076401776,0.012462741102761708,0.012861449423341267,0.012075327635456344,0.00981522749528722,0.007051376899088391,0.004435488880781694,0.0025661906639001804,0.0012051608443580514,0.0004280749390925039,0.00016716382845828636,0.0000643806636629887,0.000012424338601629396,0.0000022589706548417084,0
0.0013916242952997425,0.0019017736720032972,0.0032843687747950135,0.005331738175990248,0.00788135641044452,0.010363255701088587,0.012217626112424738,0.01242191159291886,0.011678131860070086,0.009453564555904811,0.0066895029993848856,0.004289995090376577,0.0023633911389762054,0.001084631750026807,0.0004819331501159693,0.00012753734417588874,0.000025958928460579118,0.000013543788762041275,0,0.0000011286490635034396
0.0012606440909424357,0.0018520295015546444,0.0031352455547341857,0.005294253742713485,0.007453261930692791,0.01013593964257298,0.011879623725389508,0.011968782976226087,0.011080576262195921,0.00897348358736196,0.006518782694076553,0.004004266100862815,0.0022086665049009377,0.0010236384874528104,0.0004175813013864831,0.00011060261496182526,0.000028214952796383967,0.000004514392447421435,0,0
0.0012087244853045737,0.0018362229109155392,0.0030528475562547823,0.0050967318166530865,0.007378749472382169,0.009652866968076587,0.0113006146324507,0.011657250428301529,0.010647158538154384,0.008626974757860098,0.006176796552821599,0.00390945062287119,0.002031469723200964,0.0009626909299391235,0.00039952237889618973,0.00010608786332271711,0.00003272923442934886,0.000002257188581334405,0,0
0.001223976400381294,0.0016391130965474842,0.0030966038885222604,0.004962462843573563,0.007126137254570174,0.00933493521949789,0.010694282281672502,0.011280888482776896,0.01024417483120971,0.007990253312350877,0.00579273623590594,0.003581682093281668,0.0020666587700447292,0.0009295452109808164,0.00032827385484880786,0.00010942461828293595,0.00003835502084144148,0.0000022561776965553805,0,0
0.001255584134289968,0.0016707278552411892,0.0030323541356436956,0.004701953882947519,0.007002165967239746,0.009119624565678448,0.010211633049050137,0.010830964306664864,0.009864175804340963,0.007667749650286539,0.00535174405487117,0.0034971346058390858,0.0017812824331031984,0.0008494652768376876,0.00028089887640449435,0.00009701728261360049,0.0000191778349352466,0.00000789675556157213,0,0
0.0012124547867151051,0.0016049517781354366,0.002925681596966496,0.004735904790155095,0.0068540351059234355,0.008728546599430884,0.010173341559228135,0.010375229379527671,0.009327442870822246,0.007341272750445225,0.005097949428792812,0.003204264231681502,0.0016455549151789203,0.0008289807146377702,0.0003033956629082451,0.00008910132851208678,0.000029324487864737408,0.0000033835947536235476,0.000001127864917874516,0
0.0011542189860005861,0.0016682071282039725,0.0028956919678081103,0.004605604274217182,0.006540949976329495,0.008637480556369622,0.00980860704704795,0.010032913275772675,0.008895601794449828,0.006999706936585583,0.00497080637525643,0.0029926283279605045,0.0015284384228679633,0.0007653463784124981,0.0003201154218986004,0.00009355485921684434,0.00001803467165625915,0.000003381500935548592,0.0000011271669785161974,0
0.001111375366466447,0.0015227871400569672,0.0029114427703679827,0.004563852797994563,0.006505941800450634,0.008512278668919475,0.009524464347506565,0.009611255324401002,0.008556237735138736,0.006689668154136264,0.004628100664007331,0.002867483704148722,0.0015261686066892182,0.0006932006596114249,0.00027389879721231885,0.00011271555440836163,0.00001690733316125425,0.0000067629332645017015,0.0000022543110881672337,0
0.0010378031061898183,0.0016006984866123396,0.002808836667839836,0.004397126639052082,0.006449043867486081,0.008156906805281064,0.009041295539251515,0.009247728113634926,0.00818285188293581,0.006389257384194708,0.004603559213435489,0.0027546904188212374,0.0014585645829385172,0.0006599074099141777,0.0002865239010567544,0.00009362788892799454,0.00002030484338197472,0.0000022560937091083015,0,0
0.001074675877529802,0.001551683113831068,0.002705296359070298,0.00433027845720298,0.006243945785815859,0.00775503253911065,0.008622215907232809,0.008975178708562116,0.007892609094261368,0.00620334942527958,0.00417578675182881,0.002609443841137419,0.0013498289878312415,0.0006348819717201246,0.00025147189998861056,0.00009359716456975182,0.00003157494708377172,0.0000022553533631265513,0,0
0.0010655919786295245,0.0015234018657444316,0.00263409826674981,0.004150734469137863,0.0059425076480186185,0.007512141546698302,0.008519097776239217,0.008770554930984597,0.007596712338653026,0.006041737377245496,0.004069546508861328,0.0023544508480195215,0.0012843484271524116,0.0006122925337522031,0.0002446914913890021,0.00005412530685102345,0.000014658937272152192,0.0000045104422375852894,0,0
0.0010384871688765055,0.001542508628689533,0.002532510511722728,0.004112228778385034,0.005663757925371003,0.007232200544162765,0.008225585121557124,0.008341724294623659,0.00731225764404358,0.005824999689919682,0.004008492817976088,0.0023284212852659972,0.0012245353587403743,0.0005491240512951771,0.00020972705039199797,0.00006539875764911761,0.000011275647870537521,0.000004510259148215009,0,0
0.0010372461565520122,0.001466801358341487,0.0024724791536071353,0.003946045160795703,0.005415101402086217,0.006884157643376736,0.00797552099070537,0.007990177729874039,0.006989009700506445,0.00532377864265066,0.003803987535007059,0.0021759620458102025,0.001165774484646501,0.0005321523759701631,0.00020632178983588943,0.000047352541929548454,0.000012401856219643641,0.0000022548829490261162,0.0000011274414745130581,0
0.0010032826506502174,0.0014711054596612733,0.002416896632577603,0.0037098912396515337,0.005285834099886369,0.006779485237090344,0.007747822087549375,0.0076587666612557065,0.006685920675288134,0.005109977815053299,0.0035520714968526224,0.0021858034377649116,0.0011385567159064261,0.0004881139187994879,0.00018600183972728763,0.00006425518099669932,0.000010145554894215682,0.0000033818516314052275,0,0
0.0009844128986280236,0.0013226991180878263,0.00231500536183658,0.003529452889697267,0.00511601525896374,0.0064229276868101055,0.0075223579000544645,0.007379150067149813,0.00627182650878473,0.004933340700455448,0.0033445230897259084,0.0020195687301750183,0.001031772969352396,0.0004950255011428433,0.00017703645485062962,0.0000631467609658297,0.000012403828046859407,0.000004510482926130693,0,0
0.0008949342662891565,0.0012804097311139573,0.0022812933941678227,0.003572974337703558,0.005061901498620404,0.006349073957187429,0.007136931705469695,0.0070129483688301415,0.006014318948260629,0.004644866639014626,0.0031063461434419587,0.0019363942940614231,0.0010718923013110682,0.0004395772844493334,0.0001724495500532001,0.00007551712322591117,0.000016906818632666684,0.0000022542424843555572,0.0000022542424843555572,0
0.000840285967562258,0.0012570497852539954,0.0021074732510844305,0.003522217453843406,0.004835586673920607,0.006166978113141237,0.006739183570945028,0.0067515738466061345,0.006073487851334716,0.0045382200580540745,0.002946632829950226,0.0017920844160744674,0.000925891508493534,0.0004359124255316276,0.0001757166366484078,0.00007321526527016995,0.000015769441750498145,0.0000022527773929283066,0,0
0.0008369614806220332,0.0012143263473897046,0.0021166226407655425,0.0033962838009090526,0.004793097039093872,0.006038964330571627,0.0065526311342912,0.006504193255870276,0.005636817293449058,0.004386444152815875,0.0029918838392087727,0.0018699273995054816,0.0009236990768641551,0.0004494584532546315,0.00014756655984049302,0.00005294372757636007,0.000013517547466304694,0.000003379386866576174,0,0
0.0008935875794706988,0.0011922013355359388,0.0019990218990933416,0.003273482873092535,0.00465837459461774,0.0057007056299398,0.006354275360195803,0.00628553785408267,0.005513649465763087,0.004214397915788667,0.0028869752567514885,0.001638431703090033,0.0009645787743088504,0.0004011565930536805,0.00018930985290173673,0.00004056639705037221,0.000012395287987613729,0,0,0
0.0008720956401969695,0.0011567926685451418,0.001991753913740178,0.003149671866982345,0.004395362026592727,0.005625298200444712,0.006168810709109404,0.006032651260768972,0.005342851741490597,0.004233321030220646,0.002715311973929405,0.0016125329708416237,0.0009047288964107918,0.000365717526534213,0.00015866514228099696,0.00006414122773061585,0.000014628701061368525,0.0000022505693940566964,0,0
0.0008526407082436959,0.001136478830406722,0.0019575819695211924,0.003086176407645609,0.00425081378191771,0.005270153069844455,0.0059932644763074,0.005992138134552785,0.005026863250847574,0.004013155671693908,0.002652534832118761,0.0015971526080443329,0.0008368719236790829,0.00036944009551378087,0.00017796199722919942,0.00005631708773075929,0.000019147809828458156,0.000007884392282306298,0,0
0.0008088928645059397,0.0011468703844944928,0.0019118261714019206,0.0029516703412333692,0.004071502524128778,0.005262309986221784,0.00573322533073917,0.005823352669402783,0.005002067295830594,0.0037200059033406824,0.0026857946921757083,0.0015490636332808733,0.0008505767586378613,0.00040331984051967395,0.00016222920959450574,0.00005632958666475896,0.000012392509066246975,0.0000033797751998855384,0,0
0.0008196961269357995,0.0011158226123535403,0.0018825987970283752,0.002902715130824853,0.004097354678460682,0.005040905989411508,0.005608387923443986,0.005759266056698648,0.004814588789529509,0.0038136137114444433,0.0025638023091110124,0.0015549455374977194,0.0008174442144991631,0.00034904642767870586,0.00014750026459971134,0.00004954207360600992,0.00001125956218318407,0.000003377868654955221,0.0000033778686549552205,0
0.000775766364842133,0.0010730121127642278,0.0018104968282527578,0.0028823830101536436,0.003934002436514388,0.004974362554241719,0.005636409901886384,0.0054720239958385595,0.004869650983950983,0.003729083019386278,0.0025378481659712156,0.001552658660547608,0.000756625540165332,0.0003501644984991339,0.00014411915050768228,0.000045037234533650695,0.000012385239496753939,0,0.0000022518617266825348,0.0000011259308633412674
0.0007939806133584701,0.0010653980996271106,0.0017366214266649103,0.0027265632126820673,0.0037897088850372402,0.004867495334660014,0.005359650693578666,0.005360776907214637,0.004596077848391371,0.003611767130554064,0.002562136021830525,0.0014257864631373384,0.0007669514860952035,0.00036038836351022773,0.0001385242772242437,0.00005968932270638145,0.00001351456363163354,0.000004504854543877846,0.000002252427271938923,0
0.0007646034759617229,0.0011069296272023172,0.0016992439546778199,0.0025933458102206887,0.0036923929273615453,0.004727253891144788,0.0050943536454356895,0.005107866519826766,0.004344389116730966,0.0034773130099702513,0.0024706038678350816,0.0014154735924652218,0.0007341995085818012,0.0003333175683132107,0.00014751554543591418,0.00005067327896653536,0.000006756437195538049,0.0000011260728659230082,0.0000011260728659230082,0
0.0007203856764815455,0.001073824899005305,0.0016287469904199964,0.002456064915754272,0.0035208849938035583,0.0045350529539752325,0.00504044853013182,0.004822081621948349,0.00429980200649923,0.003437590399960379,0.002319866998794481,0.0014441481608216005,0.0007507769472081111,0.00031404313084117396,0.00012944430124277792,0.00003939609168258456,0.00000562801309751208,0.000002251205239004832,0.000001125602619502416,0
0.0007277282486983118,0.0009710553411423293,0.0016266866735609323,0.002449042124876364,0.0034730436389116045,0.004261603660720923,0.004723474530637808,0.0046795404722798604,0.004234567317116031,0.0032071862601301786,0.002198955946531121,0.001357449751828894,0.000759270649570684,0.0003109179514562451,0.00009012114534963626,0.000030415886555502235,0.000013518171802445439,0,0,0
0.0007370034228464313,0.000998048910022571,0.0015268910607673396,0.002478806932107921,0.0034127196664018736,0.004235237990219798,0.004557044064928314,0.0045885495547599185,0.00397531769910907,0.003179804080861091,0.0021457488967452595,0.0012309644955633514,0.0007291270503885299,0.0003240564668393465,0.00007426294031735029,0.00002475431343911677,0.000009001568523315188,0,0,0
0.0007183560230999878,0.0009300346004397958,0.001561692482820819,0.0024399333888051296,0.0033046628962358367,0.004095079711621717,0.004674943899547257,0.004322521587274065,0.0038890308836792434,0.0030411906244405436,0.002086385126652472,0.0012261594187396346,0.0006980889252695807,0.000314140016371311,0.00010921713830830537,0.000024770897348275434,0.0000033778496384011962,0.0000011259498794670655,0,0
0.0006897405315390328,0.0009294056754506375,0.0015887661183248206,0.002243625807322727,0.0033058037221234556,0.003965164164997637,0.004300470328780072,0.0043859846524292815,0.0037840088214775975,0.0029086121925422518,0.0020433422598285203,0.0012703377815784145,0.0006391070504309474,0.0002970497558341025,0.00011476922384499411,0.00002812971172671422,0.000002250376938137138,0,0,0
0.000628276495703399,0.0008331982201084505,0.0015290313282530757,0.002392630023960079,0.0031886721072258554,0.00385748257039399,0.004446351042173341,0.0042267920517393585,0.0036480570718261923,0.0028902970689437743,0.002017690824911275,0.0012036336449945052,0.0006429137617323317,0.00026572267560215444,0.00009570520095840318,0.000024770757895116113,0.000006755661244122575,0.0000011259435406870958,0.0000011259435406870958,0
0.0006312740595873197,0.0008934609684711803,0.0014729728057037473,0.0023270494745571803,0.0030629732445573697,0.003777516966193641,0.004351402474909387,0.004120723005719721,0.003652612473120213,0.0027298945963615644,0.0019860939664378243,0.00119840797408288,0.0005716349773090168,0.0002408068605199404,0.0001046497104128712,0.0000168789855504631,0.0000033757971100926203,0,0,0
0.0005964807634953776,0.0008440765521161002,0.0014630660236679073,0.0020584213517604614,0.003115205195009819,0.003694804427462875,0.0041258461867434955,0.004096584866270136,0.0035890134995976582,0.0027303062872448785,0.001850215802238491,0.0011490695462807179,0.0005750974908417697,0.00027910797989972366,0.00010241462165675338,0.00002588501426489373,0.000007878047819750265,0.0000011254354028214665,0,0
0.0005896876681003729,0.000867651129972114,0.0013279226113710684,0.00212242546190325,0.002947312982356634,0.0036214025113492352,0.003935377433868329,0.004175078718802258,0.003478482026905062,0.0026670988041944343,0.0017623108554297414,0.0011141045637774218,0.0005401719097102652,0.00026445916412898393,0.00009115400976360728,0.000030384669921202434,0.000003376074435689158,0.0000022507162904594386,0,0
0.0006117157051260423,0.0008163705917674758,0.0013415015371606046,0.0021488763097350498,0.0029573755597086275,0.00357696260662857,0.0038727001625994337,0.003924426122959356,0.0033498181720045604,0.0026661359133342785,0.0017440644460486976,0.0010322702524001963,0.000519508558397485,0.0002226465250274935,0.00010232744332071678,0.00001574268358780257,0.00000224895479825751,0.00000224895479825751,0,0
0.0006423120534187646,0.0008290437537121357,0.0013431183743993086,0.0019899299868612872,0.0028437213153111,0.003586148557441372,0.003930364824247224,0.0038055020607980425,0.003331923471499793,0.0025006299382660507,0.0018076978456111302,0.0010596461546768415,0.0005005759435575311,0.00023172729072550897,0.0000798671730170443,0.00001799823617285506,0,0,0,0
0.0006527011135306066,0.0008282552061353907,0.0012986501465764141,0.0019884877027734177,0.0028640074723024034,0.0034503131277324804,0.0037766636844977874,0.0037384018950839225,0.003165600400623442,0.0025444089960219,0.0017262819106137084,0.0010578259426185699,0.0005266622778143516,0.0002453255909477107,0.00009227843329225822,0.000019130894706931577,0.000005626733737332816,0,0,0
0.0005626904707243395,0.000828280372906228,0.0013290748918508917,0.0019322790764673835,0.0028213300202118425,0.003360387491165758,0.0036192251076989567,0.0036923748688931202,0.0033007423012689783,0.002384682214929753,0.0017015759834704046,0.0009768306571774537,0.0005536874231927499,0.0002093208551094543,0.00008890509437444573,0.00002700914259476833,0.000007877666590140763,0.0000011253809414486804,0,0
0.0005705122795172587,0.0007820631839536385,0.0012603032604720508,0.001973724927560695,0.0026365094100768006,0.003248656708020368,0.0035929895631136247,0.003556980898528709,0.0030596112189495606,0.002397952007201733,0.0014819816018229375,0.0009159704053787941,0.00046023574422595433,0.00018904548907080758,0.00007651841224294594,0.000022505415365572343,0.000009002166146228936,0,0,0
0.00054890421621427,0.0007806137828948842,0.0012226616455428528,0.0019234143641934484,0.0026466631572790535,0.0031213303278577885,0.0035453813309577467,0.003520635649079236,0.0030707141603790156,0.0022923499849276303,0.0015646019769550202,0.0008199819131561539,0.0004397982552044665,0.00021371270713260544,0.000059614597252779414,0.00003711852281776831,0.000011248037217505546,0.0000011248037217505545,0,0
0.0005536967699896355,0.0007551433590712303,0.001268325731256746,0.001852408299599471,0.0024702528661122935,0.0031004768319541575,0.0035517622074944894,0.003565267006762529,0.003022824236162927,0.0022688062770307004,0.001467521520460334,0.0008789373523615957,0.0004377805762722928,0.00021270058847162816,0.00006414779652318943,0.000018006399024053172,0.000005626999695016616,0.0000011253999390033233,0,0
0.0005668825844446967,0.0007288490371431812,0.001218122696336521,0.0018637389730652037,0.002468863636619265,0.003144848623228914,0.003393422137439783,0.0034440366539080602,0.003097608407858523,0.0022765284740398155,0.0014970649204283566,0.0008548229447975583,0.00045665541524711695,0.00019121039554682233,0.00006298695382718855,0.00002474487471782406,0.000006748602195770201,0,0,0
0.0005324292167437172,0.0007451757748083316,0.0011627893887870182,0.0017818931291866899,0.002469661102612505,0.0030403621869445653,0.003196826586791028,0.003328526837021502,0.0028602592806464813,0.0021713656640563006,0.0015274977740406422,0.0009522941170511306,0.0004817752743473805,0.0002104952717358879,0.00006641294669741923,0.00003151800860216506,0.000018010290629808606,0.0000022512863287260757,0,0
0.0005366201033415563,0.0007571180912974158,0.0011238647447342034,0.0017246092629404752,0.002361353452649745,0.0029609729811215465,0.0033490944395132404,0.0030700969853650084,0.002717975198476314,0.002165605238852196,0.0014782365110918355,0.0008887418902302506,0.00044774591431853147,0.00021487303928351638,0.00006524940459918305,0.000023624784423842128,0.00001124989734468673,0,0,0
0.0005616282943607567,0.0007507135718208913,0.0011322606495529487,0.0016938889439137052,0.0024446025157345962,0.002991599211244271,0.0031638018746454662,0.0031086520020529255,0.0027788782741016206,0.0020743105140418328,0.001410261027723503,0.0008148675052448656,0.0004457010111560311,0.00022735253599373296,0.0000630284258200448,0.00003038870530609305,0.000005627538019646861,0.0000011255076039293722,0,0
0.0004982561036372693,0.0006276002388929941,0.001052748787820506,0.0016949705376554521,0.002304575070773736,0.0028500699020696184,0.0031312528047994547,0.003141375389297729,0.00259250636316909,0.002050385726705965,0.0014317833407003254,0.0008143056863056051,0.000389157137378093,0.00021482373768559466,0.00008997852887354757,0.000029243021883902948,0.000004498926443677378,0.000002249463221838689,0,0
0.0004859403508219365,0.0005995514050650282,0.0010438718647286043,0.0016355492363312404,0.002280095118324225,0.00277840895030135,0.0030202542637891203,0.002896519452237238,0.002629927176439093,0.002016877428295677,0.0013633326509171,0.0008323978231672059,0.0004206983592763987,0.00020360000809900575,0.00008998895385591413,0.00002474696231037639,0.00000787403346239249,0,0,0
0.0005016427111651496,0.0006264910092354,0.001087642380485873,0.001601657445513841,0.002210152303676052,0.0027860291380181076,0.002907503157762134,0.002843391869563898,0.0024272308759963964,0.0019739528208404444,0.001330590419973928,0.0007479650289794272,0.0004487790173876564,0.00018671006738433838,0.00006186176931408798,0.000028118986051858157,0.0000056237972103716316,0.0000022495188841486527,0.0000022495188841486527,0
0.0005264566989365125,0.0006816939306742018,0.0010641624726366252,0.001523124722991534,0.002160947262087694,0.0027020277582168865,0.002830267210521936,0.0027965199862311327,0.0024511733909885923,0.001994460955586403,0.00130489267257768,0.000746938564303086,0.0003869681718678639,0.00021035769807933302,0.00006299481867616388,0.000012373982239960762,0.000006749444858160415,0.000006749444858160416,0,0
0.0004926141616449264,0.0006770632997950817,0.0010110961902255456,0.0015790645729440108,0.0021717761327314,0.002716126028247713,0.0028645850906612513,0.002726248237048637,0.0024293301122215558,0.0019502122289778603,0.001301266175852009,0.0007231755843326201,0.0003958908331027723,0.00015183313201384726,0.000060733252805538855,0.000020244417601846286,0.00000674813920061543,0.000003374069600307715,0.0000022493797335384767,0.0000022493797335384767
0.0005138671029477081,0.0006667903545907898,0.0010232364632000313,0.0015787076860800484,0.002063339461507756,0.002699770052904698,0.00284369781915701,0.0026559170616246987,0.002326457409187764,0.001983504528664676,0.0014066690279815814,0.0007455008517600229,0.0003575705442830881,0.0001765364007938517,0.00005509734801846319,0.000010119921064615695,0.0000022488713476923767,0.0000033733070215385655,0.0000033733070215385655,0.0000011244356738461884
0.00048099342077778624,0.0006605191341666782,0.000933759528129646,0.0014610457429259528,0.0020267211039815204,0.0026228819635370857,0.002739178494851903,0.0027436948650000513,0.0023101233307778212,0.001896875462222259,0.0013503946742963215,0.0007779447580185322,0.0003353404835000059,0.00014339475220370628,0.00006774555222222343,0.000019194573129629984,0.000001129092537037058,0.000002258185074074116,0,0
0.0005128044486366016,0.0006821923434351166,0.0012460451987233246,0.002057018749847724,0.0027473324307046893,0.0036847668073978425,0.003981775718825373,0.004202212020275499,0.003815868397207651,0.0030965499398440924,0.0023273432668891917,0.0015210104800058462,0.000834177372329675,0.000301649675668589,0.00013458216299060133,0.00006265031725424542,0.00000812133742184663,0,0.0000011601910602638043,0
0.0006314373904228586,0.000912455472286725,0.0014380844351252124,0.002287965030883545,0.003218624103614895,0.0041265286757904635,0.004719283415268499,0.004858085868658748,0.004583894136961617,0.003797726142759462,0.00310371387580821,0.001979641548352745,0.001121796877399889,0.0004767067866435633,0.00019227552969632968,0.00006940122669512495,0.000022754500555778683,0.000003413175083366802,0,0
0.0007329392824340039,0.0010037580424528576,0.0016802287323722921,0.0025387818226448263,0.003829492508692129,0.00510176447065304,0.005789759363126471,0.00618503951072846,0.005589238238686979,0.005122508035250228,0.003922838549379478,0.002490380171918053,0.0014370680584830232,0.0007352441229448026,0.0002788857018066492,0.00009104120017655073,0.000025353245618786295,0.000001152420255399377,0.000001152420255399377,0
0.0008837482072453419,0.0010614268875456538,0.0018696906881274637,0.0029555048455182594,0.004444289604635905,0.005930751766625442,0.006838887243715924,0.007414891331486868,0.007076953449347058,0.006186237450717391,0.004966873958460352,0.003260926367864546,0.0019742075588923525,0.0009092967756545371,0.00037045424193332997,0.00013238803630219304,0.00004645194256217302,0.000013935582768651905,0,0
0.0009504947716941956,0.0012147159505415364,0.0019384013917207578,0.0033658972296526303,0.0050061729549748385,0.0067528386239922205,0.008258665519369985,0.008895836061280606,0.008767232832638095,0.007654230344750181,0.005937961802502853,0.004202987336089339,0.00236746852728259,0.001143399614657962,0.0004536186610299484,0.0001648459567144915,0.000040919209113526244,0.000005845601301932322,0.000002338240520772929,0
0.0010106529875959966,0.0014760234330471772,0.0023456550735367564,0.003871035978071179,0.005960502271031276,0.008195690622668006,0.0100936029191419,0.011251153143307064,0.010345090988148327,0.009393196895180008,0.007711517330935968,0.005255395535499186,0.0031177469489443977,0.0016711029632110557,0.0007051067355320905,0.00022680933326282274,0.00007286102933831611,0.00002585391363617668,0.000005875889462767426,0
0.001132233022991407,0.0016381996551406912,0.002791662047313188,0.004659846535249008,0.007150759185830107,0.009712436400348166,0.012150275627976532,0.013582078638301076,0.013231794046813109,0.011598312029268228,0.0093479988960728,0.006636536687888175,0.004025324278614241,0.0021052457771246463,0.0008975305526004795,0.0003196199471152826,0.00007312338273486168,0.00002476759737793703,0.0000035382281968481464,0
0.0012827099906099957,0.0018390234395762098,0.003239846688990073,0.005519432583904707,0.008343520601905165,0.011657778643941677,0.014773606411187691,0.01639412032197673,0.01632443349928247,0.014472417601237825,0.011707386212639299,0.008540769744107621,0.005343443828286945,0.002915035227279437,0.001262630736613339,0.00040867187546138,0.0001500038386809111,0.00003070944728900543,0.000005905662940193351,0
0.0014123291365630006,0.0020380595496633596,0.0037863195696299524,0.006443012401054159,0.010028246582731257,0.014165874153667084,0.017611531419000445,0.020025738929657963,0.019810459279026086,0.018210056161966005,0.014804615974223225,0.010937862249412124,0.006615709263648964,0.0036479255085094583,0.00165481445732968,0.0005985247429655603,0.0002022682431761083,0.0000461313537068317,0.000014194262679025138,0.0000011828552232520948
0.0017386299169887113,0.0023994987818931404,0.004288541505051856,0.007392730205615493,0.01177838864063539,0.016760960889117344,0.021234261431669357,0.02406012722317826,0.024287522961639982,0.022411508119330643,0.018282854242884707,0.013232773884546927,0.008446804201610012,0.004544361710821314,0.0021199915200339186,0.000740220502805139,0.00024042361931110945,0.00006750810985582874,0.000021318350480788023,0.0000023687056089764468
0.0018820986110633753,0.0026915906459224976,0.004920953043535977,0.008661446252928924,0.014013812328219981,0.019487068868453406,0.02503617824943494,0.02841044446209075,0.029362160573352655,0.02719561380948373,0.021947545390221382,0.016212359509279524,0.01004694579721928,0.0054009593013953396,0.00245573571922123,0.0009090488883410623,0.00030341136299258403,0.00007466764011145624,0.00001777800955034673,0.000004740802546759128
0.0021685929874650815,0.0030566608647812927,0.00561059705668932,0.009813802163613165,0.01591171016499803,0.02259889685133104,0.02954455990249038,0.033727608595643374,0.03508757368947741,0.032448269156892785,0.026498570080293656,0.01955053568633774,0.012179216603193724,0.006538977761547254,0.0029701068527064143,0.0011180881285836927,0.00035333007668922583,0.00008773968347316356,0.000026084770762291854,0.000008299699788001954
0.0024884456538910612,0.0035824114998259868,0.006448578260131061,0.011603639901127345,0.01800708167684414,0.02634901667793099,0.034433198596967994,0.03902167857834327,0.04061808476394214,0.03776617163029418,0.031030145232577598,0.02259793726266227,0.014568394245810919,0.008073491699044172,0.0035776602909402774,0.0013695359613061545,0.00048105989967822443,0.0001377850576856149,0.00002613164887140973,0.0000071268133285662874
0.002824939228198116,0.0037768725311455474,0.007284307581282285,0.012887895016712243,0.020538969917958054,0.029849399878456393,0.038848849134001814,0.04529754443938014,0.046799035247645095,0.04356578547553934,0.036383555530233966,0.026801314190215742,0.017045778258887877,0.009246334700698876,0.004179248328775447,0.001683094044363416,0.0005412488605287149,0.00015311645396536006,0.000026112883621999392,0.0000035608477666362807
0.0030506848306507727,0.004418683633651821,0.008326742714100126,0.014520737294354873,0.023416292010744494,0.03416078260931523,0.04373321173343974,0.050942517925296804,0.0524257041275089,0.04997708127005387,0.04133802632922698,0.030544848273257753,0.019702982759890082,0.010559240760664336,0.00475474583959739,0.0018833733520483165,0.0006661869170864475,0.00019118733271108383,0.00003681246778909069,0.000007124993765630456
0.003364945223202099,0.004849794067726199,0.009154787480267301,0.016377253682448877,0.02583708205243854,0.03722092319378999,0.04851930540883788,0.05704145944855255,0.05915300708596932,0.05564444338939599,0.04595197683113555,0.034210869900654,0.022047216056782715,0.011877603826660808,0.005504979169386712,0.002149529382440565,0.0006955407057482992,0.00019940416137493908,0.000039168674555791624,0.000004747718127974742
0.003881545727270028,0.005510440490688212,0.010012178097246562,0.01779190305046485,0.028358927139335258,0.04079603172245819,0.05328778922980964,0.06279620993851545,0.06534232334333327,0.061213651349986624,0.05115751329194761,0.03792794130751183,0.02437401609885051,0.013335313511747406,0.006331422461163749,0.0022942347105474204,0.0007473193334719456,0.00021029494757477638,0.000040395639647132206,0.000013069177532895716
0.004121541527797243,0.00596732698433814,0.011084214852277778,0.0190766796766431,0.030703702735895896,0.044516211792597384,0.05777403500103334,0.06813015044220457,0.07127059879940803,0.06724289063780561,0.05584629381958812,0.04069755011770745,0.026641549414551068,0.01452635529825945,0.00669898968783183,0.002601203442615552,0.0008955741533023405,0.00022567518451915725,0.00003919621625859051,0.0000047510565161927885
0.0045928235053721575,0.006516201998697946,0.011706591521452979,0.020350508703317383,0.03304433155766334,0.04793477382779646,0.062446242818515754,0.07408987012740154,0.0778700988894539,0.07274029757124462,0.06018428318214002,0.04413553700157293,0.028617828613789406,0.015621064736714556,0.007352556822231832,0.0029046698061652664,0.0009634712526789493,0.00024710483422592033,0.000049896168449464675,0.0000118800401070154
0.005022988369192021,0.006891758639943926,0.012981597424352224,0.0222612951896689,0.035157354496097325,0.050399771898352194,0.06710584154063656,0.07865348746034954,0.08325353735758498,0.07789790075202266,0.06427833153148871,0.04724911788815888,0.030268613450869036,0.016632411818516633,0.007712686966129282,0.003085312392334835,0.0010240813562543815,0.0002708707067586993,0.00004989723545554991,0.000010692264740474975
0.005293490975440194,0.007315030334953888,0.013708267194354872,0.02365936587252438,0.037653543269721305,0.054249384877841575,0.07104690588215756,0.08336002619459452,0.0875371623946225,0.0821606269619253,0.06818424480556923,0.05005208073819407,0.0318499220568451,0.017362223313663657,0.008018535522859764,0.0032446655799706252,0.0011329636668636007,0.0003001463955146502,0.0000545720719117546,0.000009490795115087753
0.005614085041761577,0.007823177676537585,0.014200123386484433,0.024912205770690955,0.03944215072133638,0.057081672361427464,0.07498813591495825,0.0882142179195141,0.09233698747152624,0.08633138762338648,0.07099112566438881,0.05209638382687925,0.03311147494305239,0.018002562642369026,0.008582479119210321,0.0034785497342444955,0.0012303056188306758,0.0003713458618071372,0.00009016704631738803,0.000004745634016704632
0.006121551962107272,0.008337015900396533,0.01528314695397404,0.02636402086564219,0.041954015498769655,0.06025351068102413,0.07921646030469146,0.09248317965280013,0.09617719920338079,0.08911259414240814,0.07373940694281379,0.053616596786747975,0.03421647807579258,0.018740218489764433,0.008899767435523483,0.0034855052975652397,0.001144458911437125,0.0003317272207064133,0.0000734538845849915,0.000014216880887417704
0.0065243776087149635,0.008898493235842629,0.015907166750540245,0.02792694117995323,0.04450312305733992,0.06320712826736923,0.0817974601107131,0.0958645392380332,0.09897753174861611,0.09255617062845982,0.07544240845445659,0.0552322311358456,0.03591841567745182,0.019794559071667498,0.0089482253337675,0.003530978952665701,0.0012622480092359604,0.0003386519049169652,0.00006630946389982538,0.000011840975696397383
0.006797429947818791,0.009475852109361199,0.01713644776483952,0.02956342548733885,0.04610466832739115,0.06599186395180501,0.08507636289478268,0.099023365943133,0.10298230865999454,0.09557070311249494,0.07830027495621926,0.05638321711818849,0.03628734406994486,0.019853996943350008,0.009091695942765475,0.0037490796258508627,0.0012117518588297225,0.0003355438121808328,0.00007943970111701706,0.000010671004627659008
0.00743269342420501,0.009933955311419544,0.017579925447940327,0.03104361034818607,0.04811996578093637,0.06853647150267662,0.08784038370850286,0.10158843755850297,0.10596416477284844,0.09807174154654048,0.08064466440909313,0.058084727728579325,0.03688502252439055,0.020119103195122116,0.009349814093799098,0.0037726280667413933,0.001164727823368966,0.00033531838658536884,0.00006753762556666433,0.000016588188735671952
0.007776676131349416,0.010508285447250689,0.018866583510129816,0.03232562299290088,0.04999816392261939,0.07086192579641337,0.09021299682180926,0.10432117850107386,0.10821958537819043,0.10003304939285068,0.0819198498917899,0.05929108460052285,0.038067214646922344,0.020626848663394887,0.009545233246978469,0.0037183528372133788,0.0011371834099155288,0.0003541852495466074,0.00006278200075575316,0.000017768490779930134
0.008102094442332675,0.011114624150209657,0.02015813412625388,0.03312716925230292,0.05178377520654894,0.07261688650791671,0.09322737375854528,0.10721124298823058,0.1111462415020966,0.10302283199107605,0.08331113013678353,0.06048269157214026,0.03834462439888545,0.020712325912136915,0.00988545518921268,0.0038959208879383958,0.0012362739838929129,0.0003303835646610369,0.0000603926946154584,0.000009473363861248376
0.008584661235514199,0.011519992803703253,0.020562707796027608,0.03440255941975124,0.053704731683471854,0.07552797501180646,0.09537815474168486,0.10973997459991305,0.11330971653929141,0.10346451977147023,0.08466892892355,0.06122651882695628,0.038427987913062116,0.02088583098881615,0.009685410573585091,0.003703488901961108,0.0010806281136115342,0.0003089199755231221,0.00008048489783744179,0.000005918007193929545
0.009109412349418977,0.012283151492201739,0.021428064279459442,0.035766691122523855,0.05473220836390315,0.07728326982699453,0.09759425366246183,0.1118109956689466,0.11477291553262492,0.10516531370553571,0.08654178401533617,0.06214824982841452,0.03861264288926231,0.021054126334224793,0.00929401462618039,0.003636428182614252,0.0012425153243556663,0.0003017537216292332,0.00005206730883014224,0.000008283435495704447
0.009362299092040331,0.012893121933447833,0.022405643638841184,0.03657033493728504,0.0563110057581392,0.07837125567179078,0.10000686056029488,0.11401541496926944,0.11674662767975856,0.10683311805368274,0.08618874584226391,0.06182902537461025,0.03884851409726855,0.021299674005100477,0.009790492682857588,0.0037378225054766167,0.0011450038561080283,0.00028743381925025934,0.00006978845817187363,0.000009462841786016759
0.009819674846770947,0.013084222732328375,0.022875499917173484,0.037854083347137725,0.058072035402418544,0.08057954895046973,0.10172160825425373,0.11527557564427193,0.11810824242137398,0.1076638190122347,0.08735120808386773,0.062334051163120914,0.038682348486641274,0.021049766902525028,0.009678869773055352,0.0037484913742101915,0.0011773197340085664,0.00032775634806067627,0.00007809357029604564,0.000013015595049340936
0.010071113137328315,0.013666336356517641,0.023539027187399225,0.03908565111453101,0.059070793063250665,0.08258619854750142,0.10314652896788509,0.11676562191810588,0.11982108922035384,0.1082960602542404,0.08791289260746991,0.062134527961600544,0.03936320612652495,0.020826074580803343,0.009501830091451426,0.0037404966935521027,0.001138566091753781,0.00031771190734623177,0.00006968402428783518,0.000008267596101946547
0.010444912651996862,0.014025755614553909,0.02425099914021976,0.040038831832654644,0.06044916431250651,0.08381321982974463,0.10475500987330051,0.11838040078986402,0.11973266503528879,0.10880353549191708,0.08851248570969662,0.062134475297852466,0.03934203191579823,0.021017375119282703,0.009758741886414528,0.0035772999121323483,0.0011892839258888328,0.0003708392777846015,0.00007912812615149133,0.0000023620336164624296
0.010942932147671646,0.014392308965778205,0.02502660643757538,0.04112645744152497,0.061937421658822676,0.0853026038833574,0.10720384078707759,0.12009081664025738,0.12149090651089092,0.1103800581794101,0.08855213679256438,0.062499113118747514,0.03847527375067994,0.020847621975734934,0.009257857767897264,0.0037497339356242477,0.001217983586784286,0.0003618475510252348,0.00006740297519097507,0.000017737625050256605
0.011259027377973026,0.014908399229695278,0.02575957649790342,0.041753211671842635,0.06312928612044699,0.08728228783814614,0.10835454350933149,0.12127097915945041,0.1222226294155685,0.1109766059541387,0.0888616726110328,0.06216817847047933,0.03854833733105251,0.02057456031984906,0.00950586299309965,0.00376167840368649,0.0012412829427626696,0.0003499235724359529,0.00006265523425373475,0.000007093045387215258
0.011594209750009457,0.015554678340456103,0.026089926629098745,0.04268820203471882,0.06489566393101624,0.08845282893990393,0.10999607616958507,0.12263979236791349,0.12315627245565597,0.11071820279111982,0.08894567149502663,0.062349901667864305,0.0386390926969479,0.020425191936764873,0.009338007261450017,0.00368272758216406,0.00118069475435876,0.00030137854090238645,0.0000744582277523543,0.000013000642940887258
0.012099492057421234,0.015879255332334686,0.02671921977753461,0.04372343276164708,0.06516137181089855,0.0894642344916974,0.11106507401938043,0.12412780368839732,0.12499542580178317,0.11235883434083743,0.0892328685947945,0.06266238403669748,0.03817655342722539,0.020493588449647823,0.009218042290380726,0.003568464828252138,0.0011320402812748263,0.00034704884535432634,0.00008499155396432481,0.000009443505996036089
0.012489948441417145,0.016549595572584074,0.027304763256231972,0.04397379499550634,0.06684641218485406,0.09084125632656924,0.11263658294309632,0.12552268104630818,0.12544581618655692,0.11237879002885387,0.08937491130977725,0.062472210396859205,0.03834846979802282,0.020084196584835144,0.00900146634501679,0.0036280213802563736,0.001156520505179509,0.0003488482096400359,0.00006858710562414268,0.000008277754127051701
0.01337658413130111,0.016661708878690017,0.027956022059795648,0.0452952952952953,0.0673421062572006,0.09205077719228658,0.1134967514684496,0.1263055508338527,0.12615327591742687,0.11228209341416887,0.0891386669688557,0.062371333597748685,0.038106502729144245,0.020152227699397514,0.008991302623378094,0.0035731486203184324,0.0011320282546697644,0.00032579749560881626,0.00006610383968874533,0.000014165108504731151
0.01354743849165075,0.016971529340569978,0.028387923372227165,0.04579086215699996,0.06857282664195613,0.09268447777000324,0.11477500520055221,0.1266712683674048,0.12619376311957492,0.1125801357816903,0.08947668261502671,0.06254491385994441,0.03820869343217533,0.020384982696344495,0.009411817545717583,0.0034075436373607673,0.0011181187238790441,0.0002966678643695983,0.00006855273359934944,0.000014183324192968853
0.013776805127593406,0.01751006539405914,0.029274382228689066,0.04688955998077271,0.06907417271259564,0.09439562165692507,0.11544053297870703,0.12848745678878207,0.12737019509562275,0.11283398270724553,0.08878569243651628,0.061682057556692774,0.03840734699951459,0.020292590287381913,0.009347913637796985,0.0034946906448820314,0.001133796221387885,0.00029053528173064545,0.00004724150922449519,0.000012991415036736178
0.01403598662159977,0.01800275548765874,0.029629166140322086,0.047888108783913814,0.07024722650840518,0.09494036269962232,0.11643056914869132,0.12885387533248255,0.12746078388547372,0.11292895115561659,0.08937626101339137,0.061571100199873205,0.03755798152855188,0.02010065675997625,0.009306559217602069,0.0036078707305584085,0.0010719720626135578,0.0002880629771780926,0.00006847398637839904,0.000007083515832248178
0.014161257320464969,0.01846946084325621,0.030420566096290878,0.048152522912775116,0.07094080733680809,0.09596520397001373,0.11745076128115661,0.12962252773900138,0.12729319502084477,0.11382932150809541,0.08875300459140509,0.061126693751747875,0.03783454657662431,0.0201899102369099,0.009070709526074017,0.003545919360719708,0.0010584657792231543,0.0002796615269519374,0.00007080038657011065,0.000007080038657011067
0.015013514407492467,0.018707531210720805,0.03112448375908442,0.049335856652774214,0.07156374925576255,0.09647562208802318,0.11841645166472928,0.12957292582196892,0.12746070898660844,0.11271653766550423,0.08810472248211466,0.06155788986230426,0.03810968406528498,0.02002825739748424,0.009148214302590416,0.003493190817763411,0.0010891856388156474,0.0002976949902185933,0.000044890514398041814,0.000007087975957585553
0.015159294155693172,0.0192382820568202,0.03131000898179917,0.04982006895094713,0.07265343120071663,0.09761716762917089,0.11902359227116767,0.13031162476143934,0.12813640060004552,0.11283665518271059,0.08811487260834515,0.061536536802361444,0.03776132491569975,0.0195333477325383,0.00901484652453944,0.003379092118323701,0.0010327298650133559,0.00029034462490661197,0.000059013135143620286,0.000010622364325851649
0.01567329283179426,0.0196553670048616,0.031834162489404356,0.05086500615078759,0.07360757267019734,0.09853065831135498,0.11937486275833896,0.13054190681497815,0.12797888190251766,0.11299032165903623,0.0880188325073255,0.06096245068154506,0.03749265093040993,0.019399182570958354,0.008880273326360077,0.0034661635849764947,0.0011687676938442542,0.0002963239304595026,0.00006965383225940506,0.000003541720284376527
0.01574746513566639,0.01980018229562785,0.032985368004876926,0.05110527041893801,0.07446528777593435,0.09946313583854215,0.11984227772845023,0.12974118973248766,0.1280561932758147,0.11217666403717606,0.08880249695486116,0.06099592841653963,0.036858855310804614,0.01913632434943689,0.008853011474248086,0.0033912175013235887,0.0010435422422362224,0.00026530734972107377,0.000058957188826905214,0.000005895718882690523
0.01608713807478078,0.01999155419353166,0.032877306967318505,0.051620863501140646,0.0750744905975526,0.10064546722059828,0.11991275812201124,0.13178171129025032,0.12902031004130893,0.11271141056763839,0.0885252631057448,0.060894736469605734,0.03663191618362789,0.019045529502523126,0.00864987413861031,0.003269801051715229,0.0010639828819073364,0.0002972546410650207,0.00004482411254155076,0.000005897909544940891
0.016663106173894465,0.020366805506213552,0.03328254221544483,0.05194031119100251,0.07577004016471903,0.10079066545019773,0.12172282212919047,0.132332303741114,0.12882216931972557,0.11342431670996307,0.08854178346459944,0.060387531114969265,0.03634063175337945,0.019231382065266776,0.008520396902489319,0.0032988654027507466,0.0010044130439144498,0.0002478575078989826,0.00003186739387272634,0.000011802738471380129
0.016742339923090065,0.020497146794339526,0.03319376475922948,0.0520078441072028,0.07645413376205029,0.10192274849978504,0.12254827482642262,0.1315572201708979,0.12887420572525607,0.11411762627422574,0.08856774375916471,0.061009722688432313,0.03648923201950426,0.01866332173206367,0.008318758134138942,0.003189465811588312,0.0010093693502700094,0.0002697147972133396,0.000051822930468938646,0.00001413352649152872
0.017401995164737234,0.021183448831910374,0.03396235756190538,0.05307119340933173,0.07637404800607298,0.10158295328230887,0.12265559892072976,0.13236266592483537,0.12918473603496664,0.11273046180177779,0.08887830626709935,0.06088635482247325,0.03676426384833636,0.018805895201396597,0.00835031726254817,0.0032816605390928993,0.0010066588004257666,0.0002616841378155974,0.00006011662625493457,0.00001768136066321605
0.01734075442532094,0.02155753388504535,0.03470625106038043,0.05359280449412782,0.07691646087431904,0.1022831168586348,0.12199441061700003,0.1326347390050333,0.12958555620487494,0.1133911908307727,0.08870671291496222,0.06063490866590006,0.036269723075763,0.01856137010575527,0.008336946481422138,0.0031175184270552537,0.0009673025807302961,0.0002698079061963916,0.00007187022828812187,0.00002002940788357494
0.01767124176452893,0.02182127037117864,0.03494258026082188,0.05451778625819125,0.0779268731457288,0.10280109236113977,0.12245533528762959,0.1334202346335105,0.12948962197934424,0.11301337139688925,0.08794450899782351,0.06042550179602572,0.036228404928601333,0.018802531541043166,0.008334267227396323,0.003139063707303839,0.000937826248518057,0.000281937702384674,0.00005072519331607102,0.00000943724526810624
0.01799779007609733,0.022300891634718687,0.03528448937668117,0.054070021804425265,0.07840984536428953,0.103858168640543,0.12308474244480788,0.1327640676279168,0.12870860962295677,0.11333584121567042,0.08859389169486069,0.06003823144766524,0.03615360032453098,0.01902492119628345,0.00835266328849412,0.0031167710110814595,0.0010035460198374285,0.00026651163394037446,0.00006250051592407015,0.000011792550174352855
0.018313562719618877,0.022207155154116438,0.035457396882296065,0.05521661203216753,0.0788210739806146,0.10369431408155082,0.12394406056175268,0.13262269179067515,0.12929038039761337,0.11345187840482986,0.08754805084545904,0.06015965851472775,0.036236822866306626,0.018468032922198903,0.008329599320802775,0.0032096785604792104,0.0010470957243591246,0.00024054901775817737,0.000047166474070230875,0.000012970780369313492
0.01816006343632295,0.022405671509350248,0.03548469315510747,0.05540884332549818,0.07967300085903355,0.10402093776254802,0.12485958105595048,0.13353723579998678,0.12884323109890214,0.11293223074962473,0.08805447783032673,0.06028692664231164,0.036087668620732,0.018646219780427256,0.008179698488667356,0.0031906960059660304,0.0009782126438409185,0.00027257795021381445,0.00005309960069100282,0.000018879858023467668
0.018866633314769538,0.022527869285734515,0.03633626263675066,0.05603472687628019,0.07989706534769352,0.10438947149828681,0.12441240879357383,0.1343165063573121,0.12893379333780122,0.11311130723704703,0.08749917406858536,0.06021983934454086,0.035377002293729566,0.018473725941797796,0.00835724601429097,0.003229391831302328,0.0009875779915235838,0.0002383402082291088,0.000049555884879319594,0.00001415882425123418
0.01884172993952183,0.023007847090076687,0.03614324471993519,0.05608479190609869,0.08039028204306949,0.10485944947905873,0.12514483674661334,0.134098809277088,0.12994917760988753,0.11261822446634134,0.08767333308212599,0.05997889858130639,0.0355379919739247,0.01833892269721349,0.00842643706313469,0.0032782561184693934,0.0009738210524332573,0.0002614126646193265,0.00005887672626561413,0.000007065207151873693
0.01880326549493396,0.023106987677689313,0.036590489092595505,0.0562339657731949,0.08030271204121761,0.10568251817900744,0.12536611730386613,0.13438776690275972,0.13053955246953644,0.11341080898648345,0.08791417573158557,0.059713997776744555,0.0353289922422074,0.01853302903212865,0.008148396400308705,0.003187374174834729,0.0009334368649738146,0.00023601437799590773,0.00003540215669938612,0.000011800718899795375
0.019567183058907846,0.02335966576167364,0.03707484877814154,0.05674341620523025,0.08038247842340232,0.10546096289214242,0.12592410083264863,0.13428831120757032,0.13019521206426826,0.11276771072917759,0.08748763641207795,0.05967531066646072,0.03536192451108566,0.01863468264924427,0.008114286118475889,0.003217185357739459,0.0010032336897897692,0.00022870427240800854,0.0000483344080862286,0.00001178888002103136
0.019315266328509124,0.023517105384055388,0.037679906327378276,0.057500524199153275,0.08129091992828485,0.10533929231936334,0.12621184242455652,0.13438581528871005,0.12977639666680021,0.11305149873838807,0.08744466459500023,0.05914380019648634,0.035109563512911786,0.018220926972579085,0.008156303229773572,0.003037999137721842,0.0009918554765264793,0.0002461969056936271,0.00005889878126641805,0.000008245829377298525
0.019830960015088644,0.023930827989437943,0.03791022255752548,0.057657487740475286,0.08071718219539797,0.10539065447001131,0.1252157204828366,0.1348689173896643,0.13026452282157672,0.11355149000377215,0.08699783100716707,0.05944690682761223,0.03517776310826103,0.018293804224820808,0.00824688796680498,0.003063702376461714,0.0010385231987929087,0.00022279328555262193,0.00005068841946435309,0.000012966804979253113
0.01974876776457998,0.023739536901060503,0.03803488210376943,0.05805237265722052,0.08121556989267588,0.1049468565326746,0.1260027013711934,0.13568968646650748,0.12959510075925973,0.11331379985809552,0.08722058133696661,0.05920033755353829,0.035570411263727855,0.018498263909350842,0.008058147839963796,0.0031115270290338463,0.0010454259374064478,0.0002239356573925873,0.00004950156637099304,0.000007071652338713289
0.020192841459145832,0.02436741943429872,0.038565934642279205,0.05811054970776775,0.08177317026314454,0.10604394503511622,0.12581367144822023,0.13402021759192143,0.1294590609674602,0.11298350322757816,0.0870874480976913,0.05952486183938362,0.035519270592089994,0.01837073599624737,0.008033292907578236,0.0030160206206708796,0.0009275530396514194,0.0002145040066284097,0.00003417920984738392,0.000008250154101092674
0.02053151751522271,0.024770570942359696,0.039164758190364336,0.05869123638666004,0.08216137589176647,0.10621641532837957,0.12512739520640964,0.13481296147663108,0.13010434049884784,0.11240317375882351,0.08720069481875167,0.05955858296517198,0.03511988683304344,0.018407283357537444,0.008093273297729369,0.0029915807361971863,0.0010226922343648129,0.00021889615142906243,0.000040013274992409253,0.000011768610291885072
0.020711243380948905,0.024986991460276282,0.03865831922603309,0.058865702425827796,0.08276609821506352,0.1071444548303474,0.12534110627918085,0.13416925464010496,0.13006891582945043,0.11231726239107555,0.0864026031206368,0.05925066102217692,0.035518611041130514,0.018505089223278332,0.008261894278832466,0.003149126132213855,0.001055987342278814,0.00026487976813013733,0.00006828011800687978,0.0000035317302417351622
0.020893559400333977,0.02509607690394902,0.03918735614980571,0.05921236383949351,0.08356245263918334,0.10790193497293583,0.12644675141625794,0.1343851019222452,0.12990681630425943,0.11241086149251833,0.08579098898223889,0.058381524007735656,0.03540438329882303,0.01823487193870877,0.008298970347856729,0.0031041590309932713,0.0009828658435263437,0.0002498411976349936,0.000044782856179857364,0.000008249473506815832
0.02119941583831913,0.025209638667734496,0.03935436001319078,0.0594938050595939,0.08366231686060212,0.10841616808781265,0.1265204692137372,0.1350237904555519,0.12979931219673055,0.11192702689970321,0.0859176991567343,0.05879540208225373,0.03535944787299195,0.01815965515616903,0.00815235313515805,0.0029985395957977997,0.0009151081170207742,0.0002626372073302868,0.00005770952089320209,0.000005888726621755312
0.021054108315659542,0.0256365216099632,0.03944624358821705,0.06018322579732456,0.08475990960137601,0.10827557669205634,0.12660287205435242,0.13523954810119274,0.13024215938121508,0.11128768525057091,0.08511476074662565,0.05856340694824476,0.035093717248477145,0.01844754392314467,0.008152145081067574,0.0029437319258750136,0.0009431259674409333,0.00028529560515088256,0.00004361957599414318,0.00001296798205231284
0.02133669543639328,0.02528181987587896,0.0393167917233766,0.06038576122620835,0.08500593242927672,0.10900691369789665,0.12707074805220542,0.1347404473735732,0.13050400881254706,0.1116145878789737,0.0854788755982554,0.05822036556973731,0.034796115497203614,0.01835868670404608,0.008419803699099641,0.0031549201421895963,0.0008869158680099349,0.00025593183957201595,0.00004717637595797529,0.000014152912787392589
0.021285496942463643,0.02542899197345147,0.03951993909675108,0.06071705090630115,0.08486033381296999,0.10895412104520724,0.12772712327604796,0.13471661958685247,0.12945004413364306,0.11219137384672133,0.08571590189957329,0.05847206853029664,0.035164319746770714,0.018300436386862906,0.008315273304507995,0.0031512246054782277,0.0009298115982506827,0.00023922909308604374,0.000048317205992747706,0.000011784684388475051
0.021448775097746633,0.025455442645864433,0.04020361520880946,0.06090158283436902,0.08498290614434392,0.10995197665413743,0.12697854296129796,0.13602718961902413,0.12988142908410938,0.11198246227074399,0.08530282568044882,0.057949115086035945,0.03422430727386056,0.01797924182611487,0.008119581436639402,0.0031059346844719794,0.0010435751657442906,0.0002361029786751789,0.00004604008084165988,0.000005902574466879474
0.021428040943979654,0.025958379357783567,0.04028853646374257,0.0607228029391204,0.08560135143896891,0.11082294664150205,0.12796467208389672,0.13550344756041927,0.12890775580261726,0.11123672462309067,0.08527480870136196,0.058507735054775474,0.03432824736142858,0.017955135149791173,0.008071617777599642,0.0032064846436499228,0.000990237904656593,0.0002145515460089286,0.00004125991269402475,0.000008251982538804946
0.021429876413698798,0.025886526912581982,0.04078760483029719,0.06081247532104743,0.08659409826790589,0.11086934741482443,0.1280747764897247,0.13541923278661472,0.12976502690374175,0.11100843357162639,0.08524331237218515,0.05781505077234072,0.034573518231484156,0.01802933774951526,0.007947948773861234,0.003200160302689195,0.0009370635140471137,0.0002593131736985722,0.000030646102346194864,0.000009429569952675346
0.02171483277055706,0.02626223802607006,0.041031578351662865,0.06186098168304688,0.08645375488106236,0.10973312142762823,0.1280111674935391,0.13529857010809074,0.12947430721925635,0.11196379053404014,0.08545396238516534,0.058247344890683096,0.03472392522306689,0.017721557789892668,0.007984191960159209,0.003030031502895628,0.000991539491803588,0.00024876912338948513,0.000057771028654430214,0.00000471600233913716
0.022064109786654285,0.026167909277981145,0.04072802958695647,0.06144149198215166,0.0859982887085407,0.11001411933311493,0.1290115759674336,0.1361254569926056,0.13005932948489182,0.11127990929683836,0.08532532216358153,0.05787040856494304,0.03480450970085398,0.017814166947560463,0.007845776339391996,0.0030477959461721054,0.0009063244712321535,0.00020389354164260416,0.00004478586463825986,0.000004714301540869459
0.021906323780979172,0.026702529229638224,0.04119835625992584,0.06201136668881566,0.08623744692482063,0.11047413041531763,0.12890376486222838,0.1357687830762634,0.12983213869999394,0.1117194237484625,0.08584983906615967,0.05743076074816562,0.03434276316099512,0.017800508013704117,0.008102064571463589,0.0029406359125160857,0.0009236612802133856,0.00023327159882940087,0.00005655069062530925,0.000015315812044354592
0.02222353190787148,0.02688653669346283,0.04148848393408612,0.06169287347650816,0.0856797661425305,0.11063674296895254,0.12821966571583487,0.13621018883047692,0.13034725005304226,0.11204177373346846,0.08600744949197292,0.057996416700063655,0.03421815695796695,0.017658360640279112,0.008018812324665836,0.003091774912185576,0.0009983733704236309,0.0002357434168650839,0.000045969966288691375,0.0000070723025059525226
0.02228139409884296,0.026716927400115047,0.04165723688553188,0.062030279027223766,0.08650645468518675,0.10990881401642669,0.12865286146708538,0.1367895838637585,0.13065786868086793,0.11161560440182185,0.0852263618961404,0.058100417739304286,0.03457429253067035,0.017727988533386134,0.00784911407206239,0.0028737258008241628,0.000865182419116053,0.00023220836044395414,0.00005186379624128926,0.000010608503776627343
0.02216967502638826,0.026306882175689782,0.04140981112493588,0.06230695293749966,0.08619967803376519,0.1112446412671081,0.12950708502621133,0.1361622332427188,0.1299387320663038,0.11171048984862869,0.08573147072524961,0.05804945071145102,0.03459544883626307,0.0176774794643331,0.007814462534570093,0.0028599564814869435,0.0008750877151601287,0.00021464415654871055,0.00005189199389089708,0.000009434907980163105
0.022412898355860623,0.026815747882905194,0.041134149505814635,0.06206685065930696,0.08648833533838132,0.11031420281650271,0.12930908404689462,0.13680088693888146,0.13067959332908735,0.11162102233859363,0.08562852357700568,0.058133418253013436,0.03507300733611682,0.01786497770858396,0.007694666572311467,0.0029474205647158735,0.0008727856013964569,0.00020404312032646925,0.00004245984006793573,0.00000589720000943552
0.022528866767947377,0.026533736727533307,0.041102364617598586,0.06226523836519276,0.08725972842785873,0.11106855069201271,0.12922011109447984,0.13640129787015873,0.130694534967182,0.110789223387592,0.08564740879727795,0.058308690850675395,0.034712015906334596,0.01787105450182506,0.007779913656040835,0.0030030631715788577,0.0009416983807266517,0.00022157608958274156,0.000037715079077913475,0.000008250173548293568
0.022306759160022147,0.026629135406974692,0.04158785494717748,0.06254019103254148,0.08710942560684044,0.11058216637026394,0.1297902410873073,0.13792620160881902,0.13014592436430444,0.11103442590128025,0.08488110520922898,0.0576619124453814,0.034674408470444104,0.01790193976939475,0.007976963030138855,0.0030185968176946543,0.000910407858009352,0.0002355518390709838,0.00003651053505600244,0.000007066555172129505
0.022447779902198133,0.026887857700748884,0.041425018760477286,0.06220114294600164,0.08694965830603196,0.11149908288655713,0.1295574412240431,0.1377107387681582,0.13089570823894198,0.11101372548326635,0.08484565752380549,0.058234642031244274,0.03473603978988265,0.017880472493076,0.007746869621456567,0.0028850492249007198,0.000867046235004871,0.00021676155875121765,0.000037697662391516144,0.000010602467547613916
0.022494653808314728,0.026871756201876918,0.04157010138618061,0.06231980535738484,0.08704955021296401,0.11132096590808672,0.13013484774399547,0.1370545576652312,0.13089951516079815,0.11139048112779606,0.08560033461563378,0.058371576522707316,0.034679847066516625,0.01755082564051206,0.007594832309260252,0.002823024854636606,0.0008518559974550361,0.0002438923810140975,0.000041237842200451263,0.00000589112031435018
0.02271412531354306,0.02708163724555739,0.041870148108962765,0.06207592896519302,0.08690135219677486,0.1117727244343854,0.13031727199573032,0.13793066884080085,0.1306342023193644,0.11121308910454814,0.08520595169227835,0.05759059906900248,0.03465615416244977,0.017610251105427042,0.007760669300290891,0.002858263810916306,0.0008388639049350414,0.0002415268265613532,0.00004241446710345713,0.000004712718567050792
0.022733720468941846,0.02717404739566351,0.042017123275576905,0.06196798773848216,0.08669703008992484,0.11084101345871095,0.13055761889234327,0.13828228095309286,0.1310720470119025,0.11155085363283954,0.08480883168312169,0.057467624578127735,0.0343018786632403,0.017418748020864353,0.0076116526797938054,0.0028122855323271584,0.0008687596160977149,0.0002342590292729614,0.000035315431548687623,0.0000047087242064916826
0.023043701133035978,0.02721996688683193,0.04192292055785672,0.06225275599366016,0.0871064865278899,0.11059798139299204,0.1300876143788924,0.13804302355041512,0.13200370019031235,0.11204388378574245,0.08442915137195751,0.05723982300363538,0.03420908432073815,0.01792117651911077,0.007929484271245162,0.0028705935034556702,0.0008696625638547973,0.00020504239310397635,0.000028281709393651927,0.000004713618232275322
0.023064100871402163,0.02743054245727864,0.042478497868648386,0.06235853860952888,0.08688087064770457,0.11122519710287071,0.13024585989663887,0.13686861066053038,0.13169348145912707,0.112191849937757,0.08517390320268586,0.05728479007129654,0.03439044286845977,0.017916085103172514,0.007709645780678262,0.0028551623976762605,0.0008923856048889056,0.00021454977554792712,0.00003418650269719718,0.0000023576898411860124
0.023511391333365567,0.027316560089710947,0.04227074359388577,0.06244863258012138,0.08732313983611945,0.11100904774089478,0.13048415377739933,0.13741529166081995,0.13128480750704252,0.11183800145509086,0.08577961151196206,0.05787346841073185,0.03442339371056425,0.017608486222034606,0.007836737389114175,0.00285358177575328,0.0009032411736475274,0.00024054986869986354,0.00003419581466811782,0.0000011791660230385457
0.023957027921938465,0.027780334515726302,0.04236200105258935,0.06285799248083034,0.08693538375849921,0.1117620959272344,0.12977765820111062,0.13786206359433295,0.13191941791337142,0.11243589471274455,0.08503081065900123,0.057213895123396016,0.03398258743453769,0.017385424705640796,0.007664313681065428,0.0029394619521992266,0.0008991850692797313,0.00025606713915183964,0.00006254174366381339,0.000009440263194537864
0.02381030970613753,0.027676921045682607,0.04283450903466748,0.0633405164283828,0.08724867026292962,0.11184291184126141,0.12943363574635022,0.13788005960239924,0.1314636066996115,0.11148454298540118,0.08472594213286054,0.05749462446716207,0.03385996265419291,0.017596618129691804,0.007710824625598854,0.002891706590214643,0.0009041740540948354,0.0002593458825304614,0.00005304802142668527,0.000011788449205930064
0.02408450604674832,0.027923655237570198,0.04286676891832355,0.06357272943599018,0.08735801980477943,0.11262878643304279,0.12951326797709,0.13755086077518072,0.1308891888899098,0.11120692295549699,0.08462149216738174,0.057066555462099745,0.03404697450541062,0.017472310769643982,0.007579345165310775,0.0028719993026154276,0.0008835108601154927,0.00024856105531249184,0.00007892697017031732,0.00000706808688092394
0.02414646996217796,0.02774952354124654,0.042556576898733815,0.0635113330591068,0.08755879860498063,0.11259277244188501,0.13008473127962028,0.1380758020241689,0.1300387649434791,0.11136582485411578,0.08506483021331915,0.05682146321455552,0.03370393200753848,0.017143086132663552,0.007702307863661489,0.002853448712765795,0.0008662886426612384,0.00024161792074225012,0.000055395328170174474,0.00001178624003620733
0.02432026924457362,0.028265973157916405,0.043725177544908435,0.06373612148955324,0.08806227457533372,0.11237312967397634,0.1299611078096224,0.1377948539924804,0.12976576428155362,0.11135875544990785,0.08445901022023215,0.057107385985867,0.03383326370787904,0.017149043581611827,0.007771377466064946,0.002894849873791606,0.000891990326965056,0.00021181828344816613,0.000060015180310313745,0.000017651523620680527
0.02401868564741671,0.027914275825208203,0.04346367294466119,0.06346197767423027,0.08859907089762216,0.11228458881451156,0.13121981771133784,0.13798324036815623,0.13003195113853885,0.11084360894820246,0.08475763519193054,0.056845713908987516,0.03360755902248823,0.017238781194741832,0.0076557941753333456,0.0028902006305464184,0.0008853078917193105,0.00021897243066461655,0.000050622658702035046,0.00001412725359126559
0.024394380130250963,0.028085216633495457,0.04282618680296302,0.06353679648581487,0.08853414671487286,0.1130415837386501,0.13120016958534028,0.13807544192290935,0.13108357966389128,0.11139872575459589,0.08425211687256369,0.056355328394945406,0.0330408771330656,0.017157561268592556,0.007610142145490095,0.0028346660699775047,0.0008326169137823421,0.00022140308315570038,0.000047107038969297964,0.000009421407793859597
