0.04054224464060529,0.04060529634300127,0.039974779319041594,0.038461538461538464,0.03858764186633038,0.039218158890290025,0.036443883984867594,0.03720050441361917,0.03808322824716266,0.03915510718789408,0.039281210592685994,0.04218158890290038,0.03783102143757881,0.03972257250945774,0.039281210592685994,0.0423076923076923,0.04186633039092055,0.04092055485498109,0.03751576292559898,0.03808322824716267
0.005572453641178614,0.0068173010299350575,0.009647567262862445,0.012237084708341653,0.014409695717020346,0.016476612136087657,0.018443705887188643,0.01961221829455907,0.020862937604960597,0.021960986952590095,0.023834129957369846,0.023898721095465703,0.02459160784958486,0.025912790219727304,0.026458878932719525,0.026963864194196194,0.02613592324224025,0.02318821857641132,0.019770760178976172,0.020639804582447643
0.0039290872512032825,0.005409771057906742,0.00777449949613094,0.010681296453271148,0.013391639047851187,0.01600375446115115,0.01922706122463829,0.021519028787840205,0.022541319081903276,0.023803720263539885,0.025437201907790134,0.026186638920519662,0.02462228010754057,0.025921061726688323,0.02669232700192452,0.02598654651420839,0.023305308269637257,0.01887417098078022,0.014359358685647555,0.013118785766517631
0.0035406549601218473,0.00457538084932987,0.007291917844595771,0.010038977727448927,0.01348195944729155,0.016448784120772966,0.020065746299862953,0.02242211322159921,0.02467165003678008,0.02535231042997592,0.02633209512152688,0.026564069067190034,0.025611754974467597,0.02608485973207008,0.024998244933963742,0.023435473089496162,0.018957765480445518,0.014956214917756077,0.010985187242653901,0.009929095332134796
0.003099024974016494,0.0041085147203686265,0.006537260212264212,0.009679704100102306,0.013082661470869974,0.01698493635058602,0.020862788091277406,0.023584611251468778,0.02563615492953924,0.02704726962874116,0.02765242074012967,0.027193808462889043,0.02612190402791836,0.02510155955311083,0.023063584285609617,0.019649772186386555,0.01599172869691699,0.01237167675704132,0.00941919061717272,0.008401559824479042
0.002788520302753634,0.00357286895934006,0.006089217803972218,0.008711960945870047,0.013237430008635259,0.017666401918066493,0.021224425161509016,0.024888842702217202,0.026549088596758186,0.02811036305198228,0.028543363098993694,0.0274967401282175,0.026044334256242013,0.02365169971075597,0.020739465108856214,0.01683256754182162,0.01371001863137345,0.010948715474431962,0.008264115182961076,0.007853383709795946
0.002602961326777048,0.003230788266510244,0.005563371568146718,0.008290065211513523,0.012671105754469265,0.017315650304977247,0.021632533350441994,0.02501913268228749,0.0274364955341799,0.028825047087020488,0.029627015805657776,0.02822929889603278,0.025832558096905312,0.02248949420978585,0.018717949892994454,0.01480892522443667,0.01239614505093647,0.00969465613872684,0.007696608359721922,0.007226883824520078
0.002256321572068932,0.0029166559120357223,0.004917017267635444,0.008192877853203589,0.012335561692864951,0.01715578728200363,0.022042691582995627,0.02541749477324936,0.02813196362353629,0.029629008250952868,0.029183766529867764,0.028420187732837762,0.025238967899577563,0.021107038690860287,0.017506388250780786,0.01413373598671588,0.011006289308176098,0.009137134450094214,0.007186244396837278,0.007169036987326745
0.0019759695941803912,0.00269320364542891,0.00474273570640402,0.007879357554456658,0.01196207446156361,0.017041971474110094,0.021735665535984296,0.025505741959213696,0.029147084065552324,0.029668151538681586,0.029533287016224614,0.027855654092933918,0.023860803465609544,0.020033511790428702,0.01609587641505578,0.013083902080183092,0.010255833912297195,0.008588417998283542,0.00709060443826883,0.00663492582451265
0.0018841947919125165,0.0027554873731413733,0.00463968216505389,0.007644953190150263,0.012013216898749112,0.016442451420029893,0.02174691212335772,0.025949964597592638,0.029029974038234603,0.03075879159782865,0.029147982062780263,0.027421131303595324,0.022952560774132633,0.019170403587443947,0.015154197152073001,0.012052552906931004,0.009841869247108802,0.007926205648650776,0.006338997718511528,0.006392101329557078
0.0018146874832505114,0.0024712674481818667,0.004555860981156348,0.007769848622904879,0.011780154822704265,0.016401099532162847,0.021678624206552786,0.02638570914464667,0.029325962282065215,0.030551067755989623,0.02914793914288558,0.02690637897106453,0.022164837941516524,0.017446267639604596,0.014473472638034933,0.011512163000283303,0.009148092281069825,0.007431030390272662,0.00586710668371605,0.005539773814901879
0.001692247590284508,0.0025393104795390174,0.004624099408746347,0.007542803909636609,0.011669183438887516,0.016710240633475325,0.021907187450697564,0.026940731892387326,0.02936171651378214,0.030535584154101583,0.02892034228102204,0.025624121947005033,0.02140007663007956,0.017057705455009883,0.014084533495608793,0.010613641656712275,0.008282810070093984,0.006643151750095791,0.005198825005446746,0.004768719902033703
0.0015795620979254343,0.002476872022099037,0.004408683883646341,0.0075196054802647416,0.011477780455699953,0.01650012050649809,0.021919205027901886,0.026307495504180652,0.029715048480691144,0.03067168468084318,0.028828862233263506,0.025441702664120585,0.020623296686998277,0.016433378446022356,0.012862678210571202,0.009651643523239216,0.007729101392313539,0.005433916090398414,0.004286323439440849,0.0040786814735163796
0.0016275814433671463,0.0024872971493443735,0.004247142547477247,0.00746923944552011,0.011607999030064332,0.016472373366448308,0.021487381651315474,0.026107435071257207,0.0297722488178909,0.03017455168030333,0.028361433300389812,0.024621302579514514,0.019823060220513403,0.015316900761619939,0.011911103926402457,0.008946186940404065,0.006739950694936862,0.005081140262250031,0.0036684877453771916,0.003302924870399696
0.0016547229844124003,0.0023680600151789366,0.004274549010450113,0.007496424192889252,0.011449880319925271,0.016321005312627705,0.021936481989608268,0.026245694436336037,0.029288779263237787,0.03015718956156226,0.027519119621694215,0.023521878101465356,0.01910685095452157,0.014471072450230603,0.010968240994804132,0.00822253196333703,0.006016842781248177,0.0045062467160955095,0.003143426352968649,0.002672733376145717
0.001577793957176239,0.0022459506617111724,0.004141482182185272,0.00716452814156207,0.011478496429537612,0.01699442052838849,0.021499031354342744,0.02625601658771644,0.02936984470803549,0.028874174109290822,0.02683157548809029,0.022953361572637526,0.01892989619967718,0.013984084071543602,0.010416345146513328,0.007625701519148684,0.005377935214218666,0.0037747222519785976,0.0024620122047537166,0.0020807271287962828
0.0016168294950211055,0.0021557726600281405,0.0040113286576698125,0.0071617950786169796,0.011496851342113167,0.01669638691055351,0.02202975400319025,0.02603746559263854,0.02880271424799344,0.028938354306300575,0.025686609975150737,0.022418588837004053,0.01710692415369646,0.01299612611993475,0.009753424459338725,0.006957430724100887,0.004944532258822933,0.0030112092944185004,0.0019893875218380485,0.0015101259824861555
0.0014546699954034591,0.0021180139338278364,0.004030535451948122,0.007258929456616766,0.011435472677620254,0.016340252178850507,0.021760565284399694,0.026023631627806364,0.028750912548556596,0.028040701918830496,0.025372905644732456,0.02156588825899255,0.01668994979856335,0.01196001910718953,0.008868620046325918,0.006336016150982849,0.003960235414995538,0.0025470244157436033,0.0016421367606103481,0.0011969031932439864
0.0014079365907076187,0.0021559590961154978,0.004110527517698105,0.007408299813174189,0.011317436656339401,0.016510439049651795,0.02104172922664183,0.025894884856679963,0.02843744212265771,0.027835068230081646,0.024501333314153276,0.02079178901449833,0.01566891373106793,0.011463085269171223,0.00819767933210221,0.005593985611355556,0.0035567031627326572,0.002163151620205959,0.0012227290953782644,0.0009602019660764598
0.0014971403542155099,0.002111075607383021,0.004118033540252254,0.007331320391626068,0.011273430964596398,0.016007194890335367,0.021669042225102405,0.025591406342561514,0.027880200049545636,0.02728062585493177,0.02440123361492976,0.01958130333786903,0.014924730101855806,0.0105571731692343,0.0073977402874365866,0.004988672715065828,0.002978124517558189,0.0016658827922206155,0.0010106594957114297,0.0006749697520204219
0.001551557021512177,0.002192962811005664,0.004228261629063207,0.007136087317185912,0.011031104597517861,0.015895397107224055,0.02113951650903254,0.025532608676177865,0.027446076226957317,0.026390802455975016,0.023518809493522325,0.018762015160826227,0.013901305923687044,0.009655127931788823,0.006729385880831105,0.00436263435032581,0.0025584566128399404,0.0012881864878374774,0.0007506956027870696,0.0005912399735554483
0.001489827856025039,0.002278560250391236,0.003941873463000223,0.007130784708249498,0.011045830538788284,0.015568969371786272,0.020739548401520237,0.025039123630672927,0.02718354571875699,0.026303599374021918,0.022812430136373796,0.017530963559132574,0.012778895595797006,0.009201877934272304,0.0058788285267158515,0.003754080035770177,0.002176615247037783,0.0010319695953498768,0.0005311871227364187,0.0003773753632908564
0.0014758670719047437,0.0021226756433690504,0.003971976393273906,0.006948725233217373,0.01112617948759182,0.015925427617296588,0.02059245521029319,0.024746681532543224,0.02652093819404614,0.02551320329264873,0.02204866787809266,0.017215471232206063,0.012400142226415162,0.008088680671322976,0.005288821468326928,0.003244763441378952,0.0018403669298570047,0.0008898084767658142,0.00039844837413408935,0.00025014696133978705
0.001389813151307655,0.002194441817854192,0.003855438023075538,0.006836667517087209,0.010963288594076432,0.01578035599912223,0.02064380997917957,0.024231633146419223,0.025740980933333574,0.024643760024406474,0.02081508348691453,0.016415495256972706,0.011601996050004726,0.007630591589400311,0.004783169523306577,0.002870615353599509,0.0015164841830699707,0.0007528897944182677,0.0003710926000924164,0.00014094382407356195
0.0014621473238246201,0.0020452231468619997,0.003856859343210555,0.00690240523234769,0.010768180108020588,0.01618169141915662,0.02032206469466976,0.023972083684753898,0.025184596099632858,0.023775941970582293,0.01967301393141103,0.015283005746952226,0.010821673302794663,0.006854261357051027,0.004427453420800652,0.0024410727881901293,0.001355160934276478,0.0006454845502737956,0.0002959956777498622,0.0001390823064125859
0.0014815897761390948,0.0022179274145812684,0.0040685774598669235,0.006660913843147601,0.010695616205846485,0.015694867387909085,0.020426683592329246,0.023323895850122303,0.02443820825696579,0.022828249691558326,0.0187632380313933,0.014329166102081714,0.010123305353691674,0.006405959164461812,0.0038510636780510763,0.002180486517711327,0.0012408982962609024,0.0005598305531981658,0.0002139479821139487,0.00010340819135507519
0.0015282358927281592,0.0021224510128343347,0.003937119942499901,0.0066217625060933745,0.010690534900353321,0.015337510630045934,0.01993823009290393,0.022827467682881263,0.023969641656258995,0.02175823628412734,0.018038164978312923,0.013677622285557725,0.00969068790185132,0.00587276680080984,0.0034140683098315915,0.0018111107552936732,0.000973160690712809,0.0005017025864369509,0.00016901328266493028,0.00007827983618165193
0.001488892011747482,0.0020100931580342356,0.0039259076104261595,0.006697345787609643,0.010351090342124974,0.015477717316863614,0.01923641363803737,0.022744293025332516,0.022877706288033896,0.020654151909677444,0.017678146729685165,0.013010461378639293,0.008862198330377487,0.0052511460199266054,0.0029991301455271875,0.0016810071100374802,0.0008734121598184158,0.00043581665815786534,0.00015653822823629446,0.00004624993106981427
0.001362286364687261,0.001974070319585979,0.0039001227124793253,0.006445072827188818,0.010261608778388375,0.014930018317949814,0.019123583915773,0.02157961194401466,0.022388802930871966,0.019945223994735813,0.016363442351811343,0.012040050507745112,0.008075903893008945,0.004871151896708105,0.0027156805207277377,0.001369400131604688,0.0007451670846004732,0.0003663589962474879,0.00013160468797239862,0.000046239484963275175
0.0013707021297373117,0.001974379233507631,0.003597205330113721,0.0063119767761867125,0.01046136910416093,0.01444208694725815,0.01845653968733077,0.02123878092735457,0.021453618955461055,0.019111706897010913,0.015729339595003687,0.010997576413980454,0.0076045559866125744,0.004579068384187209,0.0024129328941878323,0.001235762541835711,0.0006054526246637607,0.0002769812593769697,0.00009942917003275835,0.00004261250144261072
0.001331290837346436,0.0020146868005176065,0.0035376835184419285,0.006395521182612277,0.009974030953399497,0.013923527104193926,0.018244009634995558,0.02027467192556132,0.020452177370540846,0.0186753478662958,0.015260143104889745,0.010531398050635207,0.006961763552096962,0.004103925887926613,0.0021904171910473356,0.0011626606646158869,0.000516540844890417,0.00019703104392727248,0.00007810239579099089,0.00004082625234529069
0.0013227489773519135,0.0019220641976534505,0.003769657273257597,0.0062396161545594945,0.00968656523227011,0.013605164749626319,0.017231199144645975,0.019589451342873904,0.02054161783193286,0.01765320216959202,0.014589247433849253,0.010163535037776367,0.006450617667032524,0.003813985322096468,0.0019592997586781015,0.0010408225867366927,0.00041845678103894293,0.0001773121953554843,0.00005496678056020015,0.00001950434148910328
0.0014501591984058897,0.0019713655606691306,0.003433934434367,0.0062509307256468985,0.00983555407427368,0.013430814287436444,0.01704557541891518,0.019126855246456152,0.019419369021195725,0.017127124713691065,0.013496408285408348,0.009420716357370282,0.00598323630149129,0.0033718860579070903,0.0017781291882654122,0.0008722228919507304,0.0003439252866634994,0.00016841702181975477,0.00004077464738794063,0.00001772810755997419
0.0013670091577202331,0.0019060114715295077,0.0033563532238189376,0.006150654692777547,0.009565518036187621,0.01307967127950993,0.016191345821402296,0.018299483160610273,0.018733876472726303,0.016178934583913264,0.012615136390634836,0.008712688717298607,0.005430802918413845,0.0030549374562282264,0.0015159440075885845,0.0006914832315316356,0.00030496183544472113,0.00012056630703628515,0.00004077978032109644,0.000019503373197046125
0.0012656859078105582,0.001870166152297114,0.0034549325410683164,0.006016439735446827,0.008967934184332794,0.012846534697343297,0.015803347154245275,0.017723148048025158,0.017567153146222175,0.015528583406751388,0.011976154052056206,0.008184414336640545,0.004990064188356752,0.0026519133306506936,0.0013153206492933253,0.0005300281322624045,0.00021449298997910013,0.00007977012024016124,0.000042544064128086,0.000014181354709362
0.001256668306825302,0.001738096165214713,0.0034107039820455726,0.006003688586973837,0.008940044532076905,0.0121737529779499,0.015210996378671328,0.01700219120473781,0.017021660713716805,0.014619831287854922,0.011736574003603636,0.007665676671634341,0.00457710456542286,0.0025381159887147647,0.001254898351463576,0.00046018839404870197,0.00020354486659846449,0.00006371839302212797,0.000037169062596241324,0.000008849776808628886
0.0012571565982155805,0.0018671692935522542,0.0034337526212864385,0.005658088768340163,0.008575540789515562,0.012032279396423384,0.015119474080648981,0.016226337695955533,0.015920447271917132,0.014007306007122116,0.01076451388176716,0.007493431312570504,0.0044875716543897924,0.0024206011012055276,0.0010007744509001669,0.0004190521994051934,0.0001485248301689293,0.00003889936028233864,0.000010608916440637808,0.0000035363054802126026
0.0013089838747337816,0.001783048305042772,0.003329064394931048,0.005324380355336054,0.00824836730795084,0.011480142360840865,0.014713686310858901,0.015345182585561558,0.01503031889677424,0.013279110740035804,0.010063255761297948,0.006902236593528668,0.0040083208920902,0.002191663541615073,0.0009233643008257211,0.00039269516242013434,0.0001291294903453595,0.00002830235404829797,0.000007075588512074492,0.000003537794256037246
0.001329418149739862,0.0017678432842285394,0.0031379218295056587,0.005202762785484592,0.008089650868629797,0.011471535071358993,0.013656589370665462,0.014980703990552643,0.014526368266505912,0.012503955549348461,0.009523371772139147,0.006335950330675084,0.003786720314817532,0.001987055851472879,0.0007672439853551857,0.00033058669415073685,0.00010607059705371237,0.00002828549254765664,0.0000088392164211427,0.0000017678432842285398
0.0012522706248795045,0.0017510563822467648,0.002941420973410473,0.005203644319767655,0.007955809704389841,0.010863624545211743,0.013256734934282319,0.014091582017535326,0.01363524611185889,0.01192310209366206,0.008841950358435928,0.0060296476839184,0.0035657875420297726,0.0017758187957330827,0.0007853222562803672,0.00030953016857897356,0.00009020593484301515,0.000030068644947671716,0.0000070749752818051095,0
0.00117576128333018,0.001656674169143427,0.002926142742723983,0.005053121425199481,0.007938598740078961,0.01063666147445769,0.013007632724000207,0.01356810840342226,0.012998792413599228,0.01112464660859172,0.008225024797070673,0.005610060980461143,0.003382302759414488,0.0016071684308979453,0.0006966164595971295,0.00026167318786897247,0.00009370729025037528,0.00001591255872176184,0.0000035361241603915197,0
0.0011332536578811513,0.001610599192402073,0.003047939635237294,0.004969697398290045,0.0075261479276132045,0.010397292920435341,0.01242689541536133,0.01337097880585827,0.012677943807590856,0.010519281223701793,0.007870897480322755,0.005169475344219169,0.003062083206630507,0.001564632585374133,0.0006806593732983514,0.00023336892798800626,0.00008132553551097188,0.000021215357089818746,0.00000707178569660625,0
0.0011671640209771682,0.001520315010682817,0.0028252079176451883,0.004979428954849644,0.007483269471862693,0.010165451238677094,0.011862341744212735,0.01263750816661664,0.012007133649992051,0.010142496424346227,0.007409107764024506,0.0048081507248424055,0.002909964155174544,0.0013313792311902954,0.0005491497889922835,0.00023307965320572806,0.00007592746278671446,0.00002648632422792365,0.000014126039588225945,0.0000017657549485282431
0.001200518341448602,0.001440622009738322,0.003015419598815017,0.004671428722754412,0.007346112968775932,0.009911338189547718,0.011364318476330366,0.01205285105451413,0.011502024991967117,0.009704778416092593,0.007012439488579186,0.004403077564077668,0.0026464367556344906,0.0013188047074442731,0.0005402332536518712,0.00019067056011242513,0.00006532232151999746,0.00002824749038702593,0.000008827340745945603,0
0.00111410087998079,0.0015254883681511933,0.0028920716979533028,0.00496843086571465,0.007034196364252725,0.009400115824116841,0.01098563498453324,0.011538271395680607,0.010704902750116528,0.009170586324279278,0.006663417941438198,0.0042198115739367475,0.0022370298176476408,0.0012571154144949644,0.0005402771303868808,0.00017479554218399081,0.00008298374224896535,0.000017656115372120286,0.000008828057686060143,0.0000017656115372120288
0.0010607167692085041,0.001528420502719741,0.0030056583327156125,0.00473351476708354,0.006971433008941083,0.008879311257717114,0.010591283414343152,0.010762480630005752,0.010578928976099456,0.008676345486570725,0.006217812276075806,0.003886353287516017,0.0022185041246174536,0.0011154292814305738,0.00047652833225673204,0.00016237261691710872,0.000052947592472970254,0.000015884277741891076,0,0.0000017649197490990084
0.001094062943911628,0.0015722743274600975,0.002833975948261411,0.004473305746477383,0.006792013340509446,0.008655449580462153,0.010240076231482546,0.010884161674269225,0.010113023760576677,0.008189590520473976,0.005941467632500729,0.003820397215433346,0.0021281288876732634,0.0010375951790645762,0.00044115441286759203,0.00014822788272351087,0.00003705697068087772,0.00000882308825735184,0.0000035292353029407355,0
0.0010988216328524745,0.0014780297404981915,0.002643874201678747,0.004592827499113713,0.006349531104765499,0.00860890592287789,0.010055188007852251,0.010310933010683091,0.00961072083051867,0.008056849468491336,0.005804529684939794,0.003631579040197824,0.002054778815847725,0.0009912323557995035,0.0004144832804499704,0.0001516832430582869,0.000031747655523827493,0.000005291275920637916,0.0000017637586402126388,0
0.0010549602537549886,0.0014677707878330269,0.0026497496674581806,0.004297463508607277,0.006255667324105667,0.008196229663788754,0.009708104141160032,0.010108565642167363,0.009043020502923193,0.007852220885390386,0.005465329207580189,0.0034436160791467166,0.001958203815498391,0.0009332340706294125,0.00040046150100732803,0.00016406572508229745,0.00003881124679366177,0.000007056590326120322,0,0
0.0010318188231974036,0.001474530831099195,0.0026915479046140827,0.004347749400310427,0.006187385353464088,0.008182235078312401,0.009222872865810637,0.00946274869479328,0.009053548751234654,0.007254480033864824,0.005249047551855509,0.003451742627345844,0.0017443911387046704,0.00085720333004092,0.00033512064343163556,0.00011993791449132217,0.000042331028643996034,0.000014110342881332013,0.000005291378580499506,0
0.0011068010102202846,0.0015086332241219173,0.0026013348584158287,0.004145216522353679,0.005953461484911024,0.007677110191910133,0.009198080369967623,0.009309112955387812,0.008602381737078363,0.007044400697214139,0.005024665095761199,0.0032358067751026174,0.001702499643109547,0.000782515363913705,0.0003295729122789701,0.00008988352153062823,0.00003172359583433938,0.000008812109953983162,0.0000017624219907966324,0
0.0010911526732359106,0.0013890602689982197,0.0024379065381022053,0.0040596520298260145,0.0058153678013009216,0.007574609106453491,0.008852615064605409,0.009111741789913448,0.008091099790230743,0.006716141655943165,0.004819404537361842,0.003199421812476863,0.0016728657300498855,0.0008038216785065836,0.0003225863315059316,0.00009166387561917189,0.000040543637293095243,0,0,0
0.001025975514089535,0.0013485760623341823,0.0023622116647422286,0.004017522674587716,0.00560937128149983,0.00730346487091571,0.00847575648065719,0.008600918441998008,0.0077230218680863424,0.006221078331996508,0.004475862251328743,0.0029721558707129832,0.001577745850704698,0.0006469639410152222,0.00028029227962239866,0.00009166791534820583,0.000026442667888905536,0.0000035256890518540715,0,0
0.0009972988354862184,0.0013373671663145573,0.0023910503882593605,0.003872902544874044,0.005666630839087771,0.007039238246938943,0.007923768309507993,0.008124637686266704,0.007398688710612425,0.006070131604682018,0.004301071479543921,0.0026659242722449628,0.001561142700072066,0.0006907087341176636,0.00025020571490997007,0.00008810060384153873,0.000024668169075630844,0.0000017620120768307746,0.000005286036230492324,0
0.0010200162779799803,0.0013600217039733066,0.0024187950771442364,0.0036290734587888754,0.005588068452076851,0.00687762271024843,0.007568203679105346,0.007964583061740053,0.007041459521737448,0.0057977091033369855,0.004058924878179402,0.0026178656115341124,0.0014428209527903345,0.0007011510857271712,0.00026072954946638533,0.00006870575965668261,0.000035233722900862875,0.0000035233722900862873,0.0000052850584351294306,0
0.0009283726174118312,0.0013529225240460844,0.002293626466546877,0.0036694500229010334,0.005214388894760947,0.006658915548039321,0.007282528273966813,0.007523869922136493,0.006868548074551666,0.005341225381390268,0.003697635908818658,0.0024187013353063453,0.0014286720924497056,0.000639467286756157,0.0002695275340873057,0.00006694147905436353,0.000026424268047775077,0.000012331325088961704,0.0000017616178698516718,0
0.0008811038468993955,0.0012652651241475315,0.0022186194864926784,0.003526177595291381,0.004987047773450578,0.006469064443935364,0.007350168290834757,0.0073219729677339775,0.0067792129980439484,0.005316580612190952,0.003522653179903783,0.002253863640368654,0.0012723139549227274,0.0006731633390311378,0.0002537579079070257,0.00006343947697675649,0.000029957530794579454,0.0000070488307751951645,0,0
0.0009599802719650534,0.0012189107306418657,0.0020890579863312897,0.0033502430775734513,0.004789332769675193,0.006057563587684071,0.007051011061791022,0.007126752624533221,0.00644683999154513,0.005206792080603114,0.003447121820615797,0.002082012259564575,0.0011836820968082855,0.000547805256112168,0.00025012330021841755,0.00006517297259212289,0.00001761431691678997,0.00000528429507503699,0,0
0.0008451567237499607,0.001193783872296819,0.002031897623348863,0.0030953865007342304,0.004625472319356556,0.005961876388786177,0.006752450074127285,0.006963739255064778,0.006204858946864293,0.004819154068549252,0.003414081015314944,0.002176278563656148,0.0010740533364322416,0.0005352659250416416,0.00022889661268228088,0.0000669082406302052,0,0.000007042972697916337,0,0
0.0008594182020548554,0.0010989281927914546,0.001977718526450005,0.003379556413408336,0.004636983864775479,0.0056813178685019726,0.00636286468037744,0.0066622521687981886,0.005862711464427485,0.0045401232067570005,0.003268606932405352,0.001967151909211626,0.001054900620964874,0.0005230475532997788,0.0002412710936096623,0.00006516080630333942,0.000010566617238379362,0.000003522205746126454,0,0
0.0008019571279007058,0.001120977435922744,0.001958185426588316,0.0031778652782526854,0.004360531724013945,0.005603124636475478,0.006079011283801173,0.006168900983851581,0.005416295063821688,0.004371106982843405,0.0029698851879399737,0.0019141218481322332,0.0010540007966694984,0.00044768595711380045,0.0002414684099393333,0.00004406357845608272,0.000014100345105946469,0.000003525086276486617,0,0
0.0007609478733092251,0.001123807275859457,0.0019745892731010206,0.002959241729535874,0.004222203824819934,0.005250892616515739,0.0061457109490182515,0.0056877330623043695,0.005227993722180045,0.0042644787066704465,0.0028500316180887163,0.0018882780559895574,0.0009529462950469695,0.00047030806058695127,0.00019023696832730618,0.00006165086936533074,0.00001937598751481823,0.0000017614534104380206,0,0
0.0007868859385067121,0.0010914301607923079,0.0018219842200323203,0.0028130732208808194,0.004122789413831588,0.005140283983086352,0.005999345141903524,0.005561012706359517,0.004960726117923748,0.004077019761927397,0.002681045378849491,0.0016160207864634494,0.0009400382352630521,0.00036263647277937956,0.0001425900693938337,0.0000598526217208685,0.000012322598589590572,0.000003520742454168735,0,0
0.0008274880982562887,0.0010176342995577338,0.0017852615566635685,0.002834586889771544,0.003975464097580213,0.005126904983238965,0.005540649032367108,0.005556494549142228,0.004869855488887009,0.003873348545029438,0.0025652131045944965,0.0015827910645370296,0.0008785458745316766,0.0003873348545029437,0.00011972168230090993,0.0000651426800754951,0.000008803064875066904,0.0000035212259500267613,0,0
0.0007586518879166641,0.0009610764055742429,0.0017725346894015808,0.00281106047564481,0.0037985400791743906,0.004764897124339699,0.005363369611327322,0.005375691103706481,0.004664564972109423,0.003638360678245349,0.002365726536798138,0.0015296252682124856,0.0008818668117082344,0.0003309200810402155,0.00012497513698859206,0.00003696447713747089,0.00001584191877320181,0.0000017602131970224233,0,0
0.0007233572223082664,0.0009908761950354113,0.001723033383551807,0.002675189727271447,0.003674865888514988,0.004649902144375764,0.004993100826492827,0.005091660448023878,0.004539022570153331,0.0036449460034073465,0.002437590639651944,0.001459034397307914,0.0008659166748799685,0.0003590386212916943,0.0001249595201554426,0.00002463990538276333,0.000003519986483251904,0.000003519986483251904,0,0
0.0007883465486962369,0.0009027271863418959,0.001552057267745716,0.0025093352197340046,0.003549319171250691,0.004515395633827105,0.00496235997170399,0.004914848014528101,0.004450286655474964,0.0035000475119571777,0.0022893724550308112,0.0014605527576291885,0.0007989047614019899,0.00032202548752547163,0.00011262093552803377,0.000038713446587761624,0.000007038808470502113,0.0000017597021176255283,0,0
0.0007518955868835604,0.000933266185124794,0.00147913885944307,0.002518057820242369,0.0033562365072601083,0.004312394127114379,0.004738526989001549,0.004838897125892328,0.0042401980637368,0.003310453637801156,0.002266252038218132,0.0014069427960654915,0.0007554173460727106,0.0002746972167537129,0.00011093541445823021,0.0000405002306752269,0.000008804397972875411,0.000001760879594575082,0,0
0.0006826923415291602,0.0009043914008917229,0.0014656771146747177,0.0024281325549233034,0.0033290049231267296,0.004154218088531823,0.0045448307169325295,0.004803479619522185,0.004087356467454226,0.0032639028183932793,0.0022715356002941897,0.0012809278985392494,0.000728439766476991,0.0002692060006545402,0.00009677339892810271,0.000026392745162209813,0.0000070380653765892836,0.0000035190326882946418,0,0
0.000696984310812761,0.0009293124144170148,0.0014221296038805834,0.0022282377209317055,0.003275474248541789,0.004032300646646555,0.004676483115731078,0.004386072986225758,0.003866854875898072,0.0031769108106490754,0.0020874328096564016,0.0012936451223418677,0.0007392257841953529,0.0003044906206328478,0.00013024454292965738,0.000012320429736589213,0.000001760061390941316,0.000003520122781882632,0,0
0.000646142686615515,0.0008486124658002132,0.0013785551052314666,0.002188434221970259,0.003014158799688724,0.00395784403136697,0.004452574535287842,0.004244822935776585,0.003824037916427517,0.0029842284845048974,0.0020370220392756156,0.001204255034455074,0.0007236093847383559,0.00032571225347103596,0.00009507276587803218,0.00001760606775519115,0,0,0,0
0.0005539172500382469,0.0008405474460897844,0.0014261171104159305,0.0021488472366563084,0.0029085051795659047,0.003752569560576565,0.00421504650267199,0.004146466271714874,0.0036734385248568162,0.002864543493054932,0.0019536573485475937,0.0011623469913500987,0.0006717345698876519,0.00032707494764163157,0.00009847417778457721,0.00004572015397141084,0.000005275402381316635,0,0,0
0.000592822450555617,0.0008250259029987671,0.0013527610221877435,0.001979006696958663,0.002802273482893466,0.0036448905565318653,0.004244749475343334,0.004105779227290237,0.0035921170446129684,0.002716076746759267,0.0018259635123938592,0.0010976890479130715,0.0006702236013700005,0.00027090402785034126,0.00010026967264590553,0.00004221880953511812,0.000007036468255853022,0,0,0
0.0005769538595222892,0.0007405413867648899,0.0013174952462871791,0.0018891720888016428,0.002840794155879565,0.0035619864802824267,0.0041547713908281925,0.004033399999648198,0.0035619864802824267,0.0025822203224961,0.0018152938506920812,0.001090583514950669,0.0006138929785770699,0.00024098377669071232,0.00010378133448724113,0.00001583105102347745,0.000007036022677101088,0,0,0
0.0005578216448875738,0.000709154961797136,0.001187790568766915,0.0019092633586845966,0.002789108224437868,0.0036372786750240205,0.0039786584829362885,0.0038977127552869886,0.0034947438067719897,0.0026096198718241997,0.001773767249358593,0.0011086045308491212,0.000614131716295783,0.00029210849543008586,0.00010734107362189894,0.000017596897315065407,0.000005279069194519622,0,0,0
0.0005710189437730824,0.0007098204716440775,0.0011982612912407452,0.0018114477877847622,0.0027127792282635047,0.003621138594204071,0.004077953749222535,0.0039110405195042506,0.003208247973321996,0.0025458659985452205,0.0018167187318811296,0.001029591080157004,0.0005956166828894613,0.0002951728693965474,0.00010014793783097141,0.00003865359004002404,0.000014055850923645104,0.000001756981365455638,0,0
0.0005521277138220077,0.0007086225116887551,0.0011024970591286582,0.001721442776534221,0.0028063561505093115,0.003650373037880533,0.003917645052214753,0.0038174180468394207,0.003205505803495285,0.0025091918714140265,0.001693308880288513,0.0010778798999136643,0.0005239938175763003,0.000293647542064571,0.00008967679428319233,0.00002637552773035067,0.000008791842576783558,0.000007033474061426846,0,0
0.0005205887577450769,0.0006929458464579737,0.001108009856011481,0.0018115081772886118,0.002771783385831896,0.0033803094337366145,0.0037637160188326493,0.0037338173401783715,0.0033451345176727567,0.002398929275555016,0.0015670425106448088,0.0010376600238837677,0.0005012425539099556,0.00022511946280868197,0.00008969603596283418,0.000022863695441506748,0.000007034983212771308,0.000007034983212771308,0,0
0.0005802381438005951,0.0006962857725607139,0.0010549784432738092,0.0017793969743218248,0.002683161840726388,0.0034937369446417636,0.003528902892750892,0.0037697896372984115,0.003189551493497817,0.002285786627093252,0.0016018089363707335,0.0008914567845663687,0.0005468304930969246,0.00022154547308749991,0.00010549784432738086,0.00003164935329821427,0,0,0,0
0.0005714687626382513,0.0007244465544829525,0.0011429375252765032,0.0016300047475866434,0.0026287563081359554,0.003289901707372827,0.003692567389354857,0.0035765152714037035,0.0028731691020027783,0.0023755516871516243,0.0015051608025179787,0.0009372087707267324,0.0005116843382391727,0.0002532046209843328,0.00009671009829262713,0.00004044240474055318,0.000007033461694009249,0.0000017583654235023121,0,0
0.000541508946325563,0.000705016517781009,0.0010847760385807542,0.0016280431308359456,0.0025616186194686538,0.0032930073261940892,0.003460031189508792,0.003389705352323653,0.003011703977453537,0.0022047149957540773,0.001601670941891519,0.0008966544241105097,0.0005116204655218792,0.00031119182954423565,0.00010021431798882173,0.00003340477266294057,0.000014065167437027608,0.000001758145929628451,0,0
0.0005644491960555377,0.0006365439531841264,0.0010163602346420586,0.0017566503017429338,0.0024547385597929296,0.0032178879401297007,0.0033673526805182382,0.003161618861395192,0.002901374372248091,0.0021012984089917985,0.0015456412564885283,0.000891513216199868,0.0005310394305569231,0.0002496940368843812,0.00009495407036448293,0.000015825678394080493,0.0000035168174209067763,0,0,0
0.0004979264793078996,0.0006509992839007875,0.0009852962134714624,0.0016908386806179926,0.0024913918540635555,0.0030333047714728592,0.003357044955899197,0.003114239817579443,0.0026567808613248345,0.0020867166235306327,0.0014181227643892832,0.0008709314744078105,0.00045569949873055105,0.0001882619550740115,0.00010380799391931483,0.00003518915048112366,0.000003518915048112366,0.000001759457524056183,0,0
0.0005081881597434088,0.0006383124636223439,0.0010831969079651903,0.0016476550369535442,0.002511047377555668,0.0031177079834777306,0.0032917932008292784,0.0028557009391809553,0.0024688449006219585,0.0020186851466623993,0.001355754571495392,0.000829982046362938,0.00042026633279818227,0.00017408521735154847,0.0001002308827175582,0.000026376548083567934,0.000005275309616713587,0,0,0
0.0004943866878027235,0.0006404154959437417,0.0010521111719075755,0.0017118798833880792,0.0024261894750176377,0.002913538629897904,0.0031422584498778114,0.002776306737909958,0.002514158636548371,0.0019106901884475374,0.0012931466745017873,0.000825150735158283,0.0003694704784290818,0.00017593832306146752,0.00008972854476134849,0.00002287198199799079,0.00000879691615307338,0.0000017593832306146757,0,0
0.0005276330206814554,0.0006613000525874243,0.0010447133809492824,0.00172887753109957,0.0023444493885612675,0.002926604488046474,0.003002231887677483,0.002852735865151069,0.0023655547093885255,0.0018889262140396113,0.001252249035750655,0.0007527564428388769,0.00039924231898230125,0.00017763645029608994,0.00008090372983782317,0.000012311437149233964,0.000001758776735604852,0,0,0
0.0005396378976973105,0.0006679557039901563,0.0009615046581121462,0.0015890314642292144,0.002332571629460362,0.0027456494990332216,0.0028511161891369313,0.002919669537704342,0.002441553875900862,0.0018122692916153979,0.0012796625065916681,0.0008068201792933731,0.00037968008437335186,0.0001880822640182808,0.0000896466865881526,0.000022851116189136934,0.0000017577781683951486,0,0,0
0.0005205915045094482,0.0006771207068788431,0.0011168094775793902,0.0015230819017066966,0.002098194813783012,0.0025660236658083947,0.0028351131934771286,0.0026662727055281185,0.0023584905660377358,0.001844934081859497,0.0011783659054774673,0.0008389261744966445,0.0003904436283820861,0.00017763426336302114,0.000059797672815274425,0.00003869261182164817,0.000012311285579615326,0,0,0
0.0004848919270764705,0.0005973306348043478,0.0010066778051261507,0.0015548165052995523,0.0019817322237038366,0.002633525357563875,0.0027881285806897063,0.0027389366460587607,0.0023383737497781965,0.0018780777900171991,0.0012069592532664322,0.0007185536165734653,0.00037596692896508946,0.00018446975486604864,0.00004216451539795398,0.000012297983657736574,0.000014054838465984656,0,0,0
0.00044650076995014657,0.0005572470239141595,0.0009387063431235363,0.0015486896784491304,0.0019846431861169907,0.0024047758003614204,0.0026649416033244972,0.002770414226147365,0.002313366193914932,0.0018422551453061166,0.0012340296870275707,0.0007260032204307502,0.00037091205692709025,0.00016699831946954312,0.00008437809825829545,0.00001230513932933475,0.0000052736311411434645,0,0,0
0.0004129842240026431,0.0005377581810417394,0.0009595293034274175,0.0014551103722305891,0.0018557929384969837,0.002467361065956217,0.002741512295506909,0.002602679301054955,0.002321498552797836,0.0018452486604373414,0.00118623128170972,0.0007099813893492247,0.0004077120849728222,0.00018101010669052025,0.00005975090900463772,0.000014059037412855934,0.000001757379676606992,0,0,0
0.0004340559984957412,0.0005869421194233907,0.0009243459725051002,0.0014673552985584775,0.0018978966735846172,0.0026166371731180514,0.0026851723307752726,0.002498897286886412,0.0023618269715719674,0.0017467678643917686,0.0011580684332335763,0.0006625065240198153,0.00041472556941293484,0.0002143920316456697,0.00007204978112682346,0.00002284505255240743,0.000005271935204401714,0,0,0
0.00045358729533631376,0.0005836859769444039,0.0009950791052726886,0.0014310854976889906,0.0019391735920773416,0.002517585298145742,0.0026775715147178535,0.002633619257417823,0.002331227727193613,0.0016508467841891423,0.001148032960676794,0.0007208170197204989,0.00038326368365626507,0.0001758090292001216,0.00007911406314005476,0.000019338993212013383,0.000014064722336009733,0.0000017580902920012166,0,0
0.00046593898133430873,0.0005855006822049993,0.0008773718931540381,0.0013943004233890825,0.0018918880902479853,0.002419366182324561,0.0025864009114821437,0.0026075000351652067,0.0023894757571068887,0.0016386986060512292,0.0011674848437961546,0.000675171957858017,0.0003463772804636183,0.00018285907191987962,0.00007560519319764254,0.000017582603069219192,0.000008791301534609596,0.000001758260306921919,0,0
0.0004710704724942304,0.0006239926034904918,0.0008718319192430527,0.0013235674096572963,0.0018667046335405686,0.0024713622549510737,0.002596160775649172,0.0026137380320855235,0.002283285611082109,0.001706751599969767,0.001198768888959198,0.0007048479830977103,0.0003445142261524967,0.00016346848485807242,0.00005273176930905562,0.000015819530792716687,0.000003515451287270375,0.0000017577256436351875,0,0
0.00046034367642407826,0.0005622518185332254,0.0009048740204519095,0.001396844361668482,0.0018694872966229744,0.002398355413430789,0.0026127139192465825,0.002616227993112415,0.00219278209227958,0.0016920265663984261,0.0011807288189197734,0.0007607969919527708,0.0002899110939311942,0.00015461925009663686,0.000054468144920406236,0.00001581333239624697,0.000010542221597497979,0,0,0
0.00048149410784765107,0.0005781443849703548,0.0008698524941043336,0.001293356435678362,0.001845141654160707,0.0022862183733934087,0.002456674316682541,0.002423286039131062,0.002110490596806675,0.0017783650990577477,0.0011721042698335153,0.0006607364399661198,0.00037957199742734546,0.0001388249435035199,0.0000404173886149488,0.000015815499892806054,0.000010543666595204037,0,0,0
0.000414872110398172,0.0005519908587501102,0.0008350180188098801,0.0013764612815329166,0.0018634086314494149,0.0023134393952711605,0.0026087720840291813,0.0024523160762942773,0.0021534675221938984,0.0016717939702909372,0.0011303507075679008,0.0006258240309396154,0.0003427968708798455,0.00013536081568075949,0.000040432451437109966,0.000005273798013536082,0,0,0,0
0.0004695537480765005,0.0005873818421631131,0.0008810727632446696,0.0014473510661683897,0.001795559463618379,0.0020962848977797333,0.0025236315673774464,0.002535941965267091,0.002062870960650693,0.0016267311497032322,0.0010411079358100686,0.0006137612662123546,0.00032710485821059595,0.00015124203121565186,0.00004396570674873597,0.000012310397889646075,0.0000017586282699494394,0.0000017586282699494394,0,0
0.0004076877252606478,0.0005957161157903431,0.0008962100857022861,0.0012951114375736959,0.001762546501881163,0.0021438751069740958,0.0023354180468594873,0.0023986799352620006,0.0021456323816519437,0.0016395372744318294,0.0009981320170174477,0.0006378907080586857,0.00035496948492521924,0.0001546401716505906,0.000052718240335428593,0.000014058197422780958,0.0000017572746778476198,0,0.0000017572746778476198,0
0.0004248432839504432,0.0005341390665435033,0.0008655520847289112,0.0012516129942108487,0.0016746934429581791,0.0021171650789397604,0.0024009815466410943,0.0025261428460621785,0.002133030595767786,0.0015407179675215243,0.0010559382866652093,0.0006134666506836275,0.0003948750854975073,0.0001357383106397682,0.00004759655048407454,0.00002467969284359421,0.0000035256704062277443,0.0000017628352031138721,0,0
0.00044934292656323324,0.0005381243918922591,0.0010635657173089432,0.0016016901092012023,0.0021216958346997835,0.003100103819958436,0.0034407347481595976,0.0036980198109498354,0.0034425466147989642,0.0027395423587242298,0.0018227378392040835,0.001137852249523026,0.0006993805227960002,0.0003152647952500105,0.00015582053098563733,0.000048920399262932644,0.00001630679975431088,0.000001811866639367876,0,0
0.0003302081909384483,0.0005325938563523361,0.0008557007958727533,0.00133148464088084,0.001869404435796699,0.0024641342420568075,0.002876006824302615,0.003218642205222617,0.002897310578556708,0.0022830523308970127,0.001635063139001671,0.001070513651268195,0.0006497645047498496,0.0003177810009568938,0.000158002844051193,0.00005858532419875692,0.0000035506257090155713,0.0000053259385635233574,0,0
0.0002969896697689561,0.0003596079736359047,0.0006852231537440377,0.0010430420329837443,0.0016781705436342232,0.0023526591310010694,0.0028786528834834385,0.0030056785856135333,0.002977053075274356,0.0023079317710961054,0.0018821273048008561,0.0011664895463214433,0.0007317396080451993,0.0003828662007864857,0.00017354215643125757,0.00005725102067835304,0.000019680038358183852,0.0000017890943961985322,0,0
0.00024473813020068524,0.0003131208430508768,0.0005416630675765165,0.001128314762028159,0.0017257637269298314,0.002438383576631828,0.0028684748495580318,0.0030520284472085454,0.0030808211684086265,0.002616538539057327,0.001979499582505542,0.001457631510754082,0.0008637816360024185,0.0004642826293513,0.00023034176960064502,0.00008997725375025195,0.000008997725375025195,0.0000017995450750050388,0,0
0.00021677788576527997,0.00027097235720659993,0.0006358817982448215,0.0011127931469284383,0.0017884175575635607,0.0025200429220213812,0.0030457292950021855,0.003394380394608011,0.003486510996058254,0.0029662440702215827,0.0021713918224155553,0.0016926739913505624,0.0010495662635802315,0.0005563965734642189,0.00029806959292726017,0.0000903241190688667,0.000032516682864792013,0.000005419447144132003,0.0000018064823813773345,0
0.00019218008361646658,0.0003190914595896048,0.0006381829191792098,0.0011131940692500988,0.0018402149516105052,0.002603496227106094,0.00347737170166399,0.003636917431458791,0.003988643244870061,0.0035408273896505573,0.0029461569422335673,0.0021774366077677012,0.0013670168211963752,0.0007814114720631799,0.0003154654202760866,0.00012147231700286098,0.00007433380592712386,0.000016317176910832066,0.0000018130196567591185,0
0.00023625753525235036,0.00033621264632065234,0.0006433474421487079,0.0011685661166712404,0.002044536362760724,0.0028441772513071403,0.0037801205640376053,0.004474354244548358,0.004585213549551383,0.004194479933557113,0.0035456803944410426,0.002813282035158756,0.0017701141487368407,0.0010213594985524683,0.0004906887270625737,0.00020717968475975337,0.00008541618582200357,0.0000345299474599589,0.0000018173656557873101,0
0.0002255258936463535,0.00028372612426476735,0.0006329275079752503,0.0013022301600870095,0.0022625339652908374,0.0033810696474884778,0.004381386111242466,0.005328958615998516,0.005323502344378039,0.005154357924143276,0.004486874029238341,0.003321050659663239,0.0021261271747789303,0.0011985609992979597,0.000631108750768425,0.00026917606661016393,0.00009457537475492246,0.000038193901343334075,0.000014550057654603456,0.000001818757206825432
0.00022787306923148447,0.0003390751270164488,0.000714609945109935,0.0014893783804969818,0.0025047807769924763,0.003662375968688417,0.00517180717927777,0.006014026043157337,0.006320287448204453,0.006168979730234746,0.005428848001370886,0.003981398265612496,0.002617805819331293,0.0016151643147127616,0.0007729454508331952,0.0002862085749547444,0.00012578593421577942,0.000043751629292445005,0.000016406860984666878,0
0.0001914496751737177,0.0003974859922654329,0.0007803853426128682,0.0014221975870047612,0.00267664879195255,0.004303059365809276,0.0058638300510350135,0.007200331116771539,0.007876786635718676,0.007528530559926483,0.006574928844537393,0.004848235107494432,0.0033239310270636903,0.0018962634493396807,0.0009681883573070867,0.00035554939675119015,0.00012945644702222822,0.000027349953596245396,0.000007293320958998773,0.0000018233302397496933
0.0002717113805126409,0.00038112535924256333,0.0009172538550191844,0.0016740338745678152,0.0029523538593957434,0.004828803594613913,0.006955081914598744,0.008282638189855137,0.009095948765080896,0.008862532277123724,0.007881453601178754,0.0062876566443462135,0.004044670080382804,0.002255751528148569,0.0011251404146060367,0.00047412724116299747,0.0001677681007192145,0.000036471326243307506,0.000007294265248661502,0.0000018235663121653755
0.00027234758131585926,0.00048803224302909024,0.0010034820278013873,0.0018863268719326624,0.0033376287482064356,0.005439640281852329,0.007861523135835642,0.009742366499419662,0.010943254827772144,0.010224915234100114,0.008660287518621081,0.007413703287363256,0.0052148164395580295,0.002834973816247635,0.0014622688929710561,0.000590391065537064,0.0001608495782268162,0.00004021239455670405,0.0000018278361162138204,0
0.00025776446908745877,0.00048810718614433735,0.0010127767083294487,0.0021699746440199557,0.0036489211368692775,0.006021816745915532,0.00899616278283252,0.010789545365632505,0.011937602717312814,0.01192846213330262,0.010705451992738724,0.008402024822169936,0.005926754672209518,0.003277813426055416,0.0016800393410735801,0.0006928562679726735,0.00023034271705687817,0.00004935915365504533,0.000012796817614271011,0.000007312467208154863
0.0002867103367294203,0.0005588112295490613,0.001113970098120677,0.002304639776767698,0.004105253738648004,0.006839045930265473,0.009874157902522137,0.0118665208157183,0.01365983005564372,0.013570347211696318,0.012277411425680843,0.009273344521732462,0.006645470798460893,0.003840457567783255,0.0018681826399630384,0.0007560387223310829,0.00021914165864669064,0.00005843777563911753,0.000012783263421056958,0
0.0003075740099961554,0.0005144541476721408,0.0013163435308764027,0.002678457003716519,0.004575163398692809,0.007599641163655006,0.010818183482543339,0.013416085388403727,0.014785522051958041,0.015140696801596455,0.013915893154647477,0.010719320407901727,0.0072261584372311,0.004357298474945533,0.0020486626022958206,0.0008256897530253929,0.00023800369821131058,0.00006224712107065048,0.000012815583749839806,0
0.00034631939443580177,0.0005570428354946228,0.0013761156890015195,0.002865838798399968,0.005006056008458256,0.008225543712287377,0.011919617252935928,0.01508413362431492,0.016322820982191115,0.016819395351990608,0.015377314064048929,0.011838992632009071,0.008137589580367172,0.004784338300909411,0.0024205710055539356,0.000936345029400501,0.00026386239576061077,0.000054971332450127255,0.0000054971332450127255,0
0.00032994951772378833,0.0006012413434077923,0.0013894540801923972,0.002960380395132878,0.0054478331481949945,0.008864643709512447,0.013317129145907346,0.016424153771139684,0.018321363498051458,0.018048238619491216,0.016484644516055712,0.013218144290590206,0.008791321594462716,0.005180207428263476,0.002595602872760468,0.0010760020383547989,0.00031345204183759907,0.00008432043230719034,0.000007332211504973072,0
0.0003574453108674376,0.0006892278814674687,0.0014902719883857776,0.003121689048242287,0.006019745645582893,0.00945671978853902,0.013656243928012348,0.017630302563707748,0.0196998192609864,0.02011958836964611,0.017980415663070216,0.014240987795533948,0.009770171830376618,0.005422170407927588,0.0028705608041969585,0.0011254944660133667,0.0003262834119713018,0.00009348569668840668,0.000021996634514919218,0.000003666105752486536
0.0004218341348181895,0.0008106551634332164,0.0017185155840201897,0.003257293145378716,0.006096420278850705,0.009997468995191092,0.014595461064709355,0.01836078923332563,0.02172445794313675,0.022061925250991307,0.019580440101386917,0.015081487350478142,0.010367949409248806,0.005859826351061371,0.0028629699323964946,0.0011866377618581238,0.0002824454641826138,0.00008436682696363792,0.000011004368734387552,0.0000018340614557312586
0.0004288982081585971,0.0007294935335347074,0.0016697703744977864,0.003482506818381771,0.0064902929704683384,0.010233071351066015,0.015301035220974223,0.019853954661427017,0.023107349189125787,0.023468430159242205,0.020482638787061205,0.016116674975805743,0.010900246341534945,0.006296005747969148,0.0031250916449162727,0.0011253995718349512,0.00035191647848910535,0.00009164491627320448,0.000014663186603712722,0.000007331593301856359
0.0005100964229029621,0.0007724841512307449,0.001645886659510637,0.0036807677134652627,0.006805567023550674,0.011370746520610278,0.016370792392590757,0.020457068413471682,0.024102973421774507,0.02504243158194112,0.02219286415471702,0.016954283984256736,0.011480839273754805,0.006521160744593988,0.003374342883879668,0.0012770759364764807,0.00033027825943357265,0.00012110202845897665,0.000023853429847980256,0.000005504637657226213
0.0004747589544304728,0.0008047072625288706,0.001836712248414414,0.0037412472046046124,0.007202038347325585,0.011678337060527183,0.016638559958939765,0.021639109872786583,0.025341863108113066,0.0260457528320563,0.022880082120467802,0.017789712944971954,0.01206327675330865,0.007011401547090954,0.003376471019540271,0.0012831323092715478,0.0003409465850350111,0.00008065403086849724,0.000031161784653737576,0.0000018330461561022106
0.00047485557240264074,0.0008268720585080736,0.0020002603455261826,0.003903349473533677,0.0073556778242447685,0.012005228911554023,0.01737348032466186,0.022624392909067904,0.025922714047107873,0.026551576832181643,0.02385828402963539,0.018288356504696304,0.012298575983308552,0.007137500939627338,0.0033789915827724597,0.0014062325252232647,0.00037218409728855624,0.00007700360633556338,0.000020167611183123742,0.000005500257595397384
0.0004067535751257363,0.0008648094029700342,0.001967807836419102,0.00417380470331724,0.0074186721877662455,0.012197110583837958,0.01782936504301144,0.023441465045759776,0.026807259268759678,0.027105911668514164,0.02480280696611304,0.019023974642029366,0.012790750936724167,0.006999093049460869,0.003475727621682531,0.00136317414366463,0.00040492135181435904,0.00010077228212574544,0.000010993339868263144,0.000005496669934131572
0.00047769389155799595,0.0008986501944635097,0.001971173644474949,0.004262640128117136,0.0076284603065660045,0.012529855868222379,0.018644703729123767,0.02366506520247083,0.027481125600549067,0.02830839624799816,0.0254294211850835,0.01992221459620224,0.012830016014641961,0.007137954701441318,0.0034500114390299706,0.0013525509036833676,0.0004557309540150995,0.00010798444291924046,0.00003660489590482727,0.000003660489590482727
0.00048128303102171096,0.0009424363535216012,0.0021721785468546413,0.004291287862151757,0.007903655555067564,0.012926932818012797,0.01914518277775338,0.02464791309821833,0.02799859458035048,0.029372904680340234,0.02587033539754344,0.020104088892792832,0.01312456995622703,0.007383943080504194,0.0034623098657531443,0.0013688201794838008,0.00038978435592252627,0.00009149867509918456,0.00001463978801586953,0.000009149867509918457
0.0005437190382214349,0.0010380090729681932,0.002304856124985812,0.004443118201223641,0.007947085336428442,0.013294571230855413,0.019129024344699565,0.025067827576990245,0.02867614483064159,0.02945419395940963,0.02632002899834871,0.020483745180672166,0.01388222716105434,0.007919624778942515,0.00359550232682457,0.001351059428307807,0.00041007765845657037,0.00009519659928456093,0.00002013774215634943,0.0000036614076647908053
0.0005364394336078389,0.0009648586399704139,0.0022940566904799398,0.004688810202968176,0.008169258541836782,0.013136358143809704,0.019421670688436716,0.025262086364917957,0.02964514439924276,0.03008271786215155,0.026144556695972494,0.020717913415379877,0.01374236992716874,0.007845197860100989,0.0038521111546446856,0.0014152480620438896,0.000422926652434849,0.00009703511938981384,0.000010985107855450625,0.0000036617026184835423
0.0005978652371532109,0.001016553736566315,0.002159262523174134,0.004625685168188451,0.008300636625919195,0.013542470371846582,0.02006413795877472,0.026088498681771134,0.029734196794564734,0.030103520274396365,0.02673938560662296,0.020676629868396513,0.014341452355442767,0.00786549311997894,0.0038724115360565755,0.0014736372512094433,0.0004351435059402574,0.00009873003916291552,0.000020111674644297605,0
0.0005582839267311837,0.0009811153597636534,0.0022624227325893213,0.004760972109599373,0.008570115885099674,0.013876558847701972,0.020579626846684244,0.02640042319752086,0.029669587437330346,0.03087218592868244,0.027370555922660283,0.02102076267075709,0.014156616030619584,0.007966070980767577,0.0037139609420903993,0.0015393992864948373,0.0004685924106333866,0.00009518283340990666,0.000016473951936330008,0.000005491317312110002
0.0005050070719287429,0.0009953762577146236,0.0022304479010186143,0.00470425065916231,0.008784561421485121,0.014222536123558394,0.02054244346573911,0.02627134615490177,0.030690158034278273,0.030944491306010503,0.027272211619919974,0.021407908483935832,0.014206068501647679,0.007845906972574092,0.003840615376733447,0.0015442969880719523,0.0004921989215537385,0.00009880573146431924,0.000018297357678577638,0.0000018297357678577637
0.00051022927399312,0.0009473073975929613,0.0022603705471523163,0.004738365766724638,0.008823857516189264,0.014343111813362152,0.021301614994522808,0.026979973043801092,0.03025897336017981,0.03129589091700453,0.028230857715526136,0.021078503985823307,0.014120000804662655,0.00791129691503311,0.0037855720328521815,0.0015690921759358319,0.0005303458403512719,0.00014813107954638968,0.000016459008838487745,0
0.0005385314703187008,0.0010551565757430817,0.0024060490775594835,0.0049910001350892495,0.0089597032417769,0.014461851891066952,0.021030110298547244,0.027114603147944637,0.03090257874425414,0.031541514387005136,0.027735283486617038,0.02128568455564765,0.013930622542379685,0.007895419013994515,0.0037861500659016442,0.001473203039143022,0.0004655102540043008,0.00014056584140522026,0.000027382956117900056,0.000012778712855020025
0.0005447061146003174,0.0011040352121429247,0.0025352596676195983,0.005039445496486828,0.009241725219527527,0.014465785875660777,0.02117042355470092,0.027103698883535258,0.03132242946238603,0.03160209401115734,0.027597224557837557,0.02154330961972932,0.013906456778118165,0.008033501253920789,0.003909820064194895,0.0014622982942290395,0.000537394623129172,0.0001425740836873314,0.000029245965884580795,0.0000036557457355725993
0.0006599103545601454,0.0010620717894721456,0.0024093125964273453,0.005076374112502835,0.009218636892096432,0.014596632080783267,0.02087400647845512,0.027091056660890168,0.030672121438129286,0.03170128911019954,0.028211624659076773,0.02151746477431431,0.014296839011121594,0.008001184548226471,0.0038570937621105446,0.0014788572765627637,0.0004825937218943997,0.00010785238481730902,0.000025592091312581802,0.000005484019566981815
0.0006141630383522883,0.0011131705070135218,0.0025718077231002066,0.005203935030324299,0.009256314363738057,0.014575404963753424,0.020991215275112145,0.027725074302760448,0.03111211034462589,0.03169154392545231,0.027854852801936076,0.021334854117999732,0.014420036337979777,0.008102930800641946,0.0038878713767122545,0.0014403585542309616,0.0004697616096920778,0.00011332770350548178,0.00002559012659801202,0.00000548359855671686
0.0006689183261689623,0.001167865602245811,0.0024563558206860256,0.004994955697868236,0.009233266075971578,0.015028730590402667,0.02160277217299763,0.02820057314969149,0.03169137643652952,0.03209528613621077,0.02823164312659005,0.021732535017691613,0.014533438605725646,0.007884463549434161,0.0036772231482293766,0.0015717753019270698,0.0004623943620785448,0.00011696932479457268,0.00002924233119864316,0.0000018276456999151972
0.0006474274334152795,0.0010450025897097326,0.0023963933732610624,0.004925919711703297,0.009346663651417775,0.01500025532349487,0.021791860286983603,0.028298961927619434,0.03200662382095257,0.03161451988240528,0.028572522814977998,0.022103719698572374,0.014617270081192874,0.008146643225538186,0.003875445904246391,0.001424340353513615,0.00045046359451711014,0.000129485486683056,0.000025532349486799776,0.000007294956996228507
0.0007097076697688254,0.0011822379691778886,0.0025140801258134718,0.005196008852189236,0.009545476936325176,0.014902036623834864,0.02193890675827795,0.028729477315808962,0.032309031166930915,0.03170149221054782,0.028446688912687704,0.02177105815771566,0.014566339422710283,0.008211810338379132,0.0037674713060992905,0.0015234084942338535,0.00041232373616389317,0.0001039931546962032,0.000014595530483677637,0.000007297765241838818
0.0007410219532316593,0.001113358107072197,0.0024913669117271296,0.005187153672621613,0.009596781847517397,0.01543369861213524,0.021854672088659804,0.02866440831404729,0.03218517518051003,0.032471728004789265,0.02777189665116484,0.021741511100727882,0.01438239653070313,0.00814759113109883,0.0038164455768655123,0.0014692676658903574,0.0004307418250312106,0.0001058602790330941,0.000012776240572959636,0
0.000742339042838617,0.0011198923152405669,0.0027103582743444347,0.005271154382809837,0.009681414347389134,0.015300939140965983,0.02243979666841156,0.02831649543014626,0.03176554488962495,0.031670700589311415,0.028236242560650198,0.021462170803641295,0.014316017560786988,0.007901259787658203,0.003914151316785435,0.0014463755797813837,0.0004413907822283669,0.00012037930424409997,0.00003465464819148334,0.000003647857704366668
0.0007025752576717566,0.001253686239014278,0.0025237963152208833,0.005273876609536044,0.009874375894186693,0.01577235831703115,0.02247510876229963,0.027896799906566617,0.032168822447370723,0.032163347834973294,0.027812855849805838,0.02107908260095186,0.0141810709801746,0.008180895792577888,0.0037026628514701156,0.00160588630324973,0.0005255627901544571,0.00009854302315396066,0.00001642383719232678,0
0.0006586894087852018,0.0011914797338967778,0.0024869630586543756,0.005296884636297617,0.00950446850515821,0.015700892971181882,0.02268190592966438,0.028449543661437295,0.032241113166854615,0.03200573661911696,0.028316346080159403,0.021273295892040616,0.01390363793613085,0.007741881333727453,0.0036912151633586242,0.0013648190519981458,0.0004196636122454194,0.00011677596166829055,0.00003831711242240784,0.000005473873203201121
0.0006146830825353393,0.0011874145006839942,0.0026776105791153676,0.005178294573643408,0.009825809393524851,0.015430916552667585,0.02263383492932057,0.028519835841313273,0.03207295941632467,0.032357501139990884,0.028052895576835372,0.02094117647058823,0.014341997264021888,0.008036479708162335,0.0034965800273597824,0.0013825809393524853,0.0003593251253989965,0.00012767897856817147,0.000023711810305517557,0.000010943912448700411
0.0006229587626800342,0.0012277023568606515,0.0026557715672148817,0.005245968527831868,0.009703220259639008,0.01576340681939478,0.02231904596233468,0.028504917184736415,0.03300406380409222,0.03202955228937346,0.02826265544369418,0.02122613585236971,0.014408198283038215,0.008016495656593072,0.0035829236438351683,0.0012695972444093093,0.0004572007293353467,0.00010018342674678912,0.000016393651649474582,0
0.0007182899594366711,0.0012469805387174697,0.00271090652203637,0.005046260425687069,0.00957112255594549,0.015437764914999316,0.022500341825805566,0.02881728271272959,0.03246889385169316,0.0324944168451757,0.02832323048174651,0.02152682193154369,0.014418668246661503,0.00804156601795725,0.0035914497971833576,0.001425641493095119,0.00042112939246160153,0.00008933047718882457,0.000016407638667335127,0.000005469212889111709
0.0006711519557331515,0.0011891061824402572,0.0025277625289297483,0.005071939100255146,0.009330471210681524,0.015613401883237801,0.02217719505900849,0.028451006819122725,0.03236849160421733,0.03237761051665935,0.028609675895613976,0.021949222247957822,0.014159847239978771,0.007966281909354363,0.0037569919261149242,0.001369660648792382,0.0004595931870781363,0.000096660471885481,0.00002918051981448484,0.000009118912442026513
0.0006895582996003114,0.0011346700062206186,0.002610470705629751,0.0048542715217894964,0.009586319747088987,0.015440268380468355,0.022034853706011017,0.027804887837322607,0.03206446093141449,0.03214837543348225,0.028943206300154872,0.02211329552316131,0.014816382299877593,0.007979174609660748,0.0036502808399476805,0.0015104610372197308,0.0004980143274891138,0.00011492638326671866,0.00000912114152910465,0
0.0006616854934113987,0.0010590613544683824,0.0024790420689793447,0.00490522221148781,0.009022984001064532,0.015191423972701373,0.02166609855285919,0.028574605495088404,0.032294991423608144,0.03251373042969455,0.029021197632514813,0.0226722979808567,0.015083877294708888,0.008330310481790889,0.003919073859048229,0.001405398114105203,0.00046846603803506735,0.00014400317900688852,0.00001275977535504075,0
0.0006924034233882942,0.001175263705488026,0.0025126955811906795,0.005052722876462475,0.009624407585097292,0.015458817484279713,0.02182164052236372,0.02845413647271475,0.03263588872712564,0.03314608072330649,0.029122852410566082,0.02183439532226824,0.014602423776404716,0.008399946794263256,0.0039594543132178,0.0014850231317406841,0.0004591727965627635,0.00015670182739840332,0.00001457691417659567,0.0000018221142720744588
0.0007036617756704388,0.0010646074533459486,0.0024682850887507092,0.005226420494422662,0.00937729578769102,0.015537070761759447,0.021880964490601736,0.028658722215841873,0.03307392641447868,0.03324710742144418,0.02895768732260341,0.02160934375336108,0.014375846536106414,0.007884293211851414,0.0039248285052291545,0.001626078507507852,0.0004703231557589979,0.00010573156214737159,0.00002005253764863944,0.000005468873904174392
0.0006965731155600209,0.001103211347941918,0.002644060255397984,0.005060184281882349,0.009316209548157449,0.015169611906659185,0.0220733444079949,0.028698082965140318,0.03325316056375011,0.032886639107657004,0.028595967534587013,0.022036874611368724,0.014575154221652465,0.008120000218818778,0.0036980373778945615,0.0014788502531915624,0.0004431080290080762,0.00012399730852900897,0.000012764428819162691,0
0.0006293759873905889,0.0012405091925379722,0.002688986102648487,0.005097033358751611,0.009280103327118627,0.015385962543919501,0.022496999062320992,0.028967713923985974,0.032444788219540936,0.033313144654317506,0.028923931246602284,0.02198984971595988,0.014163696133624733,0.00785899059037292,0.0038182143235029062,0.0013353716602026407,0.0004469481649585341,0.00010215958056195072,0.00002371561691616712,0.00000729711289728219
0.0006250603647947052,0.001106156389009872,0.002647850466608473,0.005091599589610514,0.009421463807547012,0.01552628078148947,0.022480305131508692,0.028940477123337336,0.03300974766149065,0.033403371681303036,0.028729086446030682,0.021997386773868467,0.01424153571682397,0.007969064067776224,0.003692047519166391,0.0014287094052450404,0.0004519386894142475,0.00010751767207838949,0.000025512667950804285,0.000001822333425057449
0.0006632157582979405,0.001107788958915241,0.0025745161166895324,0.005134456062867025,0.009359723490045392,0.015583748298687602,0.02263314876257422,0.029414712093302067,0.033271931215051356,0.032665198117487575,0.028643997077477817,0.02195353481245024,0.014466849233202328,0.007736302499266636,0.0038663292283193144,0.0014448629020062274,0.00042635298747724755,0.00013118553460838382,0.00004919457547814394,0.000007288085256021325
0.000670220535338653,0.0011309971533839769,0.0025442882822502666,0.005075827804317459,0.00954700012566635,0.01543874858170043,0.022694614377323234,0.02860457534790455,0.03343817670874364,0.032749743658857744,0.028814019265197895,0.02103545430206912,0.01414019629448179,0.00809728396770557,0.0038100580432838638,0.001451537409415507,0.00044620660640752716,0.00010199008146457759,0.00005099504073228877,0.000005463754364173799
0.0006044628291773481,0.0012526217664879978,0.002596277091587042,0.005092417268701933,0.009533034257748776,0.015399236774644602,0.022747465625728266,0.02950397634584014,0.032726564320671184,0.032926838149615466,0.028591820088557447,0.021611366814262414,0.014443384409228625,0.00810380738755535,0.0038397955022139367,0.0015657772081099982,0.0005152499417385224,0.00015111570729433704,0.00003459275227219762,0.000005462013516662783
0.0006360801424527906,0.0011573377950072268,0.0025625463618585203,0.0051633668870164915,0.009555782770429745,0.01570151984879882,0.022583578925881174,0.028982654513708545,0.03227240997825664,0.03251299043328175,0.028991767409732208,0.021537418462362824,0.014334585445246985,0.008252638639043656,0.0036852551519757676,0.001543724586411215,0.0005686447118775665,0.00013487086115044846,0.00003098384648050843,0
0.00065451588613976,0.0011595323219634748,0.002696459597773552,0.005338224274699772,0.009540617359803246,0.015589875605518357,0.022707507971784707,0.028966430080747937,0.03224447900353146,0.03224265583950322,0.02853980969813873,0.021772224825295308,0.01479862241726025,0.008231585587523725,0.003932564808923294,0.0014585312225955662,0.0005323638962473816,0.00012397515392062306,0.000014585312225955658,0
0.0005954852385218854,0.0011836862539425857,0.0026514572088313913,0.005133556230560229,0.009773606346015167,0.015686574448402206,0.022582912669449243,0.028426680652375025,0.03234923479236322,0.03221993983231719,0.02822454346131713,0.022233269960592356,0.014790615006956434,0.008263951108294545,0.0037987223472680525,0.0014714130664393995,0.0005517798999147744,0.000089231732989518,0.000009105278876481429,0
0.0006810413741739642,0.001136282934450678,0.002596697859818377,0.0052844440316921,0.009379797107941415,0.015296116425297593,0.022381496069444375,0.02850904747076893,0.031954315598943114,0.03184141569199449,0.02839068466509699,0.02246343955029418,0.01491917641338847,0.00821437871363303,0.0038094613763955437,0.0015769567647985372,0.0005207963449565605,0.00012746763687747988,0.000016388696169961705,0.000001820966241106856
0.000643300111347413,0.001197303606672097,0.0025640885457954964,0.0055309230536526865,0.009569316953782627,0.01575082963845805,0.022510036757402947,0.02817034878529266,0.03239462543714337,0.03285750993652651,0.028727997040455013,0.02193234232313348,0.014542591752272963,0.008064031140828052,0.0038780244672727894,0.001530799131818206,0.0005047992375162419,0.00013667849391233981,0.00002733569878246797,0
0.0006043792006174863,0.0011486845650290171,0.0025558686676715376,0.005219142072802207,0.00996133429451471,0.015471743451951852,0.022240062331156104,0.02823288259751986,0.03250176580670059,0.03263465641406529,0.02855327639061828,0.022078045015327927,0.014725371547574839,0.008153657950499158,0.0037172961676533328,0.0015236909364964935,0.0005006153017162912,0.00009830264106428997,0.000021845031347619984,0.000003640838557936664
0.0006095641525329667,0.0011881951988179918,0.0025310559288756916,0.0054060152154490875,0.009682062255605717,0.015532058525437016,0.022228166230873796,0.028431163830828665,0.03294921693751329,0.0326853757371632,0.028744134082278425,0.022171758801833443,0.014585869393147042,0.008006215734761351,0.003921226115547889,0.0015903255800412323,0.0004858317275412003,0.00010189729116968993,0.00002001553933690338,0.000010917566911038206
0.0006024216988291907,0.0011757233155397498,0.00269724760623825,0.005405415243270987,0.009682427304444999,0.015337183250856767,0.022258662769429016,0.02853404046599411,0.033013073096866144,0.03257627186508665,0.029076401995453627,0.02237514309790353,0.014574601100375098,0.008182743075335475,0.0037528505830386433,0.0014105039776212169,0.00048230136008983537,0.00011102031307728292,0.000014560041059315788,0
0.0006530264775860942,0.0011623507497980894,0.002553897422091577,0.005318800614099553,0.00964259988212781,0.015412516280186554,0.022252013649890493,0.028543987426966545,0.03331526444843819,0.033253417929669585,0.02905694972969432,0.021764517560773286,0.014417514934115265,0.008214672904676324,0.003812655980558364,0.0014224699316777866,0.0004329256313801961,0.00013460712908459877,0.000007276061031599933,0
0.0006150486761896096,0.0012028022927850059,0.0024692930579565094,0.005300700573196251,0.00949868073878628,0.015183331816941134,0.0221872441088163,0.029025566372486582,0.03318351378400509,0.03296333363661176,0.028685287962878715,0.02199253935037757,0.01458466017650805,0.008164862159949052,0.0036611773269038302,0.001457556182330998,0.0004785733782185421,0.0001146392502956964,0.000020016377035756528,0
0.0006354107684828976,0.001101500042785539,0.002645420763913038,0.005250786980815694,0.009494748302688568,0.01503684107994341,0.022456035583003034,0.029168813529697715,0.032961250867089904,0.03343098146384804,0.029066856500944007,0.02167133059384508,0.014470615438114818,0.007952648242788816,0.0038725464314129606,0.0014674529495622226,0.00040054547010383204,0.00010013636752595812,0.000014565289821957539,0.0000018206612277446924
0.0006533663838445609,0.0010792375086903186,0.0025916259905143573,0.005072234294637302,0.009552980915877717,0.015282221518503553,0.022587549275473094,0.029161252279502496,0.032908554185730764,0.03302321179626616,0.028879158158343993,0.02202154107108408,0.014490538017187722,0.008129770575581202,0.0037782412614521107,0.0015123884818240383,0.0004549905179976047,0.00009645798981549223,0.000018199620719904197,0
0.0006351552035408543,0.0012193523964824412,0.0025206015957137035,0.004913808164929242,0.009187001339467706,0.01565320889872459,0.0227636713062722,0.029364553607827144,0.032851537475976925,0.03315364568167258,0.029182560712829764,0.02241788480577719,0.014573991031390137,0.007920330790285948,0.0038236707238949383,0.0015542193232776196,0.0004895608875429506,0.000096456234348611,0.000018199289499737926,0.000001819928949973793
0.0007085442421217712,0.0011420494596667112,0.0024152433548932355,0.005169276501649323,0.009713795483895643,0.015735510816683757,0.02269527315382332,0.029088564387364232,0.03288811011761106,0.03299557569675036,0.02913774355069917,0.022294554045168332,0.014584354104547614,0.008129133554214567,0.00374308076493635,0.0015573401722727884,0.00046993422742266575,0.00010200122765763291,0.000009107252469431508,0
0.0006564519589908459,0.000998316137080262,0.002543978644399429,0.0053498107018035155,0.009612202369046016,0.015336608925564528,0.02268487032800777,0.029602164654880844,0.032949887803086234,0.03241345199172252,0.028629306488509358,0.022324821885126363,0.01437102446510985,0.008082905700039642,0.003825969312234737,0.0015565730661943609,0.0005255252524885164,0.00012728985354393133,0.000016365838312791174,0.000007273705916796078
0.0006059591441600462,0.0012555910194307258,0.0024456729421955007,0.00514246408827715,0.009196749293047665,0.015349145288258221,0.022733476240214587,0.029047825279960405,0.03329681807759916,0.032987469565565516,0.02905692376560846,0.022076565576425462,0.014264605799010805,0.0077846643204705,0.00374857608699608,0.0013975273955402858,0.0004694818594393149,0.00011282122203580437,0.000018196971296097476,0.0000036393942592194953
0.0006580442271161489,0.0012088381520227597,0.0024758459594811997,0.005157103514719647,0.00925261081773811,0.015527662397862265,0.023211510320569347,0.028959399398307613,0.03322578006416841,0.033011279459749326,0.029064831898784792,0.022149914108868143,0.014569680884905883,0.007861992492478846,0.0036628704907155775,0.0014451523772302166,0.0003926451741908512,0.00007998327622406226,0.000019995819056015557,0
0.0007508271824891835,0.001232592808057303,0.002626986146965787,0.005139439333890848,0.009446242228120565,0.015571028615060177,0.023310184343526157,0.029062284114460234,0.033065483765407404,0.03330909355343055,0.029384067192669894,0.022483001854343168,0.014078464167545357,0.007762789513871214,0.003648692869868742,0.001383485437952224,0.0003908664509326256,0.00008908119114278444,0.000016361851434388978,0
0.0007366663392594047,0.0012750693921502287,0.0026501798921011177,0.0053567465904171534,0.009498448453364474,0.015839235758693573,0.022536533193639567,0.028353468879939763,0.032667969019997294,0.033397359642325763,0.029288398505567744,0.02223822879947032,0.014196742661530011,0.007777741399193122,0.0037524510071411162,0.0015024355462426378,0.0004674648128139925,0.00011277361242983483,0.000020008221560131985,0
0.0007292699117056006,0.001251216207614596,0.002675202095059697,0.005186727651332599,0.009607812826784754,0.015780236967255605,0.022323661262309846,0.0286433942876888,0.03200421921744429,0.033109945168359516,0.029534522109972455,0.021865366953706826,0.01404344702790685,0.00805288570831022,0.0035717858019695733,0.0014894565029598174,0.0005164904112827694,0.00014003437207314525,0.000027279423131132184,0.0000018186282087421458
0.0007249036187043304,0.001237241514630699,0.002634361521607216,0.005226936619078592,0.009908832923341897,0.015884291574766816,0.022590104248044203,0.028887136685210157,0.032838678967620966,0.032458967548299654,0.028874419077864456,0.021316526712425826,0.014405415520568005,0.00803207743932793,0.0036008996798796546,0.001329898368149297,0.00043239864975346025,0.00010719126191367288,0.00002906881679014858,0.0000036336020987685723
0.000729250018185786,0.0012311777115006914,0.002715137848257801,0.005313886666181713,0.00984396595620863,0.015874372590383358,0.022495817269222375,0.028693533134502066,0.03240161489779588,0.03175783807376154,0.028722630392085533,0.021468320360806,0.014524987269949805,0.00814905070197134,0.003926311195169855,0.00144758856477777,0.000505564850512839,0.00014184913071942974,0.00001818578598967047,0.000005455735796901141
0.000703309005263005,0.0013030298624640171,0.0026642144747172215,0.005517431886249309,0.009613707074525316,0.01548188479544066,0.02229689453636126,0.029082826902387254,0.03252486115553488,0.03250305312436393,0.02793427059405077,0.02192434067052426,0.014951222703614311,0.008267061149719401,0.0039272629467011705,0.0014974848070716173,0.0004779593498298975,0.00009086679654560784,0.000029077374894594517,0.000007269343723648629
0.0006798652630660473,0.001250661232592087,0.0026249343311961814,0.0054661894279133755,0.00966899287232167,0.015495110968917066,0.022206508164745536,0.029126954839859016,0.032726241526679266,0.03210636437506021,0.028597968766189974,0.0218556686038585,0.014782524917789017,0.00810203068846356,0.00393194803211727,0.001543330503591107,0.0005435286461410374,0.00009998018574500689,0.000012724750913000878,0
0.0006777689952483487,0.0011901841605567517,0.0025475392261077347,0.005669274169369565,0.01005932750052241,0.015732235820000547,0.02266256007704398,0.029214932722796107,0.032718253427457815,0.032451143394477903,0.028319114721033562,0.021623193145992897,0.014611100511506632,0.008167752369011601,0.004010284644807253,0.0015190747453823585,0.000512415165308403,0.000185341655537082,0.00003089027592284699,0.000007268300217140469
0.0006488820870374449,0.0012087019268344555,0.002615521913856815,0.005221955843301341,0.01010765626334798,0.015925783884095483,0.022385523204350614,0.029208781901097318,0.0327458254343602,0.0326640335746496,0.028799822602544288,0.022058355765508207,0.01454259265654508,0.008304600155949816,0.004004165932054595,0.0016249316129172981,0.0004580344143793726,0.00015449573500891543,0.00003271674388424089,0.0000036351937649156542
0.0005756425132878995,0.0011966827011253177,0.002422419913962329,0.005485854992563862,0.009842215842335696,0.015943663301791026,0.022896771135795333,0.029301475061241467,0.03273898697813102,0.03287518000177958,0.02880936426912467,0.02140772741057112,0.0146343943677829,0.008173397325895376,0.004093054337384622,0.001596182237161084,0.0005139016759005538,0.0001271134887386528,0.00001997497680178831,0.000005447720945942265
0.0005853491826016774,0.001150701964555471,0.002572264265159544,0.005497192323563577,0.009612815147818848,0.015539021158009739,0.022981317908231064,0.029107487924900793,0.03300496819663369,0.03268139007705885,0.029114759343318197,0.02171427324899699,0.014499208324319805,0.00831486696031078,0.003982919438137499,0.0015742620873697285,0.0005089992892188497,0.00011270698546988819,0.00002363210985658945,0.000012724982230471243
0.0006305548337388632,0.001242938058436261,0.0026421519546291268,0.005240692047558735,0.009734530963513224,0.015789311096129625,0.0230870292871823,0.02922539882138944,0.03277249690628356,0.032432687817208136,0.028396773449098595,0.021689632551893566,0.014651768370133872,0.008240824700304739,0.0039032616221068538,0.0015700270211826447,0.0005015364095444559,0.00012356694148196737,0.000016354448137319215,0.000007268643616586318
0.0007051737580854166,0.0012613159487404105,0.00253898902073538,0.005426930004234677,0.00998148010155956,0.016249893224334313,0.022834544063363865,0.029644559711678453,0.03263246089284448,0.0323489374230988,0.02867948943965948,0.021943989575060104,0.014085300580314382,0.008200371124952064,0.0038366541322636992,0.0014048951417526476,0.0005034359046125269,0.00011995223720009666,0.00002362695581214026,0
0.0006455707481892197,0.0012093085846361434,0.0025695534287080764,0.005433705339688418,0.009694472277737265,0.015824666621810108,0.023255095008010537,0.029003402430619336,0.03307686292623582,0.03231308908330773,0.02805959618185818,0.021993049658029354,0.014377133338546396,0.008299675759818588,0.0039407093276789835,0.0016639358720933405,0.0005255491443005196,0.00010183651239041206,0.000027277637247431808,0.000005455527449486362
0.0006846043912741081,0.0011676409113773256,0.0025568248883659,0.005268003551952757,0.009744263033360394,0.01588027958008509,0.022944234704902828,0.028450124663372583,0.032535959889809556,0.03291912043771098,0.02839746278712072,0.02152599589963736,0.014416642605637001,0.008066346700370262,0.0038733717946622627,0.0015816722143229393,0.0005011957877762705,0.00016343340905747948,0.000014527414138442625,0.0000072637070692213125
0.0006599784007068857,0.0011526895483420544,0.0025926424226116237,0.005410732012406867,0.009525142813507925,0.01619765171321666,0.022648349690373767,0.028789966873811395,0.03291710453112444,0.03288983269638447,0.028586337174419746,0.021922918886291005,0.013854092047896614,0.007932467664694607,0.0038689642884414694,0.001423589773425598,0.0004763480467911958,0.00012363231748779133,0.00004181681326792942,0.000005454366947990793
0.0006599664017104584,0.0011453962343735229,0.0026853178383645926,0.005356090962641902,0.009723141367348571,0.015455576806998918,0.02253158021046202,0.029374868188528587,0.033318303795443135,0.03300559244256657,0.02870035707273084,0.022044332288538037,0.013877475328528727,0.007803239107827239,0.0037525362345189692,0.0015471939610347105,0.00047997556488033305,0.00010181299861097978,0.000019998981870013897,0.00000909044630455177
0.0007031262774823356,0.001271804636272958,0.002654437962278275,0.005170794278332628,0.009662081508142276,0.015439708284353718,0.022699895893706204,0.02933689923128495,0.03333763324424644,0.0331541300038699,0.029042567301176055,0.02210396457842402,0.014226043288596094,0.007718037278410752,0.003782710361029,0.001471659650544423,0.0005214399008719132,0.00012172987232898315,0.00003815413908818875,0.0000018168637661042261
0.0006524698437162065,0.0011813520847229362,0.002568077685713091,0.005248838185661292,0.009670729912016533,0.015751966951221066,0.023041818046334445,0.029090340720115886,0.03282341330784037,0.032968810487498564,0.0289794753706265,0.021646005121615654,0.01443975740480574,0.00802592431713306,0.003754882164673211,0.0014139875721760683,0.00045800111592335407,0.00015811943287830066,0.00003271436542309671,0.0000054523942371827845
0.0007141818710474669,0.0012557243585083959,0.002622301373846041,0.0052246129243294324,0.009513338663952894,0.015661117976302978,0.02271570836664971,0.029083375735988955,0.03365922802936686,0.03335392890891909,0.02879261466889583,0.022132368975794146,0.014298175474303992,0.008079523151849968,0.003907101839063749,0.0015373991422548523,0.00047793850403430986,0.00013265973686123428,0.000012720796685323833,0
0.00064937191002652,0.001118665895423837,0.0025920307332991345,0.005335035888257096,0.00942953496240191,0.01575045201378051,0.022278731523823033,0.029638279837456923,0.03347630429167529,0.033434468006155384,0.02865785558114238,0.021536592198078446,0.01452446695115341,0.008250843092101669,0.0038980504290947685,0.0014860976204248374,0.0004183628551991587,0.00010004329146066839,0.000029103502970376278,0.000007275875742594068
0.00062998816275844,0.0010802390687068353,0.002621622210441464,0.005522835709254107,0.009825636705615787,0.01558449103492349,0.02270680677700234,0.029229998329714377,0.03267223912680372,0.032890102468391656,0.028917727540105007,0.02199875091684157,0.014535115939608287,0.008055497055213834,0.003976005983979782,0.0016140042555972723,0.0004121248211705068,0.00011256272648709888,0.00002723291769849166,0.0000018155278465661107
0.0005558865846037583,0.0011935211963551278,0.002594137394817538,0.005580665319943612,0.010000508654391137,0.015826418055777586,0.02286401488177419,0.02904961560261013,0.032713743841648615,0.03272282695577614,0.028853420337455856,0.02176495807234519,0.014625630368120455,0.00846727898966705,0.003862140127018267,0.001529596419073086,0.0005195541280937088,0.00011989710648316352,0.00003088258803354213,0.000007266491302009912
0.0005177995879405384,0.001113723324237018,0.002652587362783109,0.005514111401401875,0.009954469973074418,0.016086307198686062,0.022376209561669018,0.028825993902682742,0.032806691787516856,0.03269041398531265,0.028786023408175054,0.022032826677034774,0.015023455412913379,0.008241189231222044,0.0040588220331900455,0.0015279629945894476,0.0004505764835412404,0.00010719359890698863,0.000025435769232166804,0
