0.038517768780926664,0.03806792622582097,0.03969860548807916,0.038573999100314886,0.0434660368870895,0.038855150697255966,0.040317139001349526,0.04087944219523168,0.04042959964012594,0.04329734592892486,0.04138551506972557,0.0414417453891138,0.03936122357174987,0.04037336932073774,0.03964237516869096,0.038067926225820954,0.038573999100314886,0.03705578047683311,0.0418353576248313,0.040317139001349506
0.005219503372005892,0.006795690033849256,0.009529469522751355,0.012072039482183921,0.01404098085320793,0.01597891527350714,0.0175912767111961,0.01921914162424744,0.021224257771117028,0.023270716518953,0.02485207100591716,0.026640138497713236,0.02695020800496111,0.027167256660034625,0.02538435699335935,0.02316736001653704,0.02296064701170513,0.02157050205421048,0.018717862587530037,0.018728198237771627
0.0038865539436901625,0.005271380888742551,0.0077537396783586105,0.011217421058408065,0.013909602112425992,0.016379048762694245,0.01880330292524516,0.021243697261980853,0.02333869187116267,0.025401406131974977,0.027286578476754923,0.0274964007411568,0.027192965466483317,0.026670023822897092,0.025194811902410044,0.022470350500022596,0.020682019200351207,0.017886541031550806,0.014558437114653345,0.013096137333514108
0.0032131555459389283,0.004378871068076704,0.006823898520542015,0.010283179617558761,0.01327725637627458,0.016801449706542612,0.020606929380899586,0.02293024639601871,0.025737700484137063,0.026435506991588458,0.028193546642144268,0.028220593405998987,0.027268547318313366,0.025361750466556685,0.02354691261190598,0.020701593054391034,0.017664241473507692,0.01435912693046277,0.011121629297054606,0.010272360912016876
0.003068232567683376,0.003893830945454985,0.006469601322888631,0.009542661951260724,0.013240956438822433,0.01713961544496615,0.02154039276273703,0.024601383239387316,0.026595372303829853,0.028022064237347464,0.02923632150056126,0.028577291216550588,0.027331651558860096,0.024478267691824884,0.021694890704776166,0.017999010247558813,0.015111829955702543,0.012024285145264275,0.009286774734758417,0.008099071805332592
0.0028227129309756414,0.00344362170362395,0.006041750610450205,0.009280604527349712,0.012629548652165581,0.016918663152587228,0.021399334614783355,0.025091760188298295,0.027551175433149923,0.02955261541306948,0.029841051757810336,0.028759965916071623,0.02591743674767104,0.02341618722381119,0.01992192402454571,0.016658850261904605,0.01308091850462269,0.010564256351654549,0.008247958377094189,0.007723928987412286
0.0023742379841267566,0.0030879408751347133,0.0055582935752424845,0.008732124196572998,0.012615567720997386,0.0170777445352649,0.021317017008214742,0.025466309747054695,0.0281145769214252,0.029971431434420104,0.0303620252802153,0.02840292106936824,0.025627864269661085,0.022519473454955936,0.018100241513786326,0.01479553127920507,0.011967304636614799,0.009617606579972559,0.007578747604800826,0.007261773541459184
0.002125658136461481,0.0029990054613062878,0.005172755410809886,0.008514174580976034,0.011988327155138416,0.017018730799343646,0.0210719088025331,0.025413637683975226,0.02902821835222059,0.031088471622944792,0.030526759246612897,0.028403024782673095,0.025032750524681683,0.02146626166947843,0.016597446517094716,0.013658074903960645,0.010553267453961708,0.00865075533001564,0.007227237663969037,0.00697331289110667
0.0019048872606551202,0.0027257072031063195,0.004998043925749617,0.00806195088242714,0.011866241083409198,0.01659189709952579,0.021334006076626923,0.025902444910002292,0.02956414278245164,0.031192985919921604,0.03025699525057859,0.02792981532465347,0.024476521624675052,0.020112830750218465,0.0154785800729049,0.01252070330923889,0.010056415375109224,0.008173465395766837,0.00659946546157868,0.006698183227485951
0.0017243258255143974,0.0026664651144804705,0.004672026548641456,0.008129466812440457,0.012008760489209345,0.01643997904794716,0.02158131751851761,0.026606646300521338,0.02999553538471273,0.03141401748582397,0.03043320830066899,0.027562847369919735,0.023664218745056406,0.018870909340186103,0.014306103867341163,0.011196692669242317,0.009435454670093055,0.00746504768701289,0.006097539539968855,0.005955164013091517
0.001720612735944776,0.002566424348460742,0.004440510965708818,0.007718030964208183,0.011856709963353846,0.01652061068962636,0.022043965151197352,0.027035276824250238,0.03023264935140233,0.031339366562133895,0.030258228331619536,0.027081318988641224,0.02260670271597612,0.01785071766092163,0.013807533521253572,0.011004077289446626,0.008615000537158588,0.007081966989473395,0.005347712130746103,0.005182301392008103
0.0017139235807458646,0.002444640268341907,0.004625085487163963,0.007571361925480268,0.011830253008562927,0.016612517828985547,0.022194056280234024,0.027396023362868557,0.030780395389629178,0.031230195822039564,0.029844007872343637,0.026491406136348056,0.02193989395411366,0.016868352275672484,0.012977327717237721,0.009900625874728067,0.007922507244462347,0.006163436408418788,0.00475885513249047,0.004340824990845138
0.0017037992746494778,0.0024205813679497906,0.0044242756793364075,0.00748089816915728,0.011544311139452838,0.01708413044445433,0.022711281820593572,0.02757057008069154,0.030564577123281568,0.03171472402241633,0.029340280352426105,0.025547102470179387,0.021109644591425954,0.01616137648526312,0.012182000036251053,0.008868324657798342,0.007045885588395707,0.00547720385777066,0.004155688366214683,0.0037783479079025644
0.001679183026054263,0.0022943939112072815,0.00457573294952007,0.007441277549861455,0.011724907718367227,0.017043136563761628,0.02277259390533259,0.02734179941840541,0.030935153182614823,0.03144102950727646,0.028856164674166702,0.024929911651147683,0.020731138156456125,0.015422700465732587,0.010982411822492894,0.00831758589290435,0.0061308946830766434,0.004673644496228772,0.0032849323920769963,0.0030238349341871235
0.0017153658880298564,0.0024912490422945403,0.004276266236448369,0.007165985541684684,0.011720857002628936,0.017224929984239367,0.0226933674138794,0.02836751916625766,0.030623897525110924,0.031030466777136886,0.028855078309125447,0.02428400887001285,0.019735616600335945,0.01467212862490504,0.01045255531204595,0.007373319662239761,0.005398786123516062,0.003793566487031088,0.0025965359003889137,0.0023892017798338413
0.0017032203121925416,0.0022338637617298008,0.004280631352802087,0.007159654323695728,0.011853187570362673,0.017217686394560013,0.02330637643104377,0.027864426243786312,0.030698288070038486,0.03085796497430654,0.02859506904816437,0.023727342815023183,0.018661230125064116,0.013733826665075275,0.00948222747668556,0.006517720910577707,0.004595146467269462,0.003169344615017371,0.002180638126973784,0.0018177360718191233
0.0017261802395758161,0.0021826375841191414,0.004177227600239799,0.007451183976418515,0.011903250329886868,0.017391989173603267,0.02330504047844445,0.027557808554717816,0.030913734383613837,0.030274051203584795,0.027667101158340875,0.02308484802702742,0.01771183076361778,0.0124545350805149,0.008478213001640993,0.005885728153935418,0.003995609008925028,0.002508908150817363,0.001612065903439985,0.0012841880925708352
0.0016300872104671794,0.002268017111908612,0.004194629527819673,0.007536548735119644,0.01193153313148248,0.01746613602011884,0.022978299163478353,0.02797755384336738,0.030272819217397856,0.029711825585476987,0.026889226197440906,0.02216726265561563,0.016831411796574092,0.012005263723106363,0.007783385933164821,0.005295779885332901,0.003418855476820545,0.0020147685580700534,0.001197320694413946,0.0008799585826415753
0.001641351182028563,0.002330175290552721,0.004129748251569434,0.007521128201194177,0.011770741436845535,0.017428368685512636,0.023082799534604223,0.02786141690000384,0.029624231265902082,0.029068057739761923,0.026285591909273393,0.021652410724559857,0.01575984810709217,0.011032373134900852,0.007303773030058941,0.004634779384501299,0.0028224208251825147,0.0016861007760858168,0.0009493306739288864,0.0006137087184994818
0.001576041615155522,0.002284303231682904,0.004224046758028163,0.007443127708821525,0.012195180311603207,0.017889986552600386,0.02296905183868864,0.027164385287938658,0.028861660873490753,0.028145423337858334,0.025755837973988928,0.020410376989792412,0.015174983689245428,0.010397408145327625,0.0064652800265438595,0.004054957273001354,0.002354491319807239,0.0012314819098178786,0.0007385701091265257,0.0004578177566291852
0.0016127799677762428,0.0022432447922968654,0.004204690913027696,0.007142083845453329,0.012048883313060806,0.017729435065307244,0.023051768167257864,0.02711794786883784,0.028350220025855428,0.027337655307685935,0.024526036923586386,0.019743419921414793,0.01387181822234393,0.009445827787577934,0.005986231667165519,0.003481885280875264,0.0019152757169149253,0.0010253013812911154,0.0005381240168888154,0.00032478490960153347
0.0014904552012432659,0.0022269341320603746,0.003973486758490585,0.0074809080164856745,0.011979314963247636,0.017293734202685998,0.02223593730862285,0.02594855464021493,0.027699879268356695,0.027055659037296367,0.023713667171968628,0.018388113261869957,0.013476132833439647,0.008648457768580186,0.0053191912411499264,0.003022267750653366,0.0014920458684804516,0.0008176029599135946,0.00043743349022614514,0.0002242840804432236
0.0015352934919115274,0.0021497284261098332,0.004194669499100576,0.0073128870979777645,0.011775875728549951,0.016934271338912465,0.021775129515580766,0.025639560083639355,0.027330446918061056,0.02686207920336208,0.02279601236490767,0.01774240410766424,0.012563368564111598,0.007936848155186894,0.0047455969465600364,0.0027006558735692965,0.0012780881706192136,0.0006430133032307847,0.0002746698801454957,0.00017782096286876028
0.0014560912356948554,0.0022285492223870075,0.004214416572158204,0.007394659412646421,0.011550388211688384,0.01675773845873219,0.021743026861552377,0.02541815038345322,0.02663631821462276,0.025502216653052166,0.02234576615301647,0.016906837125568036,0.011582111332291752,0.0074232102211894595,0.004165245735222973,0.002290409307563585,0.0011023784409672382,0.0004806052771411124,0.00017764947537889304,0.0001379955746246758
0.00143581844028279,0.002120447100550081,0.004247233355361896,0.0072931969781251625,0.011678306938679777,0.01636611151523219,0.021312236627950277,0.024759151757768254,0.026209233295139925,0.02457373149561251,0.020930302583680806,0.016091943093412192,0.010931871524360575,0.006879567162547008,0.0038652993110924088,0.0019112550099128524,0.00085420103676868,0.0004294777012324901,0.00015847885654335427,0.00009825689105687964
0.0014683683054206073,0.002114640439845211,0.004189680871453622,0.007188193495144244,0.011447570381094643,0.01610294734941305,0.020809012328274566,0.023606356910122233,0.02569723734502536,0.02419085303169743,0.020352820233386606,0.015382227199503258,0.010140770109280182,0.006229873295813644,0.003386592704411284,0.0015776643281541802,0.0007318081522160955,0.0003120480649059976,0.00011563202405146101,0.00006811201416729894
0.0015739312690315193,0.0022161585004152337,0.004196622770593587,0.00738561316091272,0.011417724522481907,0.015875350970854588,0.020087792146162065,0.02365167872820026,0.024880768774469104,0.02331949222920868,0.019258907739154514,0.014380511725392493,0.009733064420453194,0.005541187171273776,0.0029770237671530838,0.0014331474670779465,0.0006596274765689886,0.0002515126349507652,0.0000917467473405307,0.00003796417131332305
0.0014797179050609203,0.002214834171998236,0.004287387776202151,0.007200977625590266,0.011216451427785499,0.015609759182234529,0.020240201216340768,0.023134820323356307,0.024170306677859403,0.022222643794274945,0.018306766389535743,0.01397669444299529,0.00887198384957466,0.00506676910867548,0.0026511612465674817,0.0012062230358562843,0.0005027246728732617,0.000208678166098335,0.00006165491271087166,0.000011066266384002605
0.0014605593705541758,0.002103205493598013,0.0042774652268446085,0.00711963481278787,0.011248675627922105,0.015612984925448317,0.02016203524606083,0.022516299053083836,0.02295999330511164,0.02121995392527305,0.017814087371451032,0.012966609244314477,0.008308609089574133,0.004585366931988462,0.002273735668754609,0.0010484447805924027,0.00047527391409384534,0.0001721091582598974,0.00004263254378914892,0.000015789831033018117
0.0015093600850041285,0.002306668498107774,0.004100217720455776,0.007134726175872028,0.011012329072075102,0.015650927324943435,0.019594841019860098,0.022245694139862108,0.022485676078063604,0.02031005034884217,0.0168539946730325,0.011980150967585068,0.007785203534681339,0.004239154632046113,0.0021108937590486607,0.0010136079231931486,0.00038523416395502895,0.00012946394034554247,0.000042628370601581046,0.000017367113948792274
0.0015012786916300943,0.002263757774760838,0.004188109746471758,0.006925457013860388,0.010515265367979035,0.015461118302655258,0.019402961512960563,0.021783538029236264,0.021403087803491927,0.019470842673570556,0.015892084740946555,0.01146402298487671,0.007174880813311022,0.0038376535219271936,0.0019117229185741794,0.0008240457171723548,0.0003315126448394531,0.0001199760047990402,0.000044201685978593745,0.000009471789852555805
0.0015512537065179492,0.002212469681117155,0.003923109577216296,0.006927775962984531,0.010576299431417389,0.015177983875167472,0.018804414208410856,0.021412982241853548,0.021394045268833994,0.01837201999113118,0.014999660712566735,0.010811433513076767,0.006665814502880786,0.0036658823603674404,0.0017769193016675584,0.0007164488125728875,0.00023986832491427066,0.00007574789207819077,0.000022093135189472305,0.00001262464867969846
0.0015340905507590047,0.0021805213069883895,0.00412296689643864,0.006871085940604055,0.01033500879776493,0.014625101694594581,0.01829241374091056,0.02030896236827002,0.020493431632852558,0.018262457193670655,0.014480048939538229,0.010018100061174427,0.006330291429904832,0.0033551332908686162,0.0016349968151460304,0.0006306641524189126,0.00022861575525185573,0.00007094971714712767,0.00002207324533466193,0.000011036622667330966
0.0014240795468150394,0.002173926741819419,0.004018613853899521,0.006792733413569086,0.010417519959167985,0.014330588094442936,0.017982154897006292,0.01991820994461213,0.01981108891675435,0.017914416599978576,0.013453140851549162,0.009272270146629787,0.0059767232307702004,0.003265616040428736,0.0014918178438427464,0.0006222471471149783,0.00019848896338351204,0.0000425333492964669,0.000012602473865619823,0.0000031506184664049553
0.0014456943348624938,0.002089799980787068,0.003911878788451454,0.006609563315270027,0.010374982873719069,0.01394512345883157,0.017382978287812864,0.019168835995584173,0.019149938030422576,0.016683753576833615,0.013036446300644584,0.008806451765306172,0.0053937942232070175,0.002863041721982584,0.0013512045090544877,0.0005464661592563021,0.00018740482118587894,0.00003464626946293559,0.000012598643441067483,0.000007874152150667177
0.0014136367142549046,0.0021975911504452644,0.003803280959509855,0.006688799998740636,0.010032412895263375,0.013649937582744184,0.016913265988813698,0.018783422354665402,0.01824976662400569,0.016033285005218487,0.012157590583731214,0.008285044573634257,0.004887908683476036,0.0025203033179533436,0.0011255570720403755,0.0004392033889500205,0.00017631103785807267,0.000051948787940325004,0.000018890468341936366,0.000001574205695161364
0.0013982494357457987,0.0021673652671065358,0.003862880330924275,0.006502095801319606,0.009649336657255873,0.013529518162300747,0.01641409573840625,0.018062425781895104,0.017617313756792676,0.015228178894140406,0.011689302369474438,0.007782382686243206,0.004726366202942773,0.0023435226763343525,0.001023914941136687,0.00039949983878451373,0.00015099206505241465,0.00004089368428502897,0.00001887400813155184,0.0000047185020328879594
0.0014365758828333115,0.0020659629070757268,0.0037794690805756995,0.006136523486363541,0.009668958159924095,0.013162056144469497,0.01593293251869673,0.01706740262989368,0.016845543703848227,0.014683599275575535,0.011214103304439223,0.007302462948772618,0.004226333867787816,0.0021068730636514842,0.0009283458607575619,0.0003587506038181766,0.00013374474265151321,0.00002674894853030262,0.0000031469351212120735,0.0000015734675606060367
0.001446124778562144,0.001999424693838093,0.003692333809611386,0.006127167811777429,0.009657598521180227,0.012703891804716566,0.0154420976354288,0.016435522483310618,0.015938810059369715,0.014006975980181807,0.010577145255374636,0.006961833308969278,0.004091589998475281,0.002021430940468387,0.0008661029923779786,0.0002986562042682686,0.00011160310791077409,0.000044012493260586976,0,0
0.0013735485698102526,0.0018880392712168413,0.003625035400736335,0.006096793479971052,0.009164857295698417,0.01233361653922402,0.014778627395449826,0.016071934296233364,0.015463041631265927,0.013305956763900688,0.00988703231693886,0.006672645457692185,0.00377765190849303,0.0018817458069794518,0.0007961232260297683,0.00031309984581012626,0.00010069542779823149,0.000031467321186947354,0.000009440196356084207,0
0.0013722143106391412,0.001980515499891544,0.003555496873614818,0.0058440925623783795,0.00884944624157888,0.011914529753315792,0.014662102049990727,0.015537615647958655,0.015048774123779075,0.012392368413607087,0.009343003278853441,0.006218189934580113,0.0035382066589332265,0.0018013260022823091,0.0007497665821017984,0.00029078997419042495,0.0000801637226146577,0.000023577565474899325,0.000012574701586612972,0.000003143675396653243
0.0012950558414248129,0.00188443198284994,0.00330207806169118,0.005904763102224542,0.008894078891532787,0.011561202390195298,0.013879415213134126,0.015042450798879716,0.014198464164358937,0.01209557009175408,0.008898793900664191,0.005977059908906024,0.00330679307082258,0.001687973269041565,0.0007339697547880913,0.0002608971719375229,0.00008644183407568529,0.000012573357683736048,0.000011001687973269042,0.00000785834855233503
0.0013670615083506902,0.001872450493068166,0.0034372729084822164,0.005589099921052591,0.008296540910610502,0.011165643594037662,0.013639224463338111,0.014045732994523908,0.013362987005852782,0.011553317753122185,0.008635559608433402,0.005768026456014677,0.0032442205944441735,0.0015648224154140506,0.0006937327057302008,0.00019776090706336043,0.00006592030235445346,0.00001883437210127242,0.000006278124033757473,0.0000015695310084393683
0.0012582884449534152,0.0018976434975077722,0.003342868677728923,0.005381892899388764,0.008041421410382684,0.010950722534045262,0.012871929485578382,0.013819180337397239,0.013068291602456256,0.010829763470048498,0.008250350702740742,0.005630094615122399,0.003044398260074556,0.001489210294401795,0.0006110789077239434,0.0001963621168778737,0.00005341049579078166,0.0000157089693502299,0.00000314179387004598,0.00000157089693502299
0.0012685752863322004,0.001877742626798653,0.003334720183378209,0.005407145156099129,0.007917605407145156,0.010561517266283061,0.012583701633604685,0.013717255292926278,0.012392159325519873,0.010385675147385526,0.007715072966629246,0.005041330748035514,0.002998736134770424,0.0013360860998375026,0.0005432265458798779,0.0002056724783533641,0.000050240605399295074,0.000009420113512367825,0.0000015700189187279706,0.0000015700189187279706
0.0013232683315046172,0.0018145886016836751,0.0032163425993510806,0.005063895180823124,0.007738686683650964,0.010339701660285779,0.01242428095356945,0.013193440481964776,0.012044410329341556,0.009765186583974173,0.007228529853592835,0.004710709683090577,0.002726592042495279,0.0013986145710208945,0.0005132962567046379,0.00016952903891162349,0.000036103406434882796,0.00001726684655581351,0.000004709139969767321,0
0.0012003426860688073,0.0017652098324541282,0.003100493003492762,0.0051089095239739025,0.007380930712768194,0.009936954550161772,0.011724131438308666,0.01266086945606432,0.011735114966155044,0.0093265842169843,0.006743886097678084,0.00438870391233262,0.0026423229847580016,0.0013352831710386343,0.0005083804317467888,0.000158476616069215,0.00004236503597889907,0.000015690754066258918,0.000006276301626503566,0
0.001198215223920391,0.0016216682480807388,0.003053566807556285,0.005115939869670569,0.007286528704625833,0.00954337648894709,0.011543015769704287,0.011988425617339614,0.011651231542545265,0.009176383868008123,0.006289061581048126,0.004196889972789223,0.002352516800890819,0.0011527332324365014,0.00043913646949961986,0.00016153948699450284,0.000042345302416034755,0.000006273378135708852,0.000004705033601781639,0
0.0011913170410133257,0.0017061417965500455,0.0029649511073441,0.004884556826921566,0.006962690901100281,0.009117734771075641,0.01085840749635071,0.011817425562304777,0.010922760590792798,0.008761438370140163,0.005995824896799609,0.003817237211784465,0.002198992324716296,0.001015523222049568,0.00046616753778782303,0.00013184536422281866,0.00004237886707162029,0.000009417526015915617,0.0000031391753386385397,0.0000015695876693192698
0.0011371086385751164,0.0016499838452152032,0.002912566540460678,0.0047256666593473474,0.006899504691161291,0.009125100771351766,0.010751558230941276,0.01125345445762271,0.010334356992512337,0.008014655369819098,0.005627511441665542,0.0037140320774425887,0.0020452271237268297,0.001008497730488,0.0004093591098870419,0.00013017933379549611,0.0000376422170011073,0.000004705277125138413,0.0000015684257083794711,0
0.0011152381370660614,0.001618742274897574,0.002878286893834349,0.004575456604531222,0.006548690889241638,0.008730542153178193,0.010380655402395488,0.010788478068551852,0.009786175439036787,0.00768745725704749,0.005485214859803119,0.0034806096007729812,0.0019748028334264007,0.0009097582552718924,0.0003733145944046731,0.00013018954342683972,0.000040782266615636554,0.000006274194863944084,0.000003137097431972042,0
0.0011306682390430259,0.0016544452041475626,0.002861954973999335,0.004499150038577587,0.006522120951705883,0.008338090190002447,0.009915693863341258,0.01031087887892911,0.009318211756440577,0.00719174000589641,0.005245610623576865,0.0032477308225493822,0.0017830371536642446,0.000944053092793206,0.00041870793318236877,0.0001270237550103815,0.000043909446176428156,0.000006272778025204022,0,0
0.0011836082021696869,0.001658619176020568,0.0026541042202295113,0.004478898852448737,0.006322505800464037,0.008084592713363013,0.009581739512133942,0.009978365836834514,0.009015802345268704,0.006985639932275663,0.004781463598168938,0.003100896720386279,0.0017730607637800211,0.0007509249388599736,0.00033862168432934086,0.00016460776321565188,0.00003605693860914279,0.00000783846491503104,0.000003135385966012416,0
0.0011549913806613388,0.001507600689547093,0.0025685629211722304,0.004317505093245571,0.006060178655383172,0.00807083529227394,0.009014261087603826,0.00967089797837329,0.008674188998589563,0.006755994358251058,0.004751606331296037,0.00300893276915844,0.0015483466541294467,0.0007773076320325967,0.0003667136812411849,0.0001864911455884658,0.00002350728725905031,0.000009402914903620123,0.000001567152483936687,0
0.0010484611599208872,0.0015248919411106482,0.002552979416309606,0.004088841803039754,0.005991430514764652,0.0076683414880312425,0.009165023711834605,0.009168158124868743,0.008216863769006296,0.0063738289049301185,0.004610721573224591,0.002891496023997067,0.0015186231150423617,0.000747557508643144,0.0003823983901654655,0.00014575020608765697,0.00005015060854629058,0.000012537652136572645,0.000004701619551214742,0
0.0010469185644677718,0.0015923192537414016,0.002673717172128771,0.003944751537073924,0.005712602047133277,0.00761053375607111,0.00867782648421864,0.008818878386617,0.00791614621126754,0.006138892241048296,0.0044070883282685235,0.002604758464289577,0.001407384537263562,0.0006582422111923116,0.00027583483135677837,0.00010970703519871864,0.00003761384063956067,0.000012537946879853556,0,0
0.001078625191855753,0.001432941025226974,0.002502159602037474,0.003993108086710176,0.0056424012579779845,0.007515885421157671,0.008224517087900117,0.00863056930402023,0.0076428747242685965,0.005855617865670402,0.0040714965454206236,0.0023845769139718017,0.0014329410252269738,0.0005675324410636373,0.0002430042220023861,0.00008622730458149188,0.00003762646018101463,0.000006271076696835772,0,0
0.0010560340437799757,0.0014430376176874733,0.002326721891711073,0.003743123635890743,0.005419616850793673,0.007174450870131315,0.008159978189920048,0.007874817661777677,0.007119612307027012,0.005670307424984764,0.003750957716334214,0.002278150592961549,0.0012503192387780708,0.0005812887689055947,0.00026635873507803535,0.0000987094135877425,0.000023502241330414877,0.000004700448266082976,0,0
0.0010284828703594996,0.001336871189173535,0.0022902137585022035,0.0037350991304075584,0.005377227792518842,0.006912907694836453,0.007795806231948718,0.007564123637103653,0.006548164150249294,0.0053052183373642975,0.003616126987108743,0.0021524565399456807,0.001127104515462465,0.0005917298706177939,0.00022855174896877758,0.00008766368453596951,0.00001878507525770775,0.0000062616917525692505,0,0
0.0008824119468860103,0.0012946221458753895,0.002335335347886599,0.003460684864519204,0.005059370807367748,0.006546775669880754,0.007366494050380549,0.007447995686682633,0.006234875177109327,0.005006081275939461,0.0035202437525861095,0.0021456873095682923,0.001161398317304678,0.0005532707233583689,0.00020688876907451765,0.00007836695798277182,0.000010971374117588051,0.00000783669579827718,0,0
0.000929852491582017,0.0012100605656446117,0.002157132547811481,0.0034830333228450974,0.004931035940207666,0.00627728702229611,0.006967632053925185,0.007091299304489121,0.006130138648207371,0.004954517063732464,0.0033405811734613195,0.0019755451925530395,0.0011177014797804047,0.0005087576763706322,0.0002003722540782799,0.00005792010469450277,0.00001565408234986561,0,0,0
0.0008778243725355198,0.0012424109657632847,0.002031044626650811,0.003209300870000626,0.004655129248294424,0.00604462665081054,0.006728422106778495,0.006628278149840392,0.005947612192526757,0.004714589722726419,0.0033172685735745134,0.0020060086374162856,0.0009779683294736182,0.00048194279276459937,0.00014708643675283224,0.000056330975777680415,0.000010953245290104524,0.0000031294986543155785,0,0
0.0008598627352092644,0.0012044343230891157,0.0020079126166453144,0.003127770277254828,0.004446539718140439,0.005890607918255089,0.006466982210708657,0.006474813383160472,0.005719888358805524,0.004470033235495886,0.003170058608494629,0.0017823748500330474,0.0009835952599479385,0.0004808339885414285,0.0001691533249591996,0.000042288331239799904,0.000006264937961451837,0.0000015662344903629592,0,0
0.0008732558357903437,0.0010500979674109682,0.0018810994885662953,0.0030219659837117437,0.0043772340012645,0.0056714680087888965,0.006375706586039173,0.006316237550626927,0.005441416740220471,0.004328719788165036,0.0028764233444133537,0.0016886076107845535,0.0010234933989370692,0.00045853756252073606,0.00015962741084339614,0.00003912436540279317,0.000010954822312782087,0,0,0
0.0007857057891804241,0.0010204784353498736,0.0018781811693555953,0.003033262588509289,0.004163301592071572,0.005434204183335527,0.0060180054968102265,0.0062136493686181,0.005487419316467269,0.00409913040211859,0.00286109598131836,0.0017780115069899636,0.0009218739239587047,0.00045545893356873187,0.00015338479549737363,0.0000438242272849639,0.000007825754872314983,0.0000015651509744629968,0,0
0.0008014526328971258,0.0010174691628576796,0.0017343935883789375,0.0027722121344937716,0.004047961930999937,0.00513587126667084,0.006064116210631767,0.005957673282825122,0.005236052845782982,0.004058919291215329,0.002847348318827875,0.0016843027988228672,0.0009235489324400476,0.0004132490138375807,0.00013305365975831192,0.00002974140629891679,0.000009392023041763197,0.0000015653371736271992,0,0
0.0007758813527241104,0.0010089586139255063,0.0017253974436586565,0.0027015062422470542,0.004090584147930539,0.00511674980798501,0.00582380297619327,0.00564860396106202,0.0049321651313288676,0.003907563748195217,0.0027531273806339408,0.0017066261206088798,0.0009166662755974365,0.0003863763994412403,0.000137656369031697,0.00003910692302036845,0.000006257107683258952,0.000003128553841629476,0.000001564276920814738,0
0.0007493742177722155,0.0010200250312891119,0.001760012515644555,0.0026673967459324155,0.0038579474342928665,0.005158010012515642,0.005622653316645806,0.005652377972465582,0.004862327909887359,0.003942428035043805,0.002684605757196496,0.001576971214017522,0.0009152065081351691,0.00040519399249061333,0.00016113892365456813,0.00004380475594493117,0.000004693366708385482,0.0000031289111389236545,0,0
0.0006870657908534169,0.0009703434859433232,0.0015916763309747725,0.0026621843057896633,0.0037937300160106693,0.004842327008884902,0.0053619302949061655,0.005343149453242747,0.004806330395696683,0.003666959334782588,0.0026387082537103895,0.0016354982948560838,0.0008200967526359694,0.0003771819034070011,0.00013616110205978883,0.000053212384713020926,0.000010955490970327835,0.000004695210415854786,0,0
0.0006384816655607993,0.0008998209747486757,0.001561776230955093,0.0024725515480050583,0.003644666174242899,0.004683763786822241,0.005159495223906756,0.00528312280130701,0.0045241433704320405,0.0035100842545413577,0.0022393805475919223,0.0015727305732563812,0.0008294002028118226,0.00034584423551209983,0.000115803047185047,0.00004851208733427646,0.00001564906043041176,0.0000015649060430411758,0,0
0.0006072519657434769,0.0008999223719136578,0.0015572569740071116,0.0024305729453598444,0.003501089297340613,0.004444833976060501,0.0050380002003305455,0.004953485751489959,0.004339973456202735,0.0033367556468172485,0.002272499624380228,0.001425790053588421,0.000779411028196524,0.00035527370160765286,0.0001471177442780588,0.00006260329543747182,0.0000031301647718735916,0.0000031301647718735916,0,0
0.0006868056652862757,0.0008917522305539346,0.0014252390912888324,0.002310733411452915,0.0032415975819434237,0.00421000921477305,0.0046652721956347955,0.004718464433948538,0.00420531578198066,0.003146164448498181,0.0022857017698935064,0.0013313704354410503,0.0007024504412609065,0.0003301047730647022,0.00013298059578435866,0.000051627760716280426,0.000017209253572093475,0.00000469343279238913,0,0
0.0006596935082719622,0.0008300882769962373,0.0014866552757503238,0.0023229965717823133,0.003160901122573242,0.004044140061373382,0.004617854557903739,0.004459965827250971,0.0039737935972211594,0.003082738384626329,0.0021729241149242374,0.0013272032903386172,0.0006409344511647029,0.00029076538516252374,0.00012818689023294056,0.0000640934451164703,0.0000109427833125681,0.0000093795285536298,0,0
0.0006177106236844326,0.0008804331167957866,0.0014402822390211713,0.002301949463451861,0.003143286971153696,0.004040922155950821,0.0044256229494353035,0.0042989531759709005,0.003939273572306548,0.003141723146789938,0.0020173334292478942,0.0013448889528319297,0.0006474232865958358,0.00027836073674893417,0.00012666977346440262,0.000045350906548983666,0.000009382946182548345,0.0000015638243637580576,0,0
0.0006427368391422045,0.0008710569815138878,0.0014356019910767483,0.002228467143011293,0.0031229816733989828,0.003857984871444813,0.00427865691458168,0.004278656914581681,0.00391428298874194,0.0028571294528292146,0.0018719124001294865,0.0011947711559723705,0.000639609165959031,0.00028774593285198446,0.00011259623459425474,0.00004847893433919302,0.00000781918295793436,0,0,0
0.0006659819246877619,0.0008410757640422913,0.0013944973634307134,0.002234009789621626,0.00288592167364697,0.003731687451243401,0.004302305766997,0.004039665007965205,0.003733250789094781,0.0027561646319824522,0.0018932021380208457,0.001124039915142021,0.0006253351405518892,0.000270457448288692,0.0001235036902589982,0.000053153486946910614,0.000010943364959658067,0.000001563337851379724,0,0
0.0006908009383639893,0.0007986409038552004,0.0012565700326801976,0.002180242780583179,0.002988261072741964,0.0036102944968796737,0.004008833499781976,0.0039150596167461405,0.0035555930651087705,0.0027538263651523745,0.0017660747971749052,0.001154981659391376,0.0006032786475305426,0.0003219569984230356,0.00011878025184539188,0.000026569266860153447,0.000006251592202389046,0.0000015628980505972616,0,0
0.0006225364449727836,0.000819620847150097,0.0012482012137896516,0.001995870612525808,0.002824876431208159,0.003427078771194393,0.003833760870925358,0.003858787461678034,0.0034489770381029836,0.002691922667834574,0.001803478696114622,0.001112119126571983,0.0006381780641932052,0.0002518300694487893,0.00009384971532253016,0.00002815491459675906,0.0000015641619220421699,0.0000015641619220421699,0,0
0.0005767427321037829,0.0007252266333229134,0.0011753673022819628,0.001974054391997499,0.0026633322913410438,0.0033479212253829326,0.0038855892466395747,0.0036527039699906214,0.003221319162238198,0.0026055017192872783,0.0016583307283526104,0.00108783994998437,0.0006361362925914348,0.0002860268834010629,0.00010003125976867772,0.000026570803376055017,0.000006251953735542357,0,0,0
0.0005223312236781816,0.0006865371472895858,0.001179154918123798,0.0018797668588657907,0.0025475376148855005,0.003248149555627494,0.0036766488229563006,0.0035577950115804275,0.0031683923927305247,0.002549101480824658,0.0016686449570796993,0.0010212044582690193,0.0005708110677920248,0.00027993200310896566,0.00011103448168009251,0.0000344050506614371,0.0000031277318783124636,0.0000015638659391562318,0,0
0.0005126185430380776,0.0006923476053837454,0.0011674574745409877,0.0018301107131024055,0.0024661953076648975,0.0031679200815188505,0.0036274013365590785,0.003492995255152754,0.0031944887255177757,0.002449003832136181,0.0016253758681695144,0.0010267999474878565,0.0005282471571550922,0.00022817776610841264,0.00011877746728931066,0.0000250057825872233,0.000014065752705313102,0.000001562861411701456,0.000001562861411701456,0
0.0005265008006874192,0.0006389876186384405,0.00102644221380307,0.0018060383548802862,0.0024122173182830127,0.002968402140374174,0.0034730305042377837,0.003371479904698669,0.0030387064015935626,0.0024387767058547823,0.0016294965433738234,0.0009327031988438855,0.0005077529976955824,0.00022653595281802921,0.00008280279654727963,0.0000390579228996602,0.0000015623169159864079,0.000004686950747959224,0.0000015623169159864079,0
0.0005372792118238916,0.0006060009714757846,0.0011323471760823285,0.001605590202776047,0.002358405842599058,0.002959721239553121,0.0033127011868560262,0.0033736136556383866,0.003009700701118135,0.002258446919469031,0.0015446777339936874,0.0009230581807788367,0.0005232224882587316,0.00019679412991223917,0.00007184547599970637,0.000031237163478133204,0.000010933007217346622,0.000006247432695626641,0,0
0.0004907001384587015,0.0006688524180265105,0.001059537241640126,0.0016705683057718212,0.0023066031986147873,0.0028629383874405764,0.0032192429465761944,0.0032379958181096465,0.0029207597413353917,0.002197211448002975,0.0015127316370319207,0.0009048260514891341,0.0005188294457588819,0.00021722076192917043,0.0000781369647227232,0.0000421939609502705,0.000007813696472272317,0.0000015627392944544634,0,0
0.00046414445050454225,0.0006063570599183919,0.001057999303001936,0.0016690446907032016,0.00229728061360834,0.002855191619770366,0.003078668577420702,0.0032052534275583042,0.0028708193790466124,0.0021613191079049893,0.0014330655256318697,0.0009157866935880865,0.00045164224308354443,0.0002141003020845869,0.00007813879638123605,0.000048446053756366346,0.00001250220742099777,0,0,0
0.00045823063545485243,0.0006146233438012187,0.0010009133334167428,0.0016296120209691345,0.0022035732606002973,0.002811940896067661,0.0030950116981745845,0.0030465299585872106,0.00276033130231336,0.002112865489759406,0.0013934590313661216,0.000821061718818422,0.0004316438750359703,0.00018454339584871195,0.00006255708333854642,0.00003284246875273687,0.000010947489584245624,0.000003127854166927321,0,0
0.0004863022266700022,0.0005613585188891664,0.000955404053039779,0.0014667250437828375,0.0021938328746559928,0.0028380660495371524,0.003050725544158118,0.002975669251938954,0.0024799849887415563,0.001993682762071554,0.0013400675506629973,0.0008428196147110325,0.0004206279709782334,0.00017200400300225157,0.00008443832874655988,0.000037528146109582174,0.000004691018263697773,0.000004691018263697773,0,0
0.00043730799445868305,0.0005809949069236789,0.0010604718865623063,0.001452487267309197,0.0021568655012408617,0.002770658507748941,0.003098639503592954,0.002797209350269647,0.0024067557837886802,0.0018616826049812514,0.0012556986698027898,0.0007777835044300862,0.0004388698087246068,0.00022177762576118927,0.00005622531357325923,0.00001874177119108641,0.000006247257063695471,0.0000031236285318477354,0.0000031236285318477354,0
0.0004299165649197462,0.000619079853484435,0.0010192930921006347,0.00145233632294707,0.0020276428534578583,0.0026701727013924603,0.0030031626225848454,0.002848392659213738,0.002540416065434865,0.0018197195693330354,0.0012475397047489367,0.0008238764716825686,0.00038145324305606586,0.00016727662707786482,0.00007191331631384847,0.000028139993340201577,0.000010943330743411723,0.000001563332963344532,0,0
0.0004905506509169703,0.0005452298635987984,0.0008858032454456125,0.0014654028998729873,0.0019512667611315153,0.0025043079408277186,0.0028651907445277824,0.002888624692819994,0.002413696674097832,0.0018762781265964383,0.0013201124204612741,0.0007998787683741685,0.0004280601221377384,0.0001515395322896373,0.00004061884370650072,0.00001874715863376957,0.000004686789658442392,0.0000015622632194807974,0,0
0.00039704684683839744,0.0005689962686975458,0.0008316099311733359,0.0013255737248777987,0.0020383822373120863,0.0025010824997694315,0.002655836979442665,0.002793396516929984,0.002555793679451889,0.001844548343579956,0.0012302199545740898,0.0008065991061756421,0.0004830215577679714,0.00019852342341919877,0.00008284835780486242,0.000018758118748270737,0.000010942235936491262,0.0000015631765623558947,0,0
0.0004280440729174639,0.0005389606027610403,0.0008576503504806118,0.0014450392972578604,0.001923073918837219,0.0022433258712024743,0.0027276093113645676,0.0026854297859310954,0.0024073573589993126,0.0018184062075763793,0.0013138141070203903,0.0007732912996136659,0.00044522832401998965,0.0001952755807105218,0.00008279684622126126,0.00001562204645684175,0.0000046866139370525256,0.0000015622046456841753,0,0
0.00046110609191485607,0.0005705210967760083,0.0008721938958931854,0.0013614352747723384,0.0019053841560820674,0.0023680533194949407,0.0026290862596636887,0.002632212402659723,0.0022789582441080022,0.001783464579236783,0.001258272555903252,0.0008675046813991365,0.0003720110165279178,0.00020788850923618955,0.00008127971789685606,0.000023446072470246938,0.0000015630714980164624,0,0,0
0.0004296525907270036,0.0005983888809034264,0.0008561804353396288,0.0013186428602676029,0.0018873466530844362,0.0023388724666120876,0.002427927730871867,0.002504484010674132,0.0021935717722935018,0.0018357883421971962,0.0013405160830682501,0.0007671251710798498,0.00040152987569759964,0.0001765481554623687,0.00006405729534475325,0.00001406135751470193,0.0000015623730571891033,0,0,0
0.00046538285548300683,0.0005731392884639714,0.0008589280889787033,0.0013368044439377638,0.0018053106742897838,0.0022363364062136406,0.002519001831859361,0.0024112453988783967,0.0021941708454819605,0.0018802716711461076,0.0012165545114807455,0.0007402398439561921,0.00035294136019852195,0.00015616874345067343,0.00006402918481477607,0.000020301936648587532,0.0000031233748690134664,0,0,0
0.000438965104617413,0.0005576887628057526,0.0008232548403323011,0.0013325168478243892,0.0017949142534000265,0.00221200921045643,0.0024228999190804537,0.002435397146258174,0.0022448144317979445,0.0016465096806646024,0.0011981716556638997,0.0007810766986074964,0.0003514845143733736,0.0001796476406797242,0.00007342120966910467,0.000012497227177719942,0.000003124306794429986,0.000001562153397214993,0,0
0.0003763519781122436,0.0005637471539357673,0.0008573329293926211,0.0012758488220651573,0.0017958704349754363,0.002205016568856796,0.00241583614165826,0.0023689873477023772,0.0021081957280146414,0.0017583913998107312,0.0011165629226151622,0.0006808691388254699,0.0003466810752735191,0.00018427192289313177,0.00008901270851617383,0.000023424396977940464,0.000007808132325980155,0,0,0
0.000415488018793804,0.0005232649860749032,0.00077162060633135,0.0013151913978360266,0.0017494232370265427,0.002286746088398981,0.0025101099481264775,0.002330481669324644,0.0021883410313162377,0.0016275884044479078,0.0010559018823481634,0.0006279179832898842,0.00035457060250448696,0.0001452646080745254,0.00005779344622319829,0.000012495880264475306,0.0000031239700661188266,0.0000015619850330594133,0,0
0.0004280567784509343,0.0004952335721494387,0.0007951857672683423,0.001313853104661445,0.0017356608790474023,0.002254328216440505,0.0024730433587147054,0.0023574367835126277,0.0020887296087186116,0.0015075722306757363,0.001070141946127337,0.0006295871595464476,0.00031713695629759003,0.0001327913363807643,0.00007186354674723715,0.000021871514227420005,0.0000046867530487328585,0.000001562251016244286,0,0
0.00045134035591857125,0.00046227247526607986,0.0008324028017460157,0.0013009222023535297,0.001736645244918517,0.0021848621381663725,0.0024644120471955223,0.0023582143163911515,0.0019958926465880084,0.0016070215440837717,0.001060415576708339,0.0005762788627472414,0.0003420191624434848,0.00012025331282259515,0.0000359198207132427,0.00001561731335358378,0,0,0,0
0.00042348424011242735,0.0005348449106605101,0.00084540002007629,0.0012186935354346518,0.0016688415980726761,0.002076641236699458,0.0024169970889379644,0.00239817556715519,0.0020029236097169234,0.0014900371411363186,0.0010022460349327447,0.000617973298534431,0.0003387873920899421,0.0001427298735193737,0.00005332764505119454,0.000007842300742822727,0.000004705380445693636,0,0,0
0.00045052582800211095,0.0005889016180313307,0.0009573673845044855,0.0015848855020788543,0.002251020119196261,0.0028978464865421507,0.0035350187290022774,0.0037087929769459497,0.0035012292919021208,0.0029268088611994285,0.0021110353083527485,0.0012469911310772717,0.0006387812632744217,0.00026387941354409373,0.00009975929048618174,0.00003218041628586507,0.000011263145700052777,0.0000016090208142932537,0,0
0.0003402437094476972,0.00045735084665295123,0.0008213324893179301,0.001264440576040513,0.0018642190219971511,0.00250197816110144,0.0031334071846811206,0.0035147966450387725,0.004363032125336288,0.00499604367779712,0.004150973255261908,0.002690299097958539,0.0014749169172337394,0.0006393416679854404,0.0002484570343408767,0.00006804874188953948,0.000018990346573824977,0.000004747586643456243,0,0.000001582528881152081
0.0002986418980209787,0.00037689565739545955,0.0006899106948933838,0.0010684033677862807,0.0016257617763922778,0.0022645679753676325,0.0029784339027225932,0.003706672969554498,0.004997061491484714,0.006161285789117296,0.006654763577825757,0.004963524166038507,0.0027277024696247647,0.0012903885219302173,0.0005717315480829431,0.0001612985652412772,0.00005110449591802839,0.000014373139476945485,0.0000047910464923151615,0
0.00017543803174623618,0.0003267332150870269,0.0005456283739630648,0.0010123901098016744,0.0015628470534458283,0.0022806944127010693,0.002995322725502251,0.003972303324309274,0.005189102883943718,0.006697226147670537,0.008326063653424583,0.00819086370235409,0.005515836099030744,0.0028633418208858182,0.0010928662711531592,0.0003669712957627693,0.00012876185816237511,0.000038628557448712547,0.0000032190464540593785,0
0.0001491189823601969,0.00021719503952463467,0.0005251581552685195,0.0010422120180174626,0.001507398408641121,0.002141154083671958,0.003209299837752063,0.00444925659324718,0.0055384735078781834,0.0068967529341591085,0.00890499662051002,0.011605346888032716,0.009739738750026341,0.005650312744648331,0.002356728264692679,0.0007877372329027794,0.0002496122096029383,0.0000599717646448618,0.000014587726535236654,0.000009725151023491102
0.00013048101827386666,0.00022834178197926667,0.0005284481240091602,0.0009981797897950803,0.0016342747538801805,0.002554165932710939,0.0036942438298788478,0.00497295780896274,0.006582767371916567,0.007721214256356058,0.009585461804943926,0.012854011312704285,0.014631815186685715,0.010560807416541078,0.00526654010007894,0.001789220963080397,0.0005480202767502401,0.0001598392473854867,0.000029358229111619985,0.000003262025456846665
0.0001098443489181151,0.00024100178046213323,0.0005016771756558694,0.0010558173239293455,0.0019755588126317723,0.0029149739160658017,0.004506897241431323,0.006156201943097347,0.007772717286877369,0.009364640612242885,0.010694249074520374,0.013451834072733353,0.01751443551480932,0.017639035074776134,0.01045160782616394,0.004054404102604457,0.0012115667738878673,0.00023116497309633199,0.00003606829367460497,0.00001147627526010158
0.00016654107381067413,0.0002687742082291076,0.0005853671406216767,0.0011460004584001836,0.002148544744309984,0.003332470397736361,0.005088571819601392,0.00739376410858478,0.009464809541319494,0.011095592927445806,0.012853343270833708,0.014617689300313133,0.017938617247389346,0.02278974436769631,0.018690525461821695,0.008958590633795963,0.002964760898134575,0.0007898334094585437,0.0001434561724903826,0.000023084901320291464
0.00013731514155867583,0.0002498142936790367,0.0005856573507442317,0.001257343464874622,0.00238233498607823,0.004020190289007013,0.0061278949919678916,0.008773279466092262,0.011594030265580717,0.013422141487536583,0.015091430377087229,0.016309068258860544,0.01751512534556265,0.023872981839658927,0.02665402705604608,0.016797116051147403,0.0063065701159237585,0.0016229657092657935,0.00033584305706519513,0.00007444796831494471
0.00010452129248043956,0.00029365505982599695,0.0006802179351901623,0.0014848659804760859,0.0027009629231453257,0.00457405084712019,0.007479079150822568,0.010619695129639584,0.01360269963566864,0.01571303430289276,0.016955676335715764,0.018017479941866258,0.018170114210250398,0.02204237923643047,0.03078732737396059,0.026649611446242862,0.012607258754902546,0.0038457199360263333,0.0008776470432087702,0.00014765706398030352
0.00018644634923065923,0.00033460460888716504,0.0008007204819638131,0.0015847939684606027,0.002909894807635643,0.0054768615086506125,0.008733013822000337,0.012583463873522787,0.0159777862492488,0.018371624197406733,0.01994476526904042,0.019685072139754865,0.01963013705471368,0.021105060853091932,0.030026185723869628,0.03492040239117442,0.02179091706633329,0.008033840012385364,0.0020842038324712965,0.00043615128123600645
0.00024358666346333528,0.00036204319158591585,0.0007824804463308509,0.0017334694749205836,0.003363498037959477,0.0061564026587651146,0.009861923066655988,0.014575158164491073,0.01866441098742692,0.021694228664477726,0.02296054563412616,0.02245668828915406,0.02096680547769679,0.01962874723045301,0.02581017591628627,0.03711860334748138,0.032161781586182964,0.014269840634259626,0.004145978484290328,0.0009209577961079525
0.00021937095796450534,0.0004052501666214527,0.0009042772313040683,0.001945870634769124,0.003955375593222609,0.007269384187205484,0.011074046908544079,0.01622172877711576,0.02100937434063118,0.024209510986968365,0.02574008393032376,0.024979821221042194,0.022081110318473044,0.019716592817359446,0.02173112153820906,0.03342476580894297,0.03899946748118602,0.02303395058627307,0.007801903001195656,0.002207106279368078
0.00020142305387563133,0.00046495154936291585,0.0009617950822561397,0.0021048709130003476,0.004406129303529437,0.0078068218631296765,0.012568798561839392,0.018020649220073143,0.023833382849834075,0.027301216427392846,0.02850304064885077,0.026827872250785114,0.023621888643264678,0.01938025483373366,0.018848162266412206,0.027385142699841054,0.040838524173284256,0.032032979668021246,0.01350373723691212,0.004315488929285404
0.0002538676996223929,0.0004354419483589388,0.0010356457150158544,0.002358783990531239,0.004725974196281763,0.00848691488538966,0.013628156113504078,0.01997652984710775,0.02654682766250054,0.030225387442459457,0.030928147034791645,0.029741189445828667,0.024995040333020618,0.020097579346265455,0.016888086375542625,0.02082723882729935,0.036353518337317876,0.03955460509282143,0.020465771572870117,0.007516837649084227
0.00021550526725178586,0.00043437780430438097,0.0010825772409601435,0.002416016082080568,0.00513845371603477,0.00956978077389962,0.01480588531415785,0.021899039149562344,0.02855444791086164,0.03327536017159607,0.034098657637893916,0.031179234720592378,0.026485260618264422,0.020276015105572313,0.01564601912945974,0.015817749889301007,0.028881073081540126,0.040984724380548634,0.02852582611755476,0.01296567236801565
0.00019238038665082607,0.0005012015336429418,0.001182970623177448,0.0026545118263311346,0.005626282535911004,0.009937965763041363,0.016718530618857325,0.024062736256615185,0.03075554865536234,0.03539630359650071,0.03612532400907226,0.03284810724700291,0.02677124959498865,0.02028094286640026,0.015034358462036936,0.013179744032832922,0.021146654606328984,0.037954625229506433,0.0348326628145588,0.01981517982503511
0.00025688302865090783,0.0004630654595417681,0.0012218844060171458,0.0028865540324720437,0.006256453763589872,0.011154131507210471,0.017571137163707156,0.025553101271063982,0.033004399121865646,0.037814195829368825,0.03809642915689976,0.03496482223525415,0.027927579266159543,0.02040361055856849,0.014028855400205176,0.010653885609311329,0.014431080142434877,0.03069076184408214,0.03818600021294252,0.029220444509040766
0.00021135714962057175,0.0005038754446954429,0.0013476131859807652,0.003180502387490365,0.0067397567871007895,0.012065956957539195,0.019116831468881466,0.027364832875674656,0.03491620111731844,0.03930228468624455,0.04021872928699933,0.03643120916579869,0.028759790063170428,0.02098353781433035,0.013349317570035307,0.009034250003381719,0.01013330718140869,0.022699757869249385,0.037092334329811835,0.03757253777374979
0.0002506291129422842,0.000568995823977078,0.0014072486003718799,0.0031176229522077376,0.007041323321716336,0.01259411292534978,0.02075988037540176,0.028878231506789018,0.03694916631951147,0.04148419851180497,0.04243252488510009,0.03782128789495253,0.029401504452053653,0.02065658053831069,0.013288423305797999,0.008301242646237005,0.007220827956661483,0.015207090771768322,0.032571624042783076,0.045131868169086584
0.0002878735794708884,0.000558813418972901,0.0014732353772921934,0.0036644613292647205,0.007393270870411168,0.013135502093856943,0.021311111750830176,0.03060265487175232,0.038194050499799334,0.04345705688212593,0.04365010151777112,0.03861739399902123,0.0302639800723748,0.020747218209866625,0.01268845135867863,0.007310295544563677,0.005474678131937543,0.009681019140206287,0.02709737069819504,0.05044222461928719
0.00026290436387320875,0.0006411474164133738,0.0017538265306122447,0.003957134715588364,0.00777179222752931,0.013854211897524973,0.022703063938341293,0.0313212386018237,0.040036094224924004,0.0449413808076422,0.0450533271819366,0.039684989687364315,0.030161067086409032,0.020426820994355183,0.01196469279201042,0.006455574250976986,0.004194596721667391,0.006586178354320451,0.021666711897524966,0.053021873643074244
0.00036438825144484216,0.0007491144518075352,0.0018744809585953253,0.00409470704879413,0.00798603460840974,0.014600952493940979,0.023086961679914583,0.03274748741589411,0.04102503262545971,0.04645018049929667,0.046187481992441055,0.03977424876701182,0.03031879734928732,0.020019321051471965,0.01177228276528312,0.006133586427808757,0.0035116858464823812,0.004552310899445789,0.01700760978255343,0.05224310628273139
0.0003835904747356453,0.0007875485852979615,0.0019060712527793344,0.004173668041482084,0.00840674168745863,0.015209532053566881,0.02350764634994993,0.03391720556036457,0.04197090822682758,0.04657738852962642,0.04622265220564523,0.040626644262267246,0.03022047965782372,0.020130013408693588,0.01138890303308044,0.005765738241933568,0.0029074800142573445,0.0031824430979174086,0.013720997335234313,0.04993974574401276
0.00037995467683497744,0.000800618783330845,0.0018641526332216082,0.004160842956590178,0.008652450029175092,0.01573419456393416,0.024356112520863595,0.034798081228881984,0.04257527852034794,0.04806087416715293,0.04696850447125235,0.040209042921308676,0.030728834489028807,0.019506601712510004,0.011035647890573054,0.005538178660116974,0.002817431777780794,0.002625758213127434,0.011237498812641631,0.046678449784918495
0.00042307221791787334,0.0008019682203101856,0.0018503037964359987,0.004167856026315434,0.008600769345784229,0.015539833353722358,0.02494596909024181,0.0354565102149003,0.04398421889654609,0.04838824776740204,0.04726515244192525,0.04097513898517038,0.030580135654963363,0.019787546385026302,0.010780695673449418,0.005112547404477428,0.0025010534328317627,0.001953947994399815,0.009039133330614794,0.04239217605241337
0.0004154711273003537,0.0007800682390129083,0.0019501705975322713,0.004356511534835135,0.008707935668111485,0.015960874490411937,0.025323389159086444,0.03566777232860544,0.04488275235207533,0.0495563785840744,0.048126818746057266,0.04117403661572482,0.03077877943061802,0.019484747970126774,0.01028672595185283,0.004938171113055629,0.002245239887941502,0.001709366923750025,0.008072010473264009,0.03943923268418088
0.00044120816370859216,0.0007856899222964545,0.001932831147938794,0.004412081637085924,0.008744406413809138,0.01582919135028365,0.0257020724905013,0.03662367149676477,0.0453782596374287,0.05020609512108618,0.04859398836907402,0.040847391187036626,0.030098881537304997,0.01931303888910573,0.010225847671184526,0.004868562391076735,0.0020346484164869313,0.0015306529371736542,0.007020300666394022,0.03611628210849987
0.00040307761615155746,0.0008451081111749035,0.002081438614496906,0.004562567638286956,0.009169168965733322,0.016356821919293014,0.02628472522131164,0.03750654154324532,0.0459491546378483,0.0508877022374195,0.04765800049791943,0.04058043176725825,0.02987177728437465,0.018998843268857864,0.010310657677019658,0.004576116465720618,0.0019578055641647062,0.0012989938302027065,0.006183346120039225,0.03292195706037866
0.00047119123245321107,0.0007847537432584054,0.0019356129045380102,0.004745810974348888,0.009133991193130773,0.016727288752089002,0.027207056342945853,0.0383088641579406,0.04648352356125655,0.050512378091980586,0.04833608477374346,0.04102584094075533,0.0299325077882148,0.018513747597433197,0.0102204429197585,0.004608521442590937,0.0019559520944280773,0.001210181798458966,0.005579717759841621,0.030118950362207065
0.00044770500310340974,0.0008631888128016497,0.0022334374586636015,0.004597455543232363,0.009434026258576774,0.017277343074308855,0.027869636443187247,0.03794808656986742,0.04671394702835804,0.05057879438469391,0.04872353198546995,0.040749634543832694,0.02961806014848882,0.01852379450340357,0.009771500863188811,0.0045788011681030544,0.0018501748423705303,0.0011447002920257638,0.00494680111383578,0.027014926891808018
0.00043490327209714754,0.0008664220829328387,0.0021846697442701067,0.004739937996669691,0.00970663489785696,0.01753489379560562,0.02764597181420661,0.03847455562023637,0.04717938998470224,0.05056385124615863,0.04823195743701519,0.0407810659699189,0.02955650019629876,0.018511310869535787,0.009808168735700652,0.0043456482597100205,0.0017666887784802416,0.0010339529153749305,0.00468409438585566,0.02476748751133795
0.00040439179643018513,0.0008883083394386907,0.002206388713577243,0.0049389943672791215,0.009982893719406237,0.0173719270876515,0.027666151729832437,0.039006042188724055,0.04732906832529343,0.05080446895235453,0.04866745289004773,0.04114644228280016,0.029260030693168144,0.017970900710815876,0.009417760413934769,0.004417853474808423,0.0017698486153388013,0.0010710460549803646,0.004326484617037585,0.02288959088747925
0.00038245188890618733,0.0010119744671057524,0.0022304052636210395,0.005268020929933461,0.010109591081086573,0.017552172529800788,0.028042523234798375,0.03939762135232281,0.046926508315790184,0.051052250373990554,0.049102761099566086,0.04050943945414301,0.0292423391163669,0.018259539297777724,0.009620526497485295,0.004509886212101726,0.0018022622198455294,0.000952745192275148,0.003954823293689204,0.02030717994192147
0.00046145654617523504,0.0009601000667675219,0.002440817775373772,0.0052467440268422335,0.01034474015601626,0.018121888760236984,0.028387184016362275,0.038262016041108515,0.04743367618596867,0.051537765907996046,0.04881128455641856,0.040195738710795195,0.029176562064215154,0.018307823632322237,0.009687206835642028,0.004241005400562877,0.0017393362125066552,0.0009516484816727381,0.003568259227018027,0.018711809399852942
0.0004898938281824092,0.001042291351684643,0.002432576250285069,0.005262135430304155,0.010525960149671014,0.01811931448649835,0.02822295237049488,0.03936043516086255,0.0477629589587222,0.051722652521686244,0.04887113258385208,0.04059530546569476,0.029091246948721627,0.017898017619284917,0.009552929649556985,0.004049225883287021,0.0016521247033186091,0.0008733624454148467,0.003142077656618213,0.01696046218948756
0.0004456147457970426,0.0010414556748362701,0.002471136317601782,0.005497603132806698,0.010728512591992445,0.01817905610694754,0.02874890284248194,0.03954155695091487,0.04807069070285599,0.05209135102288839,0.04855512794544594,0.04046316926608603,0.02919282965363581,0.018211126865167786,0.00925156977921815,0.004130376071838497,0.0016508000810208634,0.000796705151576531,0.002933630409830533,0.015610019580041865
0.0004362160791275678,0.0009282272381435457,0.0024346943951306117,0.0054712993490574,0.010810719418378557,0.01853749260292501,0.028898469862203062,0.039298334601403334,0.04833713754332574,0.051776143376447696,0.04877673514244652,0.040377039479245924,0.02908107194183785,0.017773269084453463,0.00908952574182095,0.0038194268323611465,0.001658635556682729,0.0007912756784174489,0.0027288866345422263,0.01372558965254882
0.0004479733853095158,0.0009787795852611689,0.0024342704711158587,0.0054720371631958595,0.010945764791996656,0.0188892626696171,0.028906961844500822,0.03945884815054609,0.04843522051278585,0.05176205682331083,0.04874119478728024,0.04013334392691779,0.029231531240649616,0.018180957581146573,0.008918896531671716,0.003959070446773155,0.0016296088431636724,0.0008553755961004338,0.002398770693412086,0.012211923530097889
0.0004573955458787986,0.001122391284167532,0.0025300218570934287,0.005536005130931585,0.010989307746187671,0.01905364692777032,0.02886149016430796,0.04000438829675012,0.04872022076508265,0.05177008700642211,0.04881136231296996,0.04050060339080315,0.028772036422863027,0.017740533515616434,0.009335257432677622,0.004244833202528334,0.0015544697334109723,0.0007223811573288777,0.002281914310066922,0.011628986387841045
0.0004878979364787275,0.0010939718437308493,0.0026775298520943314,0.00569270533496979,0.010889071592691325,0.019186712969137508,0.029137129708257294,0.040434752514193775,0.04855850639078767,0.051701987213359966,0.04869187641494622,0.04020684171341652,0.0286289730339317,0.017630166611236505,0.009339278147405957,0.00405343579752742,0.0015109641977455403,0.0007276263343333271,0.002084961770073455,0.010448444044521957
0.0005025837527153011,0.0010996127743972365,0.0024184734946098734,0.005820189700068809,0.011097319103579476,0.019003737334214826,0.029293212083597562,0.040569302589149585,0.048183952399584444,0.05214390760554259,0.04881471187446876,0.03972435473643025,0.028291417623487206,0.0174032273297624,0.009488376485826462,0.004074638746846203,0.0014858264635643644,0.0007133990852301092,0.0020288867601225085,0.01004998853164591
0.0006066110494202655,0.0011862616077551852,0.0026404430956709873,0.005771230122956689,0.010890353367786591,0.01886897369835592,0.029882334306719403,0.04081649847251968,0.049349493901031403,0.0525443120946448,0.0491557153713555,0.03993354238947462,0.027958029255502885,0.017694507305450566,0.009153086723474669,0.0039648772202385656,0.0014996773166223224,0.0007009727682189731,0.0018248882403392977,0.009181732245252844
0.000579534350887833,0.0010950503723171265,0.0027578422453586717,0.005800397587519794,0.010862899693385898,0.018748947066949698,0.02981064052023316,0.0413642642946191,0.04928569021867313,0.05274941878095622,0.04923683412513898,0.0404713770679605,0.028627986118130666,0.017367498904949628,0.009248963913878503,0.004002830284039219,0.0014319889484147035,0.0005879578152902726,0.001645944944236666,0.008581825533205297
0.000561232486765531,0.0011275211220604818,0.0025179619676507616,0.005602212570596474,0.01106790913089863,0.01915100524659679,0.029558244302984652,0.040669973387804884,0.04987890524272042,0.05276090990448934,0.04910025836918987,0.04014413394074532,0.028671732927493147,0.017556633076986603,0.00910106735295456,0.0038527851794174315,0.0013381939774529483,0.000664040840197055,0.0016567313348063585,0.00816230910932573
0.0004936815501263694,0.0010497051390058975,0.002549283909014321,0.005647851727042964,0.011351305812973885,0.019401853411962933,0.030060657118786856,0.041280539174389216,0.049695029486099385,0.05267228306655433,0.04919629317607416,0.040065711878685774,0.029073294018534118,0.017686604886267908,0.008936815501263691,0.0038770008424599835,0.0014894692502106144,0.0006672283066554339,0.001486099410278012,0.007403538331929234
0.0004883684116575225,0.0011367195788580262,0.0025546720016705556,0.0057627472575587655,0.011276258222271613,0.019400014145843653,0.030070021926057653,0.04112062026156338,0.04929321302630115,0.05221331932221203,0.04944309160780984,0.04096568959303755,0.02868575008335944,0.01797195754899682,0.009280683850498643,0.0037907492918658036,0.0014920496990640166,0.0005860420939890271,0.0014230045098296777,0.006971880083662561
0.0005488187770095437,0.0010808026222089784,0.0026481347737300986,0.005838354351745699,0.01121374807871341,0.01934502014299591,0.029663149849411544,0.04124558293476633,0.04955698876941699,0.05165798825931856,0.049309515271808387,0.040398785864717845,0.028743962572579596,0.01789384902096454,0.009319818250076176,0.004213783432070207,0.0014360196834022722,0.0006582458337752503,0.0013535285175327399,0.006385489635574231
0.0005625016841367787,0.0011890005658699567,0.002672725068039123,0.0059416345557920785,0.011480760421438384,0.019463568753199864,0.030146048341462103,0.04162680876290048,0.04953551507639245,0.052605696424240796,0.0487658645684568,0.04025592142491444,0.02862022041982162,0.01759754520223114,0.00921222818032389,0.003935827652178597,0.0014719355447171986,0.0006719705747621993,0.0012361563956778308,0.006088154455552262
0.0005657308535464255,0.001057377904842723,0.0026030354154249207,0.005967113526692059,0.011844989746128277,0.019748384467994116,0.030828964072723355,0.041569431676213374,0.050048659588296095,0.052538885577567425,0.04964288239869883,0.04036220244409198,0.02827644034065079,0.017034223349194008,0.009174605419566882,0.003963483420381802,0.0015826994117072606,0.0006516007152454363,0.0012122804004566254,0.005751597011055325
0.0005522564220855425,0.0010556852946574237,0.0027259242297454065,0.006054616139693936,0.011856675988799968,0.01987954748647562,0.030283182950093194,0.041737452582556435,0.05013915851611394,0.05229262182052675,0.04988996964273388,0.03978266689340608,0.02822232361889593,0.017584652659333556,0.009124016924638885,0.004051002901029925,0.001505235491903887,0.0006347581436775902,0.001281302247582615,0.00548720634017312
0.0005872968861485443,0.0011493517857864054,0.0027614733242686566,0.006231405069937131,0.011882244450128567,0.02014310523552456,0.031022401421628678,0.04125381995395861,0.04963752507370659,0.05254035352243509,0.04876920073773913,0.04039559241259541,0.028419111212826965,0.017193158411976144,0.0089945611933065,0.004146416984154762,0.0015145191906409448,0.000637780859169909,0.0011443033884842697,0.005107295270661406
0.0005700889944235543,0.001093090992257552,0.002828583152272619,0.006210438514472523,0.011822199500877833,0.02038026113102966,0.030685586670343948,0.042208447407188175,0.04931185717841263,0.052562541621541635,0.048681227759802506,0.0400491722778671,0.028339645233114275,0.01716489193534283,0.008748091294959673,0.003908220716933155,0.0014142915761363093,0.0005902691358190784,0.0011805382716381558,0.004592663845931347
0.0005304057182787912,0.0011769955462757943,0.0027597935627267896,0.0061846990578984145,0.011997272199163142,0.020460190104144738,0.03092517911716915,0.04182122801552488,0.04962071781573875,0.05261961490861027,0.04933783476599005,0.039970701398418886,0.029157160056239848,0.017372050144388224,0.00881147023413624,0.003822288826961448,0.0014127314210663684,0.0005539793057578486,0.0010271348830160722,0.004482349276375056
0.0005684312139369914,0.0012125411397886714,0.002860655310375215,0.006340194309297215,0.012096821662274498,0.020480341193268303,0.03084159772896593,0.04153415884793456,0.04994963161284789,0.05320717972348681,0.049307203436149874,0.04008953632494085,0.028973174419249962,0.017131978628331757,0.008898134772013675,0.003943701765332085,0.001400897044998562,0.0006373829292370409,0.000887963553132342,0.0041286941722346576
0.0005914763552286005,0.0012384036187598829,0.002912012851168082,0.006265952638202988,0.011925305946185738,0.020553803344193877,0.031428902693737916,0.04165371411864141,0.04984868623355588,0.05353533147040686,0.049697456483639484,0.04042539248320931,0.0282194713344009,0.01713097000441927,0.008776366486815285,0.0036900058979602466,0.0013627480798022588,0.0004906565219509983,0.0008687308967420071,0.003975662092246786
0.000647226340935301,0.0012389761383618614,0.0030142255306415443,0.006376440288747002,0.011982933397887863,0.020758313916543102,0.03119462852570245,0.0417587072956698,0.05008691325149701,0.053210410761777,0.04917743415942951,0.04001708005097117,0.028353557055103333,0.017488560064285546,0.0087770616260343,0.003723652844601797,0.0013079015409030237,0.0004723911735138169,0.0007901204681547829,0.003868228079200331
0.0006359161398207998,0.0012550091013394619,0.003013031233912835,0.006312056498962012,0.012216992083012291,0.02063362818757171,0.031328122634240556,0.041919995693266356,0.05043420623197818,0.053366486210040746,0.0498874529371587,0.0401771144211649,0.028109848625041636,0.017097396108462396,0.008766558213243876,0.0037347455830745364,0.0013105255897365156,0.0004188971397232252,0.000876487589541367,0.0035900662496761537
0.0006055244009513457,0.001249735083074584,0.003046124139230243,0.006384918405586971,0.01242502430507665,0.021158031776574947,0.0315158630572927,0.042563319350205055,0.049807746002697946,0.05341734423725792,0.049772423745975784,0.04042716382462669,0.028254441353279768,0.017144750608047418,0.00873973552039776,0.0038047116526442907,0.00140111618331242,0.000538243911956752,0.0006812149510702641,0.003242919569539431
0.0005812019794462788,0.0012262353901612247,0.0028992907992031153,0.006688862087153419,0.012299308940767788,0.020736816289781263,0.03191739540884033,0.042775457822541905,0.0505074598785859,0.05350417759919907,0.049623898487866976,0.04045400945377093,0.02811270615032639,0.0170967449329602,0.008665956681975012,0.003757655572315973,0.001394212840868242,0.0005778424304321389,0.0006366345381795946,0.0031025435145586055
0.0006059965117430709,0.001309355343932397,0.0031088796114907666,0.006437663774334281,0.012467412999212701,0.021156160768692304,0.031934841106371695,0.04267994823010409,0.05119411528705938,0.05363153061961045,0.04933583789509376,0.04029960736126288,0.028715169888855877,0.0168319308123207,0.008495701789284434,0.0035402954107095156,0.001376501771826366,0.0005170274947835619,0.0007537186531098029,0.003122308897069559
0.0006255534386991171,0.0013567633563206056,0.003069069149649824,0.0065523787801540214,0.01255467303512491,0.020970295435640107,0.03226379907156465,0.042941811790592206,0.05097505836262646,0.05372380390157511,0.04944555504870261,0.04035742077441167,0.028773781093192365,0.017208589368610295,0.008512893444602468,0.003488340891405265,0.0012158880510907768,0.0004980948292054631,0.0007513349612257492,0.002993600236133845
0.000714215059207758,0.0014267535572436655,0.0032206740111223086,0.006563736987789605,0.012309312123716805,0.021579018842871008,0.032181591693645324,0.043136242390507985,0.050969136185387405,0.05379749488229704,0.04973015747939088,0.04016034631047566,0.028820086544087686,0.01693829751919244,0.008345921513465302,0.0034973066044774242,0.0012020943602158742,0.0004744668116333226,0.0006102682665531074,0.002806563401675555
0.0007344187528295249,0.0014034440550646401,0.003093613239658616,0.0066835460017773615,0.012575663575848021,0.02091416690420697,0.03146598702191517,0.04344304901155284,0.05093982125790171,0.05308942135179998,0.049952212478411764,0.040512081020808534,0.028397525109408284,0.01722027532319455,0.00858498633444558,0.0036788007847214105,0.0013179295427488734,0.00043427958215261846,0.0006304599339358476,0.0027314341286741916
0.0006158637783158892,0.0013189889094176817,0.0030071604652372593,0.006861762914260687,0.012433064669052927,0.021568657064561653,0.03225649467789653,0.04308025862922483,0.05057466635118332,0.053419050831416105,0.049446981176719335,0.04026272379600308,0.028443844802327856,0.017546244321719175,0.008885555057718347,0.00377908781680486,0.001261933409519206,0.00045980020506417924,0.0006192199841922703,0.0026782522893519334
0.0006401640965139548,0.0013356303270199528,0.0031606007487573777,0.006822272347927514,0.012468117481842463,0.021313107276085007,0.032073561893142866,0.0427368188201541,0.051613649236998134,0.054120679311304085,0.049180355341348236,0.040010256032122146,0.02788065464320068,0.01707830447008826,0.008759522859891204,0.003773951689396402,0.0013138446378715717,0.000496043383686206,0.0006720047191154345,0.0026410958536806093
0.0007271338194295521,0.0014140574737293585,0.0030827793266137685,0.006653106905425693,0.012773429122882263,0.021085205339909933,0.032623847308599616,0.043292944456358555,0.05159131728500963,0.05383470941453999,0.04958080902852241,0.0405653549217242,0.027984599506755293,0.01723173118164272,0.008670316856101225,0.003706036886124811,0.0012498659661162343,0.0004506889341625564,0.0006081787475873904,0.002695756487239974
0.0006557289072470622,0.0013718318315296596,0.003023732019863052,0.006446603374572141,0.012641648344829556,0.021637376883124285,0.03280321592264075,0.04332506544711155,0.05204743385271759,0.05365908469636063,0.049686138964216635,0.03951311709372898,0.02821143651588256,0.01721330307924257,0.008495965841722805,0.0036107016299307543,0.0012661773017174733,0.0004695756880541621,0.0005718761058088189,0.002436762409795348
0.0005964297980347976,0.00124982199251112,0.003042462115817955,0.006535597309364449,0.012702614406460203,0.02125702606029638,0.032522177638908675,0.04347738676629502,0.0513985106008695,0.054623587458220574,0.049257394640508635,0.04025230990894393,0.027826130661685242,0.017132278412089426,0.008614724779480132,0.0037997269155700007,0.0012397698049037926,0.0004355947963175489,0.000564597870611592,0.002663829715941931
0.0006310331032935912,0.001270435345888158,0.0030128901483513623,0.006666856367157488,0.012734482360365092,0.02139319388115487,0.03275848505188029,0.043251711907444,0.05113711495682361,0.05380519656597476,0.0500558221591375,0.04045976703663841,0.027639919455403367,0.01679686257705885,0.008755793536681102,0.0037410052675362756,0.0012972165916512813,0.0005121913252197317,0.000587513578928516,0.0023450328321334775
0.0006164081828186271,0.0013684931667467897,0.0031858922927201863,0.006695063876972965,0.012631342681074093,0.021319683018792068,0.03253563191051361,0.04298944568489148,0.05207644131475845,0.05436619671126133,0.05027579241114427,0.040389811174743336,0.028011396851293204,0.016957925116455923,0.008638089670640383,0.003787225275415532,0.0013952935225215119,0.0005376821377303783,0.0006499086275370306,0.0024137070419609826
0.0006215529777581204,0.001405614416008257,0.003261896624514988,0.0064802342802383,0.012901831487103194,0.0218113159499541,0.032781474705641876,0.04347017550913732,0.052031188221654846,0.054954665165557595,0.05014474980398466,0.04029707216715922,0.028279822815517712,0.01701982938286993,0.00845211529053832,0.003653927343640055,0.0014190171756364638,0.0004975774511972015,0.0005930721135481795,0.002337106210168674
0.0006179952168175088,0.0013666235688972559,0.003155292651718662,0.006774500411996814,0.012658015850153748,0.021834156210433227,0.033004964059139955,0.04363984109651443,0.05126178210393038,0.05436515645830124,0.05009780737306813,0.040898220039792856,0.0279353935406939,0.016741138718991383,0.00867035565708467,0.003870425328090145,0.0014436636230262677,0.00047898816262820465,0.0005962230276071362,0.0023262746779390787
0.0006327778949588691,0.0012822959458690315,0.0032174579738384846,0.0067730670978930875,0.013147718484145402,0.02171533030001707,0.03274374504072881,0.043760441672274615,0.051306903975117425,0.05429334779682806,0.04986725056330624,0.04089117894222302,0.027738438411292234,0.016448877237740345,0.00872162125062357,0.0037548169798749843,0.0012906660238446782,0.0004854645225874922,0.0005474030996072756,0.0021059116186726385
0.0005943869777347662,0.001230632193338178,0.0032197356568562105,0.006901586259782271,0.013056421555987904,0.021878463769183634,0.03297257113388943,0.04374520723176405,0.0522390808600696,0.053901690068212174,0.05054298506163208,0.040265950500122216,0.02817561707414266,0.016741620817943455,0.008718233783281482,0.003727057499824196,0.0012507241475151272,0.00039011877693577603,0.0005374597742334082,0.0022201609365529573
0.0006373337035779349,0.0013867444626407025,0.003109720091735907,0.006977214901899122,0.013057813359919578,0.021883463281381996,0.03292723522632038,0.044569866661759806,0.05176287171526406,0.05350592084683417,0.04949791151934667,0.04002990951868759,0.028231708439067724,0.017024002890584356,0.008201698552867754,0.0036266127804644678,0.0012696490315371456,0.0003914332982604637,0.0004851096431433097,0.0021244456785931153
0.0006724150908680346,0.001354866227868427,0.0030877568600556973,0.006792730557251462,0.013076968110463414,0.022522560195368364,0.03361573652033553,0.044125149495270494,0.05181276083265729,0.054024036330486996,0.049986200436568005,0.04080154555110437,0.028115983239802966,0.01672507087957581,0.008549038630414237,0.003594577189739814,0.0013197400664051713,0.0004884209117747912,0.00047002149386546696,0.0019235755087020868
0.0006572038234880965,0.0012976849033759874,0.003142203522478712,0.006934921771005439,0.013122336903081665,0.021992080108630945,0.033413713987571654,0.044209917255864664,0.05247429714308646,0.054676682475233614,0.049840465026054034,0.04038208124577751,0.027998889609824943,0.016796323672046934,0.008583784289985753,0.0038111132664869524,0.0013762817982969561,0.0004983377592861392,0.00042475768744523274,0.0018930145755433221
0.0006556368039712856,0.0013296715794825819,0.0032514233339800487,0.00692934509911489,0.012846801763529203,0.02175978270323069,0.03306282740026627,0.044543161641232856,0.052355609374268273,0.054882821646718816,0.05065463327825094,0.040963919905267175,0.027617027824423143,0.01661169575776228,0.008677152395415895,0.0036795943080021147,0.0013748302368989719,0.00047332963143845364,0.0005034354030493801,0.002010396526462973
0.0007244618820950841,0.0013769795126195238,0.00304842852003982,0.006567004358483146,0.012747517505040279,0.021958054828212187,0.033845587558663834,0.04460710909592846,0.05254774672277203,0.05501894810811716,0.05000125484159716,0.04055146105389963,0.028496616110492985,0.016630833967725477,0.008454286120615377,0.0038950283175920434,0.0014154613215991698,0.0004483967307193591,0.00046178170775575784,0.001917397960464124
0.000675778525297368,0.0013247935446423643,0.003126312039061339,0.006379750731396439,0.012726047080352406,0.021802221036450225,0.03326201974143109,0.04493927193227497,0.05255181665660246,0.05520307646500924,0.050588044407347245,0.04121245372840729,0.028330843769706734,0.016966390054681185,0.008077560640249972,0.0036364913712784103,0.0013766478374250834,0.0005419609955355128,0.0004951248601188635,0.0018834817313981092
0.0006959885295736572,0.0013250550851498474,0.0028776448818910827,0.00630404995056139,0.012629849542671955,0.022126077652912537,0.033355584889687484,0.04476410840690568,0.052383175146517295,0.05511359168561394,0.05083393144847593,0.040616619068412664,0.028373243925576073,0.016829203411013002,0.00846061056262976,0.0037208617542591675,0.0012681714072520004,0.000552106285479103,0.0005102800517306861,0.0018855266173786337
0.0006635411704732534,0.0012652409724137343,0.0028547312825398397,0.006383032065585278,0.013063571255463351,0.022314705710298262,0.03327901321232483,0.043718504775992185,0.05237295359390276,0.05509564519768348,0.051106041233150296,0.04141533164523112,0.02814450823576604,0.01638796266118451,0.008260001169971833,0.0035583857731424583,0.001332096505962677,0.000498073724939621,0.0005281587150366448,0.0019354676962418825
0.0006266030594938718,0.0012598898849556783,0.003089570818677784,0.006615257366763303,0.013026659871504597,0.022298714210521913,0.03300777823264519,0.04408110750002089,0.05270149465716459,0.05552371483712497,0.05143993383071692,0.04133407968719977,0.028491223379813354,0.01666262855806104,0.008287869800238944,0.00341206252663063,0.001226471055116005,0.00048290209118327746,0.0004411285538836861,0.0017377791516630045
0.0005988354490513144,0.0012578889879513641,0.003042686262079164,0.006727698815878172,0.013067325497175602,0.022171966137360815,0.032885767956281654,0.043438988202272565,0.05322442780269206,0.055922532772859045,0.05135264884322724,0.041562191068653644,0.02842461113332118,0.01671553810717816,0.008251551033994785,0.0034307583966599027,0.0012679253362594864,0.0004231993536591689,0.000488435617661966,0.0017413064314592682
0.0006537739981874906,0.0012858112649774443,0.003140121658813576,0.006912280584417106,0.013234325308577983,0.02189390468610488,0.03281577618523708,0.04423759250651266,0.05314798032324192,0.055913561379513296,0.051934067477502475,0.041665969976557755,0.028428300555457087,0.01648313062437925,0.008346904856654618,0.003584888624332432,0.0013359729528179165,0.0004865683720525828,0.0003996214464624303,0.0018125089873024052
0.0006303831291415915,0.0012707988810281424,0.0030683104561666326,0.0069760170153281755,0.013069163229099961,0.022061737416164896,0.03332670065496305,0.04491270782159991,0.05354912390121882,0.05580479191504375,0.05191547849758128,0.04163538439157996,0.02860635165345984,0.016507008623039242,0.008173243329559949,0.003503057441781523,0.0012407010127932652,0.0004832379955488595,0.000484910099339686,0.0017406600462503894
0.0006837784022991006,0.001315730079729565,0.0029992627230429987,0.006901313556700944,0.013187393734316148,0.02232895926920975,0.03413542156025192,0.045057485868858334,0.05256065816596924,0.05548636037629546,0.05081359598894585,0.04121896456891032,0.028437825484370897,0.01681860813478961,0.008339087214346976,0.0037031030833557647,0.0013909624222808105,0.0004363475867972256,0.0004012391602733109,0.001698579111823683
0.0006251870128263639,0.0013021943395500996,0.0033516041730397295,0.006905474732582108,0.013398058577014186,0.022476643247228024,0.03391221638825786,0.04489477968844291,0.05311080687571983,0.056009401207914804,0.05071035620615125,0.04035799478787941,0.02812672908507057,0.016554082855667045,0.008573754515471705,0.0035588854286292184,0.001419207951576424,0.0004713976941631941,0.0004463233487289814,0.0017568758034238183
0.0006320700293461086,0.001371157206518013,0.0031603501467305424,0.006905950320633405,0.013109600608660028,0.0224501910423303,0.03379400871186469,0.04477831565042181,0.05315742389659468,0.05580609830528314,0.050612422349862476,0.04106783047814927,0.027966590584163124,0.016321787186368692,0.008639962543998259,0.0036502880266205155,0.0013761736353223477,0.0005467907396724275,0.00043977359184663124,0.0016152900749956103
0.0006083548513792441,0.0013687984156032986,0.003335923855365305,0.0070228216634494085,0.013148152790660748,0.022763167790618963,0.034143080381391695,0.04561992863529626,0.053605421711917234,0.055281740162283655,0.051051668379753806,0.04088010896905579,0.027785437923571247,0.016550928827496307,0.008421703560714316,0.003596647363099267,0.0013754836337503235,0.0005080765791738741,0.00043453917955660294,0.0017515271545204603
0.0006900492558161293,0.001289874153728939,0.0032063063484531525,0.0071260534529195944,0.013197818575524474,0.022881899657147427,0.03417331096660361,0.0448899596997868,0.05254399272858508,0.055053566535451494,0.0509567123580637,0.04131774345539242,0.02826862798826415,0.0169905832503492,0.008534555929076974,0.0034769794221631125,0.0013500237256644848,0.00045112178951659757,0.0004477801466312894,0.0016557840496701798
0.000614471129040607,0.0014009273838724709,0.0034012980702601,0.0069512046472718705,0.013251203478440913,0.022384782488908624,0.03393951132847657,0.044627635505076896,0.052876242509045907,0.05546937746393738,0.05103783839743258,0.04144507579868723,0.028653055908523954,0.016907974599633658,0.008615953874591119,0.003544897301503284,0.001395918108363988,0.00042411865971824495,0.0004358069692380392,0.0017215210164153965
0.00080026998670115,0.0014802488689294767,0.0031643243315490157,0.006816495920126706,0.013081657611419635,0.022364121173239233,0.033942139978748564,0.04534640496668606,0.053303995669520245,0.05515180069100557,0.05140105722515153,0.04151045530183042,0.028991826887734988,0.017154848065652213,0.008609167518728656,0.0037073050114610697,0.0013783355720844454,0.00045443306134178047,0.00047448157875391785,0.0016005399734023004
0.0006815129587684662,0.0014582372867766435,0.0033040015501079063,0.0067215885933438885,0.013236050699218932,0.022389705145422836,0.03376161745742215,0.04480112516453192,0.05209231159841516,0.055828940247349114,0.05137906151656677,0.041540553361796524,0.029089578865080484,0.01730174320324454,0.008886394462373133,0.0038752697655461796,0.0013479925434464505,0.00048273834579433015,0.00040590110044298327,0.0016369674009634719
0.0007318234601214694,0.0013333221944678824,0.003470313531215278,0.006938956232612928,0.013196213899633252,0.02246597772783853,0.033999715958931,0.045217667354491606,0.05278652642835064,0.05566870786376053,0.0519227074126365,0.04134301300741012,0.02842415685750328,0.017004035054009572,0.008778539861822372,0.0036624589602426033,0.0014001553871730394,0.00047117400857135704,0.0004427699016716653,0.0016440965405468623
0.0007342634003070556,0.0015152526533609234,0.003330885788665643,0.006665109138241773,0.013146652426406781,0.022351645417528872,0.03413991055336759,0.04467659034777385,0.05351445163874241,0.055653828182364355,0.05162539216340699,0.04132067285227954,0.028829851144783387,0.01767739136239236,0.008978038849208999,0.0036996862692744146,0.0014384887524197317,0.0005440224284093185,0.00045891462519190984,0.0015719911888391965
0.0007631382515951592,0.0014160639767017396,0.0033247445490721273,0.006884943132006219,0.013397501515422239,0.022605257137513508,0.03396382691289704,0.04493331307204059,0.05350985149696997,0.05575751908263101,0.050898148596543666,0.041075874644940336,0.02840978353257866,0.017141387642503957,0.008516422501390182,0.003793982730031077,0.0014511315987662877,0.0005210046706732817,0.00043584044565937995,0.0015763731061396728
