0.11927323665128552,0.11787244561634805,0.1213332234673698,0.11882003955174694,0.12059162821357945,0.12009723137771922,0.11465886618325644,0.11626565589980226,0.11284607778510215,0.11474126565589976,0.11511206328279494,0.11540046143704683,0.115112063282795,0.11943803559657219,0.11750164798945288,0.1162244561634806,0.1204680290046144,0.12186882003955177,0.11391727092946603,0.12071522742254444
0.016416070988415094,0.021982897555981123,0.03023454238637872,0.038391384312015324,0.047029824993837815,0.054219677290912205,0.059938188506095835,0.06253958021273771,0.06508409017652302,0.06787129557649647,0.07174304620693578,0.07362014372120367,0.07384387857643955,0.07527729849642592,0.07528867484499727,0.07481845243738265,0.0742534271250071,0.06939193416886295,0.061667393488936434,0.06453044121271877
0.012957618569465803,0.017313494320509125,0.026352931263297606,0.036377765138482204,0.04717734101989752,0.05778030563689174,0.06464531561959466,0.06921886812767562,0.07139563569805195,0.07519210558961144,0.07797275061499534,0.0802384613764193,0.08142046957323652,0.08123790197055977,0.07847364121721098,0.07392349481203725,0.06830837072458273,0.059605981663658984,0.04768993467356678,0.04477587486161141
0.011863106560521024,0.015769203672827185,0.02516066661969956,0.03659519839685633,0.04891427721547723,0.06019812288158811,0.06886746667292895,0.07594775692960412,0.07922371212299117,0.08285192056297891,0.08589304025863219,0.08723355955819616,0.08615723019358275,0.08428050317419315,0.07798691183492633,0.06848781595159256,0.05935271508974628,0.04778315290139255,0.03624685907521778,0.03316268620498009
0.011264802155702809,0.014590385091348955,0.023763625652305765,0.036607556812041836,0.04947066061972972,0.06227276054757083,0.07310007773637264,0.0804519167419048,0.08704033576535465,0.08979422519843692,0.09195550551300774,0.0919903648729202,0.08944214566332134,0.08361888958994931,0.07372406027880518,0.06306581098557869,0.05102887400781546,0.04014926777914505,0.03028929782791329,0.02806527066550003
0.010778184268491536,0.013794550199131008,0.02335061360320643,0.036358493024852445,0.05016416786124083,0.06336752305183763,0.07587320456300835,0.08526080917432943,0.0921660304433645,0.09577359138253809,0.09714192176519382,0.09514425476055012,0.08951836677611191,0.0812448151244211,0.06932397168620894,0.05783063216545831,0.0459542872762756,0.03531754482434198,0.02706942091495375,0.025594611861406085
0.010116346087230818,0.013596557818536659,0.022850589690259677,0.0359990389250111,0.04973415663458661,0.06430063369039528,0.07825390952628733,0.08988262208379333,0.09647306115650343,0.1006785012536722,0.10087012663489618,0.09708626237642014,0.0896909967025694,0.07866074495103968,0.06650285153307672,0.05336914271226562,0.04176991098264018,0.03222401891489916,0.024769791585287283,0.024868552358687335
0.009698550692496206,0.013551912265333053,0.022154056841241505,0.03533449396214279,0.04999667335691553,0.06574278395670927,0.08145840032822875,0.09351470930683847,0.10153746354553617,0.10444966234572693,0.10368314833501514,0.09902862021933664,0.08851920027500251,0.07532767434381964,0.06219713686918532,0.049636287022765326,0.038704106186447276,0.030135228041383435,0.023459764251893424,0.02394212749914062
0.009456573327005221,0.01317433950324316,0.021756842271792427,0.03509993144544639,0.050023730422401526,0.0670674471338923,0.08330696619733169,0.09736592311343144,0.10567025259716294,0.10832146812213257,0.10656146179401993,0.09951879976796921,0.08709196857037389,0.07305937879027577,0.05877630121816169,0.04650108105257607,0.035921267731898944,0.02867162368823498,0.022551811422243318,0.022168169593418757
0.009276473139442574,0.01264085909145093,0.021533084608029385,0.03521508989872601,0.05107830281756226,0.06865731452760367,0.08570877834618806,0.10011489384366823,0.10962470547356297,0.11184776185270763,0.10916817364441751,0.09891649779216137,0.08627944313261997,0.07040354877408522,0.056355049876102334,0.04367107388967654,0.03394314149696787,0.026657654390187604,0.020810242545215667,0.02012164036958788
0.009150821049105298,0.012583302645855832,0.021915169548826347,0.03505392580075842,0.05192074871697605,0.07010415678817267,0.08851171686891664,0.10348802695735813,0.11342338003987938,0.11534960939664923,0.11064364880060205,0.09997425946703549,0.08370845952147236,0.0680227452709468,0.05357109867737999,0.041274759867922756,0.03174583625326222,0.024625930939012185,0.01898764577578149,0.01803192072408489
0.009168811805945917,0.012765890717316881,0.0216198676487263,0.03492616458746981,0.0528029953944845,0.07168102522780291,0.09112599908806447,0.10676400412059743,0.11769154867395411,0.11810650345112096,0.1133079857081855,0.09980506775584251,0.0824131550314473,0.06543016576478335,0.05087538570287789,0.03866437637363302,0.02947143928994484,0.022387051480930172,0.016911819697324262,0.01586840143497152
0.009018628759840556,0.012535573282148984,0.021497189770098006,0.03517538400140632,0.05359628660069077,0.07437369643815828,0.09425672626032752,0.11032468488842226,0.12108218794095427,0.12296953169169667,0.11427040920558147,0.09939733277587999,0.08074956884469385,0.06302706657608051,0.04780003895838578,0.035655237289826634,0.02705113525686404,0.01994716862804719,0.014611770183532003,0.013457271677728637
0.008965188027917296,0.012840500780706211,0.021705749007656563,0.03616292303929867,0.05515383674774724,0.07696775589292096,0.0972355475290178,0.11409597983332392,0.1246696107756269,0.12446032507477847,0.11527174219764093,0.09904034275824442,0.08046917621385705,0.060725774592245624,0.04508460785973624,0.03316002596083302,0.02363635080986511,0.017532968376695452,0.01236784431025077,0.011005135730007339
0.009151726045882361,0.012500744161397227,0.02210305263759983,0.0367621566789507,0.05617688979057252,0.07913674943297823,0.10087443341594012,0.11898177709243593,0.12735257141322956,0.12692650253481802,0.11714209338729425,0.09881762967960785,0.07737994487952754,0.05837493827837821,0.04240144092992742,0.030374625438763406,0.0212147282089115,0.015022138071997468,0.010368065145347851,0.009023321726361062
0.008818055287696313,0.012749583495017045,0.022421561132707657,0.037864194977774795,0.05761710354186077,0.08088329263163763,0.10446897647821507,0.1227022517990459,0.13117757634762894,0.12952433620607534,0.11750900975214175,0.0979234002607077,0.07609087127962876,0.05561764726384691,0.03994846259123026,0.02751024125920435,0.01896520876368309,0.012892484786240584,0.008663536005316396,0.006988221680565653
0.00920509738919008,0.012914666040501043,0.02294565429873884,0.038592469124520974,0.059390113137795394,0.0837793413925168,0.10724204501683597,0.12598768566639795,0.1344258843914723,0.13123452177564224,0.11800870077187248,0.09720527320909497,0.07412891069158525,0.05350130303370307,0.03671744237560452,0.025323849854428065,0.016431064138407284,0.010675275672887065,0.006899774557240368,0.005509409256686652
0.009167233684307642,0.01313904810231689,0.023795135565268535,0.03980463839651255,0.06133593200401333,0.08598217065885526,0.11052230974155527,0.12826976969473308,0.13710717210042553,0.13308230789634537,0.1185766511745914,0.09573179873372463,0.0718178777779059,0.05100736930723901,0.03471877847101291,0.022767584274198206,0.014353426900854565,0.00878896564449724,0.005567921025014129,0.0042578219603049226
0.009521246250391063,0.0133387162075121,0.02438741051546772,0.040996107767901496,0.06353516811130128,0.08835159829956384,0.11313812363127776,0.13187236607225017,0.13906333388542294,0.1340807247096929,0.11817134102578253,0.0947569885349381,0.07040293343639006,0.04857353834262684,0.03172215167743242,0.0205342847678463,0.012500230037358066,0.007423305544820482,0.004445471944643813,0.003153812179097886
0.009662562249309491,0.01364491088217804,0.024912351594661424,0.04257290257997415,0.06438914743988595,0.09088915777172153,0.11570737486425117,0.13498772807527076,0.1417918158086269,0.1352735755268662,0.1185428897455384,0.09353525566701186,0.06734175645797126,0.04617067733218231,0.029266646309123928,0.018015277340906948,0.01095978160795505,0.006311603569763997,0.0034370573095440925,0.0025026001786259597
0.010126126828105651,0.014065656536720242,0.025727260330952583,0.04302429376653645,0.06645406803996363,0.09258696930077359,0.11826724862007595,0.13761311251493932,0.143823773079422,0.13653942451698362,0.11737002588539155,0.0923383137025277,0.06597738265346464,0.043528480233025815,0.02746326600534207,0.01610417409100336,0.009199111256764973,0.005153014863187857,0.0027650044173609736,0.001912470937660782
0.010348361242307142,0.014601975096607987,0.026159438958064978,0.044321167883211665,0.06768226706741094,0.0950519536281666,0.12141519965650496,0.13966394733075718,0.14634836124230713,0.13741977959066842,0.11661657363675391,0.09014798912265636,0.06358780592528984,0.04144153427794476,0.024850722770860166,0.014455417203377702,0.007949620724202092,0.004227279232861024,0.0021147845999713757,0.0014758837841706042
0.010535471210321973,0.014860294714320484,0.026954713931897745,0.04522320729551092,0.06942576081577326,0.09749253956516324,0.12335004668843559,0.14184598188008674,0.14726458342143373,0.13892695459963952,0.11670394502993883,0.08804513177339476,0.061480154843310854,0.03888455212818119,0.022945337385379048,0.012791602710557983,0.0067135341602767695,0.003389911869148945,0.0016800979257076691,0.0010560615533019638
0.010741778465085231,0.01529664861533545,0.0276225312569547,0.04637042701194356,0.07111691898585376,0.09986133382028178,0.12694746092524004,0.14457347310275567,0.14855427668182675,0.13839112992963976,0.11523787241570181,0.08727866195696211,0.058442944288151756,0.03653026403638416,0.0211845401475682,0.011307856038255891,0.005765773991246343,0.002790442875811026,0.0013170433859656134,0.0007737915213905422
0.010949800202364258,0.015619920217832465,0.02830361940004814,0.04760693422705178,0.07363937410809718,0.1020992725609346,0.12868154093427492,0.14626350473457092,0.14934687903887234,0.13882713141243186,0.11389891140802869,0.08481503746704734,0.056992803178510604,0.03483996226488271,0.01935578808560441,0.009772574052886196,0.004943893538602638,0.0022552093968198923,0.0009775996221925384,0.0005886130747390309
0.011303852290859355,0.015887850467289723,0.02881126054251196,0.04923410075222246,0.07528037383177572,0.10466036015500343,0.13144289947572374,0.1487075450193755,0.1504148620925461,0.13755755641668563,0.1120241622976978,0.0825461591064509,0.05483587873261911,0.032991793936630966,0.017685206291315255,0.009178253932072031,0.00403806701618418,0.0018873945748803275,0.0008263049920218823,0.00045247321632094835
0.011490456509037817,0.01658821479374921,0.029739201146198362,0.05015529029091162,0.07672604560420851,0.10660305478267908,0.1340336866609797,0.15056951162427834,0.15221637455539822,0.13789345047395712,0.11035690002539762,0.07986487979381181,0.05228960642709329,0.030468103135075794,0.016632632258696423,0.007983754596922896,0.003670704859612338,0.00159902873809982,0.0006514561525591863,0.0003405338979286655
0.012077118703881212,0.01675132451009633,0.030616844899696974,0.05157791443448486,0.07829693159904286,0.10801445292667206,0.13590031396638125,0.15253324651255984,0.15214391909275327,0.13736086098278988,0.10997816578973127,0.07903801975779735,0.049860092573408704,0.028599627976021075,0.014874128851438578,0.007191173423736225,0.003121449664062804,0.0013182489828536578,0.0005452860645828169,0.00026638191881498774
0.012616143704837749,0.017260185784431364,0.031051273272815583,0.05217523837254929,0.07955381708866446,0.11032642508851884,0.138017791355917,0.15385962777143986,0.15314078510812776,0.13622182210691425,0.1090593511535036,0.07727444889676986,0.04816473326046331,0.027055554481335682,0.013420292063954245,0.006322858173024974,0.002548934190636619,0.0009906834806088776,0.00041856661408044436,0.00022065739981414728
0.01267355092437357,0.01774297129412299,0.03193848497075991,0.05340282000716089,0.08207914433640032,0.11152724813448746,0.140073995351137,0.155380007615497,0.1537568837841064,0.13574566513409522,0.10756605306978416,0.0749796825360741,0.04608512306984093,0.025456219417243985,0.01243258296060969,0.005441102087441818,0.0021732582392289023,0.0008740771893132976,0.0003239427814750192,0.00015458322203720218
0.012941100266253936,0.018430954093640022,0.03296071419236875,0.05495535729505093,0.08394101276496134,0.11412214044071105,0.14133504244949074,0.15581480180957222,0.1543102341284587,0.13470312629618394,0.10584474543373935,0.07290562246942284,0.044139288421306246,0.02436626904715638,0.011536534062435008,0.00491484533294242,0.00192730119876771,0.000640918559024168,0.00022386694348893788,0.00010795614026116291
0.013322262683352909,0.01852100053838797,0.03369468177181892,0.05664204923637507,0.0851652533035895,0.11614414258876021,0.14223551406964513,0.1570343682346553,0.15358255168638113,0.134569732600641,0.10413491048448104,0.07135912295009347,0.04293814444699378,0.022780399043168722,0.010942678718682057,0.004362759908496763,0.0016708200534753278,0.0006008591490744052,0.00020899448663457552,0.00010449724331728766
0.013911875573564256,0.019456660945676305,0.034339554579495876,0.05758273221341074,0.08689817582459969,0.11802633773051757,0.14406459538834476,0.15718922033829094,0.15418428243920643,0.13249859054913563,0.10229266892708175,0.06988040369848979,0.04157794972259055,0.02218254458912663,0.010008519095365091,0.0039294469167340685,0.0014304366518480538,0.0004843746632348286,0.00015427389742373942,0.00007033074735493999
0.014449831509340687,0.01979708554245829,0.03514492917949813,0.05826647376035776,0.08845079301727538,0.11957507698866603,0.14542694127091385,0.1576680257792977,0.1535283259330482,0.13229238004961744,0.10076671186963404,0.06824438629034815,0.0401372870055831,0.02057377532462231,0.00952663875874768,0.0038494332999224456,0.0013458843378521181,0.00045467533233251885,0.00013039317510782955,0.00003401561089769465
0.014732965009208105,0.020348547115550352,0.036262009090166844,0.059213092743288946,0.08971323335964217,0.12112511226628199,0.14745212239973146,0.15822288145587823,0.15288853205599257,0.1320081376044416,0.09963802629072203,0.06615545818251094,0.03878403142548695,0.01955814713006559,0.008805532119496688,0.0033623184461439356,0.0012292590878988285,0.0003719529343457711,0.00008278220794890638,0.00002948407406399405
0.0150695579067591,0.020775595020927417,0.03710963613249425,0.060166059729835665,0.09118215583055922,0.12179375327168038,0.14800571963370784,0.15922290935377656,0.15274866470120352,0.13088420914280266,0.09831810137166966,0.06467219745879665,0.03772148284449802,0.01926524008185149,0.008146625665383303,0.0031963325454862726,0.0011228520214735542,0.00035577753253551546,0.00008157956160050033,0.00001926184093345147
0.015358756076675984,0.021122820211941763,0.0373423915259536,0.062076105128193476,0.09169154724743,0.12396532273775487,0.14906035220935035,0.159912287457922,0.15283434743409102,0.12909849991618375,0.09703086702216822,0.06363916437493487,0.03637057642906656,0.018355752284558345,0.007732612664857444,0.003074016518591345,0.0010001313875888564,0.00031827510748863976,0.00008155091722128841,0.000020387729305322103
0.015554664927678001,0.02161508572670705,0.038206803793169035,0.06257302393826589,0.09377858689056139,0.12502603954387773,0.14999569781448968,0.16013866623191944,0.1517697832604225,0.128060212482678,0.09574966714670002,0.06244622268112201,0.03588475577172149,0.01759593873687833,0.007224275194956933,0.0027839668867574194,0.0009408200418444148,0.0002683205173491291,0.00006679709081687182,0.00003170031428597306
0.01606856767604717,0.021951619933991147,0.03906410103995062,0.06361078559580623,0.0950153699835261,0.12588327870337349,0.15021823678266333,0.16057811518146767,0.15193242868384257,0.12739366971801885,0.09522596423294444,0.060751912048595175,0.0345804815362058,0.016927928080931597,0.007174923433139161,0.0025305276744620507,0.0008469059062629145,0.0002275776566294733,0.0000622724931075672,0.000015851180063744386
0.01638870929572936,0.022995598803852945,0.03955301873140927,0.06452898595851982,0.09578121514681792,0.1273516167347359,0.15141382906329368,0.1603951225643111,0.1513481564683544,0.12636426323840622,0.09293238326979322,0.060273854720897156,0.03382138639377062,0.016189426938671998,0.006976014783127581,0.0024695160269438804,0.0007710868474776627,0.0001924886403395046,0.00004642373090540996,0.000012455147316085597
0.01684821994745901,0.023198432829060613,0.0402425491439442,0.06534898994474134,0.09687245221487455,0.12842195851073468,0.15173362623426034,0.16122384273937856,0.1508605851979347,0.12539066038590455,0.09225133617175472,0.05897160068846815,0.03279622248392067,0.01580645891838029,0.006672932330827068,0.0024209620436633737,0.0007247033245765004,0.00019476401847993464,0.00005888214512184076,0.00001924993205906332
0.01727473930045622,0.02347540553262363,0.040561182924179894,0.06611403794626694,0.09808367731189803,0.12894443840973277,0.15385233362299947,0.1607115377652257,0.1499644706350931,0.12443085125642699,0.09179249040480843,0.05795359910203491,0.03199792707654428,0.01528102143529582,0.006428099427909339,0.0022279401115214733,0.0007219023825041649,0.00021951263668621912,0.000048654862770656817,0.00001584111811137664
0.017529789443440205,0.023907343349494025,0.04106497684488674,0.06700843176424544,0.09863942500209266,0.13092084276920218,0.15325924903680616,0.16050893739861863,0.14951167257516082,0.12401729337426672,0.09041919012531138,0.05728147432576429,0.03163891144950781,0.015120390752433722,0.0061456634217081155,0.0022216239573411996,0.0007239507803963181,0.0001877747336652949,0.0000509027892466161,0.000006787038566215479
0.017858656261547267,0.02422399482908055,0.04165550783152474,0.06773949685236094,0.10012780397514436,0.13198839707146967,0.1539433345876429,0.16109515915606432,0.14862099397818415,0.12296753824231686,0.08884127785895013,0.05662812207257142,0.030746404595067077,0.01460084140441991,0.005970965558467208,0.0021255462179176395,0.0006452349231424629,0.00019097145711221764,0.00003503026728093935,0.000012430094841623642
0.01818960781166278,0.024669182230682807,0.042050538871794406,0.06883926088539115,0.10086861566356857,0.13229093424791946,0.15476370805289472,0.160456509304497,0.1490460375345061,0.12244496544302336,0.08807111705963878,0.055684549176714206,0.030114421235640825,0.014312263035452273,0.005644193139247545,0.0019544982851510133,0.0006092970362616518,0.00017295444628577506,0.00004973853357237975,0.00000452168487021634
0.018627133064347563,0.02522786770961739,0.0426900987850445,0.06928850588608818,0.10144138260646532,0.13347449248802054,0.15527092727780148,0.1607937603736726,0.14826456720670966,0.12173056302842881,0.08679706187087098,0.05488823833148973,0.029784656964046224,0.013738160313563145,0.0056143530387445725,0.0017727751897344004,0.0005592885397823634,0.00015027348644657443,0.00003389627513832504,0.000013558510055330016
0.018738214426220624,0.025139165864004092,0.04357892547221432,0.07016175346727624,0.10218346831630791,0.13364558038156993,0.15524850885642064,0.1613023935171996,0.14757912444209292,0.12117152560154479,0.0866208583741447,0.05396492703684106,0.02939101650997789,0.013512994089690191,0.005388013873626994,0.0017794238013195318,0.0005596027837694848,0.00011079004607961514,0.00002713225618276288,0.000009044085394254293
0.018978669471125337,0.025367774555863417,0.04390024591728728,0.07073200211915863,0.10335868566981114,0.1343937410266171,0.15542718103330447,0.16118257184071974,0.14798301510182915,0.11985220111221934,0.0857547582227534,0.053277183913823904,0.028967859051100418,0.013332851364067155,0.0051566946095879486,0.0018254585956394564,0.0004608831107802583,0.00013442424064424228,0.000027110771222368194,0.000006777692805592048
0.019215074967350292,0.02611073924365546,0.044562764767433614,0.07118822375409038,0.10359299213584994,0.135306952441476,0.15625920654145578,0.16174616415270468,0.14740963903020485,0.11851196328332506,0.08472783629203126,0.05251608781389721,0.028344577777426584,0.013110679418773044,0.005123493231322503,0.001653650051528412,0.0004910155443104843,0.00009368802339717293,0.00001693157049346498,0.000006772628197385992
0.01954933751349594,0.02643508626102826,0.04546830319430077,0.07211458102754299,0.10389270112891494,0.13550028685914084,0.15632467937279496,0.1616643251130496,0.14661325515104157,0.11835875914222346,0.08393566223804337,0.0520954269683732,0.028071538604012403,0.012858969204428921,0.004979377764124991,0.0016929206778007165,0.0004483585784435521,0.00009034933570650921,0.000022587333926627312,0.000009034933570650922
0.019789071592167452,0.02693440404202314,0.046013457607182826,0.07283723880875002,0.10496640113422274,0.13606722256525333,0.1561080175596827,0.16088963339816437,0.1467355538422812,0.11778058975519615,0.08321659613519916,0.05204804643450171,0.027425433997108003,0.012429266288366663,0.004875306611520803,0.0015690382472826852,0.000426688098901335,0.00010046360000586985,0.000021447285394511524,0.0000067728269666878504
0.020226083443456003,0.027099769447701417,0.0462391085762521,0.0739821223224956,0.10603938686404864,0.13607889560596437,0.15687712792549205,0.16002676799080948,0.1457546440545606,0.11707836182604647,0.08280359720267724,0.05125077161103358,0.02745411806128426,0.01247103990033099,0.004858187202146856,0.0015358868251154167,0.0004085165545126969,0.00009479389662725574,0.000030469466773046494,0.000007899491385604644
0.02031737285552015,0.027656648367406382,0.04676925091966768,0.0747239867847876,0.10621738256594619,0.13728058389017736,0.15670256513324732,0.1594655200836452,0.14525781181194292,0.1168920765181574,0.08205874581943574,0.05052808910106295,0.027312266978002507,0.012013829453303015,0.004816822974416417,0.0015818961526388655,0.00040196647418946197,0.00011404105026161685,0.0000225823861904192,0.000004516477238083839
0.020549390650585878,0.02790288779371387,0.0469840617802099,0.07456531871361198,0.10761204321364522,0.13752032763463637,0.15683623572269323,0.15954809171332196,0.14483319772172504,0.11607714175118411,0.08162878381779215,0.0503888347821769,0.02660282200045367,0.012223101221181589,0.0046732399738632635,0.0015539848935063286,0.0004119132070659477,0.00008012558274433506,0.000014670881347554308,0.000004514117337709018
0.021192573341973536,0.02762304946363777,0.04734460623494267,0.07548245505101708,0.1087468474184393,0.1377878529931744,0.15728023373696923,0.15896349214592312,0.144718452169947,0.11598226200125994,0.08053110133193042,0.04962846388840595,0.026375564190737676,0.011796356214057191,0.004698673036932338,0.0015060138950667326,0.0003815837305341499,0.00008354200017611561,0.000006773675689955317,0.000003386837844977658
0.021365227432654323,0.028303908124785733,0.04769454919437778,0.07548761344568142,0.10842971329592407,0.13816353319019178,0.1573354022698158,0.15977008642621296,0.14368132363820074,0.11552063222849722,0.08103697923244864,0.04916167475596776,0.02618159428396154,0.011672726124533139,0.004401376684769859,0.0015212547137470006,0.00035296717969074187,0.00008683218158526244,0.000010149216029446262,0.0000011276906699384733
0.021504344990312486,0.028564883721717508,0.047815769251167636,0.07596765038766948,0.1088352085832319,0.13866166850787576,0.15786854556513086,0.15954876646509272,0.14423946025301485,0.11418167374375561,0.07995549502196472,0.04928158990197395,0.025715617252675203,0.011559558696581892,0.00445839676007371,0.0013890879300558683,0.00037012253538450465,0.00008237483257033171,0.000020311602551588644,0.0000033852670919314412
0.021460485866302195,0.028688034679603854,0.04833063808576525,0.0769464987719144,0.10885755334673064,0.13853121412445055,0.1578377573735884,0.15974360188825212,0.14391945382330448,0.11376651262029941,0.07988195041195562,0.0487569157346072,0.02541313972659589,0.011383192030186767,0.004368782041306076,0.0014874608963558896,0.00039244608941004514,0.00006653540021607088,0.000011277186477300151,0
0.021772067991351143,0.028743458684589662,0.04853368566062494,0.07641699377940918,0.10935636387412719,0.13877734613676276,0.1581301702038432,0.1602890015714939,0.14331934696196616,0.11364358877813527,0.07985646871554605,0.048057953630782316,0.025398679223587302,0.011291308082709735,0.004352609874934334,0.0013381372498179364,0.00040583775057662774,0.00009582280221948159,0.000013527925019220927,0.0000022546541698701543
0.021843352057602496,0.028793355778402675,0.04865115356080577,0.0768976644650053,0.10872516365883192,0.1396698184475018,0.158630114127089,0.15994254182517656,0.14298584066406142,0.11366255273952372,0.07936128518693075,0.04855982482923782,0.025195454760707434,0.011080091915039468,0.004156021043943778,0.0013845886711782306,0.0003472746829991003,0.0000766710339088923,0.000016912728068137995,0.0000022550304090850663
0.021894140747403572,0.029252303370913165,0.04904765447294681,0.07741287543198769,0.10959356521464682,0.1393981816501311,0.15866714458654294,0.15878437021657432,0.1428619735836552,0.1134642653447223,0.07941021982059965,0.04824285543600046,0.025112209725669472,0.011205192193674784,0.004181798917466392,0.0013210426768923487,0.0003167346349886948,0.00006312149309383235,0.000013526034234392646,0.0000011271695195327207
0.022268732819162064,0.029214891355678698,0.04984598530520605,0.07788984652630082,0.10993369422250475,0.13945965806821728,0.15838210747103704,0.15868078214443912,0.14267520087280622,0.1127085509995458,0.07867992556801728,0.04804153944816192,0.025088672565773247,0.011234676016874556,0.004226528397198996,0.0012950083009017719,0.00034601179145069097,0.00006424323163742468,0.000007889519674771457,0.0000033812227177591957
0.022351659800161017,0.029323023427299588,0.049894352778285175,0.07824884938111248,0.11020685207359454,0.13968434369059457,0.15799615295282288,0.15821488892947896,0.14268125207179055,0.11288354902504641,0.07835032483420043,0.047961809149477834,0.02493590133879949,0.011242352697104791,0.004221378848456559,0.001336093465657324,0.0003213389347783441,0.00005637525171549888,0.000007892535240169848,0.0000033825151029299343
0.022579059405047543,0.02977355546335216,0.050299460610105894,0.07859149784424439,0.11098758862049678,0.14007224938213694,0.15774222935796367,0.15923840492125627,0.14149964822398212,0.11167648332220878,0.07804692150884851,0.04782800858694282,0.02483854382768387,0.01107868958923385,0.004153662980535059,0.0013022477585553714,0.0003010390922374756,0.00007441415763173557,0.000007892410657911354,0.000001127487236844479
0.022736903318291854,0.029985664762814935,0.04994906032069457,0.07876491563397359,0.11121078658979132,0.1411581338947217,0.15751856142739296,0.15923270417570135,0.14099922914290605,0.11161875481785687,0.07755453475844225,0.047579012852126165,0.02481731588461486,0.01091371359278009,0.004146174339925438,0.0013196983289080423,0.0003256983920191497,0.00008677777226807794,0.000016904760831443758,0.000004507936221718335
0.022826683248228917,0.030191510285187097,0.05055123556294514,0.07933579127958518,0.11178248414782369,0.14059632794995797,0.15773886968266362,0.15906922464299508,0.1412496775494434,0.1107585276203543,0.07724056670192501,0.04745007789504277,0.024804755483912394,0.010932341143113977,0.003886303652111614,0.0012447436335024157,0.00029626024942184224,0.000060829100641747,0.00001689697240048528,0
0.02302262830876347,0.030852687851014787,0.05092242607916811,0.0795725576129021,0.11127472242720578,0.14029776758805995,0.15812101103531417,0.15814917671712078,0.14107852028774057,0.11120036502723621,0.0769193503867148,0.04751212532601772,0.024480483999076173,0.010780696368316982,0.0040164262256296435,0.0012640757994828783,0.0003188355180513856,0.00006872426360824915,0.000010139645450397418,0
0.023208355729238846,0.0305654811203925,0.05095561497748014,0.07981619018321262,0.11212488971072941,0.1406192425620239,0.15794888437402457,0.15830383834832584,0.14092236198769714,0.11118059945528655,0.07677485438435767,0.046745748158464974,0.02445463857234131,0.01060579938452108,0.004056616849158082,0.0013150199619354121,0.0003403050801238169,0.00006535660479199137,0.000004507352054620092,0
0.023586250576160865,0.03059597290325343,0.05107630792740996,0.07977221783331964,0.11243617151956578,0.14133155423124646,0.1579802082405935,0.15834872579701775,0.14074778635899018,0.11015744828075856,0.07673279321657227,0.046814126280936605,0.0241452252183213,0.010730960771475163,0.003965789850327778,0.0012283918547477354,0.00033470860629364915,0.00007888755030490038,0.000014650545056624357,0.0000011269650043557198
0.02354071447718462,0.03081320829945059,0.05138838518425077,0.08037361493738918,0.11246404299747934,0.14031734518497163,0.1589057357754436,0.15841016549794676,0.14080277879770148,0.10986117274453577,0.07614437313738788,0.0460069424890693,0.024202976575294015,0.010741485764743777,0.004045655538110479,0.0012974930901735171,0.00031085771952073845,0.0000641988768575438,0.000020273329533961205,0.000001126296085220067
0.02331094518113896,0.030937789781222566,0.05157500143658249,0.08050270246517552,0.11199935100273456,0.1403062230499942,0.15803421432458647,0.15961727189041852,0.14128084567949228,0.11096163141687593,0.07566113779586561,0.04583655860186159,0.023966702834743437,0.01067127274448099,0.0039784884448065,0.0011864481258513867,0.0003335124836201431,0.00006309695636056754,0.000012394044999397199,0.000006760388181489382
0.023558467844064738,0.030897975219031388,0.051769417893764026,0.08023364848937857,0.11206257042606285,0.14056394883507836,0.15815400132606436,0.1593483598114692,0.14123711224155533,0.11066446181261069,0.07586258911253874,0.0456771764960156,0.023653025914539764,0.010545476240596256,0.003988324329678963,0.0011842272635682392,0.00028254852010991275,0.0000709185528562729,0.00001575967841250508,0.000004502765260715737
0.02347783105914832,0.031248979628601715,0.05192663008904957,0.080061295469157,0.11228082422364513,0.1409075197290569,0.1583548854538105,0.1588379081626334,0.14149412772741757,0.11078221530652801,0.07586383938875674,0.04537035681754464,0.0238628981137344,0.01001737305453878,0.003875440941184954,0.0012205049332494153,0.00033777811805795626,0.00006192598831062525,0.000007881489421352305,0.0000022518541203863732
0.023818665573729882,0.03128381413919407,0.05199594202180544,0.08046259149873834,0.11244788189076561,0.14076027414998085,0.15767677370466157,0.15853701103558385,0.14131650090583892,0.1111969346726313,0.07574930162015116,0.04560383818980841,0.023418947965775174,0.01050750624629135,0.003731448317639256,0.001163121940893589,0.000316396191085284,0.0000686838706626417,0.00001013368583547173,0
0.02386825991159652,0.03155963178739912,0.052210762513686323,0.08067942704461177,0.11186169949129707,0.14185331873459575,0.15728900543848026,0.15819917363936614,0.14124053222310834,0.10989717802799896,0.0761308389317689,0.045553467876018876,0.0236395914155819,0.010526635937225443,0.00393692804714852,0.0011095491062779088,0.00027147343615530555,0.00004618427752019717,0.000009011566345404327,0
0.023894703899747145,0.03133013776660056,0.05235648655768121,0.08082389785593833,0.11295555400455241,0.14112915027794226,0.1589314138919346,0.1580769862908836,0.13984131737201042,0.11011196491330766,0.07581328224028888,0.04549517400378694,0.02361890052391384,0.010210353546155978,0.0038038351303705665,0.0011718829152754554,0.0002690490074455654,0.00003714902613265129,0.00001013155258163217,0.0000011257280646257967
0.024078951665302238,0.0314468879112019,0.05211719781946022,0.08090316056650793,0.11363377877273129,0.14118893694744697,0.1586825774151302,0.1578357658520985,0.14018785253317154,0.1095551198880227,0.07557230160455027,0.04593164474002773,0.023716354160918968,0.01022479919192556,0.0037689871030148502,0.0012015265129718686,0.00025449390059197974,0.00005855611872027857,0.000006756475236955218,0.0000045043168246368115
0.024262256684901447,0.031568184530981515,0.052502910885246945,0.08087644108525907,0.11323850341085935,0.14183949930521614,0.1588048366863879,0.1566022480817435,0.1399871177844391,0.11023415453703977,0.07574945442015392,0.04528819453046352,0.023310729399152755,0.010494951838080456,0.00372052799066715,0.0010945378955594645,0.0002871472874152913,0.00004053844057627647,0.000009008542350283655,0.0000033782033813563713
0.024283430970920495,0.03193374235616525,0.05228501239571215,0.08102549315335426,0.11357648678147388,0.1422437534283915,0.15798929271789933,0.1574970686196437,0.13983106688728522,0.10984031439265515,0.07525396848639403,0.04524294131494796,0.02348032849481927,0.010299535822538007,0.003872463271859764,0.0011545302075789002,0.00027145539514781934,0.000057444917645389134,0.000004505483736893266,0.0000011263709342233166
0.02447293860996949,0.03166026729883642,0.0528068854271142,0.08103614601590108,0.11392563225416467,0.1420130598884023,0.15692690762509734,0.1576068052802383,0.13978313065854384,0.10983836671473218,0.07581534249844377,0.04519293221622997,0.023381049991613844,0.010365062265792702,0.003803599630333789,0.0011808156295413277,0.00028591722583746153,0.000054031601733063636,0.000011256583694388256,0
0.02416461935826734,0.03211252952740391,0.053560289948410084,0.08146410886351298,0.11360253468414402,0.14173942023829095,0.15846842566300137,0.15711844063781444,0.1391655538766751,0.10913711299115696,0.0755732651172427,0.04500325392554029,0.023567878688251418,0.010254932117933964,0.003748206963175465,0.0011687109725972166,0.0003006221865929259,0.00005629628962414346,0.000013511109509794428,0
0.024297679484409883,0.03206011017498381,0.05318035752862389,0.08258623172751492,0.11412089544178003,0.1416770180744581,0.15956807625837113,0.1561509865341687,0.13816991610859078,0.10861664686397349,0.07583643875567078,0.04506237848347376,0.02317815222870311,0.01009262259667315,0.0038525239432562835,0.001162283070497588,0.0003251692230143301,0.00006188341614459569,0.000012376683228919133,0
0.024307748066557028,0.031927837639190444,0.0534835740358673,0.08260087051363008,0.11401995180321485,0.14296616207491547,0.1581433094600542,0.15677461981155755,0.1384492611214476,0.10880632478690203,0.07543551006763531,0.04484372062973232,0.02313828380275111,0.010151490082065099,0.0035950614615939624,0.0011176881751292442,0.0003027775620440752,0.00005402722296697248,0.00000787897001601682,0.00000225113429029052
0.02452531467397547,0.03216554700009684,0.0532958284444104,0.08211476225759014,0.11501224013638692,0.14244951366008232,0.15854861484896324,0.15674693883985577,0.13843290220727833,0.10902279345361018,0.07448353831151426,0.04467593478833684,0.023019789158865038,0.010142309883769378,0.003706948388738623,0.0011361819332433997,0.000317545396605192,0.00004616794773337897,0.000010134427551229533,0.00000225209501138434
0.024652922432526776,0.03230833323950323,0.0532962516748674,0.08209271165257338,0.11480864287885785,0.1432155202504138,0.15876279373515131,0.15683177012374316,0.1384842309121413,0.10779052616171061,0.07471991712924907,0.04457905937193878,0.023362570794816073,0.01007847950187472,0.0036751376487676366,0.0011338430184770244,0.00029162397396777494,0.00005629806447254341,0.00001013365160505782,0.0000011259612894508686
0.024551645307871545,0.032051130604222704,0.05411644790355299,0.08303548023819246,0.11574025635054307,0.14318324237422947,0.15902036426392877,0.15599626938295194,0.13790907689728765,0.10801238888870134,0.0741623268430047,0.04406425751607956,0.023012597020231503,0.009925061398801383,0.0036889907420845323,0.0012037877688412474,0.0002745086127077239,0.000056251764899123695,0.000011250352979824744,0
0.02472929997231669,0.032612291840625134,0.053640355516743884,0.08359347394055067,0.11533137824631841,0.14348958274721987,0.15813247927690285,0.15628579981139332,0.13772672744991696,0.10778711308070255,0.07443434891326117,0.04418076527477375,0.02275658266394485,0.010035763237912184,0.0037124896750249242,0.0011928581556612387,0.00027570778126132395,0.00006414425931385895,0.000009002703061594245,0
0.025143812302729107,0.03271631462554808,0.053884900664337466,0.08301743745261561,0.11567638463632415,0.1432116318675014,0.15780320942715795,0.15668960614439054,0.13772685448692137,0.10777655043947962,0.07384652072089505,0.04437427868878276,0.022855863739952267,0.010023554396708231,0.0037423819411792495,0.001182219242614786,0.0002812129501938121,0.00004499407203100993,0.000005624259003876239,0
0.025175114839090212,0.03244760061997913,0.05379343258852544,0.08301619622316997,0.1153658698561599,0.14296439622384535,0.1587925489944475,0.1568801587542786,0.13786093692488996,0.10737187604469521,0.07386283693355708,0.04399285470674245,0.022793350419904174,0.0103858886086151,0.0038394132485083015,0.0011481095026322102,0.0002937809609676534,0.00006978704819921277,0.000009004780412801647,0.0000011255975516002058
0.024956891415827527,0.03263213033967542,0.05373903738025706,0.08307872852720392,0.11551302025372803,0.14332620664692777,0.15851256837235023,0.15631048971801254,0.13781033122230538,0.10810418900781685,0.07362294208499418,0.04405393800007645,0.022597441137392177,0.010179695913058921,0.003846612126158086,0.0012668415739860205,0.00032261182940016643,0.00006407273266832582,0.000015737162409764235,0.000002248166058537748
0.025424405494919516,0.033039243801908494,0.05346244032456689,0.08364063721272846,0.1156463503095531,0.14262386342549638,0.15841922659514046,0.15708429629379722,0.1381343589916609,0.10717117360279349,0.07354375073803539,0.04356911103988485,0.022712933753943235,0.010029408953142489,0.0038810821145205993,0.0012415863965316554,0.00028340559051266077,0.00007197602298734231,0.000007872377514240568,0
0.025470652131090343,0.03301797060992012,0.05446788872067042,0.08343473342375857,0.11510533039920307,0.14314128287529754,0.15837662301116057,0.15661276796920282,0.1382391841466915,0.107166294272255,0.07318366267257245,0.044207812966079264,0.022201835895069206,0.009978669398184366,0.0038372570759628304,0.0012426904698923339,0.0002802807309811517,0.00007091440181450817,0.000012381879681898253,0
0.02546504941659944,0.03317770733535208,0.05464576799685822,0.08344164137603542,0.11521612658931506,0.14319842371006525,0.15875877295145882,0.1565250953954735,0.13756190437609508,0.10729529217290129,0.07343679142627911,0.04376320092182803,0.022502191479617264,0.009839434029993167,0.0036020160487200523,0.0012141753566288467,0.00032745600442909533,0.0000753936505042935,0.00001462861875456441,0.000006751670194414343
0.025433337457678604,0.033546674465428604,0.0539340629675039,0.08344375330416293,0.11523570633161985,0.1441211207720774,0.15809365263264463,0.15674724137543167,0.1375847834156328,0.10720335646716081,0.07319663003498196,0.04354971148330201,0.022579665478105342,0.009820815945468658,0.003618550555099379,0.0011776880420233287,0.0002913287515606897,0.00007873750042180808,0.000010123392911375318,0.00000449928573838903
0.025226940086017297,0.033396670682907116,0.05448924558804171,0.08316092749279723,0.11514235153691514,0.1431547850073856,0.15941999637750848,0.15719475166246477,0.13767492302205778,0.10752049463882521,0.07293357678275512,0.04352389663074551,0.022196197284031455,0.009858351586414982,0.0035999914500203065,0.0010788724376779607,0.00026999935875152316,0.00005512486907843597,0.000012374970609444799,0.0000011249973281313457
0.025183708550266186,0.03321378590360308,0.054406080269274196,0.08332133359132778,0.11556539034410765,0.14291467733443733,0.1588623344598091,0.15696450026324438,0.13809528095145956,0.10742844028853381,0.07316167702394397,0.04372893482790119,0.022209272500641235,0.009771539911891893,0.0036449216341848654,0.001092351514442439,0.00026999419512480495,0.00004724898414684082,0.000012374733943220219,0.0000011249758130200201
0.02562005873559871,0.033090794977667655,0.054591938308500225,0.0831858944581354,0.11527901658926354,0.14282468514817184,0.15852425402302858,0.15719027432066582,0.1380151596782702,0.10782177761231135,0.07303145200203806,0.04334534215004685,0.02247294641923181,0.00973490246538795,0.0036172670512637376,0.0011540161674740653,0.00026207189768173223,0.000053989060466622934,0.000012372493023601092,0
0.025385727084862204,0.032853772629247276,0.054125602733743644,0.08350479260556565,0.11501240359636757,0.1432120137047359,0.158788544569656,0.15713173024541555,0.13820330192289504,0.10784150409926477,0.07333992157145239,0.04356791362954891,0.022437903229437284,0.009709021984305281,0.0036636756966048826,0.0011413109543340556,0.0002858905151882153,0.00006077987330773074,0.000012381085303426634,0
0.025180709747585576,0.03262728973055774,0.05397955086584347,0.08327213139091677,0.11624695068116916,0.14305733787858513,0.15798423857848037,0.1568786671960213,0.1386035609970612,0.10786012891209755,0.0731757791016642,0.04383146278453278,0.022377979447394246,0.009875912827439761,0.003626004208594214,0.0011258158228296547,0.0002519308135003426,0.0000562345565848979,0.000006748146790187744,0.0000022493822633959148
0.025487059162131204,0.03258566046560259,0.05381850560614118,0.08283687720004364,0.11633094277385095,0.1430771773334938,0.1586167508552836,0.15641544243713396,0.1380292331059697,0.10755156716745123,0.0738899862952249,0.04389800229574656,0.022414446339453463,0.009778846078174554,0.0036178807403501622,0.0010298255929648075,0.0002900600469267689,0.000051716132397795964,0.000007869846234447217,0.000003372791243334521
0.025138311532115723,0.03316427649432354,0.053984128758747855,0.08349397685603968,0.11620879027804601,0.14333580650953523,0.15801224391615595,0.15715848993959342,0.13746455396436585,0.10721162370228833,0.07322973096586002,0.043898312932452936,0.02263238550831676,0.010031609224608443,0.003674755872664175,0.0010796148169228484,0.00026764509582710813,0.000042913559668481475,0.000014680954623427867,0.0000011293042018021436
0.02277088026303433,0.030974472174914124,0.052211526533565054,0.08204983137189889,0.11530823176422444,0.14245799369079326,0.1555830451371458,0.15548913742871415,0.13864603634112382,0.10938161194320557,0.0762959553602172,0.046475040838259624,0.024993362695916402,0.011403410125105932,0.004444964865764148,0.001405137563199309,0.0003907024412526129,0.00009274835400655499,0.000012752898675901313,0.0000023187088501638747
0.05972453544488719,0.07354437503197463,0.11725035669419799,0.16617117910880452,0.17866883430630792,0.13981730435820625,0.10639662121065703,0.09217091762779883,0.07954820629714475,0.0625667202892207,0.043588883646636864,0.026420950312924556,0.014009697534688871,0.0063596728076807186,0.00252727076358138,0.0008628873187396609,0.00023305915723534977,0.000039790587820669503,0.000007958117564133901,0.0000011368739377334144
0.09085165819725609,0.10913823364546099,0.16313417200408004,0.19568128980086924,0.1777611350541705,0.12792332503239204,0.08475345285463552,0.06452794905488729,0.05351809819615338,0.040766887514587916,0.028301691737959805,0.017634139841761393,0.00932592374773715,0.004389007838416511,0.0016666972974463108,0.0005616919217444841,0.00015736563042739122,0.00003101366439079975,0.0000022973084733925732,0.0000045946169467851465
0.1510678772856478,0.17725573267204367,0.2192096633914041,0.18701799411630862,0.12759548293279033,0.08794351471442614,0.061696753112500495,0.04725433509320464,0.037747333916235366,0.028983013064474577,0.019882580277044006,0.012441916738951907,0.006590565996329331,0.003172850471769487,0.001252045835965826,0.00042966886621705486,0.00011203731188993085,0.00002887559584792032,0.000003465071501750439,0.000002310047667833626
0.25322269380603757,0.2563318163386945,0.22262060920676713,0.1302403993061405,0.07952545216470912,0.05883282424743782,0.045763123436579595,0.03664024222341765,0.02936238589136893,0.022414496225715782,0.015422456090615355,0.00987808661160251,0.005583872530623578,0.0024933396693129837,0.0009411021119028505,0.0003090532861310596,0.00009062464781286703,0.000023237089182786425,0.000003485563377417964,0.0000011618544591393214
0.3841095090771118,0.29259704629035094,0.1720693479656762,0.08417372015644153,0.05456424026618414,0.04256727569902515,0.03599439612398576,0.03012200105072676,0.024735275232035503,0.019026326542525243,0.01351818341019205,0.008491039635748059,0.004565991477438562,0.002172669429688868,0.0009129648006537853,0.0002766913782032573,0.00010507267526705973,0.00003268927674975191,0.0000023349483392679936,0.0000023349483392679936
0.5191408956056645,0.27567250132161836,0.11935352663924595,0.05866459740177544,0.0409590198811188,0.03364821637258959,0.02909434886727677,0.02577242853006784,0.022051971525727274,0.01716520868669275,0.012580864848011011,0.007963700342624317,0.004322950671710108,0.0021567866691829174,0.000917806501070774,0.0003645438337586346,0.00010666716679111175,0.00003868150004512841,0.000005860833340170973,0
0.6225036067994787,0.24102591839638227,0.08566016482515103,0.04451737084012854,0.03299324967047904,0.028342918150637806,0.02573732152662563,0.02359381852772032,0.020556699358124913,0.016647128611355748,0.012000324523767253,0.008082523101741724,0.004352851399861491,0.00217877732143256,0.0009782745447554715,0.00040447889831235826,0.00012110850734352607,0.000029395268772700502,0.00000705486450544812,0.0000011758107509080198
0.6904683909739,0.21004300948565374,0.06752960584457667,0.03626347728745653,0.0278194779944618,0.025144641489424385,0.023862605314322747,0.022618276085547638,0.019859777293348268,0.01668178872326636,0.012293642844517769,0.008345018558887645,0.004612030872562305,0.002491015141695636,0.001131208389795558,0.00035468096388381544,0.00010487244447062988,0.00003299357803570376,0.0000035350262181111172,0.0000011783420727037058
0.7292640472973373,0.19127099792897134,0.057719744396126975,0.030815253627250246,0.023972008661737893,0.022931184026528054,0.022384810096707012,0.022125193974545813,0.020357444197284642,0.017069760032097998,0.013175518199680204,0.008927254382497153,0.00521238368902709,0.002671685911695118,0.001250877679503897,0.000508611584779415,0.00014750916031885578,0.00003422212519397455,0.000005900366412754233,0
0.7502822427630592,0.1790169794881919,0.05212536189137526,0.02718278573311597,0.02168333721478704,0.021362969513052915,0.022236592138814966,0.022253142499790168,0.021338143971590118,0.018251501649716336,0.013998058879091332,0.0095223684039423,0.0056271227315661445,0.0029743363009706787,0.0013985055024039396,0.0005461619121814203,0.00013831373100698307,0.00004374023972015704,0.000009457349128682603,0.0000011821686410853254
0.7585679825002455,0.17256518339132276,0.047875883298689526,0.025213275300525646,0.020352100928816744,0.020283483719384,0.02187114397901734,0.022786828808343852,0.022060432832624877,0.01968130855384499,0.015457801007726538,0.010718481335527509,0.006556492666831505,0.0034947454597293866,0.0016515452477258712,0.0006341176595852913,0.00018337357693231385,0.000052054434742076194,0.000005915276675235931,0.0000047322213401887445
0.7603857549196306,0.16839950075431576,0.04587589434369798,0.02324997572453386,0.019055648841764226,0.020229160400438626,0.022696968763988003,0.02345483697544271,0.022939723425469582,0.02075848397937652,0.016817569279812043,0.011944713513974376,0.007483948588115211,0.003840260327730635,0.0017928319877225352,0.0007590523805351025,0.00025104384504437096,0.000047366763215919046,0.000009473352643183803,0
0.7578827603498932,0.16523755907635104,0.044195497187516274,0.02229644382838409,0.018546071274819165,0.020000804242616344,0.022777806688460068,0.024160394362732346,0.0241722214600315,0.022031516848882826,0.01845618533534551,0.013501814276725687,0.008474115214851053,0.004368929742311206,0.0021064060289811195,0.0008539164249996444,0.0002684751086910241,0.00008870322974373042,0.000022471484868411716,0
0.7543481681555908,0.16399464768036573,0.042579571980062486,0.021204603184180618,0.018019712720987287,0.019674861962446225,0.02270121775919532,0.025279180730702847,0.025522898202997725,0.02394701629476091,0.019731650499679985,0.014664456646092673,0.009081433579298697,0.005174855455426329,0.0024265268722175127,0.0009961655906421962,0.0002827595916430935,0.00007571804964501246,0.000018929512411253122,0.00000354928357710996
0.7500533357354164,0.16218804520973978,0.041366011150724434,0.020306692331032387,0.01743722976560722,0.019834967382234704,0.02334327353409694,0.02620088371387393,0.027013957369339307,0.025470776757945835,0.021641270955017826,0.01575656148069483,0.009922817264659036,0.005426022149738296,0.0027118258363043306,0.0010844932868087685,0.00035794204657513447,0.00006637335962982632,0.00001066714708336494,0
0.7439968351094387,0.16102802088922524,0.040320374101435213,0.019733187407241573,0.017280160329186525,0.0196727796906888,0.023572038570919246,0.027243880165303942,0.02842242287059838,0.027054365760432464,0.023185902970993634,0.017017209092427363,0.01073954443105999,0.006036033795156248,0.00286285197858961,0.0011880184255380136,0.00036599969440802223,0.00009594166746618064,0.000018951440487146777,0.000003553395091340021
0.7368421052631577,0.16010119134330794,0.03962616999529812,0.019905464735219543,0.017164865853961847,0.01984743131033552,0.024448652854711556,0.027901049457505895,0.02988010768161204,0.02843637819317078,0.02440838476397569,0.018246182525780464,0.011594841420705613,0.006551855233845093,0.0030390564949469463,0.001276735347448483,0.0004157088190671778,0.000110145071718654,0.000015396622928413994,0.0000011843556098779995
0.7316066150489878,0.15896998227985049,0.03848835406208092,0.01894055523135034,0.01689155197496215,0.020198839726752214,0.025171608461637716,0.028863602197440566,0.031154082440716806,0.03015266317156349,0.025896039422301825,0.01931224039744271,0.012195771548565874,0.006780295004385646,0.0032954506445896734,0.0012902446848429398,0.00041784988417390567,0.00012902446848429402,0.000020123082240669695,0.00000591855360019697
0.7259806109366249,0.15840360458054487,0.0373882891383125,0.018477500375871758,0.01696927795923537,0.020243801667568357,0.02589075686957427,0.03016208063662612,0.03239836960446452,0.03181354866740145,0.02686151227117697,0.02008990142097281,0.013005754685374623,0.0071646484030481695,0.0034710424847549967,0.0013010490077577563,0.0003883021606410776,0.00010773017261688433,0.00003433159347131477,0.0000035515441522049763
0.722421020587772,0.1565611159872974,0.03674196524917707,0.01803162374635619,0.016629177282736288,0.020256112309428958,0.026041203971861045,0.0309556890880426,0.0338387589296396,0.032636492746722194,0.028130659682862328,0.02102603646597705,0.013407340812258143,0.007695688069373722,0.0036494405020379293,0.0014071844584294265,0.00044181801598836397,0.00009594439489291539,0.00001539848313096173,0.000002368997404763343
0.7170191208255311,0.15708692080611897,0.03619628851921907,0.017627048025775364,0.016372369614056182,0.020524644961519255,0.026459510580726722,0.031871198975424876,0.034786550794353464,0.033982846415525826,0.02923045601641972,0.021672794074130194,0.013838155954159262,0.007861862274187476,0.00390015600624025,0.0015707153324069228,0.0004746472104711197,0.00010179466359231007,0.000014203906547764185,0.0000035509766369410467
0.7133220331760624,0.15584392525798205,0.03554459734903996,0.017257991586433173,0.01640811243972131,0.020741549147398404,0.02686115247400057,0.03291091893478658,0.03585827140736673,0.034703003932170656,0.029323197912943022,0.02233359295286839,0.014359169817216801,0.008406464763158336,0.003975966648753712,0.0015837580756274062,0.0005018784933228851,0.00013138800178971757,0.000035510270753977734,0.000001183675691799258
0.7112224225986775,0.15593508749508922,0.03484538668711453,0.016854105429570835,0.016256526040261475,0.020899895394023742,0.027274469988498064,0.03313548130582339,0.03637187661228104,0.03521221759936384,0.030181900799454726,0.022437035248900686,0.01491818487331317,0.008512843815230823,0.003928640737637797,0.0016282559201775929,0.0004958133942982646,0.00013963241175941576,0.00002603316151446733,0.000005916627616924395
0.7068884396685227,0.1555614663498481,0.03472828078637208,0.016929697012684566,0.016019434691633864,0.021218569351349435,0.027968696433426737,0.03353193602156258,0.03662564575427647,0.03611968176283529,0.031220815453180614,0.023310990530907558,0.014990956484732424,0.008169899871144685,0.004196663947701291,0.0016692083082124574,0.000502417514865647,0.00015840928703999226,0.000040193401189251816,0.0000035464765755222188
0.7047965592394756,0.15473488902317453,0.033938131114545786,0.016406760900491587,0.01609220140794937,0.02132618755077593,0.028136518819763326,0.0342290395174232,0.03792688738651911,0.03629496219964596,0.031940796592351,0.02380955196558295,0.015542313573242103,0.008716609095972572,0.0041602266720433476,0.0016792273662028273,0.0004990379919278823,0.00011943800280738436,0.00001773831724862144,0.0000011825544832414292
0.7027600021271694,0.15355207723987963,0.033455645566329274,0.016310661254202642,0.015895863246651182,0.02117242479570312,0.02824644437747801,0.03492457412298582,0.03794042744284708,0.037405089843357615,0.03223961380060152,0.02442581201732462,0.015888772682419536,0.008928202128351033,0.004270883188863088,0.0017111895012378955,0.0005731539420582729,0.00015835593450682161,0.000028362256926594926,0.0000035452821158243665
0.7009425321317775,0.15207209336681946,0.03341704830846505,0.015936179642487818,0.015865268134140936,0.021307726399763624,0.02827832767026148,0.03548530063524892,0.03899660215689171,0.03820712069729648,0.032963214655045064,0.024592111094696414,0.016023637169448962,0.009185404047865272,0.004355148470970598,0.0015931452208598012,0.0005661102083025557,0.00011936770571724038,0.00004018318806322942,0.000011818584724479242
0.7004277242778096,0.15235744196561915,0.03315305870672139,0.016091310810220513,0.01581505499733779,0.020975371912339547,0.02835399939318167,0.035288728644776356,0.039523470528581274,0.03876081559216144,0.032609991724131406,0.024524196585525373,0.015894153883932418,0.009271097857128522,0.004402384300169648,0.0016528125557086373,0.0005159136334604819,0.0001452113888229731,0.000035417411908042244,0.000004722321587738964
0.697651570972435,0.15311313268718463,0.03302773526800052,0.01607105745432561,0.01585260443235277,0.02086521566626991,0.028461476695195453,0.03597862230535245,0.039439626669689566,0.0387677360237299,0.03311511647678966,0.024989844886546122,0.016693353360161724,0.009350970167582986,0.004297029983562885,0.0017842298173024241,0.0005431804870675812,0.0001263485046005026,0.00003070150579077631,0.000012989098603789983
0.6955962037216382,0.15314671604914942,0.03293517131910753,0.015931992006840475,0.015975689835176513,0.02137768623542028,0.02895158280620367,0.03589481342208323,0.039737860270879284,0.038967833674255145,0.033787869482853915,0.02491602930825156,0.01655320978264464,0.00934661117436142,0.004419385773876732,0.0017077583722677062,0.0005314600743571696,0.0001358175745579433,0.00002243942536174715,0.000009448179099683013
0.6958970489782472,0.15256450674025035,0.03327205296324243,0.015694386883403168,0.015954149531187442,0.021549673112322542,0.029015487757504486,0.03541863702538706,0.03932098043869186,0.039213533161653845,0.033979315808800516,0.025492161662103115,0.016659050898129354,0.009092873411758042,0.004404157619251719,0.0016164321128031107,0.0005950926112876315,0.0001263391059678107,0.000015349611005434942,0.0000035422179243311407
0.6942934108975528,0.15311299617766413,0.0331698000061384,0.01570250470414082,0.015591541281934448,0.021742928442758214,0.028947287652604226,0.03576209442278951,0.039892530745131174,0.039366044720620066,0.034330194091551886,0.025142658825251494,0.016800334306820944,0.009424808115911922,0.004511725528433785,0.0017199330441988563,0.0005831481975526664,0.00014991866617244647,0.000035413858150971624,0.0000011804619383657213
0.693177631454645,0.152260424735957,0.03304905813667881,0.01594294972320365,0.015868554801896955,0.021628847280216145,0.02929034330304003,0.03617010221626013,0.040362196988304636,0.039568651161033114,0.03410121488087367,0.025863453435864502,0.016606599656130146,0.009214342396130518,0.004444801330133961,0.0017854781113609307,0.0005880741398530055,0.00017831163678273847,0.000020074820035142734,0.000007085230600638615
0.691717641229524,0.15237275038488993,0.03317662464829025,0.015694070041113912,0.016174223879100325,0.021954945761492133,0.029281125943053987,0.03659668847217881,0.0403069681293466,0.039474072282618296,0.03433512850308798,0.02594128438202312,0.016938694854567653,0.009416677972500278,0.0044629532410384075,0.0016339387361454382,0.0005308826218523084,0.0001285915684042258,0.00002241504403376414,0.0000047189566386871865
0.692119771549305,0.1520005942359117,0.032813848526436415,0.01605262289128784,0.015861618491112405,0.021815768002754237,0.029322712545451966,0.03655022472493006,0.04045166645443954,0.0397088715648684,0.034181534354853146,0.02572074685078549,0.017330701717153143,0.009541966732221257,0.004263406858237003,0.0016082098878969229,0.0005352839362941377,0.00014502185939246442,0.00002947598768139522,0.0000035371185217674272
0.6916847334127209,0.15230945533038834,0.032871839597979985,0.01558559270925659,0.015918406365474244,0.021750906681175144,0.02965228054066876,0.03640296888664387,0.041106027113691275,0.03982198009963165,0.034016624160147085,0.025608948674705336,0.017059650356830536,0.009727128207609634,0.0045177683546141325,0.001698293798926265,0.0005181035286508895,0.000126280358919465,0.000028324566486608976,0.000004720761081101495
0.6904366088336452,0.1529293084224623,0.03301732630920706,0.015484540826259052,0.015924630259983127,0.021911262395950707,0.02928895469910507,0.03636106211396311,0.04063807068567822,0.04004813846888992,0.03427742152426687,0.026115119372784067,0.01741833863289108,0.009660729982125058,0.004627428308487354,0.0017143430219867732,0.0005533564193474165,0.00012978508769342405,0.000010618779902189239,0
0.6912149475356321,0.15160791987131444,0.032880660233177574,0.015568776059584318,0.015741080585410527,0.02152390371245442,0.02944519122851947,0.03641880385254038,0.04086213631648326,0.04015639586138691,0.035036827141975375,0.026071090959087134,0.017434621644044798,0.009770610748733975,0.004549547582602901,0.0017513692899047222,0.0005369764332255047,0.00012509780642176605,0.000021243023731998015,0.0000011801679851110007
0.6893234791959478,0.15235513569090586,0.033129191702904355,0.015666710686425254,0.01586597870072538,0.02156221406808599,0.02927471159197457,0.036737239772480744,0.0409289426768415,0.0403122730231198,0.03499452897286182,0.026311631592351895,0.017093422504787147,0.009622640619546657,0.004580806127550394,0.0017556809070585675,0.00048814768000150966,0.00011673096695688273,0.000012970107439653626,0
0.6884851455632288,0.15233029602825132,0.033070608211210724,0.015569085238178845,0.01550663450650371,0.021909601976742413,0.029664097545686243,0.036937840312300796,0.041136179122838214,0.039961398377930626,0.03549911685238887,0.026185709622950776,0.01721754889126385,0.009665723621341183,0.0046013227771958196,0.001648463653085008,0.0005420252183124399,0.00011665325350637286,0.00001767473537975347,0
0.6893666805692027,0.1522728290247253,0.032726334466743494,0.01565802588699359,0.01584535667074317,0.021580741924158143,0.029374409436758765,0.0370490806653424,0.04111969612354879,0.04007818409314228,0.03513218012974126,0.025931764467473948,0.01735107202691908,0.009734131668799176,0.0045006515341095175,0.001808507880852908,0.0004995487566655594,0.00013077809431574785,0.000020029077507817236,0.0000047127241194864075
0.6889541668533061,0.1529213591752345,0.033019857651077754,0.015715434178358165,0.015795590908340776,0.02147139465637516,0.029412804801859645,0.03651256928252653,0.04104142452654483,0.040167951924822407,0.03498605508653394,0.026252507844750576,0.017078098588062772,0.009912322682704294,0.004545358100191199,0.0017056880630126191,0.0005575607835556113,0.0001131624423284116,0.000015324080731972398,0.0000047151017636838145
0.6892953774717269,0.1523833531028292,0.03295596565643953,0.015602785084180365,0.015727645058430932,0.02158192875678338,0.02917247285179002,0.03665700376111225,0.04049703693146012,0.040313280742940376,0.034911319970174964,0.026528032831105674,0.01735671434511533,0.009836845707231628,0.004661046397259678,0.0017562851095057315,0.0005312438527076355,0.0001248599742505751,0.00003180395570533517,0.000004711697141531137
0.6884580937117,0.15209649288205895,0.03293226171396249,0.015770246063920045,0.01592580371452814,0.021911237861789383,0.029808145564250033,0.03709932120297913,0.04070896577731688,0.04001838408598097,0.03505821627227303,0.026633355331384927,0.017369425850853208,0.0095172998962949,0.004521778071085133,0.0017618082398416157,0.0005479871782784958,0.0001355237107570473,0.000021212406901103045,0.000004713868200245121
0.6896579346025808,0.15153221455480137,0.032836534723678354,0.01528680577970131,0.0158840478641822,0.02179756909513701,0.029482790710824092,0.03659904205668029,0.040525290316196685,0.040032889544376137,0.03508532198062913,0.02687353781708606,0.017669884156239473,0.009478125861406854,0.004574144011911858,0.0018105741298760044,0.000550122393397589,0.00012015521226242845,0.000024737837818735257,0.000004711969108330526
0.6877027783506676,0.15293951268377481,0.03306914940632274,0.015880498512123985,0.015880498512123985,0.021617512742700566,0.029792875872838166,0.037105565540202126,0.040318199228072275,0.040179134380248074,0.035116231106920845,0.026735806252025585,0.017297074334875224,0.009472908871276628,0.004496037241094843,0.001803128959076044,0.0006198992369111107,0.0001590996140361217,0.00002003476621195604,0.0000047140626381073035
0.6891832827732449,0.15269696344947423,0.03313050393190588,0.015413071009925483,0.015879598268194267,0.021601625776809116,0.02999086973168792,0.03689688687303036,0.040501870232380055,0.039724324801932095,0.03481518569787646,0.026500161988631334,0.01735222218949724,0.009668659617706825,0.004556887462079933,0.0016776131711483525,0.0005643094866433012,0.00015079668954142496,0.00003534297411127145,0.000005890495685211911
0.6883013613423994,0.15276344496435248,0.033617712058883115,0.015447631433862503,0.015653788339294213,0.02202933789470214,0.029612377896210004,0.036776035850096825,0.0410417167333437,0.03997205690401805,0.03486054368877139,0.026649608655291517,0.017295975345990196,0.009531517267702396,0.004331651092985015,0.001757634873737733,0.0005324738357436028,0.0001331184589359006,0.00004005334162673113,0.0000035341183788292174
0.6882571212230051,0.15298279413132795,0.03295504994777356,0.01560904724165585,0.0156102248385809,0.021818515827491468,0.029928625850372186,0.036576160492329715,0.040353891427918696,0.04002651948275233,0.03522074643158691,0.02668905670953513,0.017248262161337836,0.009683379514759411,0.0046479750632075125,0.0016886739905344773,0.0005464049732273337,0.00017428434490871848,0.000038860698526944,0.000007065581550353456
0.6882550465998537,0.1522807604380021,0.03303389604928878,0.015250218777273544,0.01607468225766369,0.02186830491486236,0.02976548725202789,0.03685116196349512,0.04132682085704158,0.04013959344527978,0.03506560962596448,0.026497078454767,0.017067571849047815,0.009743980533239424,0.004460347428910637,0.0017466847734551023,0.00047701101365429303,0.00013073635189043587,0.00003062292927163363,0.000008244634803901362
0.6875871391966238,0.15247946341095786,0.032976298138518344,0.015568477277865705,0.01593587497173863,0.02189902215690708,0.02968973735775116,0.03677156341849423,0.041181513301680586,0.04063159431758234,0.03509707777526566,0.02632781294747156,0.017068684527846864,0.009658320144698172,0.004427613233853342,0.001741606375763056,0.000581713015298817,0.00015072725902479456,0.000027083804356017784,0.000009420453689049667
0.6885437720643718,0.1522231234027426,0.03302990101270977,0.015234790224401804,0.01632130787060199,0.022121169672149475,0.029405428821322587,0.03703930415784289,0.04083799586346371,0.04081798416250441,0.03509110621151426,0.026190607920160373,0.017145319086571797,0.009450231488293739,0.004523821575674248,0.0016809828805784092,0.0005379616081402892,0.00012124736463555761,0.00002001170095926677,0.000004708635519827476
0.6876755250154782,0.15209146957252528,0.032767415965743646,0.015788717905258275,0.01591819151265193,0.021809240649062957,0.029631800601228348,0.037190705207428516,0.04142331513640634,0.04090542070683176,0.035245069998140297,0.026151314627928163,0.017110525733467982,0.009562214422418235,0.00436796870034393,0.0018043912739496748,0.0005873393644493721,0.0001235884434212106,0.000027071754273217553,0.00000235406558897544
0.6882194559965358,0.1530030337477964,0.03299347826598604,0.015287594113258352,0.015701821896174747,0.021598683885362457,0.029560800871761203,0.03704985090153382,0.04091676139773635,0.04076495632956527,0.03490575141155178,0.02640466759397204,0.01712219954952729,0.00964021022059983,0.004547091344286835,0.0017675287782398623,0.0005872149536229638,0.00013415331605815195,0.000023535669483886298,0.000007060700845165891
0.6887788118741984,0.15277617630102017,0.03315645185960865,0.015243967008271466,0.01557341365556353,0.021975267969549718,0.029652551446623748,0.03672271181654527,0.04120553941005518,0.04020896330199667,0.03483780635596711,0.026378087091574406,0.017340659599251684,0.009569248508665626,0.004373404242802179,0.0016813544963584378,0.0005365273970185077,0.00015884034780153198,0.00002706168888470544,0.000005882975844501182
0.6876893161855266,0.15340683849763387,0.03314555128285056,0.015387619559604227,0.015705229626196478,0.021882157254625643,0.02950126985209958,0.03752621753466361,0.04124813698169272,0.04041294013991313,0.03482300296788962,0.025772292403590653,0.01696273022318577,0.009629466685644851,0.0044147799256321904,0.0016833333529388934,0.0005693454527060971,0.00012233869231701255,0.000028232005919310564,0
0.687847979835979,0.15323809344669323,0.033411942291776395,0.015771950944247982,0.015505088029493628,0.021949768640433385,0.029833392897449407,0.03722326198179219,0.04101459634339026,0.040123485817470474,0.03472039349936047,0.02586454179519976,0.01710861673312768,0.009515367541945678,0.004335640659092622,0.0016235140320517642,0.0005595891956963357,0.00016105823489579417,0.00003174140395756527,0.0000070536453239033935
0.6881609850000235,0.1529296314251155,0.033193390032334444,0.015658902323654966,0.01572597156264267,0.021833978923785812,0.03005760894633048,0.03700221681484655,0.041047550913788956,0.040232130166096385,0.03480187511472369,0.0260240413805438,0.016908508144794252,0.009502652176573301,0.004540705144798959,0.00180027957282778,0.0005542037116352182,0.0001364917846065506,0.0000188264530491794,0.0000011766533155737126
0.6882769532132901,0.15315513636706088,0.03337720372184132,0.015587329541173792,0.01605821027650116,0.022139634973253955,0.029619575453928994,0.03693117607172456,0.04056402094477509,0.03976234649288028,0.034693315377081285,0.026117399984931768,0.017216576885406464,0.009687193927522039,0.004609922398854816,0.0017940556015972264,0.0005874237173208776,0.00013655541324493332,0.000029430045957959756,0.0000035316055149551725
0.6885150423048273,0.15327866827155567,0.03319790611399183,0.01568649598836574,0.0156394317939812,0.021926031558895547,0.029596318638715233,0.03685361741281063,0.04017634953635886,0.04000456522685531,0.034929868467342744,0.026274763120026638,0.01742198815629549,0.009516380104553109,0.004540518153248078,0.001851976049031478,0.0005129997187914385,0.00012589671997863285,0.000022355492332654434,0.0000011766048596133912
0.688603144365659,0.15294152232452582,0.03314871650145222,0.015423148834091793,0.01590291741630508,0.021828294587316707,0.02965628343975259,0.0367822579696852,0.04046636328359262,0.04024176573652709,0.034847896896790964,0.02636963347091403,0.01719523523947273,0.00975764631177903,0.004520172622617325,0.0017885490528098216,0.0005609059159699443,0.00012464575910443192,0.000025869874531108526,0.000011759033877776602
0.6887963778762489,0.1528333425478381,0.033610984003227824,0.015370970075602073,0.016046177607812642,0.021863078734609333,0.02965619702885159,0.03635769060202869,0.04038658572018413,0.040160732329618934,0.035233128928172736,0.026314272640332016,0.017261315901843176,0.009686993079710954,0.004528831008729469,0.0017468348176527934,0.0005846309120359865,0.00013410045064809345,0.00002940799356317837,0.000004705278970108539
0.686638576272939,0.15311575419887155,0.03345937193764966,0.015620483584039708,0.016266734973480194,0.022134697589599815,0.029301037997231685,0.036554328591806476,0.04096998808547438,0.04058693726191512,0.03508675043651346,0.026542132065583954,0.017144461860593003,0.009703170861817358,0.004452084571981828,0.001690828635281565,0.0005875012631277155,0.00014452531072941816,0.000027025058103874918,0.00000822501768378802
0.6870686288808698,0.15365515716375985,0.03339700492592297,0.015477607516384457,0.01623625611035572,0.022064323991173796,0.02963669553844055,0.03659626721367779,0.040790594168874,0.04020484688236594,0.03520717575711954,0.026298641724966952,0.01747597024686072,0.009456642938804702,0.0043931046488103935,0.0017325416727436973,0.0005681042959505811,0.00010821034208582489,0.000023523987409961946,0.000001176199370498097
0.686648728674155,0.15437209193025328,0.03356441227616676,0.015631902993843125,0.0163216148893171,0.022034356347229396,0.02988438219673826,0.03625746110823894,0.0406307280161677,0.04011961272735817,0.034870987451238435,0.026579169995770084,0.017290971471542047,0.009523194059312866,0.004327442778587206,0.0016120693706819563,0.000526389998590027,0.0001362974103492033,0.000016449687455938337,0.000002349955350848334
0.6862959573185706,0.1543066206266163,0.033717013474821506,0.015614297479976922,0.016050181931825787,0.022233631716409585,0.030280458160379626,0.036441585021553355,0.04045853634465653,0.039905162822228446,0.03458173303428449,0.026304628011979185,0.017502346844184814,0.009538937640326007,0.0043517951742539146,0.0017717351843344776,0.0005157770198427287,0.00012101374269658571,0.0000187982512926735,0
0.6876340352225471,0.15408777316745578,0.033687862005266814,0.015692329748093096,0.01609891549714509,0.021990883548435994,0.02977006753318786,0.03644582949955874,0.04054576498638646,0.03951754958054686,0.034529235983073794,0.02653853340054923,0.017299871091165694,0.0097709841137782,0.004401937040314269,0.0017109504353170237,0.0005334969077156112,0.000144537708478018,0.000028202479703027892,0.0000023502066419189907
0.6868437930961574,0.15414533639377237,0.03392012630184168,0.01593339081445422,0.016084924832079166,0.021584787394249204,0.02957850049454126,0.0370259863219992,0.04014829189445715,0.039886337739958234,0.03465430274382293,0.026337552009059153,0.01733596148921524,0.009646491106480255,0.0044379497564883555,0.0017420538615331473,0.0005591487782129323,0.000135088465324553,0.00002114428152906046,0.0000035240469215100772
0.6868127672123211,0.15390489796733586,0.03374967250152442,0.016167557031730055,0.01591730707549442,0.02164955842044107,0.029475450244316803,0.03662226002732776,0.041239547952238685,0.04007641435283363,0.03452979443082234,0.026393733647105264,0.01729779392327313,0.009658708404756397,0.004475127151650301,0.0016894809251964118,0.0004934506179294115,0.00013628636114240865,0.000022322766049187623,0
0.6860656951289158,0.15513935009905733,0.03368068040544194,0.015515462584986057,0.015994886148654207,0.021350799391790097,0.029787714066146366,0.03673700562382642,0.04044548789573008,0.04030800613850171,0.0349532679531199,0.02615326043275029,0.01723222196370951,0.009857559499049378,0.004519272122224808,0.0016474309712322353,0.00046179769735682513,0.00012103094867112717,0.000025851270589949492,0
0.6866333516589371,0.15408308546779623,0.03369796585799066,0.01572595234403267,0.015826978107951903,0.021283544077775753,0.02955121066456156,0.03684268643952314,0.04052542794983485,0.040425576904100716,0.03521687647133452,0.026528660774280247,0.017204922539082877,0.009523440326665633,0.004407542630522937,0.0015952672953758388,0.0004734114285982794,0.0001256948458064911,0.000024669081887255244,0.000005873590925536964
0.687616347422064,0.15348757453575554,0.034175165044507114,0.015598335519832935,0.015695817776300528,0.021543578679338548,0.02972621579752815,0.03635266026728931,0.04090496419582424,0.04006168395312866,0.035324985876817656,0.026275578815578803,0.017100501857448054,0.009478094092692707,0.004438378881819794,0.0016912584254618948,0.0005202968628330692,0.00011392504671514163,0.000029362125442046796,0.000003523455053045616
0.6877882701792064,0.15375271088512898,0.034023811146172804,0.015635610046076255,0.015852950782309184,0.021577823256163673,0.029348048280188627,0.03629120369173798,0.04069793397070954,0.04035136360752727,0.03485558001781021,0.02620306908615856,0.017166393718030352,0.009574740542153534,0.0045159880544832125,0.0017211036680067381,0.000535715544444418,0.00013157925653020793,0.00001997185143762086,0.000008223703533138001
0.6877678672130529,0.1539649046956653,0.033499849618406706,0.015652609120643635,0.015532773788488288,0.02116738411218466,0.02920105079138312,0.036801195533666696,0.04094726305500205,0.04049376856272792,0.03525273506522801,0.02638492048573254,0.017326779202225646,0.009448193541110565,0.004336394225346818,0.001710590623707657,0.0005322098575134404,0.0001433324561073724,0.000025846836347231097,0.000010573705778412722
0.6865008369798246,0.15468796804792811,0.03398784176676162,0.0154556400693078,0.015379284015153738,0.021232856597456752,0.02892602273060997,0.036721388505477084,0.04128278170978824,0.0406954274470647,0.035061525359020324,0.02631347097001556,0.017311679539514256,0.009753604886787464,0.004407506387477608,0.0017796834160523907,0.0004663592846025081,0.00012216968664650074,0.00002584358755983671,0.0000070482511526827405
0.6871314044576858,0.15431083500547466,0.03365468207386243,0.015676618061005353,0.01547690095441281,0.021293367982293327,0.029282052245995074,0.03679259026038412,0.04082687581355352,0.04051202766904291,0.03518193053604072,0.026762092283400922,0.016865522248485674,0.009467765658995965,0.004476012800691724,0.0017598601510331253,0.0005451102203467092,0.00013510274857730925,0.00002467093669672605,0.000007048839056207442
0.6869627280122742,0.15416969430889352,0.03435723400084285,0.015529310120170501,0.015400182891111705,0.021431598372057804,0.029276664479329646,0.03657939622455458,0.040932157727736417,0.040663338314514026,0.03491600273749726,0.026025006074849182,0.017164530393615013,0.009475590845114235,0.004486584267842742,0.0017033055396755157,0.0004930312382244774,0.00013617053246199842,0.000025825445811758316,0.000004695535602137877
0.6862201227532297,0.15426403795001398,0.034474626266750664,0.015466766164601034,0.015459726216415042,0.021538721475009938,0.02916181203573008,0.036675783399567514,0.041088657587480176,0.04054188827836894,0.03463889172442358,0.026375165878779135,0.017164567002120205,0.00960483597507389,0.004493833592051427,0.001709534084495804,0.0005585025560878536,0.00013610566492897275,0.000028159792743925415,0.0000011733246976635586
0.6861085075258927,0.15473507754643348,0.03428090801060934,0.015407228751714158,0.015706364074668872,0.021657397381920733,0.029233146070710907,0.03677604852796094,0.040650730769997784,0.04078563493525186,0.03501173666237711,0.026250004399048878,0.01704367493023109,0.009602830406695002,0.004376760352721604,0.0017584464670945279,0.0005572128564842566,0.00012786568706691363,0.000018769275165785488,0.000002346159395723186
0.6861448311600606,0.1542644365710052,0.03399426453036446,0.01557909250144793,0.015679920463152065,0.021816357109191987,0.029895490645275507,0.03641413561126366,0.040572702822479476,0.04046953002445665,0.034748129406826755,0.026554098891126896,0.017359995685501176,0.009518863035765787,0.004523189258773792,0.0018043515472402454,0.0005627607164881853,0.00013834534280334566,0.000026965617665058887,0.0000011724181593503865
0.6860072665139506,0.15392640542265956,0.03442440572308386,0.01580044312591536,0.015941267039693563,0.021685709189229782,0.029434545044875898,0.03618001051485225,0.040483354613391406,0.04015945961170151,0.03495718953021143,0.026521837094896552,0.017253276503060577,0.009877624018926728,0.004670659806977356,0.0017391753351609148,0.0005421720680461155,0.00012204739194111676,0.000017602989222276462,0.000005867663074092155
0.6858038239885443,0.1551473608845175,0.034238664773060694,0.015780701651427836,0.016124602401436636,0.021831242150729478,0.02926912287702908,0.03626098897874388,0.04004389722884071,0.04004624467423324,0.03487599619713847,0.02621157525323067,0.01740630758576979,0.009731334874822473,0.0045176586579654685,0.0017453256493620815,0.0006173781382410591,0.00014084672355309323,0.000021127008532964004,0
0.6859143048547129,0.1547022515477851,0.03443433249603741,0.015991139758807157,0.015917226200127418,0.021691869625868335,0.029329604022774753,0.036801912835969404,0.04086598533226492,0.03982650258638796,0.03424778875270283,0.026362502595773794,0.017441253386238233,0.009597030317464601,0.004484089226570867,0.0017269961647075663,0.0005338201460203413,0.00011497664683515043,0.000030504008344019518,0.000009385848721236773
0.6853509887727283,0.15536833648692938,0.03420682656631537,0.01581261179996923,0.015888955836736524,0.021570126695865322,0.02941359558097226,0.036662755502936906,0.04063029636755074,0.04008884096832426,0.03464140031406763,0.026337518161071823,0.017157441370716075,0.00991297954332172,0.004493727456486837,0.0017195026127278426,0.0005872618212868309,0.00011627784061479274,0.000012919760068310292,0.0000035235709277209895
0.6858981208061568,0.1551635268494003,0.034511180645653616,0.015552515865421281,0.015804953651248364,0.02158284362359762,0.029012733431568766,0.03731382713295249,0.04042409548018945,0.040429966126371474,0.03466264331714987,0.02601283323255387,0.017001391343145114,0.009661909486377159,0.00460023834823499,0.00172479584827902,0.0005459700949283487,0.00014559202531422633,0.00002113432625529092,0
0.6853030247875459,0.15582722813725272,0.03410533386096945,0.015463887261228017,0.01566233793684102,0.02127884433599461,0.029391836749072624,0.036802619079212354,0.04113565454082156,0.04045340695187982,0.034940235815767315,0.026291778857840037,0.017171267630111422,0.009403508936738855,0.004627775814146834,0.0018083671032190138,0.0005037594073252965,0.00012212349268492026,0.000023485287054792354,0.000007045586116437705
0.685636996248478,0.15586764799039005,0.034473414401246294,0.015655976744786228,0.015928132192470208,0.021512011205296697,0.029427980864656627,0.03648759933087297,0.040793990056941475,0.04005612033024654,0.03452620317342637,0.026263000701504134,0.016885368594669038,0.009534825339549115,0.004426045276343357,0.0018499531939553337,0.0005619071527613218,0.00013490464001576617,0.00003050017948182541,0.000005865419131120272
0.6855053113480057,0.15556840927063117,0.03453842778467393,0.015556254297064732,0.015807331936371766,0.02140612864091908,0.02957553799837151,0.036306530599793975,0.04070860210764427,0.040408247548473226,0.03489861860367982,0.02610034188796306,0.016842147253515675,0.009571455053582787,0.004479506667636561,0.0017469841351783236,0.0005303135185363349,0.00017012269953046142,0.000030504759915806853,0.0000023465199935236047
0.6852027606465911,0.1553831552693601,0.03466176448160447,0.015867969484132615,0.01570372907841189,0.021561245833866136,0.029321605004170522,0.036028479286351965,0.04070346512061699,0.04020605132043422,0.03531168722995651,0.026455609924343836,0.01694139785009309,0.009507173199719847,0.004491975096461913,0.0018218953577449318,0.0005607636709607712,0.00015602838543469155,0.00003284808114414559,0
0.6864283870362115,0.15555607706930133,0.03483372837999578,0.015720119218042287,0.015748280960315417,0.021530825373729797,0.02881415596911595,0.03628405810706154,0.040687850555021006,0.039923963295862584,0.03506136913003684,0.026210368214780233,0.01721034474666167,0.00945647837412875,0.004399098824247264,0.001694398160099504,0.0005104315787003354,0.00012555443430100203,0.0000363755837694492,0.00000821384149632724
0.6867121199516801,0.15548046403125101,0.034367651383692834,0.015686421543872887,0.015613777524174643,0.021231972273418023,0.02904940613513897,0.03594707297326114,0.04063964231022041,0.0402939973777852,0.03444732546981346,0.026213946011433235,0.017152190392945563,0.009618302543595199,0.004587118340623125,0.0017223662734906747,0.000523739948469614,0.00015583313903010858,0.00003397865437498608,0.000005858388685342428
0.6866667917334016,0.15517694207143345,0.034861961499769015,0.0154043133953508,0.015808826115810224,0.02145324419201808,0.029069808343045556,0.03554552937231351,0.03984508921557362,0.04027774195136936,0.03517267416910744,0.026317949343282396,0.017323696941414838,0.009766930322977027,0.004552819981286888,0.0016954359240125786,0.0005956303246185271,0.0001336650728474648,0.00001876001022420558,0.0000011725006390128483
0.6869649158157645,0.15583338409848121,0.03464721346198004,0.015634884560053606,0.01559505344398573,0.021340106185069433,0.028684261085936788,0.03549303892671544,0.040350092080168314,0.03989437725221534,0.03469524510194422,0.02623113293752137,0.017333564510006984,0.009636787081597556,0.004600493905839241,0.0017537406104001384,0.0005552926181226892,0.0001218363550311385,0.000017572551206414216,0.0000011715034137609476
0.6862585158386103,0.1552217780449873,0.03468332741487678,0.015580190398505505,0.015474712954856825,0.021144711536771204,0.02891722716208249,0.03586350281214584,0.04086196166949697,0.03966069078349817,0.0349329573648453,0.026560392282332642,0.01707914206991279,0.009836357606037061,0.0045320141621047645,0.0018282756899103791,0.0005484827069731139,0.0001136812448213506,0.000022267460325831542,0.000001171971596096397
0.685988723620825,0.15542077686935069,0.03488805707611555,0.015734864369174765,0.015481567998348883,0.021195981030916227,0.029120873966292826,0.036391417943702556,0.04095661596048577,0.039466154445116794,0.034542119902996875,0.025972259356721032,0.01757712639957971,0.009753082945180095,0.004629694777873155,0.0018492980407056657,0.0005534994769899015,0.00013251152733020932,0.00001055401545107862,0.00000117266838345318
0.6859189736062816,0.15605986358829826,0.03497630731788523,0.015620054255186953,0.015554404072187073,0.021078398041748832,0.028829808934520976,0.03593995821834781,0.0406831839400895,0.04005599022750132,0.03508298886526002,0.026148702353793525,0.017165178205077108,0.009704503837018739,0.004553309120920604,0.001817103279461106,0.0006131258162310702,0.00016764243158899248,0.000022274169232103876,0.000005861623482132599
0.6868087680508692,0.15556983186519202,0.03493175897942101,0.015733769750740322,0.015433654628455131,0.020976405793159725,0.028583620748271407,0.03603374419406195,0.04059525958785752,0.04003254373357281,0.03481687115917122,0.026406613787007364,0.017450053106308754,0.009650576900983114,0.004573238640759851,0.0018428944227824894,0.0005545095814097445,0.00015005756114259462,0.000028135792714236474,0
