0.09964012595591541,0.09947143499775078,0.10211426000899686,0.09913405308142148,0.10278902384165538,0.09975258659469184,0.10346378767431397,0.10048358074673863,0.10267656320287899,0.1043634727845254,0.10042735042735038,0.1015519568151147,0.09958389563652721,0.1047570850202429,0.09367971210076471,0.09486054880791721,0.09694107062528112,0.09553531264057574,0.100314889788574,0.09874044084570398
0.0136017157179401,0.016971137696700344,0.02411307201364305,0.030583189064882048,0.03722384434510736,0.043342549288132096,0.04950776465724402,0.05518203663988011,0.05979690447275263,0.06264437611431228,0.0621275936022325,0.06615849719645486,0.06842200459936436,0.06708870571819851,0.06425156972688045,0.06275290044184904,0.059889925324927,0.05719748843699128,0.05139918865145603,0.050737707035993895
0.00986810249656214,0.013315643702426834,0.020552897806873124,0.02958171124582776,0.03782611221940307,0.04612216175036961,0.05369190344302196,0.061416590807847976,0.06697203876224232,0.06926071546164125,0.07065522651120454,0.07215949074522413,0.07297295552413603,0.0709973982039214,0.06639422052642793,0.06078066794496845,0.05513806304997643,0.04760705777536751,0.038413614559728325,0.03653167024978534
0.008914613366510702,0.011914099477997458,0.01951424012116951,0.029394422957293168,0.03839829064452438,0.04861114867606089,0.059007924701809426,0.06643496605631136,0.07399183187731588,0.07564709382522379,0.07827603927190108,0.07753766261866765,0.0758769913179888,0.07070835474535472,0.06434425121034265,0.057260703756795504,0.04834068103751387,0.03846049820139019,0.029919130176074428,0.02748492142915101
0.008478074569397337,0.011517338772948381,0.018945310142548497,0.02840106700141221,0.039046940820046096,0.05070912141365618,0.06250890173689486,0.07173773974338858,0.0786418665282623,0.08197805646416977,0.08309333848326472,0.0814493838187546,0.07813974821663507,0.06971236828446933,0.06142258808193218,0.05131987109077961,0.04175789689676398,0.032649760407488314,0.025019010488961844,0.023481273159603605
0.008311810697685681,0.010747006096795715,0.018213323997683693,0.028092819256098453,0.039172297780801585,0.051949367311575095,0.065327529377572,0.07590279475001815,0.08325461883467317,0.08712318874085426,0.08678190909631353,0.08386011497821313,0.07719965739927298,0.06856197968615484,0.05755736250283483,0.04760300590303694,0.036774533052383124,0.02860804142914705,0.022627941335130002,0.02233510138207247
0.0077791570125910255,0.010314949519324167,0.01762784790970942,0.02768921817836028,0.040218896153161876,0.05339683721234604,0.0667690526974493,0.07903697144574938,0.0862414851564114,0.09092656631199657,0.09039282288920834,0.08450733028083902,0.07740302127407211,0.06658500324131542,0.05415961995832304,0.04376287068071714,0.03435998846623409,0.02628839731778592,0.02088961327119278,0.021650351023212732
0.0073657420855303265,0.010008868130324965,0.017224563759163893,0.027810533645994253,0.040045090883908285,0.05464191797845102,0.0684096422161477,0.08201577796202286,0.08974509415415158,0.09459851992636183,0.0923612887836426,0.08659796590867556,0.07595813319123806,0.06336962020933404,0.05072916806934453,0.041203141741962414,0.03165018399927671,0.024988506056682937,0.020200485150209977,0.021075756147576463
0.0069376652151498875,0.009820589600997416,0.017399920294544565,0.02809251682772287,0.040666235233467525,0.05593823924067756,0.07104936985159428,0.08484243547697135,0.09370692523408908,0.09638327355424173,0.09385682998972607,0.08574552022434524,0.07476591092732542,0.06102220418490205,0.04770627442807679,0.03845239792765816,0.029854811759845272,0.023988417115466884,0.019535149008983316,0.020235313904214514
0.006768989555612583,0.00984851947029273,0.017032331548659026,0.02826769411409025,0.04226795425702825,0.0569572416411504,0.07285935758756097,0.08701429731525456,0.09665892096927853,0.09932362836120494,0.09498556909783135,0.08618113682463907,0.07300524855954636,0.05891534456635228,0.04541955079642412,0.0361018635374518,0.028643846740655076,0.02260606976752361,0.01856155017067486,0.018580885118769312
0.006715334939693291,0.00986325477175876,0.017088464050448574,0.02834662587671954,0.0427680549231863,0.05854175939046994,0.07561828658348382,0.08983167325751724,0.09923109585467049,0.10152126721678528,0.09742351458598715,0.08574415221880598,0.0710601123087758,0.05636072501061528,0.0434382242048774,0.034432717903069315,0.027248434992727038,0.021324343174419665,0.016699663551146875,0.01674229518484224
0.007032939103041079,0.009646463548607709,0.017594052601568783,0.028583228965141295,0.04356877348284323,0.06049397785777945,0.07783052389209476,0.09363039112572172,0.10285213605041782,0.10309626565313867,0.09746623570545931,0.08611922554063833,0.06983778758383594,0.05420680452743365,0.041829768093598604,0.03230369722578477,0.024989841867558007,0.01965912150129673,0.014880200922007288,0.014378564752032886
0.007088727736501017,0.009888297337690049,0.01757187182288397,0.029098057438138408,0.04442401203534806,0.06289062564366209,0.08111172078783413,0.09628443231682102,0.10555975738161973,0.10595357558920314,0.0982881266282076,0.08475495115171229,0.06871056668627519,0.052949599508303954,0.03958944039915701,0.029933479326191878,0.022780488367532898,0.01773005821588817,0.013058616297482697,0.01233359532954675
0.006961510970988808,0.010037565396753904,0.01789986259746278,0.030146965231609757,0.0460918606131221,0.06473911468379467,0.08389224507912883,0.09894451352648018,0.10849578490791417,0.10827874764604324,0.09951566421561427,0.08448297807760473,0.06721301309730125,0.05066432984441853,0.0377106322148571,0.027878681066191475,0.020512469035473355,0.015489606689316867,0.010946510922033036,0.010097944183890938
0.007327965323368338,0.01043311773824391,0.01833935088222288,0.030283739983575253,0.047074564152902454,0.06638579372522724,0.08625747334217743,0.10298998479009847,0.11110679165026625,0.11009603781256025,0.10028168284034786,0.08419547072134459,0.06560991057096253,0.048772112264947105,0.035650130150754585,0.025772603063685597,0.018830149620724337,0.01336009239326747,0.009087065752452779,0.008145963220870772
0.0075838465037209556,0.010248354037567622,0.01875800400643869,0.031053125635078598,0.048067586878752004,0.06921267995909688,0.0896658397876136,0.1052464346889204,0.11394318082844897,0.11115125435079241,0.10065773981374249,0.08329811839316649,0.0644401147093074,0.04663372053638535,0.03324666694623566,0.02386282624894758,0.016877364911726086,0.011478995229047648,0.007924167986554882,0.006649978548456293
0.007708343043766865,0.010567630423846357,0.01881279302070291,0.03223328184794504,0.05014923262127061,0.0703940801982696,0.09289871307959233,0.10887311289443782,0.1156203239239902,0.11245887463977643,0.10153604325415515,0.08325364080985821,0.06267770093364812,0.044300471083266506,0.03047817121329256,0.0216656514240987,0.014945763545452061,0.009810618419339645,0.00629718266169278,0.005318370961598116
0.007815442712131726,0.011152553402586663,0.019605926016159805,0.03284858140738876,0.051603399941977254,0.07357030772904968,0.09482715786200516,0.11137486716472214,0.11717233564088711,0.1140820621484774,0.1012128682322129,0.08157809111498282,0.06106976677090462,0.043013786017794715,0.02880301590176521,0.01974697584361422,0.013221818484900456,0.008208138254476326,0.005010474552527436,0.004082430801435503
0.008072507127971053,0.011467083477171318,0.01999028294529042,0.033971334688606754,0.05309379514914401,0.07572430414381241,0.09725525168450258,0.11396602866531141,0.119315203354941,0.1148338511500646,0.10001694091775025,0.08152097477401456,0.059139784946236555,0.04099382455602009,0.02736757316558629,0.0175274570723537,0.011412744684387507,0.007118381854678888,0.0041281500517816715,0.0030845255903750018
0.008521471971822675,0.011751719209363092,0.02081395849650735,0.03518975509142797,0.054714805060561165,0.0783139545085478,0.0991295081888761,0.11509889342098338,0.12129139701413495,0.11610226404439715,0.10071671609077876,0.07860427796397117,0.058109356231665354,0.039324471555479704,0.025114574077943874,0.015908768246908938,0.00984706972708,0.0056740688513240815,0.0034360259504504,0.0023369442977761545
0.008616352601781861,0.011934253344966153,0.021360976137861643,0.03582504919536131,0.05621167060441835,0.08015022894151962,0.10187101581256727,0.11796538174963546,0.12279098498984252,0.11614563100613272,0.10084253026549575,0.07861705311825354,0.055673546587529536,0.03667203729294962,0.02356760302368382,0.014257102281773203,0.008309080603972565,0.004809682411305063,0.0026778834213224477,0.0017019366096276442
0.008974544552203315,0.012098615006036578,0.021688747779030876,0.03744271609612085,0.058364762266828074,0.08128150515296652,0.10371468519900046,0.11906462403784514,0.1249739528239911,0.11773164489308328,0.09958690371850279,0.07650632210693419,0.054133587415913335,0.03523009796919513,0.021758737137467052,0.012804871259347162,0.0072486705998565226,0.0038764560570222393,0.0022173901286372598,0.0013011658000181335
0.009205410202795283,0.012387135288411311,0.02258802534583796,0.038196577899077065,0.059433481464546155,0.082823288830462,0.10542719104798468,0.12139932396280365,0.12622112989345033,0.11874471101712002,0.0985969608492221,0.07546118343026162,0.05247306091796898,0.03323664318477344,0.020236660649332303,0.011707605180305695,0.006033211240190077,0.003242057198017932,0.0016257916605143786,0.000960550736924999
0.009101363301107931,0.01288275927703008,0.02327366743066515,0.03939377116526951,0.060827497600938994,0.08480065984090858,0.10687519331276617,0.12372968728933866,0.1270510980165119,0.1180131809566107,0.09883972686393165,0.07416389750259732,0.05066499591564821,0.0315946419649301,0.018535819368551285,0.010389321997604908,0.005231142587496331,0.002704396031437612,0.0012054785829282025,0.0007217009937267529
0.009342328593230736,0.013190195230103372,0.023751226230152498,0.040252044773446564,0.06240738891820748,0.08646606413005412,0.10862774742907676,0.1245612116659456,0.12887183656392479,0.11950732093077801,0.09783058293277802,0.07286223908437256,0.04797947381850049,0.02982096643576296,0.017223482129131742,0.009044388342929227,0.004553097548490568,0.0022297975115649943,0.0009572122935218601,0.0005213954380276358
0.00961012999890704,0.013389554785027395,0.024571013110770725,0.04149130463019136,0.06331407716932805,0.0878835062797693,0.11042383096815685,0.12543381809023418,0.13030303510303126,0.11909464877168693,0.09767262831590667,0.0717742229290384,0.046636137700316625,0.02809541384384608,0.015516867227508387,0.007977025659221336,0.003883968807865511,0.0018390243825170713,0.0007207201499097909,0.0003690720767669921
0.009926048957962591,0.013880650136433742,0.024978842883695177,0.042779293708229534,0.06496618815992407,0.08970459129196824,0.11263969628662951,0.12788863843081424,0.1306157314034879,0.11801953572982164,0.09665994384466328,0.06991576699489858,0.04522956459841025,0.026113022501680707,0.01402459761933009,0.007107209237948352,0.003291810020959388,0.0014094198600071199,0.0006153359433701116,0.00023411238976549212
0.010108243894187522,0.014213828722652488,0.02581759947387808,0.04354575822105025,0.0660608676269024,0.091598648650785,0.11451530543685673,0.1291654612340784,0.13097716713065938,0.11786996504640719,0.09574375585919283,0.06834209939720463,0.04351572121229368,0.024813731023329268,0.013066098809111646,0.006057990397642567,0.0028092507663389473,0.0011619579703202744,0.00047110676891896826,0.00014544235818974855
0.010424446447998557,0.014465064209347898,0.026402176470309593,0.04408205027798,0.067975222597143,0.09347737869857059,0.11682580184709446,0.1301429453403419,0.13116454740817818,0.1178410879825175,0.09460950958363794,0.06610096965352374,0.04173252342026688,0.02344158315161869,0.011886584801656037,0.005505914081213418,0.002456897708737618,0.0009773905409438215,0.0003536922151396057,0.000134213563780654
0.010824448475719983,0.014984661680726133,0.027007441018912788,0.045437106575662974,0.06869798746725905,0.09549070780462315,0.11793217668354439,0.1322710974910836,0.13129853910995123,0.11650017919703938,0.09303089293805784,0.0652008822493886,0.04039906470197243,0.02167100055101116,0.011054957442676676,0.004870686048365833,0.002110893759048661,0.0008462520978684231,0.00025734905215028564,0.00011367565493754946
0.01099043349224892,0.015743693366589834,0.027938622801755443,0.0468711520853724,0.06929719319294034,0.09669750260474219,0.12012281754175484,0.13245666656142455,0.13055757269598714,0.11679506204022354,0.09172639156379252,0.06375146023426893,0.03893852808385691,0.020956335048779712,0.009995895557730554,0.004345972910681021,0.001853313547816752,0.0006219808669844977,0.00024468790452435813,0.00009471789852555802
0.011532616568904544,0.015678235579100527,0.028823651016836555,0.046749074060923414,0.07152179093266173,0.09804617780870818,0.12133392037949695,0.13376446508574508,0.13184867464860078,0.11533879033772511,0.09076491168269213,0.06196650996321492,0.036974439820666886,0.019714966994434105,0.009615248050675339,0.004030419090993734,0.0015007551117991547,0.0005554845419067323,0.00017358891934585378,0.00006627940556841691
0.011763463102993754,0.016236448604024897,0.029229706804235537,0.04825526762233308,0.07252322420741285,0.09982782868638965,0.12220221615383156,0.13388526957739194,0.1313058531939986,0.11478402906100411,0.08971512900235241,0.0604412757074475,0.036160705839319386,0.019019254176573352,0.008832451454626866,0.0037319551219389137,0.0014016510787510329,0.00048245807660046806,0.00016081935886682263,0.0000409931699072293
0.012062142798631372,0.016967655750823887,0.029666223479669063,0.04911971720048645,0.07458144033673808,0.10123409725329079,0.12323486600419661,0.13517886061033776,0.13054587615548938,0.11440053182439709,0.0869145363234803,0.059092999955891345,0.03508843786035198,0.018290915506713967,0.008342837699040321,0.003459379076112641,0.0012271658926647298,0.0004080050913994415,0.00014020252175502048,0.00004410865852966938
0.012482105989237607,0.017236519057810446,0.030358006201682247,0.05057095477244489,0.07604698664071347,0.10183483493414845,0.1245470393975329,0.13469682151974283,0.13166369811130585,0.11309644734003262,0.08620149325421388,0.057574225695248255,0.03351396638366965,0.017447546335448327,0.008069431124003724,0.0030598955257492653,0.0010897826576523372,0.00035906133807042326,0.00010708846924907361,0.00004409525204373619
0.012615684441023168,0.017816860057836312,0.031155104912938544,0.051933045883373385,0.07707468504079554,0.10343003678918704,0.12537603838543163,0.13606332084988215,0.13051109736304803,0.11258246870085527,0.08505275950387335,0.055901618440875205,0.03234992703556603,0.016540179239060447,0.007353114802098732,0.0028115313715581965,0.0010216594961597251,0.00028965384790969104,0.00009602654740484322,0.000025187291122581823
0.012859490873630653,0.018376992584087634,0.031525884915735415,0.052444577261538707,0.07812738382654788,0.1055780558198791,0.12638035844887108,0.13570097279783574,0.13103909278934248,0.11110499453440181,0.08357882650854441,0.05485887746836635,0.03144095187914344,0.015833719988361025,0.00714381207779237,0.002796498871491596,0.000869777208062347,0.00025794477779787507,0.00006291336043850613,0.000018874008131551834
0.013086529701560408,0.01833719095130275,0.032499972464317683,0.05317218927555983,0.08006117641875637,0.10662760271202881,0.12753269272224035,0.13579497088298265,0.1299998898572706,0.11086967125542266,0.08296422406807452,0.05355139495766591,0.030202709825832876,0.015168227284242199,0.006484259817257478,0.0025663255913484454,0.0008622602232121083,0.00017937530190908823,0.00003304281877272677,0.000006293870242424147
0.013621866664151668,0.018890790857347652,0.0326949949935789,0.054207672949450086,0.0809075376110333,0.10728831169647729,0.1286453740511771,0.13577854170891085,0.12958849890676108,0.11011454251371067,0.08079121887884458,0.053028766879970074,0.030227151621467406,0.014701744623795355,0.006169608430278708,0.002265071528160921,0.0008047998767650185,0.00023420933913669484,0.00003772499422336026,0.0000015718747593066776
0.014040718713615907,0.01928474778942068,0.03353629755498914,0.0545706284024041,0.0819613581295824,0.10863148620157963,0.12914188615123195,0.13581453160892418,0.12889486767991445,0.10892098555649961,0.08041945939142205,0.05181094433430881,0.029366877497718623,0.014393152710909718,0.006074766355140188,0.002133484376475031,0.000752068976368042,0.000196670757418421,0.00004877434783976839,0.000006293464237389471
0.014376027588895283,0.019636968365194483,0.034025570655676386,0.05552202301799125,0.08230928107287354,0.10921599879282863,0.12959015903853832,0.13638992892149931,0.1291814812369734,0.10824617493296108,0.07899113169170605,0.05114131135275496,0.028329230836940715,0.014045941672246692,0.005869241965551603,0.0022178629923388636,0.0006806057233754275,0.0001713303091176017,0.00004401145555314541,0.000015718376983266216
0.014567806546318672,0.01986590514030296,0.034843917481053525,0.057288932616232816,0.08311146595920574,0.11015518666721158,0.12914567177878436,0.13746923456541765,0.1284667104638626,0.10729946280329297,0.07786208912624595,0.04968362288728299,0.028092024404887266,0.013544649564804657,0.005654867618260288,0.0020463139630280416,0.0006946780120264162,0.00014302194365249752,0.00004715009131401017,0.000017288366815137063
0.014858750056895501,0.02067229291215492,0.03543530157753562,0.05765358253300332,0.08411116674226575,0.11158580704499683,0.13024596120433252,0.13596376266807716,0.1281474982460491,0.10581464152696533,0.07785030754960112,0.04896308933927453,0.027287866112726867,0.013334735447700872,0.005381921827938595,0.0018944239271863174,0.0005838655351394449,0.00016009216286081552,0.00004237733722786295,0.000012556248067514946
0.015066472503805496,0.020666720077162463,0.03623587960017531,0.05801950739813913,0.08480958372802119,0.11145513753988114,0.13089027441998563,0.13638527189869598,0.12771392081736913,0.10517312069672426,0.07627175888617123,0.04959635803254583,0.02685291220728299,0.013077716984066389,0.005202810648796143,0.0018787927342874956,0.0005026870192073572,0.00016494417817741392,0.0000314179387004598,0.00000471269080506897
0.015623258260262039,0.021046103605548448,0.03624074670099776,0.05883488896041198,0.085931845478738,0.1123238635025552,0.1312849819840329,0.137119172286026,0.12673663717647793,0.10445492868189063,0.07578010315024297,0.04784004647256,0.026666771334594584,0.012373319098495136,0.00530038386962563,0.0017913915862686149,0.0004898459026431267,0.00012560151349823764,0.000032970397293287384,0.0000031400378374559413
0.01594043879766239,0.021315137216490147,0.03674855861074092,0.059132670600368226,0.08645353099163497,0.11218898092641343,0.13240217938997806,0.13721335072575694,0.12587060225191074,0.10376119009385314,0.07527089327676087,0.04740848178897086,0.026327231857645843,0.01261264655236014,0.004947736394902199,0.0017329635088743744,0.0005085871167348705,0.0001224376392139503,0.00003767311975813857,0.000004709139969767321
0.015858645134767892,0.021292353267913344,0.03737537618582873,0.06037174534533781,0.08693462290410756,0.11318682353236534,0.13224952064746326,0.13736156832225047,0.12581631148029715,0.10267872553419172,0.07406035919274208,0.047026759011984595,0.025972905205878388,0.012651455003624565,0.0048374594786276225,0.0016914632883427104,0.00048013707442752306,0.00012081880631019366,0.000025105206506014262,0.000007845377033129457
0.01609591995169499,0.022016420567270215,0.03787552049434219,0.060691796773915306,0.08761399904330984,0.11375987076841036,0.13236984700799065,0.13616210409102672,0.1269418065760686,0.10275479717384317,0.07296095606282788,0.046405746414372305,0.025600087827293894,0.01185041129835402,0.004753652282333383,0.0015652078448593577,0.00046893501564423674,0.00008939563843385112,0.000021956823474980982,0.000001568344533927213
0.01646340506348982,0.022167286653796046,0.03803581799061387,0.0612782721978936,0.08835208990598169,0.11435230964825539,0.1323962894947497,0.1367832870304971,0.12514636405016408,0.10261336346941657,0.07304861013011882,0.04577231561268855,0.025206008381598154,0.01169185854875924,0.004548665065687244,0.0015821443706738234,0.0004426237227480341,0.00009417526015915617,0.0000204046397011505,0.0000047087630079578095
0.01686528164220446,0.022596309180623046,0.038644441028761786,0.0617316674561076,0.08874466343152726,0.11536398455414361,0.13298211053637024,0.1364796998660564,0.12462083308499926,0.10162300692303108,0.07227776191925114,0.04581528336747273,0.024478420030678415,0.011262865011872982,0.004463739566047975,0.0014868675715437388,0.00040935910988704194,0.00012233720525359876,0.000029800088459209944,0.0000015684257083794711
0.017062672932495936,0.02296198465331937,0.03916822998688693,0.06230275499896477,0.08900102269376282,0.11557380649128199,0.13288117302347172,0.13653275443428722,0.12494745361801449,0.10092513003268858,0.07238224904789094,0.04469265856458971,0.024011343744314007,0.011208849124436107,0.0043307630048374035,0.0014807099878908052,0.00043135089689615586,0.00008783872809521716,0.000012548389727888168,0.000004705646147958063
0.017003933031821804,0.02320771049874858,0.039836845043564446,0.0629786913730484,0.08998300077155168,0.11501295328662205,0.13350823929393607,0.13696924456934242,0.1254524241150678,0.09977480726889516,0.07122582628168539,0.04418074382601823,0.02350566745494577,0.011085566965041807,0.004408194757212127,0.001332965330355856,0.0004140033496634657,0.0001066372264284684,0.000010977361544107037,0.0000015681945063010055
0.017257164356932343,0.02347306703455194,0.03945726468928324,0.06346805041700632,0.08985545870696685,0.11594500533015613,0.13324292970464663,0.13690662820593213,0.1253542986141594,0.10058474948266131,0.07027340565623627,0.04387972659434375,0.02337273468363956,0.01075123847745658,0.004264124913776885,0.0014610898601617865,0.0003558663071424094,0.0000768169561673042,0.000020380008779080705,0
0.017744867575615112,0.023201692524682647,0.03962701770882308,0.06429399780598652,0.09071932299012693,0.11668860680144179,0.13296975395705998,0.13724024447578748,0.12376430026641592,0.09947970537533302,0.07068954709293214,0.043773703181319554,0.02311706629055007,0.010503055947343675,0.004214073029305751,0.0015154364519667763,0.0003322363265945777,0.00010970067387556807,0.000014104372355430183,0.000001567152483936687
0.017949216240020816,0.023675788853400378,0.0402004143694031,0.06358940443017938,0.09156717517294125,0.1163384413817746,0.1343785555997856,0.13701773137453416,0.12328430066543589,0.09948000087763563,0.06973598839013415,0.04325019825162441,0.02327615119154712,0.010456401881901587,0.004070035324834893,0.0013070502352376982,0.0003228445425167456,0.00006425546719993479,0.000031344130341431614,0.000004701619551214742
0.018085988374188754,0.024334587650435776,0.04020606115697041,0.06393882735717317,0.0914204396744522,0.11771094703814518,0.13439895433523016,0.1366902641275235,0.12361005104511623,0.09873319719212682,0.06976427092622518,0.042933064603338546,0.02264196482165554,0.009972369499563526,0.003820939311635371,0.0013086482055847145,0.0003306883489561378,0.00008619838479899322,0.000012537946879853556,0
0.01862509778960224,0.024358429659684332,0.040390437235145,0.0640073120754285,0.09250778789337287,0.11798560474344241,0.13338109803417425,0.13689760429192488,0.12404346483258574,0.09820976437997078,0.06891756512905092,0.04231252224272516,0.022619773645486636,0.01020460955492601,0.0038504410918571634,0.0012887062611997506,0.0003119860656675795,0.00007682068953623819,0.000007838845871044715,0.000003135538348417886
0.018452393076553067,0.02463191573036349,0.04078578960480198,0.06430839954436987,0.09243274833643304,0.11830401559295371,0.13512065267290985,0.13640074141737324,0.1232034495023009,0.09744342618807751,0.0689963132817433,0.04248891869321271,0.021830448563778033,0.009963383508007215,0.0039483765435097,0.0012816555605519577,0.0003164968499162538,0.00005953901137038437,0.000026635873507803522,0.000004700448266082976
0.01875533222188305,0.024661672967493997,0.04135377775690548,0.06460657008007135,0.09267303793802491,0.118270833822528,0.1338280069817863,0.13661915608049408,0.12345238374777903,0.09811757891688389,0.0686907585256847,0.041749829760255486,0.022053678352548903,0.009932608542512978,0.0036349120623664494,0.0011678055118541654,0.00033656593170059703,0.00006574776340197715,0.000021915921133992374,0.000007827114690711563
0.018638797286622454,0.02464640828558173,0.041697491003473225,0.06553985430015173,0.09226455431143654,0.11820871942121298,0.1361939362782591,0.13663749326044158,0.12257689365917268,0.09715308515040187,0.06813536794854111,0.0415188143392725,0.0215947989417326,0.009864832670871314,0.003750642609055459,0.001145724925708124,0.00032600654520833084,0.0000909056712600153,0.000006269356638621744,0.000009404034957932616
0.01880994535159852,0.02499174247156044,0.041909109267060214,0.06554364279888732,0.09278644231235841,0.11874560707314052,0.13523874823695894,0.13706088342248332,0.12268417419236677,0.09700208668917726,0.06780722310667787,0.04133773526129013,0.021366256999331572,0.009561513499297916,0.003639574146343754,0.0011850140338848267,0.0002692502164176885,0.0000532238799895431,0.000004696224704959683,0.000003130816469973122
0.01890530137072041,0.024995305752018526,0.04208706265256307,0.06553326657069537,0.09292107404393814,0.11877699192589347,0.13501752519246418,0.13690774237967077,0.12247449458596733,0.09735400888777619,0.06823245916004256,0.04098234962758965,0.021349439819740884,0.009422920448144204,0.0035973587031357577,0.001129749014207924,0.00024097139638229974,0.00006258997308631158,0.000009388495962946736,0
0.0189514373333918,0.025141196039306223,0.0420972506319756,0.06590088241651187,0.09271168442254503,0.11874563412135813,0.13504230399358472,0.13772056497210539,0.12239496048390382,0.09685750711853576,0.06791662620560898,0.04040884985136435,0.02162499960844138,0.009384877066254849,0.0037511316044192868,0.0010258835911877379,0.00025372998743879946,0.0000657818485952443,0.0000046987034710888775,0
0.018724921281776816,0.02528842482174939,0.04257826438055176,0.06572110900361196,0.09247904498989025,0.1187330591497806,0.13583040683080122,0.13718567484835395,0.12291623629864723,0.09666691706260519,0.06746605570057654,0.04051093291266815,0.02124140046448447,0.009582339574452101,0.0035775319724314068,0.0012081604036382535,0.0002535258878100998,0.00003286446693834626,0.0000031299492322234534,0
0.018878851053972672,0.025375792748968565,0.04263314739339756,0.06615267108665303,0.09288075427755764,0.11866192112891208,0.13596466515160047,0.13669559065667475,0.12324624833311419,0.09609400922813015,0.06764425996531626,0.040286986082677535,0.02107945332406764,0.009358037676314258,0.003566979070801172,0.0011112571918687273,0.00030207413807135827,0.00006260603897851985,0.00000469545292338899,0
0.01897814789305616,0.025571348068373922,0.04240185335921358,0.06628263728007013,0.09410024419259909,0.11890927305741655,0.1348318827875524,0.1360559764573289,0.1229227975705967,0.0974782418132866,0.06695416692755618,0.0401994239559201,0.020969256777909957,0.009520380690000626,0.003392085655250142,0.001073821301108259,0.0002645419823429967,0.00007670152150773275,0.000014088034562644794,0.0000031306743472543985
0.019378262495052978,0.02533815756335713,0.04254520369231923,0.06684311710333456,0.09450891872486399,0.11929019370441109,0.13441988008253125,0.1358762218958098,0.12257361096120123,0.0965518643834481,0.066721103503511,0.04092461280235517,0.021017624708066823,0.009232362386648582,0.003397609472009612,0.0010418084292626157,0.00025184858425117293,0.00005944252299096003,0.00001877132304977686,0.000009385661524888429
0.01936795994993742,0.02556789737171463,0.04288016270337923,0.06665050062578223,0.09449155193992494,0.12049906132665837,0.1342255944931164,0.13609042553191486,0.12188360450563204,0.09643460575719648,0.06669274092615769,0.0396229662077597,0.021140488110137676,0.009583854818523155,0.003430851063829787,0.0010826032540675848,0.0002784730913642052,0.000057884856070087624,0.000014080100125156447,0.000004693366708385482
0.019147068075855818,0.026091284280905055,0.04283909983425908,0.06662660087111806,0.09437842456909708,0.11974664644596052,0.1344363947670315,0.13615171163895712,0.12195496041155077,0.09616260452712187,0.06705229994882221,0.04044610759231174,0.020968809717207472,0.009176006222718872,0.003452544725791888,0.001014165449824634,0.00027388727425819575,0.0000626028055447305,0.000018780841663419146,0
0.01960983762534898,0.026182443006121908,0.04280174518321918,0.06670724989671621,0.09412127395871155,0.11998917085018214,0.13498097074251655,0.13644885261088927,0.1225149292036506,0.09517445572567824,0.0662205641173304,0.0404794246153461,0.02076160847302728,0.009259549056674641,0.003276913254128222,0.0011063885724301107,0.000295767242134782,0.00005946642963556469,0.000009389436258247054,0
0.019540053588420894,0.026229215705914754,0.043534331647217914,0.06739714278559623,0.09427743276406068,0.11922015074873542,0.13606982771573095,0.13695879451094306,0.12090730956077526,0.09523213301948213,0.06592596534281564,0.0396544924124806,0.020871938698853103,0.009243376571342717,0.003535521109831223,0.0010298242099464115,0.0002817148294686233,0.00008138428406871335,0.000009390494315620774,0
0.019739013847191213,0.026226902443870454,0.0435597497461635,0.06682666057563391,0.09427854897831792,0.12075889679297742,0.13587644381726277,0.13524283039029023,0.12145978275664077,0.09554264687706808,0.06602095461294041,0.039909823511282236,0.020601041003393345,0.009164709765938505,0.003394916386494803,0.0009856208864017172,0.00030976656429768253,0.00008135283506807825,0.000017209253572093475,0.0000031289551949260864
0.019939314450258015,0.02645652354027179,0.043669521690941404,0.06729655411753485,0.09518658227175304,0.12090681282056491,0.1350917865031711,0.13512930461738554,0.12116631311054867,0.09543513977842429,0.06555039855180078,0.03995679163846295,0.02053647776817244,0.008944943730644946,0.003323479617502827,0.0010239318671045861,0.00028451236612677056,0.00007972599270585328,0.000017195802348321298,0.000004689764276814899
0.020113908966656137,0.026625673617344685,0.04342583875719751,0.06763853138126351,0.0952150102117731,0.12078979385667238,0.1361528044062315,0.13550068964654444,0.12082888946576632,0.09468956522555039,0.0652333695098036,0.03983217036928149,0.02053926919359833,0.008904415927238377,0.003183946404611405,0.0009883369978950925,0.00026741396620262776,0.0000516062040040159,0.000009382946182548345,0.000009382946182548345
0.020353333239503148,0.02655863683491984,0.04397664879201442,0.06864304335111417,0.09581314029334446,0.12056554586498147,0.1353281632895616,0.13542512115823993,0.12025590621984728,0.0949827430632119,0.06486794181902343,0.03955881042078149,0.02041275902998344,0.008860698127931214,0.0031792797906961094,0.0009195359158530806,0.00025334152783707334,0.00002814905864856369,0.00000938301954952123,0.00000781918295793436
0.020431262379681615,0.026889411043731243,0.04435189484364277,0.06840853770067395,0.09601552081818854,0.12000337680975899,0.1361354600981464,0.13506613700780262,0.12076628568123228,0.0940347717604904,0.06539442232321385,0.039039672824654446,0.020440642406789892,0.008560838074155367,0.003204842595328435,0.0009614527785985295,0.00022824732630143953,0.000053153486946910614,0.000007816689256898619,0.000006253351405518896
0.020677141209401777,0.027013129906523072,0.044104982987854716,0.06859403254266325,0.09576032645814483,0.12020405196948598,0.13591274027603906,0.13525163440063634,0.11993367060673264,0.09468036390518203,0.0655245007712902,0.039080265755184515,0.02000665794569555,0.008819433699520344,0.003214881290078567,0.0009299243401053703,0.0002141170329318246,0.00005939012592269594,0.000009377388303583569,0.000009377388303583569
0.02077050616279797,0.02672996308577865,0.04401082400050053,0.06860414190076958,0.09560626916098351,0.12138678596008257,0.13488706750922858,0.13583651379590816,0.12072201714321462,0.09410467371582308,0.06489394982168555,0.038924169430019404,0.020130763936682724,0.008782769192266783,0.0032706625789901767,0.0010526809735343801,0.00022523931677407232,0.00004692485766126509,0.00001094913345429519,0.0000031283238440843398
0.02065645514223194,0.026997499218505795,0.043704282588308836,0.06899968740231323,0.0962738355736167,0.12075179743669898,0.13582213191622378,0.13556423882463275,0.12002344482650829,0.09494529540481396,0.06435917474210691,0.038290090653329154,0.02011097217880587,0.008916849015317287,0.0032854016880275072,0.0009987496092528911,0.00023757424195060956,0.0000453266645826821,0.000014066895904970303,0.0000031259768677711785
0.020578911893356863,0.027117435384969062,0.04364593449591125,0.06884294250759644,0.0969987848761653,0.12071481184346958,0.1360156761921741,0.13452687581809739,0.12010646799313775,0.0945575901451424,0.06498488523569806,0.03868222400502939,0.020017484021199766,0.008828023226536927,0.003144934403643183,0.0009336279656762705,0.0002298882930559663,0.00005004371005299943,0.000021894123148187246,0.0000015638659391562318
0.020593824821990094,0.02703281383820008,0.043997674462219395,0.06840331826734931,0.0968114501478467,0.12067790676593963,0.13515000343829509,0.1359923857392022,0.12040909460312699,0.09432806336465308,0.06455399061032861,0.038685508523846154,0.02001712896107224,0.008808286916349403,0.003236685983633715,0.000968974075254903,0.0002453692416371285,0.00006564017929146114,0.000018754336940417472,0.000003125722823402912
0.020575713783540995,0.026898410342537978,0.04424481506073506,0.06910908877865873,0.09629809006757026,0.12030465179861738,0.13504823653478107,0.13585595438034606,0.1201827910791704,0.09421395930164432,0.0651501777135492,0.0386423466000078,0.020158575166972618,0.008677108151388509,0.0032433699175877825,0.0010967464750224587,0.00023590985431394773,0.000053118775143537866,0.000010936218411904853,0
0.020930461388523156,0.0269201874854552,0.04413967385277614,0.06893885793806608,0.09661186106334427,0.12076599772281077,0.13560989780761967,0.1354724542883159,0.12051766227315962,0.09399731048022453,0.06485772252964797,0.03853416486662511,0.01962943352965892,0.008626142694486484,0.003120592631465507,0.001013645954865423,0.0002702014640858523,0.000034360879825946524,0.000009371149043439961,0
0.02060159211879319,0.02723854590234129,0.04434116474085095,0.06926216826951628,0.0968429540773431,0.12103884657338151,0.1360802122825057,0.13494410081543734,0.12039343524477188,0.09405815265462525,0.06479898484455433,0.03853402552265816,0.01937327903335198,0.008257514431897383,0.00308797284584202,0.0008891986585445895,0.00021722076192917048,0.0000343802644779982,0.0000062509571778178534,0
0.020486429635232468,0.0271266645517099,0.04454536504101506,0.06980920068699628,0.09707807784812006,0.12180119302314313,0.13527700984705116,0.1349081947281317,0.11957580010220552,0.09446667927305913,0.06419258400311306,0.03839271621395652,0.019698790567709606,0.008404608938765748,0.0029708370384145953,0.000976734954765451,0.00024691859656470605,0.000037506622262993306,0.000004688327782874163,0
0.0205844082725487,0.027137262752261433,0.044894090857907853,0.06984185569332019,0.0970698262164225,0.12204886959350407,0.1353453776571121,0.13466194152163843,0.11945118670787085,0.0942453739036871,0.06430242596369184,0.03842412451361868,0.01940364332453363,0.008224692531935395,0.0030840642085903382,0.0009414841042451237,0.0002877625833573135,0.00004691781250390982,0.000004691781250390982,0
0.020826557418063545,0.02749093069802352,0.044567800850637995,0.06974293219914937,0.09664435826870153,0.12198367525644238,0.13519514635976984,0.1357064673505129,0.11937859644733546,0.09356861396047035,0.06433106079559668,0.038494495871903935,0.019384851138353764,0.008487615711783842,0.0029897423067300464,0.0009225669251938948,0.00022360520390292705,0.000057855891918939185,0.000003127345509131849,0
0.021086054404238132,0.02697409418677112,0.0450005544440644,0.06955383651865349,0.09758059352065733,0.12224476440812705,0.13545458946931108,0.13587471750684468,0.119005561620601,0.09318720999061351,0.06382822541977663,0.0378099615637509,0.01969291607903405,0.008505640492221382,0.0030439760042856186,0.0008746159889173662,0.00024364302548412342,0.000028112656786629617,0.000010932699861467072,0
0.020782948414702213,0.027541236815240625,0.044958329359862055,0.06991225012076752,0.09765203022235283,0.12244023768914376,0.13644770104071074,0.1351923446711451,0.11904780515868611,0.09271033472522078,0.06375897157704338,0.03779201105589071,0.019200855455797538,0.008446688000950504,0.0030172326192549463,0.0008754664594729377,0.0001875999556013437,0.00002813999334020158,0.00000781666481672266,0
0.020853089453629688,0.027414594975449045,0.04558371621801072,0.0702127958731255,0.09705560251024455,0.12166281048028658,0.13583253788097738,0.13474832720665772,0.11965217771681481,0.09362487248026471,0.06375752425023082,0.03758024174461058,0.019411120502048906,0.008492462861097616,0.003015168013597939,0.0008483089281780733,0.00020621874497146528,0.00004061884370650074,0.000007811316097403988,0
0.021087251826181014,0.027385290195912914,0.04570571950672401,0.07041328825132125,0.09788142680503907,0.12137597053724813,0.13536014806408397,0.13468798214227098,0.12002538598737265,0.09353266960856493,0.06317109123792643,0.03732396677937169,0.01942403196383434,0.008294214839860375,0.003106031829401164,0.0009551008795994517,0.00022197107185453708,0.00003907941405889736,0.000009379059374135368,0
0.020928855638230905,0.027704137186563164,0.045992866973587836,0.07056634605019985,0.09762529271809549,0.1219909985768316,0.13571496638916708,0.134315231026634,0.11956645696672971,0.09205603315623143,0.06312868973209751,0.03784596974634484,0.01972752026569976,0.008470273588899593,0.0031072250402658227,0.0009748156989069249,0.00022183305968715285,0.00004530393472484107,0.000012497637165473402,0.0000046866139370525256
0.021467223953758094,0.027796100449226754,0.045815188678360534,0.0710775502293026,0.09740748961338987,0.12225251107436155,0.13564803381236268,0.13488056570683657,0.11884657828018368,0.09234782717431061,0.06255881056511287,0.03775911817758368,0.019371145074918012,0.008510924306699637,0.0030651832076102835,0.0009143968263396301,0.00024540222518858466,0.00003126142996032925,0.000004689214494049387,0
0.02128889527725873,0.028028972645972504,0.04604625874147727,0.07042865267197039,0.09834513445782529,0.12191978151775167,0.1351015230012561,0.13488435314630687,0.11928249579721648,0.09191128220832052,0.06293863623580584,0.03728447063676076,0.019585908644922604,0.008568053845625045,0.0031559935755219887,0.0009358614612562728,0.00022966883940679812,0.00004843356477286221,0.000012498984457512827,0.0000031247461143782067
0.021260812733374664,0.02781677658343392,0.04648674986296192,0.07109269708105002,0.09830978568963337,0.12170854852084766,0.1359792482973703,0.13463619710369443,0.11878506964345113,0.09157578947204031,0.0626455297478031,0.03718690119047433,0.019661644800439776,0.00859552763952506,0.0030218651857705295,0.0009619994596561478,0.00022488299056896974,0.000040603873297175064,0.000006246749738026933,0.0000031233748690134664
0.021157805611879858,0.027929740588806855,0.046302226693452395,0.0714341505478472,0.09803293644222687,0.12196668864095779,0.1354371373851427,0.1348044652592706,0.1191141965376432,0.09147345432732114,0.06252362757013288,0.03736046064779377,0.019544101152556777,0.008571535690518668,0.003174295703140866,0.000885740976220901,0.00022182578240452906,0.00005623752229973974,0.000007810766986074964,0.000001562153397214993
0.02097108180111749,0.02808429035008542,0.04679413702959906,0.07078071953501008,0.09918045843106515,0.12251584270048942,0.13546641097636009,0.1344107514858876,0.1192723445322773,0.09166591188054182,0.06226985529969175,0.03653112790033076,0.01909556841641707,0.008524918873505134,0.0030857738952273558,0.0010181804553078125,0.0002795311372700897,0.00004372554102548887,0.000007808132325980155,0.000001561626465196031
0.021538211620856246,0.028190705876656286,0.04656745979060029,0.07155609634948477,0.0989579997844461,0.12324530506348688,0.13583802840001186,0.13434008475330786,0.11815167187068017,0.0909481405349174,0.061979566111797516,0.03685191288497072,0.018909390810217253,0.008537810190702754,0.0031739535871767276,0.0009106372742736378,0.0002561655454217438,0.00003748764079342592,0.000006247940132237653,0.0000031239700661188266
0.021340348881896943,0.0281720725759332,0.04654570677798227,0.07193072354093566,0.09931542160468176,0.1227929298768009,0.13608768602503976,0.13452387275777927,0.11802337752420711,0.09051213712814522,0.06216353018737638,0.037139393409175415,0.01875169894798016,0.008383038953166838,0.0031026305182611535,0.0009264148526328623,0.00023589990345288715,0.00005155428353606143,0.000001562251016244286,0
0.0216424728453964,0.02781443508273272,0.04657707534572826,0.07233471025979399,0.09904968648243444,0.12299727477881983,0.13608770683179372,0.1339387645143406,0.117712375939967,0.09141906717787343,0.062071011923818746,0.036691315992909736,0.018931307247214257,0.008338083599478388,0.003053184760625631,0.0009932611292879287,0.0002733029836877162,0.00006403098474969349,0.000009370388012150269,0.0000015617313353583782
0.021607107006625173,0.027917022184300342,0.046743249347520575,0.07201898464163821,0.09960819865488857,0.1224826214615539,0.13573924663722145,0.13414569112627986,0.11713103543465167,0.0913408452118049,0.0623713862678177,0.036877635013049595,0.01923402680184702,0.008326954928729174,0.0032012271632202364,0.0009363707086930337,0.00024154286287894007,0.000058033025496888175,0.000012547681188516362,0.000006273840594258181
0.01815297282685649,0.024954303808874062,0.04269858534890009,0.06765128013695988,0.09426287538455597,0.11803293987411018,0.13175306035758882,0.13429692226498638,0.12199274009808589,0.0970673986638691,0.0684718807522494,0.04225610462496945,0.022273675132261507,0.010283252024148185,0.004146446638433715,0.0012534272143344442,0.0003588116415873954,0.00007079691582890316,0.000014481187328639284,0.000008045104071466268
0.010642506725747746,0.01470485836366514,0.02500237379332172,0.03926095901250198,0.05444690615603736,0.06786358601044469,0.07758980851400536,0.0912739357493274,0.12641398955530941,0.16062035132141167,0.14518278208577307,0.09510207311283432,0.05268238645355278,0.024790314923247354,0.010044310808672253,0.0032948251305586324,0.0008355752492482987,0.00021522392783668306,0.000031650577623041625,0.000001582528881152081
0.006630808345364184,0.009134928645347574,0.015505423464629305,0.02389454587267315,0.03427035555953034,0.0435538066461397,0.05247952626132284,0.07164690626157835,0.11429999616716284,0.1629754315135874,0.18019125857597323,0.14059805036348072,0.08153083517522454,0.03953092460809239,0.016262408810415102,0.005552822884593269,0.0015746572804742494,0.00029385085152866357,0.00005908957340522032,0.000014373139476945485
0.003991617603033631,0.005721855072090545,0.009554129875648234,0.015192289739933236,0.02234179191439912,0.02884909432128015,0.03688383427061235,0.05090921967094907,0.07517761088810275,0.11831444289572539,0.18232357211146913,0.2021496792220209,0.1370235408867185,0.06860592755214048,0.028702627707620436,0.010251053432952087,0.003125694106891657,0.0007452092541147463,0.0001223237652542563,0.000014485709043267202
0.0026079613327995308,0.003625860473258266,0.006181954333932511,0.01071711642788719,0.01490379394350011,0.020617320169801136,0.02719476397868896,0.03633478508226668,0.05002779772334216,0.07346703254845964,0.1334679726463919,0.21969764505467967,0.2081911705353858,0.11738419371204155,0.050501088406485366,0.01816982382888921,0.005368283364967089,0.0012205064534481333,0.0002706833701538357,0.000050246613621370695
0.0018789266631436805,0.002387802634411759,0.004374376137631379,0.007553219945328456,0.01096040553500479,0.015828978529348444,0.020793781274669083,0.027575532199453284,0.03670920347862394,0.0501878926663144,0.08471969415249314,0.16735169201260439,0.24394241872663575,0.19000482779767613,0.08904513990827187,0.03326613560892228,0.01020198461628795,0.0026128823909341787,0.0005300791367375834,0.0000750265855074733
0.0011902536912619642,0.0016411073621945258,0.0031494178249507343,0.0053807336290933394,0.008664587821376694,0.012382901005649607,0.017260317991192778,0.0225508808860996,0.02889726110493579,0.038204520340878165,0.05602389688402733,0.10552762995242264,0.20950760221262585,0.25141404105883397,0.1529820281529427,0.060373405207605826,0.018981759280208014,0.00471183072821885,0.0009836807365801359,0.00017214412890152376
0.0008722794856024416,0.0012845098663219314,0.002364553463806996,0.004399322623038401,0.007032650295074505,0.010554746667941827,0.014533594302646356,0.01999976915098679,0.025271371259627633,0.031667537846871256,0.04227669892506805,0.06722982833078024,0.14023417983467917,0.2494422522948865,0.22684872958841262,0.10779989347966958,0.03635707065793617,0.009446671404567841,0.0020215777870483806,0.00036276273503315146
0.0006270173331414228,0.000984367581053158,0.0020332567346459337,0.0037025456241965822,0.006255283737751243,0.009435039184447323,0.01365210298966497,0.018216590647019023,0.023131810955101258,0.028612835822377072,0.034583562881235645,0.04799577797299689,0.08692048460664176,0.19008717029890027,0.2654533302230626,0.17699259987194946,0.06726456657220047,0.018995812715382105,0.004150887833382137,0.0009049564148505498
0.000481129759036944,0.0008660335662664992,0.0017503168820137114,0.0034143622210276946,0.005645808862078351,0.008811310862914522,0.013388679846303939,0.01796770789782795,0.022800573373947326,0.026843722417992287,0.031149004227305634,0.038209998208206405,0.056892764472051396,0.12103731576048377,0.24262876027792715,0.2429307106784262,0.11839607929018438,0.03613450397180912,0.0087101077067033,0.0019411097174938782
0.00043448658168930413,0.0007724205896698735,0.0016230820580347555,0.003029753174998211,0.005183874388431002,0.008796272404775027,0.013229367297643284,0.01855307644799729,0.02316096479326929,0.02680665680054735,0.030229279068567295,0.033297320333139674,0.04225340389439811,0.07526273120595829,0.17784817607194164,0.2678934392526166,0.1830054152676254,0.06730713207226792,0.017499321634934725,0.0038138266614950005
0.00047883131790395347,0.0007190811777582018,0.0014164731320573396,0.0029530711940418037,0.005148687968820905,0.008944302074157124,0.013452323750033362,0.019260030431648915,0.024190157764074637,0.028292757801446834,0.030853754571420946,0.03192486852993781,0.03480953524999333,0.04889585168575319,0.11347801713782335,0.23986279063559426,0.2407854168335069,0.1132844825284963,0.03297596166680014,0.00827360454873068
0.00040357557915607464,0.0006380178243089812,0.001426748520501974,0.0028886633777768845,0.0054792501867165005,0.009607108288873034,0.014058161771847507,0.019907495788412527,0.025457078648674896,0.02945934269092809,0.031706639069465234,0.03202815986281778,0.031149001443494393,0.036268215325154646,0.06888582997578546,0.17990428058047908,0.263362370679983,0.17145598681764745,0.05932728472340838,0.016586788844568136
0.0003407406661396099,0.0006344826197082392,0.0013881405462928926,0.002912241653951838,0.005705308001027259,0.009767339587519158,0.015247725178385291,0.021245096607532224,0.027457319294146465,0.03152942203333213,0.03328012407660116,0.03189534058120618,0.02987271741520508,0.02925334152453751,0.04423082410563967,0.11903431073870226,0.24485825691846233,0.22235426622420737,0.09690630974501521,0.032086692482388074
0.0003496985531222366,0.0006102912249200569,0.001444187774673083,0.0030581810967757147,0.00592974421568331,0.010250538838395553,0.01601720247882474,0.022713593522506795,0.02966048977972354,0.03362990460626969,0.03468068150868025,0.0336803418975854,0.029436884454890566,0.026410646975948138,0.030902928389133794,0.07276756142421462,0.19400535980282382,0.2531060965235257,0.1449954438313512,0.0563502231009519
0.00028790156796918267,0.00057748677083877,0.001419304221041059,0.0030776845979395675,0.006226081861696127,0.011181019373586799,0.016799309036236883,0.02438240062765908,0.031500808986569644,0.03620825216810085,0.037344705725873936,0.034233348429926286,0.029803705006961834,0.02465514948152463,0.02404062274287697,0.04397485996366717,0.13542822411874342,0.2492789833539017,0.19409111495354014,0.09548903701134603
0.0002632573712063936,0.0006530807862620147,0.001474916297656333,0.0032434658170428744,0.006588184469165136,0.011232314504806136,0.018338575980127447,0.02635105032940923,0.03325649368182308,0.0379529376822551,0.03867183281131873,0.03537267793498219,0.02932619613349173,0.02340290528134788,0.020167877200561613,0.02852123609461065,0.08623366454260718,0.21680932066097844,0.2344728777405767,0.14766713467977105
0.0003312439053656443,0.0006033371133445661,0.0014889075542200633,0.0033766598108191685,0.007109913825884006,0.01241826641136099,0.019137785634492623,0.02741888326863374,0.03525043560263575,0.04011769298760031,0.04025796464140312,0.03719057847692024,0.030090804770588245,0.022685137457770625,0.017535646745275132,0.019371008384188846,0.05142561630801628,0.1660613578634092,0.252483906785261,0.21564485245281034
0.0002739188659082609,0.0006239263056799277,0.0015572794784043718,0.0036015258295345413,0.007461752810204659,0.013234339280641716,0.02062676694577082,0.029086125502184597,0.036989192040797,0.041294114464268804,0.04225621220934164,0.03834695036995955,0.030563934692331627,0.02270821215523421,0.01585009536434591,0.014316487886699038,0.030560552977937687,0.11670803630608581,0.24531801642160508,0.28862256009306475
0.00029127167179778977,0.0006468940617834635,0.001601994194887844,0.003554530459904421,0.007698378023213675,0.013539052418740287,0.022102778257585762,0.0304599044222491,0.038744212668962975,0.04352987397419877,0.04434272515130886,0.039435136169506564,0.030942534808658217,0.02198085058101924,0.015137659733723495,0.01158312927381908,0.01845510860030414,0.0744622481431431,0.21971536661281532,0.3617763507723778
0.000342061547371291,0.0006604158587861557,0.0016645866389404902,0.0040793379585021775,0.008018125875262684,0.014046537304182464,0.02259299586647407,0.032175799314860885,0.04006692214035701,0.045363796002621325,0.04537903636859331,0.040359875841818556,0.031681334107769715,0.021913952893722163,0.014024523442222925,0.009523535358495741,0.011978927653982733,0.04564658946010157,0.18681809945862843,0.42366354690730645
0.00030530829353017777,0.000727651432913591,0.0019878962223187145,0.0043794778549717745,0.008353574142422925,0.014734517477203644,0.02382931231003041,0.032927499457229704,0.0418899940295267,0.04661888026487194,0.046729130481980026,0.04132517368649585,0.03158075065132437,0.021468261506730348,0.01315200282240556,0.008151731437255753,0.00843329353017803,0.02935878473729918,0.15624660768562748,0.4678001519756839
0.0003965900038981072,0.0008338559056319171,0.0020880294222327678,0.004454010813009507,0.00859786790502178,0.015417860108808027,0.024239445451926172,0.03419656627629102,0.04271647204379437,0.048107723336101554,0.04777723166618645,0.04114706031896684,0.03155602257512329,0.021097232344118103,0.012821381963628968,0.0074301306713217986,0.0063878107892819,0.019671881090791984,0.13235428707014898,0.4987085402437166
0.00042093114041787626,0.0008503487957635319,0.0020791961573060403,0.004453723034098817,0.008883683826399851,0.0159291885194426,0.024551487686066836,0.03522243155625711,0.043469626763073484,0.04817115603306344,0.047719673438905576,0.042096508647758706,0.03141707826264067,0.02106013544477825,0.012178148921363945,0.006789211942223805,0.005180168711916765,0.014562859616070067,0.11661999083456388,0.5183444506678887
0.00042236033273173825,0.0008803414164167558,0.002003243184562984,0.004435631606801187,0.009062936778255737,0.016416077510754076,0.02526868223576188,0.036041415059775025,0.04402894440448889,0.04959256645814396,0.04839672696185527,0.04162199937578874,0.031946724926383785,0.020363195961624583,0.011729404421044058,0.006364240836985876,0.004684976863474143,0.011992319487603978,0.10505916437110717,0.5296890478064401
0.00044685941089317547,0.0008835243105112215,0.0019998232951378976,0.004451603256806537,0.00901024888200193,0.016141309518954993,0.0259297394282918,0.036700240590466095,0.04549130748005272,0.049857956476233194,0.04862102244151747,0.042271541002324366,0.03169303646916501,0.020548736560235967,0.01147392244015822,0.005889029346599792,0.004118582555152309,0.010072177139827915,0.09784861830390515,0.5365507210917639
0.0004595619408097789,0.000880120469668912,0.002097705242736886,0.004615969014332904,0.009150539603725336,0.016674806509160714,0.026342565271362,0.03684804949024237,0.04636488200619985,0.0509469350101409,0.04953602897783929,0.0425154148267231,0.03180473874497195,0.020247858203943758,0.010909084742543568,0.005674148538559112,0.003561181091145887,0.009199717818793543,0.09422546007068093,0.5379452324264192
0.0004785411621762423,0.0008671437371349641,0.0020601027336239644,0.0046004435838999744,0.009178826759614523,0.01654870004802381,0.0266676395872328,0.03795917466922114,0.04682406485081226,0.05169262724188898,0.04998549103923188,0.042162530905783396,0.031055963861657477,0.020051214086079724,0.01083675128247334,0.00552019290978481,0.0033735454978949283,0.008942950087478007,0.09057494514594656,0.5406191508100413
0.0004267880641604726,0.0009060778346263994,0.002227088509408814,0.004796284911517689,0.009639990719053203,0.017115556255578313,0.027299193675407358,0.03878690573572675,0.047260003692055484,0.05235436280711382,0.04901288324128599,0.0418049070465758,0.03084221204931096,0.0196898334679748,0.010854304377795504,0.005162103252226665,0.0033126883075312863,0.008647539109537191,0.08909878280721541,0.540762494135898
0.0005000050847974722,0.0008389915829652496,0.0020559531113875716,0.005006830577938076,0.009556029383349655,0.01739170228849785,0.028166388132760668,0.03946650304918355,0.047827605026491804,0.051909002464431836,0.04960389427689096,0.04214619131719985,0.030732515923890747,0.019115448631681,0.010713668274592622,0.005225476869256293,0.0033576612643518374,0.008545849618809677,0.088760224680251,0.5390800584412723
0.00047144693508616636,0.0009395021656033672,0.002353842970861867,0.004821308044784067,0.009825768136292257,0.017959075692670867,0.02880744275650613,0.039070740782194906,0.048011274025987226,0.05195752229197828,0.050039513358228455,0.041807846369349845,0.030421894131333595,0.019074946495860418,0.010256514616550838,0.005168957763103,0.0031882022948273112,0.008525049434094096,0.08808087180374241,0.5392182799309447
0.000472132345973168,0.0009374957694234232,0.002304818119051809,0.004949774594879989,0.010060311099679153,0.018171172512759414,0.028591928736783692,0.03965573260048467,0.048526405566761896,0.052010708435431235,0.04943513341546291,0.04171517727808088,0.030262160369312414,0.019093438206506292,0.010290454465458187,0.004936236749834163,0.0030629374416180433,0.008484844382471197,0.08762539428973694,0.5394137436202905
0.00044330816177702294,0.000937376800093399,0.0023163697460791763,0.005162340464052276,0.010414357769990742,0.018041965377970964,0.02855446006927113,0.0402479818480536,0.04865222474708592,0.05224945051784144,0.04988401231110757,0.042219180353665155,0.030029897920681684,0.018522497889210187,0.0098915248616354,0.004971142669087379,0.003084544957708063,0.008453311359687047,0.08784269666723632,0.5380813555077654
0.0004044513338432689,0.0010661269469508764,0.0023607096682483693,0.005518476149217159,0.010500504294968557,0.01826800062275352,0.028974961247131618,0.04060589855886713,0.04823801368703929,0.05243990767002186,0.05037365211093133,0.0414351084064956,0.02998862797923253,0.018845062986103115,0.010106206551096255,0.005076794985480368,0.003142536096012344,0.008288713946294277,0.08693672959636099,0.5374295171629516
0.000500333837611244,0.001014190211374143,0.002557449649681798,0.005481698092477242,0.010796054800077752,0.01876928017849747,0.029257697281125084,0.0394705927096627,0.048730149339508616,0.052906922693351136,0.049997887103726275,0.04116260004563854,0.029844237286703112,0.01885548634646427,0.010189230990272224,0.004793739065761782,0.0031389187042029734,0.00872034550079867,0.08745869287784924,0.5363544932852157
0.0005152331641228786,0.001096348601690978,0.002554205062799321,0.005520596656896945,0.01100909682160263,0.018788272955326743,0.029074354058094647,0.040531112481312234,0.04912452594325679,0.053058880170280334,0.05004012061523906,0.04150921084861437,0.029711216034731782,0.018409872205282403,0.009978630493356871,0.004628652031792421,0.003062681070671409,0.008745449477587356,0.0864223391585651,0.5362192021487759
0.000474309634730943,0.001092093714131389,0.0025842279386942136,0.005740665721423268,0.01120113429208021,0.01879515225170482,0.02980892579839308,0.04067922490041189,0.04935014516237932,0.053391060698129766,0.04962696644385929,0.041361150496252795,0.029829181014111125,0.018741138343123354,0.00968874485179934,0.00476335156302748,0.0032053878873810004,0.008859968942002566,0.08579265410843291,0.5350145162379312
0.0004632682390734635,0.0009772592780454817,0.0025767182348465636,0.0057029334685941326,0.011252007777495986,0.019230704201538596,0.029813171020373643,0.04044128835911741,0.049591681460816626,0.05297320145405361,0.04986896610026208,0.04125116239749767,0.029723560740552872,0.01821624820356751,0.009493617381012764,0.004384140671231719,0.0030924000338152014,0.008955955702088085,0.08673936934652123,0.5352523459294952
0.0004767113005935224,0.0010379458814341236,0.002576269581930951,0.005723916538332155,0.011392047711701233,0.019580663102038192,0.029794456287095154,0.04059146010585696,0.04968109366362779,0.05296904926523913,0.049811259515208275,0.041137480496253084,0.02992462213867566,0.018654287950530212,0.009263751515079797,0.004466210128255626,0.0030901711258331872,0.008900301410017361,0.08665157644369986,0.5342767258385978
0.0004810248360717991,0.0011679620581111763,0.002634665856519574,0.0057942395166122335,0.011434888646969966,0.01967475969855776,0.02977290564318083,0.041049140484569244,0.04995907069377281,0.05293973687097562,0.04991181211338685,0.04145421403073494,0.029388085774323405,0.018175987577744593,0.009769023688363418,0.004769741006101419,0.0030363637898005863,0.009038203498822754,0.08673130965340892,0.5328168645619721
0.0005165978150951231,0.001122671722347245,0.0027855764539442916,0.005951004242517352,0.011328010912706788,0.01977590459485057,0.029976179100748387,0.04144093649392153,0.049829742190678636,0.052802711969706435,0.04979766585575442,0.041111732003909926,0.029282317329493178,0.01804209428078948,0.009685364918956609,0.004597045263085036,0.002986475604259062,0.009195778754323973,0.08635455830042699,0.5334176321924851
0.0005228220246367229,0.0011417758409001983,0.002551708784759231,0.006041124168544327,0.011497024974027553,0.019621004627818184,0.030101056437794295,0.04164193100098493,0.04948088832521554,0.05328399692378266,0.049954801192708835,0.04070759744727931,0.028925550143691733,0.017850155834693803,0.00987627669765371,0.004646369928626362,0.0032060795768851947,0.009525479984349071,0.08687278222270194,0.5325515738629463
0.0006200912949629381,0.0012267023443832026,0.002768505428326376,0.005965008652632606,0.011254319997438754,0.019448624256690833,0.030709684376900925,0.0418561624099983,0.05053912557017225,0.053797974930113346,0.05017684397121293,0.040769317613120304,0.028564640304923148,0.018124190132123262,0.009517053353126827,0.004541157717187818,0.0033313056797329567,0.009486722800655812,0.08649768055525128,0.530804888611046
0.000596381279692712,0.0011556993160146904,0.002879140132753799,0.006004245426058831,0.01118804541932006,0.019267832474139965,0.030674887967923448,0.04241045857340209,0.05056437211496344,0.05392533441153679,0.05029145186832442,0.04136257960173859,0.0292479530981502,0.017817311904039897,0.009629704504868766,0.004597526870851445,0.0031217359075440556,0.009707200377371206,0.0861754102227164,0.5293827285285891
0.0005949401436283259,0.0011999925843154905,0.0025938041955920507,0.005794346214714401,0.01137464880835006,0.019648193185323015,0.03032677887945637,0.041736820727512364,0.05117665003193799,0.05395247557458915,0.05015193726330908,0.041077836035844716,0.02931049302504311,0.018006630296104907,0.009540952275014029,0.004440983791673196,0.0031853735735340944,0.010088701699034442,0.0872135059839518,0.5285849357110716
0.0005240101095197982,0.001118786857624263,0.0026554338668913226,0.00581128896377422,0.011678180286436395,0.019922493681550132,0.03085593934288121,0.04226958719460826,0.051016006739679876,0.053897219882055605,0.050284751474304966,0.04085930918281382,0.029725358045492832,0.018212299915754,0.009322662173546756,0.004491996630160066,0.00337994945240101,0.010377422072451558,0.08607750631844985,0.5275197978096041
0.0005220489917718345,0.0012007126810752186,0.0026355053939449043,0.005924414042107463,0.011624852226454742,0.019853017948381138,0.03083457109465254,0.042203450912238503,0.050512450026439254,0.05342918826433867,0.050493925707376375,0.04173023876163241,0.029303788728457066,0.018473798192700074,0.009710111246956117,0.0045839269535578485,0.0035112004769170158,0.009885250263550544,0.08645299706642147,0.5271145510210267
0.0005774381610867284,0.001129623924458294,0.0027356764191426644,0.006023538601656895,0.01153024479674345,0.019912357344996575,0.030397152876332274,0.0423095506251652,0.05072533303703852,0.05281959855421604,0.05036338200312119,0.041201812112060025,0.029382006488182726,0.018350075673018485,0.00986695353390471,0.0049275845408188156,0.0034124406779090346,0.010373684981388982,0.08629922744497918,0.5276623182037801
0.0005978685564926836,0.0012092102072161883,0.0027501953598663446,0.006101627549783081,0.011788957451968419,0.019997440112096143,0.03096453881598448,0.042605292231413856,0.0507278839158201,0.05378459216943763,0.049865605885047556,0.041012098838619275,0.029182722103958395,0.01806910350030988,0.009638314785373607,0.004643165099296704,0.0034541645334267433,0.010210921290183502,0.08628506372773571,0.5271112338659697
0.000587619249665781,0.0011045221426382586,0.0026922727226807567,0.006128750913419608,0.012143008677907201,0.020268654806523404,0.031593374214122394,0.04264027936328338,0.051215479473735614,0.05381009627526847,0.05073056731355295,0.04106599856546817,0.028877529372543877,0.017524186677711887,0.009598903559726696,0.00466727954175801,0.003517296884102627,0.010269025225534661,0.08551459619276605,0.5260505588275901
0.0005741446339364939,0.0011028291355671654,0.0028016911169217763,0.0062112010398584355,0.01212270194821922,0.020404864570898445,0.0310677911595196,0.04274599403630413,0.051265559572135966,0.05352846393580356,0.05098101281807358,0.040585795897475616,0.028794784544228503,0.017963487095215405,0.009563464870261834,0.0048086717727936264,0.003263027274395674,0.01011235387513954,0.08671099310184582,0.5253911676014055
0.0005957108816521051,0.0011779593704985124,0.0028523444757071123,0.00641987856921689,0.01220702467656601,0.020582315800810432,0.031796489007956286,0.04225340261978164,0.0507582692747809,0.05371494729473217,0.04985124055949706,0.04121343277554152,0.028945827331349882,0.017602078593449196,0.009479207334311601,0.004891896985770251,0.003385791790632868,0.01047037600463106,0.08672641725340263,0.5250753893997115
0.0005818607435709433,0.0011166344905523301,0.0029362105730487476,0.006392059787032242,0.01213835504940771,0.020881401309018503,0.03144234197267609,0.04324267965370878,0.0505310740543922,0.053830527172560386,0.04972218672012163,0.04085637793368804,0.028896280799940808,0.017593719939997712,0.009153375801319781,0.00466329434081568,0.003440714107936849,0.010454994921331081,0.08748259462804635,0.524643316000834
0.000555663133434924,0.0012106720998173045,0.0028439849465805673,0.00636655244702257,0.012317199457807484,0.021101728449110513,0.031730048746811255,0.042836576104801426,0.050772455946858364,0.0538740665280315,0.05038854323648518,0.04078399016644636,0.029793646918174384,0.017860360170740126,0.009230743325728048,0.004507606691531187,0.0034653173594214365,0.010688938094075456,0.08710272190743999,0.5225691842696819
0.0005886122037809082,0.0012411308754008866,0.002926243527367946,0.006511732722970507,0.012458397730311342,0.021031954915668696,0.031623611085417724,0.04257011632658897,0.05103099631865111,0.05435245089712908,0.05034652441311159,0.04089173067123654,0.029597103355257733,0.017646593869351634,0.009298391070584692,0.0045995839352593855,0.0035182192294561715,0.010919597254712683,0.08712301490534277,0.5217239946923997
0.000611640321884121,0.0012568872548607767,0.002965783428916136,0.006455829990875806,0.012316822965413756,0.021204091268834397,0.03222201871552172,0.04273584699582103,0.0509140158051892,0.05467459558644377,0.05059475299981013,0.041221869166102376,0.028921849506234866,0.01763506917080728,0.00915444086160629,0.004402466053121971,0.003411071025892214,0.010964156868939253,0.08680083546035178,0.521535956553373
0.0006774862737582503,0.0012658738564267052,0.003098280899594182,0.006559680993063749,0.012337647054867984,0.021387048076308826,0.03213436755059293,0.04278082058213386,0.05115105422243741,0.05433339049098422,0.05005329110391598,0.040805519411746906,0.02901591336245011,0.018001297814896632,0.00921246843720896,0.004367516970778992,0.0033571714359683018,0.010782622729244209,0.08599200465330525,0.5226865440803166
0.0006577862716135786,0.0012987493649250193,0.003095464807593309,0.006487017553304239,0.012563549556036316,0.021286367505694646,0.03223489194472577,0.04291929248441335,0.05143686765878557,0.05433045432675321,0.05078581065849286,0.04095434525872367,0.02869865986561645,0.017617232317998447,0.009254430384005868,0.004510294102803077,0.003376411885239007,0.010803845105632736,0.08624065893024774,0.5214478700173953
0.0006358006209989129,0.0013001954498205296,0.003133588774923216,0.006569939750322106,0.012818615165695027,0.021797196422023598,0.03238546337754782,0.04361625900297045,0.05082199937429146,0.054320584802010345,0.05054614936941363,0.04120761749696396,0.028811187399710014,0.01766785640998038,0.00920733491891019,0.004551525080484285,0.003628100369033482,0.010852342874828015,0.08608370365635817,0.5200445396837144
0.0006198367931088927,0.0012531117822743474,0.0029950379461061143,0.00689547435152305,0.012707494145985846,0.02137345082796086,0.0328362320642077,0.04379676072284057,0.05150692571029263,0.054377660342875556,0.050475544162951566,0.04119143046237472,0.028628396923996907,0.017555323373390355,0.009144692416490012,0.004616020345428828,0.0036938241410473063,0.010921893844970249,0.08572897174283327,0.5196819178993412
0.0006311764222033093,0.0013446072185767308,0.0031810620214767827,0.006686105557541966,0.012908900762615548,0.02186455558297368,0.03285810448991376,0.0437307898266447,0.05220299036616626,0.05453632873548168,0.05014327369051877,0.04101303815763631,0.029245626669218237,0.01730531312897318,0.008965726784542218,0.004294014063819319,0.0035470100534989125,0.010787073641166127,0.08550258261948288,0.5192517202075495
0.0006473555692704002,0.001397013443529128,0.003183111063407303,0.006798910564306221,0.013002455255319722,0.021585786352537092,0.03312414468564682,0.04397825153621166,0.052016529369146976,0.05465123299433818,0.05021030670566453,0.04112720369227465,0.02936579279255105,0.01766643411060724,0.008922102664555773,0.004211165374191644,0.0034464137172297207,0.010776960850081844,0.08559684170982369,0.5182919875493064
0.0007443931603010433,0.0014787269535709907,0.003324620803776958,0.006754864961380412,0.012731805539022801,0.022212758965830012,0.03304502069714766,0.04416900407236711,0.05203542909068352,0.05471792696564224,0.050622088022814656,0.04089803322608929,0.02934317362970464,0.01734570188395178,0.008795239907520886,0.004291996599933942,0.003326297364948807,0.010931178840456761,0.08496309050580177,0.5182686488090549
0.0007545398145508819,0.0014503931990811397,0.0032093093445564177,0.006923321987290192,0.012989822096279285,0.02155133385871661,0.03225238518419155,0.044445748587333786,0.051830178239071746,0.05407367662100302,0.05083586243900803,0.0412481765287815,0.028929056489880794,0.017627726823052036,0.00902429618202854,0.004426633578698504,0.0034675296366471634,0.010905615452975402,0.08533174600513087,0.5187226479317224
0.000646069631203317,0.0013491947623051092,0.003102812332714114,0.007076560090349061,0.012825740756589486,0.022124109137102693,0.03300492858832948,0.044046845921622536,0.0515781719082212,0.05437053519737008,0.05030449177813467,0.04096584892710488,0.029031180830694517,0.017982551085648692,0.009365492498040811,0.0045845772271362675,0.0034837416996833415,0.011097294730253341,0.085052969319244,0.5180068835782523
0.0006569223189357863,0.001379201705316714,0.003256122616561816,0.00702504683923167,0.012811661041490001,0.021846018749099246,0.03284444012454711,0.043655169408870466,0.052587301959706526,0.05502562332208299,0.05006016201849438,0.04076940350783113,0.028443730916574216,0.017500611675118394,0.009220373976491569,0.004496231075777332,0.003534309108764215,0.011380508846665624,0.0857250109766357,0.5177821498118053
0.000745563478447352,0.0014592939095003218,0.0031766030452498387,0.0068491314604331955,0.013143697726785333,0.02165484934591466,0.033402919257988405,0.04423788333690758,0.05264348327257129,0.05473106101222388,0.05046375723782972,0.04133102348273643,0.028534138430195137,0.017674042998069916,0.009171268496675959,0.0044214427407248584,0.003434618271499034,0.011144917435127603,0.0861150948959897,0.5156652101651298
0.0006758535795922404,0.001407050008133721,0.003122678325560179,0.00663611070582257,0.012990475998812649,0.02213881663572498,0.03356627641572876,0.04419042635795421,0.05303018868557379,0.054621714856871666,0.05054479165094427,0.04025102174638553,0.02868436631599425,0.017585609517628373,0.008937031577287964,0.0042345664726312834,0.0034614436433706816,0.01136876281899702,0.08626943917569342,0.5162833755112927
0.0006081573502433469,0.0012933814721428748,0.0031547115440997845,0.006745017884517117,0.013051090243514245,0.02171775132563224,0.03323923368823139,0.044253080576660504,0.05234676696516081,0.05560200038533383,0.05013863642075107,0.041068212469738734,0.028343818323462645,0.017556145656198428,0.008996707908558601,0.004484951037469532,0.003429471338700085,0.011374050277691682,0.08558432528879095,0.5170124898431021
0.0006410760704547622,0.0013039119030920621,0.0031049506806621,0.00686269422680033,0.013114441284629403,0.02184177974768719,0.03338784432731369,0.04403506334601536,0.052074458558532925,0.05478271203632876,0.05091114819569725,0.041291659483155455,0.028250866624374617,0.01724042696001058,0.009174250501729904,0.004340235641486159,0.0034865834327866057,0.011228037286189416,0.0859075410966585,0.517020318596395
0.0006415335163574298,0.0014036686337011133,0.0032763434934598755,0.006896066545283386,0.012957972017078524,0.021725038399884756,0.033054888803648874,0.04375158080223516,0.053034554033704814,0.05532263440797178,0.051192029574192575,0.04114859624761519,0.02853567881113621,0.017416881209098057,0.009068570385271865,0.004448859058604003,0.003611347940643912,0.011827332007832408,0.08633734612826986,0.5143490779840101
0.0006416571172004316,0.0014374459701252493,0.0033490145620983357,0.006649444120544422,0.013153133230132083,0.022216749428707366,0.033349416644887185,0.04421737935840991,0.0529191210470236,0.0558660528202757,0.05110472246235501,0.040999041702686576,0.028752270092412022,0.017413535446948528,0.00886927618396628,0.004407832572726727,0.003596965615220174,0.01159841311326002,0.08617471837451332,0.5132838101365073
0.0006481413249549484,0.0014101679473180013,0.003252430111272634,0.006931930087825662,0.012934355174746939,0.02224950258921573,0.033654780167880316,0.04445211123243989,0.05215779142912648,0.05521092226993495,0.05094357318470184,0.041529613526893674,0.028372512108686777,0.017134712908563506,0.009107474225077542,0.0046341267342386114,0.003563939895359511,0.011437098470587445,0.08576567765101524,0.5146091389601601
0.0006595621444809376,0.0013224723201521343,0.0032894406444290442,0.006942142673001141,0.01342560507293686,0.022086961762135773,0.03338154498247305,0.04455559907996105,0.0522142204276775,0.05526762487319332,0.050575359160045914,0.04156413321146499,0.028254035214592053,0.016810464606288267,0.009123384993454598,0.004467947623400059,0.0035556091240546003,0.011831942226373782,0.08631559211605615,0.5143563577438287
0.0006027586253084953,0.0012574214655741115,0.003311823780167232,0.00707404219980109,0.01330589665368504,0.022317138102047034,0.03354686615744724,0.0445840463186517,0.05318842569493048,0.054839314596469846,0.05135670920579853,0.0408419198531948,0.028605919759432327,0.01708150970943685,0.009098306583128787,0.004385068999119303,0.0034089348920224903,0.011564593958349375,0.08571562517789749,0.5139136782675378
0.0006473704548153825,0.0014218730919717702,0.0031766317666522244,0.007112711043604666,0.013305386557109956,0.022298315665863162,0.0335411498436776,0.045344369298916186,0.05273810937716941,0.05445272104690007,0.050347689790783925,0.04056687570989105,0.028676671077261236,0.01733848776269105,0.008556330429924238,0.004284019986517299,0.003559701105548148,0.01189856859199435,0.08648668541308761,0.5142463319856208
0.0006908145087773589,0.0013749383201331444,0.003178081275246926,0.006938253226170662,0.013312815194573845,0.022918984017596535,0.03427309754200503,0.04489290702439596,0.052854836956067235,0.054883790949159066,0.05077570273231356,0.0413552007627395,0.028539169851717422,0.01707131447114219,0.008885246175848257,0.00426197425754167,0.003561123702631951,0.011795699554232285,0.08564929036790471,0.5127867591098028
0.0006722542927282818,0.001319424470056255,0.003222472691759702,0.007063686896727023,0.013383211703244888,0.022416837796076176,0.033992320916138796,0.044997558479434374,0.053377325297497606,0.05555128196552438,0.05064650126758396,0.04092389813842418,0.02843033639471027,0.01715419038509134,0.00893328963123006,0.004475006187415133,0.003740877743366087,0.011782845140705166,0.08643150029766485,0.5114851803046215
0.0006673446040422015,0.001363122436828056,0.0033467582774146503,0.007109979728780451,0.01316291236544393,0.02221973199173094,0.03360640383213021,0.04525900998842599,0.0532119513223124,0.05580104768085207,0.051410622654258636,0.04156770788035298,0.028041853712710653,0.017006415874438865,0.009036749111879738,0.004388752483726157,0.003647815993523914,0.012062379158777838,0.08677152395415894,0.5103179169482115
0.0007311543706132835,0.001397056978174122,0.00314714272568326,0.006762759647640477,0.013053698854747903,0.022436567757263444,0.03439771786141529,0.045294762291173456,0.05335753783347415,0.05592745342446271,0.05074746731137641,0.04111195696729882,0.028911550398621345,0.016992228347708246,0.008865874164484634,0.004559257803023332,0.003732735471025708,0.012125116072847735,0.08640839238060181,0.5100395693383638
0.0006925057165175998,0.0013565752079608047,0.0032166388716505906,0.0065470226435987555,0.01302546380319456,0.022268909671494704,0.0338123443325767,0.04565519571650089,0.05340155797059025,0.05600598164358035,0.05131734994454935,0.0418263416461898,0.02879920512387321,0.017349442733624498,0.008450577004461146,0.004288851828867453,0.003740199956843846,0.012073686622763364,0.08597441743374779,0.5101977321274143
0.0007194112204727707,0.001373573516298011,0.002952932102638233,0.0064780470829548025,0.012944382820460053,0.022589512322844986,0.03395119045826497,0.045458423887129396,0.05328829484483302,0.05596015465668189,0.05158345755724756,0.04118545584739113,0.028873485681207144,0.01724411964979731,0.008820316172866145,0.0044268885799324436,0.003516749733566893,0.012206568057137978,0.08689651018636098,0.5095305256219143
0.000683597830537936,0.001308697069220547,0.0029416434761534646,0.006550170899457636,0.01335606421473998,0.02282615054194768,0.03386065635420061,0.04441213093656244,0.053263803578442424,0.055891226046915855,0.051873208480624426,0.04206550170899458,0.028609154193931185,0.01676068226071986,0.008632720769507189,0.004257026098728909,0.0037104821119663023,0.01240671563834499,0.086750068944769,0.509840298844235
0.0006399705914297411,0.0012882958903194007,0.003178130717752917,0.00675227456910596,0.013299023334697933,0.022724804290977747,0.03358592398887152,0.044752825979798315,0.053495191865856814,0.05636085652460877,0.05217347714569775,0.04199243063504132,0.02891230063579323,0.017073680165089027,0.008727327412630647,0.004160644315039309,0.003686096931315949,0.01223630454579633,0.08583626444320056,0.509124176016977
0.0006071990726414165,0.0012980343811838547,0.0031079225260819596,0.006905007635988339,0.013365070496983242,0.022598510940456024,0.03344780346153653,0.04405622362322211,0.0540139538695977,0.056768931480177365,0.05205853867423183,0.04216269924242296,0.028949846694779596,0.01714542835970941,0.008666386764063852,0.004178466345615035,0.0036398489864124584,0.011682309430654687,0.08562343286602979,0.5097243851482117
0.0006654783920169342,0.0013242685589884729,0.0032270685844037273,0.007079486210552014,0.013510214591700579,0.022343687820407788,0.03338093120157307,0.044831172479291595,0.05390207769711035,0.05671280427243814,0.052646363444837176,0.042292991074563684,0.028928245377600463,0.01689111235214843,0.008810064441048314,0.004267087578962857,0.003854089682409634,0.012092310882076558,0.0859704447335244,0.5072701006243456
0.0006420878556773771,0.001305913060635499,0.003146899334335478,0.007151587913364958,0.013361781392494592,0.022483107571453168,0.03382665968842019,0.045563156196231414,0.054303242710881564,0.056634155395293706,0.05264618785417248,0.04218717864255271,0.02903441022391142,0.016926706674536694,0.008552810890077568,0.004262192562816757,0.003688660962563265,0.011997344699180172,0.08524217915254435,0.5070437372188565
0.0006988248708093498,0.0013525103360879519,0.003124649960628407,0.007086886668327354,0.013469932976341938,0.022746916727827773,0.03473560847082743,0.04572287414297823,0.05338988576386741,0.05626376124932502,0.05156759124429279,0.04175395011594142,0.028910953327526513,0.01714963044201509,0.008740326374620286,0.004410287103337473,0.003751586148555457,0.011881694633593416,0.0847684599270748,0.5084736695160221
0.0006452464891737338,0.0013372984231579971,0.0034435434396318416,0.007074308658505807,0.01372235344463,0.022924638218985962,0.03449226957930263,0.04561357759089033,0.05387306697691992,0.056769989686085924,0.051363960810469705,0.04093470473286628,0.02851956049687323,0.01686667636208023,0.00904682383266385,0.004294399561366117,0.003879837050187138,0.011749838270471949,0.08521432714665651,0.5082335792290811
0.0006604964592373359,0.001412960779887465,0.003262350865752004,0.007048082470089542,0.013377143478224518,0.022823078916785818,0.03439932445425434,0.04551405854172414,0.0539332982183317,0.056550201911259375,0.05129800095312145,0.04152934192814802,0.028408036318944535,0.016684642203215527,0.009083080421714441,0.004484687351074771,0.0038191744630331,0.012106314847793193,0.08580768684107115,0.5077980385763374
0.0006401096375776112,0.0014055671154119343,0.0034011047322987965,0.00721335038063961,0.013372107598586078,0.023169294793050722,0.034706310010278546,0.046311848713513334,0.054272272222082946,0.05603215589928718,0.05169177801733142,0.04138150033008264,0.028166495357951644,0.016883518430310777,0.008771006208896356,0.0043253361411249545,0.003777148253068932,0.0122540048634962,0.08605547059757496,0.5061696206974354
0.0007000741844720536,0.0013266322254673283,0.003284834956257894,0.00732989366892339,0.013483529042218315,0.023261176124629915,0.03466453247074391,0.045678587420719514,0.05329419155633675,0.055783715505891326,0.05160833272069881,0.041788915102220846,0.028641221169976024,0.01726125632405916,0.008907149110788829,0.004215482499816208,0.0037192485313479523,0.012287220889277998,0.0865385258008247,0.506225480695329
0.0006361779895773677,0.0014460108634488198,0.0034831162368986583,0.0071181804975546424,0.01354842049194425,0.022792203563598602,0.03451056873644364,0.045320585283750395,0.0536576894883693,0.05617234579362788,0.05168236517952408,0.041964370693066674,0.02897698905807254,0.017186824269605893,0.009003337847247153,0.004256214423707899,0.003873839726560348,0.012369570988947871,0.08601093023915952,0.5059902586288946
0.000823659923681977,0.001515333774400717,0.0032445184011975644,0.006978554769208151,0.01336233685518956,0.02277845719975674,0.03443165794556158,0.04600800604128658,0.054080875719240556,0.055920327191804155,0.05203926836277124,0.041944839845760064,0.02929756677827008,0.017423832340931714,0.00895333373430368,0.004383942474120705,0.003759097014775759,0.012289741173640211,0.08583605659028182,0.5049285938638168
0.0006948759579600048,0.001496655909452317,0.003374157295863484,0.006871922334248696,0.013546740430422203,0.022822332244248903,0.034326204173264645,0.04549600112249194,0.05283061730374765,0.05648873833243132,0.05202549660245746,0.042070062204761234,0.029437016844060485,0.017538936438894343,0.009215458317464773,0.0046102347210808005,0.0037767176465085825,0.012330707503992202,0.08582219193275742,0.5052249326838916
0.0007485317582977588,0.0013717512802733475,0.003565550830820127,0.0071060392143758215,0.013460205010818621,0.022846926926257918,0.0345828355652835,0.045870961813184515,0.05352837486737786,0.05635708974862367,0.052477422912089296,0.04184593278251642,0.028770018629752474,0.017301442761547527,0.009074276739542697,0.004372561632734896,0.0037677212387532276,0.012177007710879609,0.08568349470764657,0.5050918538692241
0.000764301448501435,0.0015553033842867633,0.0034226687137040245,0.006833655964221347,0.013458714371537277,0.022737133702690062,0.03471563981042654,0.04530905814031106,0.054295440891796276,0.05641646085041052,0.05222281556638408,0.04181963820839729,0.029253721380415185,0.017956077698417998,0.009291769574794741,0.004427274547760498,0.0038348574861491215,0.012213804151925774,0.08550831052666708,0.503963353581203
0.000798205873659707,0.0014795196737709215,0.0034082388873210513,0.00707197044968381,0.013663013511053815,0.022997680527283442,0.03455830660122937,0.04565971381480622,0.05429135850297991,0.05657743348423543,0.05155775386871016,0.04153676339207438,0.028863992732652808,0.01747035533520473,0.008842050420560982,0.004513703925736797,0.003757245221201552,0.012141746668158426,0.08585722802136783,0.5049537190883084
